1.576095461845397949e+00,1.599369645118713379e+00,1.576116323471069336e+00,1.599390506744384766e+00,7.541852593421936035e-01,7.568188071250915305e-01,7.526252269744873047e-01,7.694468855857848899e-01,7.752470206469297409e-03,1.577719179913401534e-02,5.186748132109642029e-02,4.634197168052196780e-02,9.665139019489288330e-03,1.098479572683572734e-02,2.089987174258567393e-05,2.089987174258567393e-05
1.713611364364624023e+00,1.601498758792877286e+00,1.713632225990295410e+00,1.601519620418548673e+00,8.144966363906860352e-01,7.574870526790619119e-01,8.438768982887268066e-01,7.742214679718018022e-01,9.091115556657314301e-03,1.622859966009855201e-02,3.746347874402999878e-02,4.532992653548717499e-02,8.683249354362487793e-03,8.231687732040882458e-03,2.090354610118083656e-05,2.090354610118083656e-05
1.655882000923156738e+00,1.718376684188842818e+00,1.655902862548828125e+00,1.718397545814514205e+00,8.023508787155151367e-01,8.134910941123962846e-01,7.707025408744812012e-01,8.186743140220642534e-01,1.811377517879009247e-02,1.598577620461583138e-02,4.033921286463737488e-02,4.705971479415893555e-02,2.437563054263591766e-02,2.316579446196555953e-02,2.091037094942294061e-05,2.091037094942294061e-05
1.529174447059631348e+00,1.633318543434143066e+00,1.529195308685302734e+00,1.633339405059814453e+00,7.329882979393005371e-01,7.691112041473389116e-01,7.382994294166564941e-01,7.888965189456940141e-01,8.386880159378051758e-03,1.569517962634563515e-02,3.920287638902664185e-02,4.844752065837383548e-02,1.029697712510824203e-02,1.116813393309712410e-02,2.090191628667525947e-05,2.090191628667525947e-05
1.597249984741210938e+00,1.658393752574920610e+00,1.597270846366882324e+00,1.658414614200591997e+00,7.585041522979736328e-01,7.786551535129546675e-01,7.671846747398376465e-01,7.834318280220031738e-01,5.283387377858161926e-03,1.603752560913562775e-02,5.203359201550483704e-02,5.085354894399642806e-02,1.424415595829486847e-02,2.941573429852724006e-02,2.089812551275826991e-05,2.089812551275826991e-05
1.547227263450622559e+00,1.607774734497070312e+00,1.547248125076293945e+00,1.607795596122741699e+00,7.474799156188964844e-01,7.545426547527313010e-01,7.337211370468139648e-01,7.729674577713012695e-01,5.443620029836893082e-03,1.556405788287520443e-02,5.216322094202041626e-02,5.069576203823089600e-02,8.419387973845005035e-03,1.400480912998318742e-02,2.090119414788205177e-05,2.090119414788205177e-05
1.552572727203369141e+00,1.609961020946502730e+00,1.552593588829040527e+00,1.609981882572174117e+00,7.407036423683166504e-01,7.588273763656616655e-01,7.407412528991699219e-01,7.729556739330292192e-01,1.198615320026874542e-02,1.532677141949534416e-02,5.245496705174446106e-02,5.220502838492393355e-02,6.686854176223278046e-03,1.064618770033121109e-02,2.090968337142840028e-05,2.090968337142840028e-05
1.591701626777648926e+00,1.637479054927825972e+00,1.591722488403320312e+00,1.637499916553497359e+00,7.520736455917358398e-01,7.743300497531890869e-01,7.561872601509094238e-01,7.832300603389740212e-01,1.827945560216903687e-02,1.534627415239810978e-02,5.243459343910217285e-02,5.252774097025394301e-02,1.272666361182928085e-02,1.204495122656226193e-02,2.091079841193277389e-05,2.091079841193277389e-05
1.673126339912414551e+00,1.643349480628967241e+00,1.673147201538085938e+00,1.643370342254638627e+00,7.885541915893554688e-01,7.701193392276763916e-01,8.100656270980834961e-01,7.979546070098877397e-01,1.333531551063060760e-02,1.546749863773584296e-02,5.314785242080688477e-02,5.086589977145195007e-02,8.023419417440891266e-03,8.942083828151226391e-03,2.091551868943497539e-05,2.091551868943497539e-05
1.685130238533020020e+00,1.620506715774536088e+00,1.685151100158691406e+00,1.620527577400207475e+00,8.057475090026855469e-01,7.600185275077819824e-01,8.069654703140258789e-01,7.752193272113799827e-01,6.443945225328207016e-03,1.557671381160616840e-02,4.745247960090637207e-02,5.220587812364101132e-02,1.852084882557392120e-02,1.748626809567212920e-02,2.090861016768030822e-05,2.090861016768030822e-05
1.682189464569091797e+00,1.609520840644836470e+00,1.682210326194763184e+00,1.609541702270507857e+00,7.961768507957458496e-01,7.571180164813995361e-01,8.100210428237915039e-01,7.738213181495666726e-01,9.988829493522644043e-03,1.522323554381728103e-02,5.658474564552307129e-02,5.248265564441680769e-02,9.418102912604808807e-03,1.087560923770070076e-02,2.090861744363792241e-05,2.090861744363792241e-05
1.657334446907043457e+00,1.683040010929107710e+00,1.657355308532714844e+00,1.683060872554779097e+00,7.864634394645690918e-01,7.913986861705779585e-01,7.818815708160400391e-01,7.997639954090118852e-01,1.300744991749525070e-02,1.505284998565912212e-02,4.820759966969490051e-02,5.305327996611595293e-02,2.777432836592197418e-02,2.377120945602655480e-02,2.089740155497565866e-05,2.089740155497565866e-05
1.453101277351379395e+00,1.642234754562377885e+00,1.453122138977050781e+00,1.642255616188049272e+00,6.922031641006469727e-01,7.732127964496612327e-01,7.071726322174072266e-01,7.938973844051361306e-01,8.792876265943050385e-03,1.393474694341421093e-02,3.441045060753822327e-02,5.216804929077625136e-02,1.052209921181201935e-02,9.021812491118908275e-03,2.089679037453606725e-05,2.089679037453606725e-05
1.567706108093261719e+00,1.631893801689147994e+00,1.567726969718933105e+00,1.631914663314819380e+00,7.312260270118713379e-01,7.649585843086242898e-01,7.544810771942138672e-01,7.843974530696868896e-01,1.663222350180149078e-02,1.501460606232285500e-02,4.240452498197555542e-02,4.765529222786426405e-02,2.296234853565692902e-02,1.986789740622043471e-02,2.089848567266017199e-05,2.089848567266017199e-05
1.646390914916992188e+00,1.591988420486450284e+00,1.646411776542663574e+00,1.592009282112121671e+00,7.613329291343688965e-01,7.507225573062896729e-01,7.850775122642517090e-01,7.675828933715820312e-01,3.255902975797653198e-02,1.467592362314462662e-02,5.866457149386405945e-02,5.153160020709037642e-02,8.756884373724460602e-03,7.475412823259830822e-03,2.089448935294058174e-05,2.089448935294058174e-05
1.528276085853576660e+00,1.613839316368103072e+00,1.528296947479248047e+00,1.613860177993774458e+00,7.390726208686828613e-01,7.655855476856231467e-01,7.337239980697631836e-01,7.795522391796112505e-01,1.143941469490528107e-02,1.450982866808772122e-02,3.565416112542152405e-02,4.549611061811446866e-02,8.385783061385154724e-03,8.695608936250209808e-03,2.089901681756600738e-05,2.089901681756600738e-05
1.603620290756225586e+00,1.596633303165435835e+00,1.603641152381896973e+00,1.596654164791107222e+00,7.583799362182617188e-01,7.531643271446227805e-01,7.856053113937377930e-01,7.700762391090393288e-01,5.153224803507328033e-03,1.418888894841074944e-02,4.658933356404304504e-02,5.011033415794372697e-02,7.892429828643798828e-03,9.093523677438496849e-03,2.089396548399236053e-05,2.089396548399236053e-05
1.582743644714355469e+00,1.601416265964508145e+00,1.582764506340026855e+00,1.601437127590179532e+00,7.565525770187377930e-01,7.581730246543884055e-01,7.589262127876281738e-01,7.669360041618347168e-01,8.571468293666839600e-03,1.409034943208098412e-02,5.014615878462791443e-02,5.214692689478397231e-02,8.547198958694934845e-03,1.006995514035224915e-02,2.089473127853125334e-05,2.089473127853125334e-05
1.540214657783508301e+00,1.605325698852539062e+00,1.540235519409179688e+00,1.605346560478210449e+00,7.370821833610534668e-01,7.579916477203368919e-01,7.426618933677673340e-01,7.740306377410888228e-01,1.455155573785305023e-02,1.435335548594593967e-02,3.487202152609825134e-02,4.953262023627758026e-02,1.104705780744552612e-02,9.417400415986775658e-03,2.090225825668312609e-05,2.090225825668312609e-05
1.657341361045837402e+00,1.607783365249633833e+00,1.657362222671508789e+00,1.607804226875305220e+00,7.808767557144165039e-01,7.580770909786224143e-01,7.883333563804626465e-01,7.751351177692413774e-01,1.768914423882961273e-02,1.494292300194501912e-02,6.184069439768791199e-02,4.879722855985164920e-02,8.601590991020202637e-03,1.083098612725734780e-02,2.090074849547818303e-05,2.090074849547818303e-05
1.642153620719909668e+00,1.607272469997405917e+00,1.642174482345581055e+00,1.607293331623077304e+00,7.913745641708374023e-01,7.576427519321441428e-01,7.803186774253845215e-01,7.736919879913329856e-01,1.596562191843986511e-02,1.485632359981536865e-02,4.597342759370803833e-02,4.769448116421699801e-02,8.521460928022861481e-03,1.338693015277385781e-02,2.090172529278788716e-05,2.090172529278788716e-05
1.624654889106750488e+00,1.683796644210815430e+00,1.624675750732421875e+00,1.683817505836486816e+00,7.407930493354797363e-01,8.006490647792816606e-01,7.904662489891052246e-01,7.960537374019622803e-01,2.015941403806209564e-02,1.943928431719541688e-02,5.853829532861709595e-02,5.523622222244739532e-02,1.469791959971189499e-02,1.241833642125129630e-02,2.090073940053116530e-05,2.090073940053116530e-05
1.548785328865051270e+00,1.601854014396667525e+00,1.548806190490722656e+00,1.601874876022338912e+00,7.429999709129333496e-01,7.553645849227905718e-01,7.455718517303466797e-01,7.743319749832153764e-01,5.231399554759263992e-03,1.510483352467417717e-02,4.402117058634757996e-02,4.700724035501480103e-02,1.096094492822885513e-02,1.004537837579846417e-02,2.089893678203225136e-05,2.089893678203225136e-05
1.475176692008972168e+00,1.614182162284851119e+00,1.475197553634643555e+00,1.614203023910522505e+00,6.780864596366882324e-01,7.593111515045165572e-01,7.119387984275817871e-01,7.771144926548003706e-01,1.507568825036287308e-02,1.491068312898278202e-02,4.678562656044960022e-02,4.853309020400047025e-02,2.329018525779247284e-02,1.431277645751833846e-02,2.089541885652579367e-05,2.089541885652579367e-05
1.710974335670471191e+00,1.737864649295806974e+00,1.710995197296142578e+00,1.737885510921478360e+00,7.899635434150695801e-01,8.058902323246002197e-01,8.133351206779479980e-01,8.300076484680175559e-01,1.488013193011283875e-02,1.488604629412293434e-02,6.058582291007041931e-02,4.690688066184520860e-02,3.220958262681961060e-02,4.017383828759193282e-02,2.089251756842713803e-05,2.089251756842713803e-05
1.513787746429443359e+00,1.652242982387542636e+00,1.513808608055114746e+00,1.652263844013214023e+00,7.122716903686523438e-01,7.677605926990509477e-01,7.202818393707275391e-01,7.863468527793884277e-01,9.104293771088123322e-03,1.364497244358062709e-02,4.450678825378417969e-02,5.782535783946514407e-02,2.762320265173912048e-02,2.666523493826389313e-02,2.088233668473549187e-05,2.088233668473549187e-05
1.539634585380554199e+00,1.613494205474853560e+00,1.539655447006225586e+00,1.613515067100524947e+00,7.280195355415344238e-01,7.530642628669739214e-01,7.381690144538879395e-01,7.720654964447021262e-01,6.250802893191576004e-03,1.655336786061525206e-02,6.019853055477142334e-02,6.176828518509865085e-02,6.996579002588987350e-03,1.004279907792806660e-02,2.087735629174858332e-05,2.087735629174858332e-05
1.477945804595947266e+00,1.620930314064025879e+00,1.477966666221618652e+00,1.620951175689697266e+00,7.117059230804443359e-01,7.626115024089813454e-01,7.097701430320739746e-01,7.774454712867736594e-01,8.170461282134056091e-03,1.497843610122799943e-02,4.289922118186950684e-02,5.910936146974563737e-02,5.399912595748901367e-03,6.785503728315234531e-03,2.088204018946271390e-05,2.088204018946271390e-05
1.501946568489074707e+00,1.616903090476989657e+00,1.501967430114746094e+00,1.616923952102661044e+00,6.893694996833801270e-01,7.576092243194579856e-01,7.199586629867553711e-01,7.767151772975922075e-01,1.498584728688001633e-02,1.437068171799182892e-02,6.053377315402030945e-02,5.762654244899749478e-02,1.709879934787750244e-02,1.058143181726336514e-02,2.088864493998698890e-05,2.088864493998698890e-05
1.542451024055480957e+00,1.610566639900207431e+00,1.542471885681152344e+00,1.610587501525878817e+00,7.201834917068481445e-01,7.550184786319732444e-01,7.413934469223022461e-01,7.704443395137786643e-01,7.777638267725706100e-03,1.472998159006238053e-02,5.975356325507164001e-02,5.600833334028720856e-02,1.334282848984003067e-02,1.436551688238978455e-02,2.089091867674142122e-05,2.089091867674142122e-05
1.716817617416381836e+00,1.602105307579040572e+00,1.716838479042053223e+00,1.602126169204711958e+00,8.182602524757385254e-01,7.517397046089172585e-01,8.064264655113220215e-01,7.703670442104340044e-01,1.458660047501325607e-02,1.421960368752479484e-02,6.802300363779067993e-02,5.489677824079990109e-02,9.521375410258769989e-03,1.088217161595821450e-02,2.088996188831515610e-05,2.088996188831515610e-05
1.570318222045898438e+00,1.611003887653350786e+00,1.570339083671569824e+00,1.611024749279022172e+00,7.351858019828796387e-01,7.577037870883941428e-01,7.529152035713195801e-01,7.734438657760620561e-01,2.005180530250072479e-02,1.433391543105244637e-02,5.423694849014282227e-02,5.707530826330185075e-02,7.928377017378807068e-03,8.447009231895208012e-03,2.089148620143532753e-05,2.089148620143532753e-05
1.533488988876342773e+00,1.603225934505462691e+00,1.533509850502014160e+00,1.603246796131134078e+00,7.164682149887084961e-01,7.545629918575287309e-01,7.395126819610595703e-01,7.711905956268310103e-01,1.065029762685298920e-02,1.480660326778888633e-02,6.011264026165008545e-02,5.556633062660694400e-02,6.745205726474523544e-03,7.099406607449054545e-03,2.088898327201604843e-05,2.088898327201604843e-05
1.652611136436462402e+00,1.608803284168243364e+00,1.652631998062133789e+00,1.608824145793914751e+00,7.740619182586669922e-01,7.535827994346618874e-01,7.840437293052673340e-01,7.742621839046478494e-01,1.592613570392131805e-02,1.493117427453398774e-02,6.306845694780349731e-02,5.444045625627040585e-02,1.551083009690046310e-02,1.158668203279375995e-02,2.089048575726337731e-05,2.089048575726337731e-05
1.845881819725036621e+00,1.766959166526794522e+00,1.845902681350708008e+00,1.766980028152465909e+00,8.334505558013916016e-01,8.040337681770324263e-01,9.134913086891174316e-01,8.642348289489746316e-01,2.569324709475040436e-02,2.205835971981286864e-02,6.533344835042953491e-02,6.547990441322326660e-02,7.913227193057537079e-03,1.115232966840267251e-02,2.088740438921377063e-05,2.088740438921377063e-05
1.728950738906860352e+00,1.636903035640716597e+00,1.728971600532531738e+00,1.636923897266387984e+00,8.252363204956054688e-01,7.716329276561737505e-01,8.230283856391906738e-01,7.868313610553741011e-01,1.486399956047534943e-02,1.575587382540106704e-02,5.834465101361274719e-02,5.074663944542408267e-02,7.477553561329841614e-03,1.193624520674347808e-02,2.089040935970842838e-05,2.089040935970842838e-05
1.495242714881896973e+00,1.604635787010192827e+00,1.495263576507568359e+00,1.604656648635864213e+00,7.113571763038635254e-01,7.585364162921905962e-01,7.143185138702392578e-01,7.685183167457581010e-01,7.349142804741859436e-03,1.582263363525271416e-02,5.685490369796752930e-02,5.593605339527130127e-02,5.363082047551870346e-03,5.822361912578344345e-03,2.088519977405667305e-05,2.088519977405667305e-05
1.770976662635803223e+00,1.616434371471405118e+00,1.770997524261474609e+00,1.616455233097076505e+00,8.372383713722229004e-01,7.602624654769897239e-01,8.369404673576354980e-01,7.745659053325653076e-01,9.799938648939132690e-03,1.536557646468281711e-02,8.045720309019088745e-02,5.570161677896976610e-02,6.540610920637845993e-03,1.053884057328105008e-02,2.088384280796162784e-05,2.088384280796162784e-05
1.654158711433410645e+00,1.635354614257812589e+00,1.654179573059082031e+00,1.635375475883483976e+00,7.942296266555786133e-01,7.669194221496582475e-01,7.965011000633239746e-01,7.836220264434814453e-01,7.126368116587400436e-03,1.488311914727091789e-02,4.336332157254219055e-02,5.006389878690242767e-02,1.293832901865243912e-02,1.986615173518657684e-02,2.087981374643277377e-05,2.087981374643277377e-05
1.591066360473632812e+00,1.613908994197845503e+00,1.591087222099304199e+00,1.613929855823516890e+00,7.532149553298950195e-01,7.560166716575622559e-01,7.654953002929687500e-01,7.784765005111694558e-01,1.018884964287281036e-02,1.509700510650873254e-02,5.418918281793594360e-02,5.334774926304817338e-02,7.978057488799095154e-03,1.097105741500854423e-02,2.087871689582243562e-05,2.087871689582243562e-05
1.700718998908996582e+00,1.612081825733184814e+00,1.700739860534667969e+00,1.612102687358856201e+00,8.135370612144470215e-01,7.605986535549164040e-01,7.976490855216979980e-01,7.728059589862823486e-01,2.208624035120010376e-02,1.558979656547307933e-02,5.943217128515243530e-02,5.406415760517120639e-02,8.014405146241188049e-03,9.023198764771223415e-03,2.088000292133074254e-05,2.088000292133074254e-05
1.642609953880310059e+00,1.644348573684692338e+00,1.642630815505981445e+00,1.644369435310363725e+00,7.686057686805725098e-01,7.680913209915161133e-01,7.876891493797302246e-01,7.830091357231140359e-01,1.447649672627449036e-02,1.512830499559640954e-02,5.204026028513908386e-02,5.130243785679340640e-02,1.979832723736763000e-02,2.681739386171102385e-02,2.088039400405250490e-05,2.088039400405250490e-05
1.554545998573303223e+00,1.648840618133544877e+00,1.554566860198974609e+00,1.648861479759216264e+00,7.416267991065979004e-01,7.706515014171599898e-01,7.296504974365234375e-01,7.959148645401000755e-01,1.204994786530733109e-02,1.582683362066745689e-02,5.026332661509513855e-02,5.024766474962234775e-02,2.095554396510124207e-02,1.619971748441457679e-02,2.088136898237280548e-05,2.088136898237280548e-05
1.553073167800903320e+00,1.727390038967132613e+00,1.553094029426574707e+00,1.727410900592803999e+00,7.301604151725769043e-01,7.790188133716583474e-01,7.333692312240600586e-01,8.541254103183746338e-01,3.822561353445053101e-03,1.442755246534943581e-02,6.556124985218048096e-02,5.828390344977378568e-02,2.015969343483448029e-02,2.153434399515390466e-02,2.087567190756089985e-05,2.087567190756089985e-05
1.631674289703369141e+00,1.746879363059997470e+00,1.631695151329040527e+00,1.746900224685668856e+00,7.744000554084777832e-01,7.822965443134307639e-01,7.600117325782775879e-01,8.422474443912506548e-01,9.089441969990730286e-03,1.445792606100440060e-02,6.343644112348556519e-02,6.407644450664520819e-02,2.473660558462142944e-02,4.380099549889564237e-02,2.086497261188924313e-05,2.086497261188924313e-05
1.603837370872497559e+00,1.624825823307037398e+00,1.603858232498168945e+00,1.624846684932708785e+00,7.554242610931396484e-01,7.582469880580902100e-01,7.526008486747741699e-01,7.756738781929015669e-01,2.073154225945472717e-02,1.482291603460907971e-02,5.859798565506935120e-02,6.569975167512893954e-02,1.648254320025444031e-02,1.038230732083320583e-02,2.086470885842572898e-05,2.086470885842572898e-05
1.524700045585632324e+00,1.593234932422638028e+00,1.524720907211303711e+00,1.593255794048309415e+00,7.148067355155944824e-01,7.496715843677520530e-01,7.345234155654907227e-01,7.666805148124694602e-01,1.200000010430812836e-02,1.479948796331882407e-02,5.849569290876388550e-02,5.764506272971629819e-02,4.874299280345439911e-03,4.438286880031228065e-03,2.086737913487013429e-05,2.086737913487013429e-05
1.546490430831909180e+00,1.595779788494110063e+00,1.546511292457580566e+00,1.595800650119781450e+00,7.327388525009155273e-01,7.507930338382721169e-01,7.354703545570373535e-01,7.674150764942169189e-01,1.082215737551450729e-02,1.525599621236324241e-02,6.053715944290161133e-02,5.560401640832424164e-02,6.921774707734584808e-03,6.711645191535354008e-03,2.087000211759004742e-05,2.087000211759004742e-05
1.627152442932128906e+00,1.599961221218109131e+00,1.627173304557800293e+00,1.599982082843780518e+00,7.712244391441345215e-01,7.543459534645080566e-01,7.778242230415344238e-01,7.668072104454040083e-01,8.529660291969776154e-03,1.493528233841061661e-02,6.326647847890853882e-02,5.538580641150474271e-02,6.307597272098064423e-03,8.486968558281659733e-03,2.086711538140662014e-05,2.086711538140662014e-05
1.484626889228820801e+00,1.600573968887329057e+00,1.484647750854492188e+00,1.600594830513000444e+00,7.078676223754882812e-01,7.523722171783446822e-01,7.098442316055297852e-01,7.689165532588958518e-01,7.439446169883012772e-03,1.474851267412304913e-02,4.770372062921524048e-02,5.542480982840061049e-02,1.177184283733367920e-02,9.111880417913198124e-03,2.086547101498581469e-05,2.086547101498581469e-05
1.488876461982727051e+00,1.624577999114990234e+00,1.488897323608398438e+00,1.624598860740661621e+00,7.157976031303405762e-01,7.654037177562713623e-01,7.225613594055175781e-01,7.812177717685699907e-01,5.508135538548231125e-03,1.593225505203008791e-02,3.692170977592468262e-02,5.160378850996494293e-02,8.087473921477794647e-03,1.042046621441841160e-02,2.086523818434216082e-05,2.086523818434216082e-05
1.704077839851379395e+00,1.654372560977935835e+00,1.704098701477050781e+00,1.654393422603607222e+00,7.886410355567932129e-01,7.853514254093170166e-01,8.059239387512207031e-01,7.873125374317169189e-01,2.858350053429603577e-02,1.591758802533149719e-02,7.152666151523590088e-02,5.629537738859653750e-02,9.402758441865444183e-03,9.495653677731752396e-03,2.086484164465218782e-05,2.086484164465218782e-05
1.584843993186950684e+00,1.596522212028503418e+00,1.584864854812622070e+00,1.596543073654174805e+00,7.584580183029174805e-01,7.509820520877837913e-01,7.688539624214172363e-01,7.683849751949309859e-01,4.680213518440723419e-03,1.438889820128679345e-02,4.823845624923706055e-02,5.804707072675228258e-02,4.613330587744712830e-03,4.719236399978399277e-03,2.085796586470678449e-05,2.085796586470678449e-05
1.497333407402038574e+00,1.588544464111328214e+00,1.497354269027709961e+00,1.588565325736999601e+00,7.201128005981445312e-01,7.512331962585448997e-01,7.248520851135253906e-01,7.651479959487914595e-01,6.071106065064668655e-03,1.501192227005958627e-02,4.244066402316093445e-02,5.273446775972843309e-02,3.856732742860913277e-03,4.416909581050276583e-03,2.085703818011097610e-05,2.085703818011097610e-05
1.592719793319702148e+00,1.599689960479736328e+00,1.592740654945373535e+00,1.599710822105407715e+00,7.604241371154785156e-01,7.500095009803772195e-01,7.587312459945678711e-01,7.770440459251404253e-01,1.562209334224462509e-02,1.489996630698442459e-02,5.443499609827995300e-02,5.329599939286708971e-02,3.507205052301287651e-03,4.440413089469075203e-03,2.085596861434169114e-05,2.085596861434169114e-05
1.563115477561950684e+00,1.617504513263702481e+00,1.563136339187622070e+00,1.617525374889373868e+00,7.479866147041320801e-01,7.588803052902222124e-01,7.534136176109313965e-01,7.835066974163055198e-01,5.221277475357055664e-03,1.521432530134916340e-02,4.900373518466949463e-02,5.054169259965420047e-02,7.490265183150768280e-03,9.361499361693859447e-03,2.085918822558596730e-05,2.085918822558596730e-05
1.522548317909240723e+00,1.610560131072998002e+00,1.522569179534912109e+00,1.610580992698669389e+00,7.225626707077026367e-01,7.562379181385040505e-01,7.194269299507141113e-01,7.730884194374084695e-01,1.419631578028202057e-02,1.491769319400191272e-02,4.488829150795936584e-02,5.106820203363895277e-02,2.147408947348594666e-02,1.524789491668343544e-02,2.085559390252456069e-05,2.085559390252456069e-05
1.721495270729064941e+00,1.678095984458923384e+00,1.721516132354736328e+00,1.678116846084594771e+00,8.207673430442810059e-01,7.794282376766205056e-01,8.252327442169189453e-01,7.842368721961975320e-01,3.862005891278386116e-03,1.462403489276766812e-02,5.196920037269592285e-02,5.217798911035061160e-02,1.966388709843158722e-02,4.762882441282272061e-02,2.085618325509130955e-05,2.085618325509130955e-05
1.628251314163208008e+00,1.617941391468048051e+00,1.628272175788879395e+00,1.617962253093719438e+00,7.567819356918334961e-01,7.597824037075042725e-01,7.979415059089660645e-01,7.804446339607238325e-01,1.634072698652744293e-02,1.514729540795087780e-02,4.869495332241058350e-02,5.307471565902233124e-02,8.492128923535346985e-03,9.492328204214573600e-03,2.085252344841137528e-05,2.085252344841137528e-05
1.485821962356567383e+00,1.605567157268524170e+00,1.485842823982238770e+00,1.605588018894195557e+00,7.166194319725036621e-01,7.567792296409606712e-01,7.103617787361145020e-01,7.762121975421905073e-01,1.057932432740926743e-02,1.605585487559437613e-02,4.197731614112854004e-02,5.040579326450824599e-02,6.284075789153575897e-03,6.114123575389385397e-03,2.085663436446338892e-05,2.085663436446338892e-05
1.508859753608703613e+00,1.605860519409179732e+00,1.508880615234375000e+00,1.605881381034851119e+00,7.230615615844726562e-01,7.539894998073577437e-01,7.273344397544860840e-01,7.729363739490509033e-01,6.876473315060138702e-03,1.556022698059678078e-02,4.395788908004760742e-02,5.268094427883625308e-02,7.629236206412315369e-03,1.069347588345408509e-02,2.085769665427505970e-05,2.085769665427505970e-05
1.457163929939270020e+00,1.605135488510131880e+00,1.457184791564941406e+00,1.605156350135803267e+00,6.874551177024841309e-01,7.525096952915191206e-01,7.072457075119018555e-01,7.773252427577972412e-01,7.468797266483306885e-03,1.511622266843914986e-02,4.635262861847877502e-02,5.232742801308631897e-02,8.641676045954227448e-03,7.856910256668925632e-03,2.085738924506586045e-05,2.085738924506586045e-05
1.692808747291564941e+00,1.648944294452667325e+00,1.692829608917236328e+00,1.648965156078338712e+00,8.093730211257934570e-01,7.721935391426086870e-01,7.976942658424377441e-01,7.850212037563324419e-01,1.413907483220100403e-02,2.107289321720600198e-02,6.435976922512054443e-02,6.010009832680225650e-02,7.242525927722454071e-03,1.055657016113400494e-02,2.086016866087447852e-05,2.086016866087447852e-05
1.521416187286376953e+00,1.602271068096160933e+00,1.521437048912048340e+00,1.602291929721832320e+00,7.288615107536315918e-01,7.535369753837585227e-01,7.340671420097351074e-01,7.750451207160949929e-01,7.140361703932285309e-03,1.515196375548839500e-02,4.052979499101638794e-02,5.024739280343056003e-02,1.081729773432016373e-02,8.289613062515854836e-03,2.086535096168518066e-05,2.086535096168518066e-05
1.618437647819519043e+00,1.625414717197418257e+00,1.618458509445190430e+00,1.625435578823089644e+00,7.682177424430847168e-01,7.649466812610625777e-01,7.743581533432006836e-01,7.819131076335906760e-01,1.017949357628822327e-02,1.520613282918930123e-02,5.871132016181945801e-02,5.570108592510223527e-02,6.971038877964019775e-03,7.647697860375046557e-03,2.086083804897498339e-05,2.086083804897498339e-05
1.637628912925720215e+00,1.623370254039764315e+00,1.637649774551391602e+00,1.623391115665435702e+00,7.788605093955993652e-01,7.666826784610748513e-01,7.939076423645019531e-01,7.835575342178344727e-01,1.063843723386526108e-02,1.514061847701668809e-02,4.522213339805603027e-02,4.956106916069984158e-02,9.000089019536972046e-03,8.428365457803010941e-03,2.086563472403213382e-05,2.086563472403213382e-05
1.527903556823730469e+00,1.592384886741638139e+00,1.527924418449401855e+00,1.592405748367309526e+00,7.284879684448242188e-01,7.509099721908569780e-01,7.333199977874755859e-01,7.690364181995391624e-01,1.169931050390005112e-02,1.613419009372591903e-02,4.874080419540405273e-02,5.024564377963543216e-02,5.655568558722734451e-03,6.058616563677787781e-03,2.086811946355737746e-05,2.086811946355737746e-05
1.616918683052062988e+00,1.618417501449584961e+00,1.616939544677734375e+00,1.618438363075256348e+00,7.853736281394958496e-01,7.613632738590240256e-01,7.597305178642272949e-01,7.788475513458251731e-01,1.362728048115968704e-02,1.580285597592592101e-02,4.857493937015533447e-02,5.242023989558219910e-02,9.612347930669784546e-03,9.983604680746794094e-03,2.087254142679739743e-05,2.087254142679739743e-05
1.562881827354431152e+00,1.612700331211090132e+00,1.562902688980102539e+00,1.612721192836761519e+00,7.501578330993652344e-01,7.575301051139831099e-01,7.489817142486572266e-01,7.773778319358826128e-01,6.762177683413028717e-03,1.619346877560019424e-02,4.564659669995307922e-02,4.811326451599597792e-02,1.133354194462299347e-02,1.348566506057977642e-02,2.087461325572803617e-05,2.087461325572803617e-05
1.624194622039794922e+00,1.613556540012359708e+00,1.624215483665466309e+00,1.613577401638031095e+00,7.656049728393554688e-01,7.561165332794189675e-01,7.668133378028869629e-01,7.769692480564117654e-01,1.208651624619960785e-02,1.577395610511302809e-02,6.506774574518203735e-02,5.183040201663970808e-02,1.462206430733203888e-02,1.286637224256992340e-02,2.087095163005869836e-05,2.087095163005869836e-05
1.575139522552490234e+00,1.615535736083984375e+00,1.575160384178161621e+00,1.615556597709655762e+00,7.468013167381286621e-01,7.575542688369750755e-01,7.457517981529235840e-01,7.728898525238037109e-01,7.368427235633134842e-03,1.559052309021353652e-02,5.252230912446975708e-02,5.028772689402103563e-02,2.269563078880310059e-02,1.921334378421306679e-02,2.086903077724855393e-05,2.086903077724855393e-05
1.635765552520751953e+00,1.609809076786041349e+00,1.635786414146423340e+00,1.609829938411712735e+00,7.706636786460876465e-01,7.540387928485869917e-01,7.877646684646606445e-01,7.755203485488891824e-01,1.260693650692701340e-02,1.447261394932866131e-02,5.464714765548706055e-02,5.356970429420471191e-02,1.008323952555656433e-02,1.220761733129620621e-02,2.086616223095916212e-05,2.086616223095916212e-05
1.421144962310791016e+00,1.600505852699279696e+00,1.421165823936462402e+00,1.600526714324951083e+00,6.774803400039672852e-01,7.539859294891357866e-01,6.861193776130676270e-01,7.711782038211822954e-01,9.454028680920600891e-03,1.512283356860280072e-02,4.065783694386482239e-02,5.011543482542037825e-02,7.433333899825811386e-03,1.010341178625822137e-02,2.086735912598669529e-05,2.086735912598669529e-05
1.679669141769409180e+00,1.590748727321624756e+00,1.679690003395080566e+00,1.590769588947296143e+00,7.903524041175842285e-01,7.481089711189270464e-01,7.992900013923645020e-01,7.664537727832794189e-01,2.459465712308883667e-02,1.470540501177310978e-02,5.708912014961242676e-02,5.119984485208987912e-02,8.343036286532878876e-03,1.028076503425836598e-02,2.086299173242878169e-05,2.086299173242878169e-05
1.544021368026733398e+00,1.597106671333313077e+00,1.544042229652404785e+00,1.597127532958984464e+00,7.327194809913635254e-01,7.516851902008057085e-01,7.301647663116455078e-01,7.702641785144805908e-01,1.552411448210477829e-02,1.465634331107139657e-02,5.423253029584884644e-02,5.044211372733116427e-02,1.138054393231868744e-02,1.005887361243367265e-02,2.085605046886485070e-05,2.085605046886485070e-05
1.680178642272949219e+00,1.611261653900146529e+00,1.680199503898620605e+00,1.611282515525817916e+00,7.884034514427185059e-01,7.557271897792816606e-01,7.847077250480651855e-01,7.690164923667908159e-01,1.861710473895072937e-02,1.519703203812241589e-02,6.465444713830947876e-02,5.414900369942188263e-02,2.379580028355121613e-02,1.717188861221075058e-02,2.084375955746509135e-05,2.084375955746509135e-05
1.627188086509704590e+00,1.673933124542236417e+00,1.627208948135375977e+00,1.673953986167907804e+00,7.613428831100463867e-01,7.732496976852416548e-01,7.721396088600158691e-01,7.986242771148681641e-01,1.732310466468334198e-02,1.384344920516014134e-02,5.522046238183975220e-02,5.407629087567329684e-02,2.116185612976551056e-02,3.413936570286750516e-02,2.084109655697830021e-05,2.084109655697830021e-05
1.493776798248291016e+00,1.596470952033996582e+00,1.493797659873962402e+00,1.596491813659667969e+00,7.146779298782348633e-01,7.509309172630309615e-01,7.191747426986694336e-01,7.705941855907439964e-01,8.924436755478382111e-03,1.467040274292230606e-02,4.215420782566070557e-02,5.332640595734119277e-02,8.845410309731960297e-03,6.949062179774046118e-03,2.084499828924890608e-05,2.084499828924890608e-05
1.808282017707824707e+00,1.603913795948028520e+00,1.808302879333496094e+00,1.603934657573699907e+00,8.544529080390930176e-01,7.583183884620666726e-01,8.378896117210388184e-01,7.715699374675750732e-01,4.316301271319389343e-02,1.403434919193386962e-02,6.364434212446212769e-02,5.157374180853366991e-02,9.132171049714088440e-03,8.417402859777212143e-03,2.085207961499691010e-05,2.085207961499691010e-05
1.592933297157287598e+00,1.572258245944976762e+00,1.592954158782958984e+00,1.572279107570648149e+00,7.544903755187988281e-01,7.413357257843017356e-01,7.601416110992431641e-01,7.593433618545532005e-01,1.892257481813430786e-02,1.427198341116309166e-02,5.458707362413406372e-02,5.322945527732372145e-02,4.791654180735349655e-03,4.077741666696966041e-03,2.085815503960475326e-05,2.085815503960475326e-05
1.471724510192871094e+00,1.580793690681457475e+00,1.471745371818542480e+00,1.580814552307128862e+00,6.954397559165954590e-01,7.456197917461395708e-01,7.126844525337219238e-01,7.638993203639984353e-01,1.815550215542316437e-02,1.493112519383430446e-02,3.933328390121459961e-02,5.221672840416431705e-02,6.111647468060255051e-03,4.126762365922331463e-03,2.086131280520930886e-05,2.086131280520930886e-05
1.482954502105712891e+00,1.586713802814483598e+00,1.482975363731384277e+00,1.586734664440154985e+00,7.057118415832519531e-01,7.476865351200103760e-01,7.011511325836181641e-01,7.663479685783386453e-01,1.174637209624052048e-02,1.574324145913124154e-02,5.708483234047889709e-02,5.010471045970917026e-02,7.260352838784456253e-03,6.831368105486035694e-03,2.085790401906706393e-05,2.085790401906706393e-05
1.560346841812133789e+00,1.595759046077728227e+00,1.560367703437805176e+00,1.595779907703399614e+00,7.450866699218750000e-01,7.564167320728302224e-01,7.413562536239624023e-01,7.660396039485931619e-01,1.040574721992015839e-02,1.625876445323228697e-02,5.984542518854141235e-02,5.136139392852782926e-02,3.652710467576980591e-03,5.682566715404391115e-03,2.085787673422601074e-05,2.085787673422601074e-05
1.596879601478576660e+00,1.594146466255188077e+00,1.596900463104248047e+00,1.594167327880859464e+00,7.614544034004211426e-01,7.537444770336151345e-01,7.706440687179565430e-01,7.718670368194580078e-01,6.744671147316694260e-03,1.537559768185019562e-02,5.390106141567230225e-02,4.699048846960067471e-02,4.135355819016695023e-03,6.168896285817027265e-03,2.087124812533147633e-05,2.087124812533147633e-05
1.510609507560729980e+00,1.583092117309570224e+00,1.510630369186401367e+00,1.583112978935241610e+00,7.107360959053039551e-01,7.458670914173126665e-01,7.173473834991455078e-01,7.649944603443146196e-01,1.269410178065299988e-02,1.463301638141274383e-02,6.367776542901992798e-02,5.153209008276462416e-02,6.154217757284641266e-03,6.065473658964037895e-03,2.087341636070050299e-05,2.087341636070050299e-05
1.590690612792968750e+00,1.595233118534088224e+00,1.590711474418640137e+00,1.595253980159759610e+00,7.618126869201660156e-01,7.547143220901488814e-01,7.634756565093994141e-01,7.687163472175597700e-01,9.192632511258125305e-03,1.452776221558451687e-02,4.852551594376564026e-02,4.906136840581894198e-02,7.684143260121345520e-03,8.213278744369745601e-03,2.087155371555127203e-05,2.087155371555127203e-05
1.558212876319885254e+00,1.596257424354553311e+00,1.558233737945556641e+00,1.596278285980224698e+00,7.329862713813781738e-01,7.514606654644012673e-01,7.318344116210937500e-01,7.685748577117920144e-01,1.542493980377912521e-02,1.461884379386901855e-02,6.465377658605575562e-02,5.042393729090690474e-02,1.331349089741706848e-02,1.117912791669368675e-02,2.086177846649661660e-05,2.086177846649661660e-05
1.473506093025207520e+00,1.573826909065246582e+00,1.473526954650878906e+00,1.573847770690917969e+00,6.995747685432434082e-01,7.432590663433075173e-01,7.124459743499755859e-01,7.610510826110840066e-01,5.629337858408689499e-03,1.511716665700077976e-02,5.242684483528137207e-02,4.926195330917835374e-02,3.429254982620477676e-03,5.137634696438908577e-03,2.086108725052326918e-05,2.086108725052326918e-05
1.653151988983154297e+00,1.592608189582824796e+00,1.653172850608825684e+00,1.592629051208496183e+00,7.910952568054199219e-01,7.555864155292510986e-01,7.941840887069702148e-01,7.700715482234954390e-01,1.113775465637445450e-02,1.483074128627777030e-02,5.380741879343986511e-02,4.798605330288410048e-02,2.927482360973954201e-03,4.133444838225841175e-03,2.086702443193644285e-05,2.086702443193644285e-05
1.600174903869628906e+00,1.582304441928863437e+00,1.600195765495300293e+00,1.582325303554534823e+00,7.582002282142639160e-01,7.481115102767944558e-01,7.604560852050781250e-01,7.623207509517669900e-01,1.600213535130023956e-02,1.416524732485413551e-02,5.622099712491035461e-02,4.921626858413219452e-02,9.295470081269741058e-03,8.490663673728703759e-03,2.087478242174256593e-05,2.087478242174256593e-05
1.524530768394470215e+00,1.593133354187011630e+00,1.524551630020141602e+00,1.593154215812683017e+00,7.209766507148742676e-01,7.521603941917419656e-01,7.317294478416442871e-01,7.702918469905852827e-01,1.754268072545528412e-02,1.402600668370723724e-02,4.824130982160568237e-02,4.973512962460517606e-02,6.040743086487054825e-03,6.919987499713897705e-03,2.087687425955664366e-05,2.087687425955664366e-05
1.682325124740600586e+00,1.600141394138336226e+00,1.682345986366271973e+00,1.600162255764007613e+00,7.753402590751647949e-01,7.562667667865753396e-01,8.128064870834350586e-01,7.704218626022338867e-01,2.616421133279800415e-02,1.367350034415721824e-02,5.853385850787162781e-02,5.067233368754386902e-02,9.480318985879421234e-03,9.106946270912885319e-03,2.088456312776543200e-05,2.088456312776543200e-05
1.690216302871704102e+00,1.629777061939239546e+00,1.690237164497375488e+00,1.629797923564910933e+00,7.825992107391357422e-01,7.682645320892333984e-01,8.249596953392028809e-01,7.859486043453216553e-01,1.424787938594818115e-02,1.419858150184154580e-02,5.572354048490524292e-02,5.109941586852073669e-02,1.268594153225421906e-02,1.026598159223795007e-02,2.087535176542587578e-05,2.087535176542587578e-05
1.691251635551452637e+00,1.590488100051879794e+00,1.691272497177124023e+00,1.590508961677551181e+00,8.097821474075317383e-01,7.541197001934051292e-01,8.083881139755249023e-01,7.688331663608550803e-01,1.014062482863664627e-02,1.427657455205917289e-02,5.949592590332031250e-02,4.854235909879207889e-02,3.444844856858253479e-03,4.716261243447661573e-03,2.086700078507419676e-05,2.086700078507419676e-05
1.540160059928894043e+00,1.581690037250518710e+00,1.540180921554565430e+00,1.581710898876190097e+00,7.483244538307189941e-01,7.490585088729858620e-01,7.333717346191406250e-01,7.625332057476044145e-01,1.229181513190269470e-02,1.521291108801960980e-02,3.868472576141357422e-02,4.903315268456935605e-02,7.487443275749683380e-03,5.852278368547558611e-03,2.086171480186749250e-05,2.086171480186749250e-05
1.593328952789306641e+00,1.593229007720947221e+00,1.593349814414978027e+00,1.593249869346618608e+00,7.489001154899597168e-01,7.528972208499908891e-01,7.673770189285278320e-01,7.677240252494812456e-01,1.492225844413042068e-02,1.551219504326581920e-02,5.448167771100997925e-02,4.830767661333083829e-02,7.648016791790723801e-03,8.787924796342850078e-03,2.086153835989534855e-05,2.086153835989534855e-05
1.556980013847351074e+00,1.599120843410491988e+00,1.557000875473022461e+00,1.599141705036163374e+00,7.489970326423645020e-01,7.556060850620269775e-01,7.463480234146118164e-01,7.690092146396636519e-01,1.168855745345354080e-02,1.598122064024209976e-02,4.359620809555053711e-02,4.792551472783088823e-02,6.350208539515733719e-03,1.059879725798964535e-02,2.086188942485023290e-05,2.086188942485023290e-05
1.678406953811645508e+00,1.592143094539642423e+00,1.678427815437316895e+00,1.592163956165313810e+00,7.750934362411499023e-01,7.496819674968719927e-01,8.010357022285461426e-01,7.673732221126556841e-01,3.007721900939941406e-02,1.591905271634459426e-02,6.192201375961303711e-02,5.021455734968185286e-02,1.027848199009895325e-02,8.954322058707475315e-03,2.086279346258379519e-05,2.086279346258379519e-05
1.558900594711303711e+00,1.567574644088745028e+00,1.558921456336975098e+00,1.567595505714416415e+00,7.426124811172485352e-01,7.403441488742827925e-01,7.459812164306640625e-01,7.581945180892943892e-01,9.370971471071243286e-03,1.516348002478480270e-02,5.615865439176559448e-02,4.932463020086288313e-02,4.777345806360244751e-03,4.547857632860541517e-03,2.085858432110399008e-05,2.085858432110399008e-05
1.499543428421020508e+00,1.574927568435668945e+00,1.499564290046691895e+00,1.574948430061340332e+00,7.080609202384948730e-01,7.429272830486297607e-01,7.043497562408447266e-01,7.630808293819427712e-01,2.871672809123992920e-02,1.516488362103700707e-02,5.118841677904129028e-02,4.781445600092411319e-02,7.227500434964895248e-03,5.940132541581988335e-03,2.086518907162826508e-05,2.086518907162826508e-05
1.678862094879150391e+00,1.609948337078094482e+00,1.678882956504821777e+00,1.609969198703765869e+00,7.855891585350036621e-01,7.566093981266022173e-01,8.045752048492431641e-01,7.726948201656341775e-01,1.917340233922004700e-02,1.592581141740083764e-02,5.915964394807815552e-02,5.190798826515674591e-02,1.036464422941207886e-02,1.281029013916850159e-02,2.086648964905180037e-05,2.086648964905180037e-05
1.662449598312377930e+00,1.607062625885009810e+00,1.662470459938049316e+00,1.607083487510681197e+00,7.697434425354003906e-01,7.569778800010681374e-01,7.940630912780761719e-01,7.716700375080108865e-01,3.169953823089599609e-02,1.631335709244012902e-02,5.672974139451980591e-02,5.205281153321265897e-02,1.021375041455030441e-02,1.004855642095208237e-02,2.087358734570443630e-05,2.087358734570443630e-05
1.501708269119262695e+00,1.634707152843475342e+00,1.501729130744934082e+00,1.634728014469146729e+00,7.166037559509277344e-01,7.689773738384246826e-01,7.191484570503234863e-01,7.843647181987762895e-01,1.264508441090583801e-02,1.653610989451408456e-02,3.200990706682205200e-02,4.626313112676143369e-02,2.130103111267089844e-02,1.856577806174754958e-02,2.086952736135572195e-05,2.086952736135572195e-05
1.596901893615722656e+00,1.597065353393554599e+00,1.596922755241394043e+00,1.597086215019225985e+00,7.571054100990295410e-01,7.505864381790161577e-01,7.662585377693176270e-01,7.745170176029205766e-01,1.257177814841270447e-02,1.566295977681875229e-02,5.347482860088348389e-02,5.051702931523323337e-02,7.491404656320810318e-03,5.781922303140163248e-03,2.086439417325891554e-05,2.086439417325891554e-05
1.590106010437011719e+00,1.591523039340972945e+00,1.590126872062683105e+00,1.591543900966644332e+00,7.618663907051086426e-01,7.565984964370727761e-01,7.685186862945556641e-01,7.668116509914397749e-01,8.888919837772846222e-03,1.645445879548788209e-02,4.527854546904563904e-02,4.650108031928538999e-02,5.553428083658218384e-03,5.157362762838601719e-03,2.085457890643738210e-05,2.085457890643738210e-05
1.664058566093444824e+00,1.649962508678436190e+00,1.664079427719116211e+00,1.649983370304107577e+00,7.996869087219238281e-01,7.820015609264373557e-01,7.935863733291625977e-01,7.883555650711059348e-01,1.342859026044607162e-02,1.811892297118902068e-02,4.777545854449272156e-02,5.117372646927833418e-02,9.581154212355613708e-03,1.031274525448679959e-02,2.085970118059776723e-05,2.085970118059776723e-05
1.572211027145385742e+00,1.600385916233062700e+00,1.572231888771057129e+00,1.600406777858734086e+00,7.524345517158508301e-01,7.543708205223083052e-01,7.572178840637207031e-01,7.644876480102539285e-01,7.593289017677307129e-03,1.642057895660400252e-02,3.906662017107009888e-02,5.031978525221347809e-02,1.589871011674404144e-02,1.478709354996681283e-02,2.086894710373599082e-05,2.086894710373599082e-05
1.575532078742980957e+00,1.591441738605499312e+00,1.575552940368652344e+00,1.591462600231170699e+00,7.446932196617126465e-01,7.503792881965637429e-01,7.483305335044860840e-01,7.653291881084441917e-01,2.052136324346065521e-02,1.542827365919947555e-02,5.299464240670204163e-02,5.062971711158752164e-02,8.992255665361881256e-03,9.675276186317204735e-03,2.087009852402843535e-05,2.087009852402843535e-05
1.431033849716186523e+00,1.589419746398925692e+00,1.431054711341857910e+00,1.589440608024597079e+00,6.883476376533508301e-01,7.517014265060424361e-01,6.889871954917907715e-01,7.675571978092193826e-01,1.582987979054450989e-02,1.587894158437848022e-02,3.024068102240562439e-02,4.786696694791316847e-02,7.628401275724172592e-03,6.415180163457989693e-03,2.086608583340421319e-05,2.086608583340421319e-05
1.542471885681152344e+00,1.585933029651641846e+00,1.542492747306823730e+00,1.585953891277313232e+00,7.347983717918395996e-01,7.489240288734435591e-01,7.507175207138061523e-01,7.635913968086243120e-01,7.393626961857080460e-03,1.628017881885170798e-02,4.149389266967773438e-02,4.688580110669136186e-02,8.068533614277839661e-03,1.025163391605019535e-02,2.086491804220713675e-05,2.086491804220713675e-05
1.606517672538757324e+00,1.599300599098205655e+00,1.606538534164428711e+00,1.599321460723877042e+00,7.741576433181762695e-01,7.507987976074218528e-01,7.740415930747985840e-01,7.688974559307097945e-01,9.567580185830593109e-03,1.600945182144641876e-02,3.545154631137847900e-02,4.827086031436920305e-02,1.329932920634746552e-02,1.532400790601968696e-02,2.086481981677934527e-05,2.086481981677934527e-05
1.615310788154602051e+00,1.578654134273528964e+00,1.615331649780273438e+00,1.578674995899200351e+00,7.557536959648132324e-01,7.448338210582733376e-01,7.727800011634826660e-01,7.632535874843597856e-01,2.518154866993427277e-02,1.611990071833133836e-02,5.470270290970802307e-02,4.656812958419322829e-02,6.892759818583726883e-03,7.878672191873192440e-03,2.086307722493074834e-05,2.086307722493074834e-05
1.589412331581115723e+00,1.601019203662872314e+00,1.589433193206787109e+00,1.601040065288543701e+00,7.559491395950317383e-01,7.546716570854187234e-01,7.655438780784606934e-01,7.730490267276763916e-01,9.139525704085826874e-03,1.543662287294864620e-02,4.866194725036621094e-02,4.668101929128169736e-02,1.011789403855800629e-02,1.118088951334357192e-02,2.087654866045340896e-05,2.087654866045340896e-05
1.576356887817382812e+00,1.598054182529449418e+00,1.576377749443054199e+00,1.598075044155120805e+00,7.302281260490417480e-01,7.578896284103393555e-01,7.512215971946716309e-01,7.675940990447998047e-01,2.786156162619590759e-02,1.532440297305583989e-02,5.544440075755119324e-02,4.830998294055462161e-02,1.160122267901897430e-02,8.936072979122400978e-03,2.087536631734110415e-05,2.087536631734110415e-05
1.594985485076904297e+00,1.602337038516998380e+00,1.595006346702575684e+00,1.602357900142669767e+00,7.572330236434936523e-01,7.552283763885497825e-01,7.648418545722961426e-01,7.751756310462951660e-01,9.670530445873737335e-03,1.608964577317237993e-02,5.550150945782661438e-02,4.838915392756461958e-02,7.738587912172079086e-03,7.454245025292039264e-03,2.086825043079443276e-05,2.086825043079443276e-05
1.518702387809753418e+00,1.618820118904113814e+00,1.518723249435424805e+00,1.618840980529785201e+00,7.411078810691833496e-01,7.604351520538330522e-01,7.106302380561828613e-01,7.760437667369842751e-01,1.234251074492931366e-02,1.502162022516131436e-02,3.587825223803520203e-02,4.987644106149673184e-02,1.874354481697082520e-02,1.744314990937709947e-02,2.086011227220296860e-05,2.086011227220296860e-05
1.458065629005432129e+00,1.599082148075103849e+00,1.458086490631103516e+00,1.599103009700775235e+00,6.966888308525085449e-01,7.508401870727539062e-01,7.074939012527465820e-01,7.683216512203216997e-01,1.202772837132215500e-02,1.461134394630789722e-02,3.089920058846473694e-02,4.965188838541507999e-02,1.095599681138992310e-02,1.565706543624401093e-02,2.085993764922022820e-05,2.085993764922022820e-05
1.649792909622192383e+00,1.601033198833465621e+00,1.649813771247863770e+00,1.601054060459137007e+00,7.845886349678039551e-01,7.584143221378326638e-01,7.866069674491882324e-01,7.704194307327270064e-01,1.233798451721668243e-02,1.464004889130592416e-02,5.789368227124214172e-02,4.768235906958580295e-02,8.365578949451446533e-03,9.877047874033451427e-03,2.086429412884172052e-05,2.086429412884172052e-05
1.428958177566528320e+00,1.618157398700714067e+00,1.428979039192199707e+00,1.618178260326385454e+00,6.719179153442382812e-01,7.559890985488891824e-01,6.937367916107177734e-01,7.794026970863342507e-01,1.143474690616130829e-02,1.778809837996959617e-02,4.073975980281829834e-02,5.564449504017830034e-02,1.112885586917400360e-02,9.332972764968871376e-03,2.085986488964408636e-05,2.085986488964408636e-05
1.565691947937011719e+00,1.599973022937774658e+00,1.565712809562683105e+00,1.599993884563446045e+00,7.287271022796630859e-01,7.499111592769622803e-01,7.529150247573852539e-01,7.720621049404143843e-01,3.233395144343376160e-02,1.536905542016029323e-02,4.046751558780670166e-02,5.192613191902637620e-02,1.124830823391675949e-02,1.070458060130476986e-02,2.085449705191422254e-05,2.085449705191422254e-05
1.522746920585632324e+00,1.608434176445007413e+00,1.522767782211303711e+00,1.608455038070678800e+00,7.147566676139831543e-01,7.562141180038451926e-01,7.242282032966613770e-01,7.757864058017730491e-01,1.751504093408584595e-02,1.567298350855707983e-02,5.175920948386192322e-02,4.769513569772243500e-02,1.448773592710494995e-02,1.306553920730948483e-02,2.085137930407654494e-05,2.085137930407654494e-05
1.965335011482238770e+00,2.118795609474182218e+00,1.965355873107910156e+00,2.118816351890564054e+00,8.760274052619934082e-01,9.231518030166625532e-01,9.051808714866638184e-01,9.393359661102295144e-01,2.271322906017303467e-02,1.622954504564404557e-02,5.593787878751754761e-02,5.004388093948364258e-02,1.054756417870521545e-01,1.900344491004943848e-01,2.083907020278275013e-05,2.083907020278275013e-05
1.661581397056579590e+00,1.862901043891906694e+00,1.661602258682250977e+00,1.862921905517578081e+00,7.694115042686462402e-01,8.419256150722503884e-01,7.870175838470458984e-01,8.791416704654693159e-01,9.462311863899230957e-03,1.495366618037223885e-02,6.867403537034988403e-02,6.389899328351020258e-02,2.701577916741371155e-02,6.298108100891113004e-02,2.082669016090221703e-05,2.082669016090221703e-05
1.665028810501098633e+00,1.699519515037536621e+00,1.665049672126770020e+00,1.699540376663208008e+00,7.539348006248474121e-01,7.580480337142944114e-01,8.001149892807006836e-01,8.202264666557311790e-01,9.126737713813781738e-03,2.014106251299381187e-02,7.180357724428176880e-02,7.358065843582153875e-02,3.004874475300312042e-02,2.752328142523765425e-02,2.081280763377435505e-05,2.081280763377435505e-05
1.601127147674560547e+00,1.649781620502472013e+00,1.601148009300231934e+00,1.649802482128143399e+00,7.422248721122741699e-01,7.534185230731964555e-01,7.692448496818542480e-01,8.019650101661681685e-01,7.172153331339359283e-03,1.531433872878551483e-02,7.201784849166870117e-02,6.872383207082748136e-02,1.046758424490690231e-02,1.035993387922644685e-02,2.081017555610742420e-05,2.081017555610742420e-05
1.703017592430114746e+00,1.642311072349548429e+00,1.703038454055786133e+00,1.642331933975219815e+00,7.599381804466247559e-01,7.593851625919342263e-01,8.539549112319946289e-01,7.821108877658844438e-01,8.328991942107677460e-03,1.555488072335720062e-02,6.320366263389587402e-02,6.913050487637520392e-02,1.759179867804050446e-02,1.612961534410715242e-02,2.081277489196509123e-05,2.081277489196509123e-05
1.659037709236145020e+00,1.604505741596221835e+00,1.659058570861816406e+00,1.604526603221893222e+00,7.643919587135314941e-01,7.493300497531890647e-01,8.064604997634887695e-01,7.712184846401214378e-01,2.046541497111320496e-02,1.490082936361432006e-02,6.107154861092567444e-02,6.296176947653293887e-02,6.648260634392499924e-03,6.094582565128803427e-03,2.081733691738918424e-05,2.081733691738918424e-05
1.498893857002258301e+00,1.608916842937469394e+00,1.498914718627929688e+00,1.608937704563140780e+00,7.076230049133300781e-01,7.535270631313324419e-01,7.103965282440185547e-01,7.730060875415801780e-01,5.657325033098459244e-03,1.292614098638296058e-02,6.935338675975799561e-02,6.131149902939796170e-02,5.863665137439966202e-03,8.146086987107992866e-03,2.082097853417508304e-05,2.082097853417508304e-05
1.549927592277526855e+00,1.612408864498138472e+00,1.549948453903198242e+00,1.612429726123809859e+00,7.451021075248718262e-01,7.532389223575591819e-01,7.428095340728759766e-01,7.750309348106384499e-01,3.899333998560905457e-03,1.302734836935997079e-02,5.060156807303428650e-02,6.291021741926669519e-02,7.514918688684701920e-03,8.201447408646344792e-03,2.082823812088463455e-05,2.082823812088463455e-05
1.464939475059509277e+00,1.587488377094268710e+00,1.464960336685180664e+00,1.587509238719940097e+00,6.951258182525634766e-01,7.434986710548401323e-01,7.120982408523559570e-01,7.616155505180358665e-01,7.479985244572162628e-03,1.546416142955422436e-02,4.503200575709342957e-02,6.085346452891826630e-02,5.203419364988803864e-03,6.056520063430071224e-03,2.083227991533931345e-05,2.083227991533931345e-05
1.555731177330017090e+00,1.591930270195007324e+00,1.555752038955688477e+00,1.591951131820678711e+00,7.343538403511047363e-01,7.441408812999725786e-01,7.408622503280639648e-01,7.618451833724975142e-01,6.877747830003499985e-03,1.453823363408446312e-02,6.101386249065399170e-02,6.145817935466766496e-02,1.262342371046543121e-02,9.947765804827212593e-03,2.083445724565535784e-05,2.083445724565535784e-05
1.531894087791442871e+00,1.583113145828247026e+00,1.531914949417114258e+00,1.583134007453918413e+00,7.277479767799377441e-01,7.436278760433197021e-01,7.316516041755676270e-01,7.597460210323333518e-01,5.011106841266155243e-03,1.349966786801815033e-02,6.124151870608329773e-02,5.927518680691719333e-02,6.241918075829744339e-03,6.964399619027972568e-03,2.083464278257451952e-05,2.083464278257451952e-05
1.646560072898864746e+00,1.582579016685485840e+00,1.646580934524536133e+00,1.582599878311157227e+00,7.802186608314514160e-01,7.446180462837219682e-01,7.962352633476257324e-01,7.620447158813477007e-01,9.987605735659599304e-03,1.172181060537695954e-02,5.599739030003547668e-02,5.924749597907066206e-02,4.121175501495599747e-03,4.946934198960662235e-03,2.082787250401452184e-05,2.082787250401452184e-05
1.582758784294128418e+00,1.595372915267944336e+00,1.582779645919799805e+00,1.595393776893615723e+00,7.439888715744018555e-01,7.488606512546539529e-01,7.473890185356140137e-01,7.631869733333587202e-01,1.569511182606220245e-02,1.236357744783163001e-02,6.693385541439056396e-02,5.776266641914844235e-02,8.751935325562953949e-03,1.319903424009680713e-02,2.083238359773531556e-05,2.083238359773531556e-05
1.503166556358337402e+00,1.583071267604827970e+00,1.503187417984008789e+00,1.583092129230499356e+00,7.035111188888549805e-01,7.457251071929931197e-01,7.145609259605407715e-01,7.613247454166411909e-01,1.600540056824684143e-02,1.269541624933481251e-02,6.208755448460578918e-02,5.658641457557678223e-02,7.001600228250026703e-03,6.739613972604275097e-03,2.083849540213122964e-05,2.083849540213122964e-05
1.606521487236022949e+00,1.577161788940429688e+00,1.606542348861694336e+00,1.577182650566101074e+00,7.658061385154724121e-01,7.423197865486145242e-01,7.732895612716674805e-01,7.585416018962860552e-01,5.562417209148406982e-03,1.298977872356772353e-02,5.813144519925117493e-02,5.845809802412986478e-02,3.731979522854089737e-03,4.852501396089792425e-03,2.083935396512970328e-05,2.083935396512970328e-05
1.685060977935791016e+00,1.649540448188781649e+00,1.685081839561462402e+00,1.649561309814453036e+00,8.167801499366760254e-01,7.697673201560973899e-01,7.771677970886230469e-01,7.824916958808898482e-01,1.776678115129470825e-02,1.338629173114895890e-02,5.269707739353179932e-02,5.550451762974262238e-02,2.064924873411655426e-02,2.839059829711914132e-02,2.084375046251807362e-05,2.084375046251807362e-05
1.682766675949096680e+00,1.616591179370880038e+00,1.682787537574768066e+00,1.616612040996551425e+00,8.027552366256713867e-01,7.626860976219177468e-01,7.793854475021362305e-01,7.746533572673797163e-01,1.564469747245311737e-02,1.435530651360750198e-02,7.348237931728363037e-02,5.463313646614551683e-02,1.149894017726182938e-02,1.026328029111027787e-02,2.084730294882319868e-05,2.084730294882319868e-05
1.576327085494995117e+00,1.652297425270080611e+00,1.576347947120666504e+00,1.652318286895751998e+00,7.459772825241088867e-01,7.714164018630981223e-01,7.441861033439636230e-01,7.980181097984313521e-01,9.343947283923625946e-03,1.431886181235313485e-02,7.120332866907119751e-02,6.141631156206130843e-02,5.616392474621534348e-03,7.127733621746301824e-03,2.084902735077776015e-05,2.084902735077776015e-05
1.566452264785766602e+00,1.588750660419464111e+00,1.566473126411437988e+00,1.588771522045135498e+00,7.454759478569030762e-01,7.472794175148009810e-01,7.413184642791748047e-01,7.621811509132385698e-01,2.312953211367130280e-02,1.376815214753151009e-02,4.663120582699775696e-02,5.513540618121624132e-02,9.896943345665931702e-03,1.038654847070574760e-02,2.084875632135663182e-05,2.084875632135663182e-05
1.570566177368164062e+00,1.612221693992614835e+00,1.570587038993835449e+00,1.612242555618286222e+00,7.375520467758178711e-01,7.573734641075133833e-01,7.547414302825927734e-01,7.751389622688293901e-01,8.305440656840801239e-03,1.350515596568584512e-02,6.156052649021148682e-02,5.639121346175670485e-02,8.406815119087696075e-03,9.812858328223228802e-03,2.084668085444718599e-05,2.084668085444718599e-05
1.592100977897644043e+00,1.595468223094940186e+00,1.592121839523315430e+00,1.595489084720611572e+00,7.655389308929443359e-01,7.486997783184051736e-01,7.414399981498718262e-01,7.619139373302459273e-01,7.972126826643943787e-03,1.356853898614645074e-02,6.326759606599807739e-02,5.655709020793438235e-02,1.388226449489593506e-02,1.472886595875024830e-02,2.084450534312054515e-05,2.084450534312054515e-05
1.533550858497619629e+00,1.568454658985138028e+00,1.533571720123291016e+00,1.568475520610809415e+00,7.315318584442138672e-01,7.395493328571319802e-01,7.403545379638671875e-01,7.534400463104248269e-01,7.033335976302623749e-03,1.391994627192616463e-02,4.980105534195899963e-02,5.689338706433773318e-02,4.830032121390104294e-03,4.651917470619082104e-03,2.083903018501587212e-05,2.083903018501587212e-05
1.475908875465393066e+00,1.591161227226257413e+00,1.475929737091064453e+00,1.591182088851928800e+00,6.997451782226562500e-01,7.524042665958404763e-01,6.986806392669677734e-01,7.618137776851654497e-01,6.393305957317352295e-03,1.239479267969727586e-02,6.267534196376800537e-02,5.644321292638778548e-02,8.414410054683685303e-03,8.105188561603426239e-03,2.084169682348147035e-05,2.084169682348147035e-05
1.500940561294555664e+00,1.578703379631042569e+00,1.500961422920227051e+00,1.578724241256713956e+00,7.119750976562500000e-01,7.463610768318176270e-01,7.178543210029602051e-01,7.616636991500854714e-01,4.972641821950674057e-03,1.241178037598729064e-02,6.040865927934646606e-02,5.264908857643604140e-02,5.729759577661752701e-03,5.617705686017870730e-03,2.084386869682930410e-05,2.084386869682930410e-05
1.647305130958557129e+00,1.567679214477539107e+00,1.647325992584228516e+00,1.567700076103210494e+00,7.807956933975219727e-01,7.392799735069275346e-01,7.841712832450866699e-01,7.509896337985992876e-01,8.212951943278312683e-03,1.297320397570729186e-02,6.628259271383285522e-02,5.492052659392356734e-02,7.842674851417541504e-03,9.515908360481262901e-03,2.084757943521253765e-05,2.084757943521253765e-05
1.509636282920837402e+00,1.570863282680511563e+00,1.509657144546508789e+00,1.570884144306182950e+00,7.187530398368835449e-01,7.419571578502655029e-01,7.163026928901672363e-01,7.550902366638183594e-01,1.358875259757041931e-02,1.258084736764431000e-02,5.438039451837539673e-02,5.469532422721386233e-02,6.611354649066925049e-03,6.539717456325888981e-03,2.084946390823461115e-05,2.084946390823461115e-05
1.377254247665405273e+00,1.570152568817138716e+00,1.377275109291076660e+00,1.570173430442810103e+00,6.519319415092468262e-01,7.393864929676056130e-01,6.617175340652465820e-01,7.563577830791473611e-01,4.681656602770090103e-03,1.424454683437943389e-02,5.415607988834381104e-02,5.485330261290073672e-02,4.767004866153001785e-03,5.310412077233195131e-03,2.084979496430605650e-05,2.084979496430605650e-05
1.566795349121093750e+00,1.575342988967895597e+00,1.566816210746765137e+00,1.575363850593566983e+00,7.439979314804077148e-01,7.421243786811828613e-01,7.491850256919860840e-01,7.554053723812103049e-01,5.644366610795259476e-03,1.346895210444927146e-02,5.980314314365386963e-02,5.604013018310070177e-02,8.165035396814346313e-03,8.304171357303857456e-03,2.084517109324224293e-05,2.084517109324224293e-05
1.697748064994812012e+00,1.601582217216491744e+00,1.697768926620483398e+00,1.601603078842163130e+00,8.244200348854064941e-01,7.577053606510162354e-01,7.891047000885009766e-01,7.661641955375670943e-01,2.037668414413928986e-02,1.216612970456481049e-02,5.248770117759704590e-02,5.187221243977546692e-02,1.135902199894189835e-02,1.367430640384554794e-02,2.084436709992587566e-05,2.084436709992587566e-05
1.709810137748718262e+00,1.570284128189086914e+00,1.709830999374389648e+00,1.570304989814758301e+00,8.070678710937500000e-01,7.422470629215240923e-01,8.212522864341735840e-01,7.526417911052704079e-01,1.482753269374370575e-02,1.337627386674284866e-02,5.933238938450813293e-02,5.533362515270710130e-02,7.330004125833511353e-03,6.685367645695805203e-03,2.084412335534580052e-05,2.084412335534580052e-05
1.591752648353576660e+00,1.586164867877960294e+00,1.591773509979248047e+00,1.586185729503631681e+00,7.247083783149719238e-01,7.517854213714599831e-01,7.441638708114624023e-01,7.609256863594054954e-01,6.274529546499252319e-02,1.171199344098567893e-02,5.373977497220039368e-02,5.477223582565784316e-02,6.395225413143634796e-03,6.969523057341575970e-03,2.084327934426255524e-05,2.084327934426255524e-05
1.565301179885864258e+00,1.592878472805023149e+00,1.565322041511535645e+00,1.592899334430694536e+00,7.700254321098327637e-01,7.551566123962402122e-01,7.402559518814086914e-01,7.624443054199219194e-01,6.969438865780830383e-03,1.088859597221016919e-02,3.920777514576911926e-02,5.319856628775596757e-02,8.842595852911472321e-03,1.119041033089160884e-02,2.084382504108361900e-05,2.084382504108361900e-05
1.523037552833557129e+00,1.573247015476226807e+00,1.523058414459228516e+00,1.573267877101898193e+00,7.292020916938781738e-01,7.476795375347137229e-01,7.305946350097656250e-01,7.561394989490508589e-01,6.094536278396844864e-03,1.143558621406555106e-02,5.151385068893432617e-02,5.216169394552707533e-02,5.632461514323949814e-03,5.830692313611507589e-03,2.083782237605191767e-05,2.083782237605191767e-05
1.502613544464111328e+00,1.553233695030212358e+00,1.502634406089782715e+00,1.553254556655883745e+00,6.993423700332641602e-01,7.360680282115936723e-01,7.260988354682922363e-01,7.475791096687316450e-01,7.926323451101779938e-03,1.076106689870357479e-02,6.037156656384468079e-02,5.275667309761047225e-02,8.874413557350635529e-03,6.068832753226160830e-03,2.083768777083605528e-05,2.083768777083605528e-05
1.688433647155761719e+00,1.704477596282959029e+00,1.688454508781433105e+00,1.704498457908630416e+00,7.992720603942871094e-01,7.856752097606658491e-01,7.849072813987731934e-01,8.024473547935485618e-01,6.448679603636264801e-03,1.116306846961379051e-02,4.890074953436851501e-02,5.260813757777214189e-02,4.890490695834159851e-02,5.258378610014915328e-02,2.083137223962694407e-05,2.083137223962694407e-05
1.729511857032775879e+00,1.582086038589477495e+00,1.729532718658447266e+00,1.582106900215148881e+00,8.349876403808593750e-01,7.504916727542877419e-01,8.010932207107543945e-01,7.579696714878082497e-01,2.324122935533523560e-02,1.117696408182382653e-02,6.351093202829360962e-02,5.538610070943832120e-02,6.678781006485223770e-03,7.061614794656634678e-03,2.082317587337456644e-05,2.082317587337456644e-05
1.597095966339111328e+00,1.606728899478912398e+00,1.597116827964782715e+00,1.606749761104583785e+00,7.515017390251159668e-01,7.533838868141173872e-01,7.580508589744567871e-01,7.777985334396362305e-01,8.534958586096763611e-03,1.171121783554554020e-02,7.217654585838317871e-02,5.623587444424629073e-02,6.831937003880739212e-03,7.599344430491328413e-03,2.083095387206412852e-05,2.083095387206412852e-05
1.671964168548583984e+00,1.579337346553802535e+00,1.671985030174255371e+00,1.579358208179473921e+00,7.959698438644409180e-01,7.449748396873474565e-01,8.014388084411621094e-01,7.612399041652679887e-01,8.272726088762283325e-03,1.185036394745111500e-02,6.083468720316886902e-02,5.377180725336074690e-02,5.448126234114170074e-03,7.500474713742733349e-03,2.083249273709952831e-05,2.083249273709952831e-05
1.558913350105285645e+00,1.596047723293304355e+00,1.558934211730957031e+00,1.596068584918975741e+00,7.417415380477905273e-01,7.514343321323394553e-01,7.539196610450744629e-01,7.692304253578186035e-01,5.362668074667453766e-03,1.100909495726227691e-02,5.076065286993980408e-02,5.439918488264083862e-02,7.128798402845859528e-03,9.974679909646511078e-03,2.083536310237832367e-05,2.083536310237832367e-05
1.573503851890563965e+00,1.568762183189392090e+00,1.573524713516235352e+00,1.568783044815063477e+00,7.450782656669616699e-01,7.414374053478240967e-01,7.512882947921752930e-01,7.556228518486023393e-01,1.371454913169145584e-02,1.176979672163724899e-02,5.332887917757034302e-02,5.177068971097469052e-02,1.009389571845531464e-02,8.161447197198867104e-03,2.083538129227235913e-05,2.083538129227235913e-05
1.635639429092407227e+00,1.575055789947509721e+00,1.635660290718078613e+00,1.575076651573181108e+00,7.593290805816650391e-01,7.452220022678375244e-01,8.092656135559082031e-01,7.563585162162780318e-01,1.070161163806915283e-02,1.170237455517053604e-02,4.728904739022254944e-02,5.288740657269954543e-02,9.054061025381088257e-03,8.885503094643355110e-03,2.083311846945434809e-05,2.083311846945434809e-05
1.475230813026428223e+00,1.552674424648284868e+00,1.475251674652099609e+00,1.552695286273956254e+00,7.036299109458923340e-01,7.353793621063232644e-01,7.183923125267028809e-01,7.472535431385040061e-01,4.633773583918809891e-03,1.056380067020654644e-02,4.102111235260963440e-02,5.173869840800762038e-02,7.553748786449432373e-03,7.739037740975618362e-03,2.083065555780194700e-05,2.083065555780194700e-05
1.552907347679138184e+00,1.565546464920043901e+00,1.552928209304809570e+00,1.565567326545715288e+00,7.357354164123535156e-01,7.413285255432129350e-01,7.415935993194580078e-01,7.507166743278503862e-01,9.801592677831649780e-03,1.123330779373645817e-02,5.471898987889289856e-02,5.210320502519607405e-02,1.105771306902170181e-02,1.016472866758704255e-02,2.082263017655350268e-05,2.082263017655350268e-05
1.491015911102294922e+00,1.597440683841705233e+00,1.491036772727966309e+00,1.597461545467376620e+00,6.993944048881530762e-01,7.572739064693451150e-01,7.200105190277099609e-01,7.636209487915038840e-01,9.683276526629924774e-03,1.114775305613875320e-02,4.101245477795600891e-02,5.192314609885215898e-02,2.091524936258792877e-02,1.347493072971701553e-02,2.082464015984442085e-05,2.082464015984442085e-05
1.709016919136047363e+00,1.620399487018585161e+00,1.709037780761718750e+00,1.620420348644256547e+00,8.041682243347167969e-01,7.568247616291046143e-01,8.081130385398864746e-01,7.685857892036438432e-01,1.191657129675149918e-02,1.258305618539452483e-02,5.441946908831596375e-02,5.356277599930762967e-02,3.039954602718353271e-02,2.884309627115726540e-02,2.082813443848863244e-05,2.082813443848863244e-05
1.625302195549011230e+00,1.593135738372802646e+00,1.625323057174682617e+00,1.593156599998474032e+00,7.631634473800659180e-01,7.488331496715545654e-01,7.752758264541625977e-01,7.576045811176299605e-01,1.945349201560020447e-02,1.194769162684678962e-02,4.522242769598960876e-02,5.636793375015258789e-02,2.218697965145111084e-02,1.838237028568983147e-02,2.082593709928914905e-05,2.082593709928914905e-05
1.570443749427795410e+00,1.584541451930999711e+00,1.570464611053466797e+00,1.584562313556671098e+00,7.431710958480834961e-01,7.498773813247681108e-01,7.549384236335754395e-01,7.603953123092651589e-01,6.946924608200788498e-03,1.123358327895402839e-02,5.524488911032676697e-02,5.262110903859138628e-02,1.014227699488401413e-02,1.041405620053410461e-02,2.083084473269991577e-05,2.083084473269991577e-05
1.558970570564270020e+00,1.612247240543365434e+00,1.558991432189941406e+00,1.612268102169036821e+00,7.429264783859252930e-01,7.573645055294037087e-01,7.452236413955688477e-01,7.671228110790252464e-01,3.474536351859569550e-03,1.148783266544342076e-02,5.242798849940299988e-02,5.532303489744663100e-02,1.491784770041704178e-02,2.094905264675617218e-02,2.083275103359483182e-05,2.083275103359483182e-05
1.597951769828796387e+00,1.556652724742889404e+00,1.597972631454467773e+00,1.556673586368560791e+00,7.598888874053955078e-01,7.362544894218444602e-01,7.682647705078125000e-01,7.487675607204437034e-01,1.121318433433771133e-02,1.219942793250083923e-02,5.322933569550514221e-02,5.376268997788428983e-02,5.355551373213529587e-03,5.668570799753069704e-03,2.083512481476645917e-05,2.083512481476645917e-05
1.501973032951354980e+00,1.573648619651794478e+00,1.501993894577026367e+00,1.573669481277465865e+00,7.404521703720092773e-01,7.407989621162414107e-01,6.903741359710693359e-01,7.568939208984375444e-01,2.125261351466178894e-02,1.311563989147543872e-02,4.091851040720939636e-02,5.503164939582348009e-02,8.975658565759658813e-03,7.808455219492316420e-03,2.083577055600471795e-05,2.083577055600471795e-05
1.539621710777282715e+00,1.557411813735961825e+00,1.539642572402954102e+00,1.557432675361633212e+00,7.366400957107543945e-01,7.369635164737701194e-01,7.370625138282775879e-01,7.488392233848571999e-01,4.174124449491500854e-03,1.212302269414067268e-02,5.635435506701469421e-02,5.269500985741615295e-02,5.390474107116460800e-03,6.791066052392125477e-03,2.083670551655814052e-05,2.083670551655814052e-05
1.607353806495666504e+00,1.554708766937255904e+00,1.607374668121337891e+00,1.554729628562927291e+00,7.411792278289794922e-01,7.369736671447754128e-01,8.013790845870971680e-01,7.490925252437591331e-01,1.472317893058061600e-02,1.280980519950389827e-02,4.416608437895774841e-02,5.087515935301780562e-02,5.906220059841871262e-03,4.957627737894654274e-03,2.084032348648179322e-05,2.084032348648179322e-05
1.680967450141906738e+00,1.580595576763152987e+00,1.680988311767578125e+00,1.580616438388824374e+00,8.004081845283508301e-01,7.519549727439880371e-01,8.117830157279968262e-01,7.574016928672790971e-01,1.689047552645206451e-02,1.231601163744926522e-02,4.591931030154228210e-02,5.136494264006614963e-02,5.966471508145332336e-03,7.557964092120528568e-03,2.084713923977687955e-05,2.084713923977687955e-05
1.466981172561645508e+00,1.560797810554504395e+00,1.467002034187316895e+00,1.560818672180175781e+00,6.911450624465942383e-01,7.400312125682830811e-01,7.174384593963623047e-01,7.499952137470244917e-01,8.948479779064655304e-03,1.233343286439776351e-02,4.271568357944488525e-02,5.131159871816635271e-02,6.733484566211700439e-03,7.126325741410255432e-03,2.085260894091334194e-05,2.085260894091334194e-05
1.531596660614013672e+00,1.563925218582153276e+00,1.531617522239685059e+00,1.563946080207824663e+00,7.232927083969116211e-01,7.375176727771759477e-01,7.273557186126708984e-01,7.530875802040100098e-01,7.626434788107872009e-03,1.179088857024907996e-02,6.300037354230880737e-02,5.281846560537815233e-02,1.032154262065887451e-02,8.710606582462787281e-03,2.085133564833085984e-05,2.085133564833085984e-05
1.605603575706481934e+00,1.601031148433685214e+00,1.605624437332153320e+00,1.601052010059356601e+00,7.607992291450500488e-01,7.551894009113311323e-01,7.694224715232849121e-01,7.724684476852416992e-01,5.370791070163249969e-03,1.152142779901623761e-02,6.233984977006912231e-02,5.153548754751682143e-02,7.671240717172622681e-03,1.031638747081160476e-02,2.084683728753589094e-05,2.084683728753589094e-05
1.599060058593750000e+00,1.597417974472045810e+00,1.599080920219421387e+00,1.597438836097717196e+00,7.743750810623168945e-01,7.525246679782867654e-01,7.494136691093444824e-01,7.698685109615326372e-01,7.172376848757266998e-03,1.219028746709227562e-02,5.983090773224830627e-02,5.241466909646987776e-02,8.268093690276145935e-03,1.041982928290963173e-02,2.083355502691119909e-05,2.083355502691119909e-05
1.654503822326660156e+00,1.565819573402404741e+00,1.654524683952331543e+00,1.565840435028076127e+00,7.792125940322875977e-01,7.445268511772156206e-01,7.940041422843933105e-01,7.535304605960846391e-01,8.033055812120437622e-03,1.262110108509659732e-02,6.816706806421279907e-02,5.055517107248306413e-02,5.086967255920171738e-03,4.585986863821745266e-03,2.083224535454064608e-05,2.083224535454064608e-05
1.581868410110473633e+00,1.548323547840118497e+00,1.581889271736145020e+00,1.548344409465789884e+00,7.502226233482360840e-01,7.344498574733734353e-01,7.540825009346008301e-01,7.471537470817566362e-01,6.665081717073917389e-03,1.260913144797086785e-02,6.725019216537475586e-02,4.986445419490337372e-02,3.648095298558473587e-03,4.246375942602753813e-03,2.083497383864596486e-05,2.083497383864596486e-05
1.723086476325988770e+00,1.583885836601257369e+00,1.723107337951660156e+00,1.583906698226928755e+00,8.293503522872924805e-01,7.531030356884003130e-01,8.286539316177368164e-01,7.623646855354309082e-01,6.608605384826660156e-03,1.299556782469153335e-02,5.363977700471878052e-02,4.912748150527477403e-02,4.833785351365804672e-03,6.295036338269710367e-03,2.083499930449761450e-05,2.083499930449761450e-05
1.624696493148803711e+00,1.604192376136779785e+00,1.624717354774475098e+00,1.604213237762451172e+00,7.348776459693908691e-01,7.630001842975616677e-01,7.772157788276672363e-01,7.738375127315521018e-01,6.069596484303474426e-02,1.377956811338663067e-02,4.721045121550559998e-02,4.793885499238968034e-02,4.696570336818695068e-03,5.636268015950918371e-03,2.083717481582425535e-05,2.083717481582425535e-05
1.670069932937622070e+00,1.575369203090667636e+00,1.670090794563293457e+00,1.575390064716339023e+00,7.920582890510559082e-01,7.471723437309265581e-01,8.007022738456726074e-01,7.561302959918976274e-01,8.315401151776313782e-03,1.321291755884885719e-02,6.160533800721168518e-02,4.941678754985332628e-02,7.388621568679809570e-03,9.436878934502601277e-03,2.083976323774550110e-05,2.083976323774550110e-05
1.594675421714782715e+00,1.593420696258544877e+00,1.594696283340454102e+00,1.593441557884216264e+00,7.533428072929382324e-01,7.532182335853576660e-01,7.711835503578186035e-01,7.690451920032501665e-01,9.656813926994800568e-03,1.274879779666662251e-02,5.411777645349502563e-02,4.991033636033535142e-02,6.374473683536052704e-03,8.498123381286859512e-03,2.083982326439581811e-05,2.083982326439581811e-05
1.646806597709655762e+00,1.583126854896545366e+00,1.646827459335327148e+00,1.583147716522216752e+00,7.734551429748535156e-01,7.503912985324859841e-01,7.952727675437927246e-01,7.596027910709380881e-01,1.623949781060218811e-02,1.322736730799078941e-02,5.022853985428810120e-02,5.061156861484050751e-02,1.161053404211997986e-02,9.293865039944648396e-03,2.084105290123261511e-05,2.084105290123261511e-05
1.675007104873657227e+00,1.677459073066711381e+00,1.675027966499328613e+00,1.677479934692382768e+00,7.775447964668273926e-01,7.965425372123717818e-01,8.272336721420288086e-01,8.051814198493957297e-01,1.670045219361782074e-02,1.386024244129657745e-02,4.042066261172294617e-02,4.911018386483192305e-02,1.310738362371921539e-02,1.276468839496374200e-02,2.084421430481597781e-05,2.084421430481597781e-05
1.664644956588745117e+00,1.590126848220825284e+00,1.664665818214416504e+00,1.590147709846496671e+00,7.971949577331542969e-01,7.494097590446472390e-01,7.991300821304321289e-01,7.673835396766662820e-01,9.925606660544872284e-03,1.322862971574068069e-02,5.072532966732978821e-02,4.982709735631942610e-02,7.668939419090747833e-03,1.027782373130321433e-02,2.084374500554986298e-05,2.084374500554986298e-05
1.539700984954833984e+00,1.634504389762878374e+00,1.539721846580505371e+00,1.634525251388549760e+00,7.252693772315979004e-01,7.618192434310913086e-01,7.330030202865600586e-01,7.823361515998840110e-01,6.019738968461751938e-03,1.429878724738955532e-02,4.931552335619926453e-02,5.424535907804965695e-02,2.609323523938655853e-02,2.180480174720287462e-02,2.083305480482522398e-05,2.083305480482522398e-05
1.575356721878051758e+00,1.603417205810546919e+00,1.575377583503723145e+00,1.603438067436218306e+00,7.447952032089233398e-01,7.545438230037688765e-01,7.469395995140075684e-01,7.625636518001556174e-01,6.563702598214149475e-03,1.402392890304327011e-02,5.359874665737152100e-02,5.305073596537113190e-02,2.345951087772846222e-02,1.923510003834962706e-02,2.083146682707592845e-05,2.083146682707592845e-05
1.622647166252136230e+00,1.623488533496856734e+00,1.622668027877807617e+00,1.623509395122528121e+00,7.683293223381042480e-01,7.639505684375762495e-01,7.703452110290527344e-01,7.831411182880401167e-01,5.201443098485469818e-03,1.266209827736020088e-02,6.529141217470169067e-02,4.951484538614749770e-02,1.347975619137287140e-02,1.421995153650641372e-02,2.082390710711479187e-05,2.082390710711479187e-05
1.451989412307739258e+00,1.592267429828643888e+00,1.452010273933410645e+00,1.592288291454315274e+00,6.924444437026977539e-01,7.568014919757842796e-01,6.879950761795043945e-01,7.643360674381256548e-01,1.314823143184185028e-02,1.292943665757775341e-02,5.026573687791824341e-02,5.066893771290779253e-02,8.135934360325336456e-03,7.531515508890152151e-03,2.082119863189291209e-05,2.082119863189291209e-05
1.576784610748291016e+00,1.559956181049346968e+00,1.576805472373962402e+00,1.559977042675018355e+00,7.472054958343505859e-01,7.397111058235168457e-01,7.473218441009521484e-01,7.522986590862273948e-01,1.502256561070680618e-02,1.164496596902608871e-02,6.196740269660949707e-02,4.894813336431980133e-02,5.267336033284664154e-03,7.353313686326146299e-03,2.082153332594316453e-05,2.082153332594316453e-05
1.484172463417053223e+00,1.571695673465728804e+00,1.484193325042724609e+00,1.571716535091400191e+00,7.092511057853698730e-01,7.445225596427917925e-01,7.173462510108947754e-01,7.548237979412079079e-01,4.708791151642799377e-03,1.275689536705613102e-02,4.670459032058715820e-02,5.290293954312801084e-02,6.161752156913280487e-03,6.689502019435166966e-03,2.081882666971068829e-05,2.081882666971068829e-05
1.513382315635681152e+00,1.604426562786102295e+00,1.513403177261352539e+00,1.604447424411773682e+00,7.091969251632690430e-01,7.491028308868408203e-01,7.231029272079467773e-01,7.704688787460327593e-01,1.201563701033592224e-02,1.303066909313201939e-02,5.451336875557899475e-02,4.941772446036338945e-02,1.455358881503343582e-02,2.240647058933973451e-02,2.081373168039135635e-05,2.081373168039135635e-05
1.582537651062011719e+00,1.789246487617492720e+00,1.582558512687683105e+00,1.789267349243164107e+00,7.359777092933654785e-01,8.139222621917724387e-01,7.444689869880676270e-01,8.274729013442992942e-01,1.053452491760253906e-02,1.166034713387489354e-02,4.555012658238410950e-02,5.203178599476813992e-02,4.600626975297927856e-02,8.415917307138442993e-02,2.080359263345599174e-05,2.080359263345599174e-05
1.577788233757019043e+00,1.588916897773742676e+00,1.577808976173400879e+00,1.588937640190124512e+00,7.516992688179016113e-01,7.473703026771545410e-01,7.381463646888732910e-01,7.600210130214690718e-01,1.082997582852840424e-02,1.148864682763814891e-02,6.640447676181793213e-02,5.575125664472579956e-02,1.070816628634929657e-02,1.428572796285152401e-02,2.079486876027658582e-05,2.079486876027658582e-05
1.595190882682800293e+00,1.591138517856597989e+00,1.595211625099182129e+00,1.591159260272979825e+00,7.565360069274902344e-01,7.558530092239379439e-01,7.659165859222412109e-01,7.661443412303924339e-01,6.530599668622016907e-03,1.230791956186294556e-02,6.159662082791328430e-02,5.072360262274742265e-02,4.611065145581960678e-03,6.109637208282947540e-03,2.079368641716428101e-05,2.079368641716428101e-05
1.533009529113769531e+00,1.573441469669341952e+00,1.533030271530151367e+00,1.573462212085723788e+00,7.364448308944702148e-01,7.425983011722564475e-01,7.323452830314636230e-01,7.576866626739502397e-01,4.953727591782808304e-03,1.208378802984952892e-02,5.345618352293968201e-02,5.253924950957298418e-02,5.809575319290161133e-03,8.533458318561315190e-03,2.078934994642622769e-05,2.078934994642622769e-05
1.648539423942565918e+00,1.593530321121215731e+00,1.648560166358947754e+00,1.593551063537597567e+00,7.958233952522277832e-01,7.588592529296874778e-01,7.919937968254089355e-01,7.619664013385772927e-01,5.547633860260248184e-03,1.215635612607002258e-02,4.928405582904815674e-02,5.438950210809707919e-02,5.890539847314357758e-03,6.158798839896917690e-03,2.078694160445593297e-05,2.078694160445593297e-05
1.607412338256835938e+00,1.578652274608612016e+00,1.607433080673217773e+00,1.578673017024993852e+00,7.623041272163391113e-01,7.470589816570282204e-01,7.681543827056884766e-01,7.576771020889282449e-01,4.049601033329963684e-03,1.303447959944605862e-02,6.676066666841506958e-02,5.403013899922370911e-02,6.143580656498670578e-03,6.851540179923176765e-03,2.078582292597275227e-05,2.078582292597275227e-05
1.671261668205261230e+00,1.674972093105316251e+00,1.671282410621643066e+00,1.674992835521698087e+00,7.981704473495483398e-01,7.884727299213409868e-01,8.020392656326293945e-01,8.095546841621399370e-01,6.432131398469209671e-03,1.220635697245597839e-02,5.580648779869079590e-02,5.434600785374641557e-02,8.813278749585151672e-03,1.039228346198797261e-02,2.078484612866304815e-05,2.078484612866304815e-05
1.458969473838806152e+00,1.576409173011779741e+00,1.458990216255187988e+00,1.576429915428161577e+00,6.963831782341003418e-01,7.435306310653686523e-01,7.004201412200927734e-01,7.550683617591857910e-01,6.270834244787693024e-03,1.156738065183162724e-02,4.935460165143013000e-02,5.656530782580375394e-02,6.540647707879543304e-03,9.677478950470686306e-03,2.078003126371186227e-05,2.078003126371186227e-05
1.638072133064270020e+00,1.570130467414855957e+00,1.638092875480651855e+00,1.570151209831237793e+00,7.821598649024963379e-01,7.443717181682586448e-01,7.981151342391967773e-01,7.565288662910460982e-01,1.001706812530755997e-02,1.203089682385325397e-02,4.304920509457588196e-02,5.044575519859791080e-02,4.730848129838705063e-03,6.753250584006309162e-03,2.077720819215755910e-05,2.077720819215755910e-05
1.737336397171020508e+00,1.591246569156646640e+00,1.737357139587402344e+00,1.591267311573028476e+00,8.190228939056396484e-01,7.506844103336334229e-01,8.385384082794189453e-01,7.674914538860321267e-01,8.986524306237697601e-03,1.258134208619594505e-02,6.318251043558120728e-02,5.295601040124893466e-02,7.606089115142822266e-03,7.533339690417051662e-03,2.077871613437309861e-05,2.077871613437309861e-05
1.596533298492431641e+00,1.599118828773498535e+00,1.596554040908813477e+00,1.599139571189880371e+00,7.376122474670410156e-01,7.538487315177917480e-01,7.664178609848022461e-01,7.693211555480956587e-01,8.716651238501071930e-03,1.192180244252085720e-02,7.573743164539337158e-02,5.674452483654022356e-02,8.049014955759048462e-03,7.282620668411255230e-03,2.076412056339904666e-05,2.076412056339904666e-05
1.414965271949768066e+00,1.560532367229461759e+00,1.414986014366149902e+00,1.560553109645843595e+00,6.714347600936889648e-01,7.369033277034759966e-01,6.748368144035339355e-01,7.493508934974670854e-01,3.712729783728718758e-03,1.078008441254496574e-02,5.489834770560264587e-02,5.373985096812248369e-02,1.008264999836683273e-02,9.758195653557778099e-03,2.075481825158931315e-05,2.075481825158931315e-05
1.624982118606567383e+00,1.559118938446044877e+00,1.625002861022949219e+00,1.559139680862426713e+00,7.831093072891235352e-01,7.385578155517578125e-01,7.805320620536804199e-01,7.510757267475127730e-01,5.081634037196636200e-03,1.105618923902511666e-02,4.973666369915008545e-02,5.188002698123454770e-02,6.522495765239000320e-03,6.549229379743337631e-03,2.075099655485246330e-05,2.075099655485246330e-05
1.488833904266357422e+00,1.557285296916961714e+00,1.488854646682739258e+00,1.557306039333343550e+00,7.043973207473754883e-01,7.356755912303925005e-01,7.082389593124389648e-01,7.474131047725677268e-01,4.630667157471179962e-03,1.164224063977599075e-02,6.314136087894439697e-02,5.338717848062515120e-02,8.425626903772354126e-03,9.167234133929013512e-03,2.075103839160874486e-05,2.075103839160874486e-05
1.511932849884033203e+00,1.563518989086151167e+00,1.511953592300415039e+00,1.563539731502533003e+00,7.185744643211364746e-01,7.412658929824829102e-01,7.275309562683105469e-01,7.528105556964874712e-01,5.221317987889051437e-03,1.191417332738637855e-02,5.503056198358535767e-02,5.241626091301441331e-02,5.575412418693304062e-03,5.112085537984967058e-03,2.075779957522172481e-05,2.075779957522172481e-05
1.509234905242919922e+00,1.580346524715423584e+00,1.509255647659301758e+00,1.580367267131805420e+00,7.273057699203491211e-01,7.473210692405700684e-01,7.371520996093750000e-01,7.628045082092285156e-01,2.694166265428066254e-03,1.244044490158557892e-02,3.607991710305213928e-02,4.973265379667281966e-02,6.003024056553840637e-03,8.047817833721637379e-03,2.076211967505514622e-05,2.076211967505514622e-05
1.457965850830078125e+00,1.565846419334411710e+00,1.457986593246459961e+00,1.565867161750793546e+00,6.964539289474487305e-01,7.398930847644805686e-01,7.074741125106811523e-01,7.546877264976501465e-01,4.352285061031579971e-03,1.153348032385110786e-02,4.146185517311096191e-02,5.097803398966789523e-02,8.223636075854301453e-03,8.754097204655409553e-03,2.075995689665433019e-05,2.075995689665433019e-05
1.524433612823486328e+00,1.564466428756713823e+00,1.524454355239868164e+00,1.564487171173095659e+00,7.113639712333679199e-01,7.389014184474944624e-01,7.316052317619323730e-01,7.534851253032683882e-01,2.078747749328613281e-02,1.140349963679909706e-02,5.117513611912727356e-02,5.144917443394660811e-02,9.501862339675426483e-03,9.227226581424474369e-03,2.075556039926595986e-05,2.075556039926595986e-05
1.603925228118896484e+00,1.571314549446106046e+00,1.603945970535278320e+00,1.571335291862487882e+00,7.487660050392150879e-01,7.453365862369537576e-01,7.821766734123229980e-01,7.600140213966369851e-01,1.479319576174020767e-02,1.055910661816597020e-02,5.388654395937919617e-02,4.993357099592685838e-02,4.302881658077239990e-03,5.471223779022693461e-03,2.075475640594959259e-05,2.075475640594959259e-05
1.720075130462646484e+00,1.564562463760375888e+00,1.720095872879028320e+00,1.564583206176757724e+00,8.042265772819519043e-01,7.406084120273590532e-01,8.412241935729980469e-01,7.522767603397368941e-01,7.319388911128044128e-03,1.162723200395703385e-02,5.686600506305694580e-02,5.067046023905277113e-02,1.043896190822124481e-02,9.379638731479645122e-03,2.075048723781947047e-05,2.075048723781947047e-05
1.453580379486083984e+00,1.560905528068542436e+00,1.453601121902465820e+00,1.560926270484924272e+00,6.897247433662414551e-01,7.416928231716155562e-01,7.157866954803466797e-01,7.545401811599731223e-01,4.303631838411092758e-03,1.123130545020103489e-02,3.599534183740615845e-02,4.590777158737182478e-02,7.770110387355089188e-03,7.533408934250473976e-03,2.075436350423842669e-05,2.075436350423842669e-05
1.635018110275268555e+00,1.665185284614562944e+00,1.635038852691650391e+00,1.665206027030944780e+00,7.787060737609863281e-01,7.754975020885467307e-01,7.840557098388671875e-01,7.856401979923248735e-01,8.758608251810073853e-03,1.054960293695330655e-02,3.938082605600357056e-02,4.918261915445328036e-02,2.411687560379505157e-02,4.431536532938480655e-02,2.074621806968934834e-05,2.074621806968934834e-05
1.620884537696838379e+00,1.602984952926635787e+00,1.620905280113220215e+00,1.603005695343017623e+00,7.807068824768066406e-01,7.601488292217254417e-01,7.574005722999572754e-01,7.676414966583251509e-01,8.621932007372379303e-03,1.113326372578740155e-02,6.146040931344032288e-02,4.886532276868819913e-02,1.269486267119646072e-02,1.519608907401561772e-02,2.073790710710454732e-05,2.073790710710454732e-05
1.546950101852416992e+00,1.604327869415283159e+00,1.546970844268798828e+00,1.604348611831664995e+00,7.171737551689147949e-01,7.542895734310149924e-01,7.612942457199096680e-01,7.753598988056182861e-01,1.266433298587799072e-02,1.182863842695951531e-02,3.872957080602645874e-02,4.871041104197502275e-02,1.708834059536457062e-02,1.413934100419282983e-02,2.073923315037973225e-05,2.073923315037973225e-05
1.649747967720031738e+00,1.596402299404144243e+00,1.649768710136413574e+00,1.596423041820526079e+00,7.829383611679077148e-01,7.561194419860839400e-01,7.989774942398071289e-01,7.702933192253113015e-01,8.769722655415534973e-03,1.113886786624789307e-02,5.081175267696380615e-02,5.235357657074928006e-02,8.250557817518711090e-03,6.497053336352110256e-03,2.072925417451187968e-05,2.072925417451187968e-05
1.477714061737060547e+00,1.557482731342315629e+00,1.477734804153442383e+00,1.557503473758697465e+00,7.013301253318786621e-01,7.382499754428863969e-01,7.096132636070251465e-01,7.489024460315704124e-01,1.010563131421804428e-02,1.076792115345597337e-02,4.405626654624938965e-02,4.880613610148430009e-02,1.260876189917325974e-02,1.075625671073794296e-02,2.072065035463310778e-05,2.072065035463310778e-05
1.677209258079528809e+00,1.575355827808380127e+00,1.677230000495910645e+00,1.575376570224761963e+00,7.897474765777587891e-01,7.427954673767089844e-01,7.962204813957214355e-01,7.616049528121948686e-01,7.320248521864414215e-03,1.055423980578780105e-02,7.331478595733642578e-02,5.060887448489666263e-02,1.060616131871938705e-02,9.792316891252993843e-03,2.071973722195252776e-05,2.071973722195252776e-05
1.549054503440856934e+00,1.597600257396698087e+00,1.549075245857238770e+00,1.597620999813079923e+00,7.319804430007934570e-01,7.499118387699127419e-01,7.413337230682373047e-01,7.642085909843444602e-01,5.357990041375160217e-03,1.074572801589965786e-02,4.956361651420593262e-02,5.049436166882514954e-02,2.081876806914806366e-02,2.223973628133535385e-02,2.071095514111220837e-05,2.071095514111220837e-05
1.443273425102233887e+00,1.553577232360839888e+00,1.443294167518615723e+00,1.553597974777221724e+00,6.822494864463806152e-01,7.371815741062164307e-01,6.993021368980407715e-01,7.467846393585204634e-01,7.834482006728649139e-03,1.098416345193982055e-02,4.543627798557281494e-02,5.004592128098010739e-02,8.451140485703945160e-03,8.580948971211910942e-03,2.071032577077858150e-05,2.071032577077858150e-05
1.521648883819580078e+00,1.567771530151367276e+00,1.521669626235961914e+00,1.567792272567749112e+00,7.313379049301147461e-01,7.427479088306426780e-01,7.133587598800659180e-01,7.527000427246093306e-01,7.235796190798282623e-03,1.045043990015983616e-02,6.280678510665893555e-02,5.160092189908027649e-02,6.909662391990423203e-03,1.027220990508794819e-02,2.070513801299966872e-05,2.070513801299966872e-05
1.582246780395507812e+00,1.619243288040161044e+00,1.582267522811889648e+00,1.619264030456542880e+00,7.549015283584594727e-01,7.696380019187927246e-01,7.618085741996765137e-01,7.755388617515563965e-01,5.849152803421020508e-03,1.062282649800181354e-02,4.399673268198966980e-02,4.811832346022128920e-02,1.569096557796001434e-02,1.532522616907954285e-02,2.070423943223431706e-05,2.070423943223431706e-05
1.688228130340576172e+00,1.606400668621063232e+00,1.688248753547668457e+00,1.606421291828155518e+00,7.837283015251159668e-01,7.635830640792846680e-01,8.196203112602233887e-01,7.755828917026519331e-01,3.381296247243881226e-02,1.141615901142358815e-02,4.076625779271125793e-02,4.930084757506847382e-02,1.030023302882909775e-02,6.517717102542519743e-03,2.068226785922888666e-05,2.068226785922888666e-05
1.509878516197204590e+00,1.560227751731872559e+00,1.509899139404296875e+00,1.560248374938964844e+00,7.186948657035827637e-01,7.416454792022705300e-01,7.278279662132263184e-01,7.524672269821166548e-01,5.677772685885429382e-03,1.048821285367012093e-02,5.003652349114418030e-02,5.007140859961509843e-02,7.641286123543977737e-03,5.555436946451663971e-03,2.068272442556917667e-05,2.068272442556917667e-05
1.576101183891296387e+00,1.574615740776061923e+00,1.576121807098388672e+00,1.574636363983154208e+00,7.437244653701782227e-01,7.415138006210326704e-01,7.568471431732177734e-01,7.627099096775055154e-01,6.692911963909864426e-03,1.046853987500071491e-02,6.033588945865631104e-02,5.126835033297538757e-02,8.500793948769569397e-03,8.655165974050759575e-03,2.067784225801005960e-05,2.067784225801005960e-05
1.638299584388732910e+00,1.552244234085083052e+00,1.638320207595825195e+00,1.552264857292175337e+00,7.694632411003112793e-01,7.383525907993316872e-01,7.921197414398193359e-01,7.469582974910735640e-01,1.549999602138996124e-02,1.184963332489132916e-02,5.506388470530509949e-02,4.831724017858505388e-02,6.152736023068428040e-03,6.766469450667500496e-03,2.067378591164015234e-05,2.067378591164015234e-05
1.419784665107727051e+00,1.555647981166839555e+00,1.419805288314819336e+00,1.555668604373931840e+00,6.770589351654052734e-01,7.373673021793365479e-01,6.814501881599426270e-01,7.495040774345398393e-01,4.676040727645158768e-03,1.155287176370620693e-02,4.767799749970436096e-02,4.792931377887725553e-02,8.921654894948005676e-03,9.294408187270165184e-03,2.067004970740526915e-05,2.067004970740526915e-05
1.615375161170959473e+00,1.539979982376098677e+00,1.615395784378051758e+00,1.540000605583190962e+00,7.588239908218383789e-01,7.296117603778838889e-01,7.835716009140014648e-01,7.440300345420837180e-01,1.556562911719083786e-02,1.146450387313962052e-02,5.242718756198883057e-02,4.922667704522609711e-02,4.986725747585296631e-03,5.646993173286318779e-03,2.066685738100204617e-05,2.066685738100204617e-05
1.417490243911743164e+00,1.556053650379180864e+00,1.417510867118835449e+00,1.556074273586273149e+00,6.742791533470153809e-01,7.381182610988616943e-01,6.813561320304870605e-01,7.464095711708068626e-01,3.551271976903080940e-03,1.127464193850755657e-02,4.311081022024154663e-02,4.687382988631725450e-02,1.519289240241050720e-02,1.337735503911972011e-02,2.066967135760933161e-05,2.066967135760933161e-05
1.493126034736633301e+00,1.552341794967651456e+00,1.493146657943725586e+00,1.552362418174743741e+00,7.065974473953247070e-01,7.342959880828857644e-01,7.123175263404846191e-01,7.457761585712432417e-01,1.238565612584352493e-02,1.163056744262576034e-02,4.607765376567840576e-02,4.777750782668590407e-02,1.574783027172088623e-02,1.286160768941044773e-02,2.067389505100436509e-05,2.067389505100436509e-05
1.574200987815856934e+00,1.544703257083892778e+00,1.574221611022949219e+00,1.544723880290985063e+00,7.472522854804992676e-01,7.306823432445526123e-01,7.662611603736877441e-01,7.413026988506317139e-01,7.339883130043745041e-03,1.207974972203373909e-02,4.360269382596015930e-02,4.932504855096340318e-02,9.744993411004543304e-03,1.131340088322758605e-02,2.067595050903037190e-05,2.067595050903037190e-05
1.689767003059387207e+00,1.580001842975616411e+00,1.689787626266479492e+00,1.580022466182708696e+00,7.950019240379333496e-01,7.423325896263122115e-01,8.057630062103271484e-01,7.532134294509887917e-01,4.794487729668617249e-03,1.124575221911072731e-02,6.567316502332687378e-02,5.070142075419425964e-02,1.853440701961517334e-02,2.250863313674926827e-02,2.066912202280946076e-05,2.066912202280946076e-05
1.544467210769653320e+00,1.537471055984497070e+00,1.544487833976745605e+00,1.537491679191589355e+00,7.300497293472290039e-01,7.298867821693419966e-01,7.505882382392883301e-01,7.397159993648528831e-01,6.096847355365753174e-03,1.102254698053002288e-02,5.075966194272041321e-02,5.031162798404693881e-02,6.972662173211574554e-03,6.534079834818839853e-03,2.066633896902203560e-05,2.066633896902203560e-05
1.459296822547912598e+00,1.541695916652679355e+00,1.459317445755004883e+00,1.541716539859771640e+00,6.966517567634582520e-01,7.313126921653747559e-01,7.012510895729064941e-01,7.407802760601043257e-01,3.945099655538797379e-03,1.211079247295856511e-02,4.860065504908561707e-02,4.784592911601066867e-02,8.848207071423530579e-03,9.646264836192131042e-03,2.066823253699112684e-05,2.066823253699112684e-05
1.473006367683410645e+00,1.554414224624633745e+00,1.473026990890502930e+00,1.554434847831726030e+00,7.000547647476196289e-01,7.379040062427520974e-01,7.117652893066406250e-01,7.483814895153045876e-01,8.522041141986846924e-03,1.187457395717501571e-02,4.584604501724243164e-02,5.026936754584312300e-02,6.818207446485757828e-03,5.984788062050938606e-03,2.066451997961848974e-05,2.066451997961848974e-05
1.596414923667907715e+00,1.552387714385986328e+00,1.596435546875000000e+00,1.552408337593078613e+00,7.699934840202331543e-01,7.362797200679779275e-01,7.498174905776977539e-01,7.463511168956756814e-01,1.580542698502540588e-02,1.179791502654552529e-02,5.095946416258811951e-02,4.783251583576202115e-02,9.839002974331378937e-03,1.012647291645407677e-02,2.066215347440447658e-05,2.066215347440447658e-05
1.577040076255798340e+00,1.536656081676483154e+00,1.577060699462890625e+00,1.536676704883575439e+00,7.625012993812561035e-01,7.303937137126922385e-01,7.654768228530883789e-01,7.399999082088470903e-01,3.271975088864564896e-03,1.209425451233983075e-02,4.022416099905967712e-02,4.917028322815895219e-02,5.565749481320381165e-03,4.997939802706241608e-03,2.065660373773425817e-05,2.065660373773425817e-05
1.416246652603149414e+00,1.537439918518066495e+00,1.416267275810241699e+00,1.537460541725158780e+00,6.784326434135437012e-01,7.321640193462372048e-01,6.797787547111511230e-01,7.410805404186249223e-01,6.899695377796888351e-03,1.183992912992835010e-02,4.697642475366592407e-02,4.890350513160228452e-02,4.159063566476106644e-03,3.451901511289179238e-03,2.065577791654504836e-05,2.065577791654504836e-05
1.488788843154907227e+00,1.578435420989990234e+00,1.488809466361999512e+00,1.578456044197082520e+00,6.990968585014343262e-01,7.461453855037689653e-01,7.119663953781127930e-01,7.587166786193847434e-01,2.309485338628292084e-02,1.262740800157189335e-02,4.806125536561012268e-02,5.011039488017558774e-02,6.569484714418649673e-03,1.083554299548268249e-02,2.065148328256327659e-05,2.065148328256327659e-05
1.685211896896362305e+00,1.574444150924682706e+00,1.685232520103454590e+00,1.574464774131774991e+00,7.740947604179382324e-01,7.525089919567108376e-01,8.151769042015075684e-01,7.574605286121368630e-01,5.321998521685600281e-02,1.079406840726733138e-02,3.537643700838088989e-02,4.456860907375812669e-02,7.343773730099201202e-03,9.111918136477470051e-03,2.064427826553583145e-05,2.064427826553583145e-05
1.467337369918823242e+00,1.556376290321350053e+00,1.467357993125915527e+00,1.556396913528442338e+00,7.033456563949584961e-01,7.393863737583160622e-01,6.987152695655822754e-01,7.507224977016448975e-01,5.242773797363042831e-03,9.710809215903282166e-03,5.030441284179687500e-02,4.519818052649497708e-02,9.729187004268169403e-03,1.135841477662324905e-02,2.064300861093215644e-05,2.064300861093215644e-05
1.507151007652282715e+00,1.543027758598327637e+00,1.507171630859375000e+00,1.543048381805419922e+00,7.175521850585937500e-01,7.351524472236633523e-01,7.250739932060241699e-01,7.446283161640167014e-01,4.775786772370338440e-03,1.055356822907924617e-02,5.111205950379371643e-02,4.689236544072628021e-02,8.636938408017158508e-03,5.801072204485535275e-03,2.064086584141477942e-05,2.064086584141477942e-05
1.524501204490661621e+00,1.559249889850616411e+00,1.524521827697753906e+00,1.559270513057708696e+00,7.370305061340332031e-01,7.398290514945984331e-01,7.175297737121582031e-01,7.471689164638519731e-01,6.286336109042167664e-03,1.112306341528892552e-02,5.330572277307510376e-02,4.724856540560722074e-02,1.034880895167589188e-02,1.388024352490901947e-02,2.063309148070402443e-05,2.063309148070402443e-05
1.524234414100646973e+00,1.544217014312744052e+00,1.524255037307739258e+00,1.544237637519836337e+00,7.227261662483215332e-01,7.327832758426666704e-01,7.401464581489562988e-01,7.438362538814544678e-01,5.066354293376207352e-03,1.172083131968975137e-02,4.304096847772598267e-02,4.569509550929069797e-02,1.325443759560585022e-02,1.018153801560401847e-02,2.063172905764076859e-05,2.063172905764076859e-05
1.426421642303466797e+00,1.586138224601745694e+00,1.426442265510559082e+00,1.586158847808837979e+00,6.786730289459228516e-01,7.480973422527312788e-01,6.803717613220214844e-01,7.543673872947692649e-01,2.336654113605618477e-03,1.084754038602113793e-02,3.609823808073997498e-02,4.624290689826011935e-02,2.894201688468456268e-02,2.658304013311862946e-02,2.063242573058232665e-05,2.063242573058232665e-05
1.477655768394470215e+00,1.551162457466125577e+00,1.477676391601562500e+00,1.551183080673217862e+00,7.073137164115905762e-01,7.375952482223511186e-01,7.181456685066223145e-01,7.482895910739898460e-01,3.936727065593004227e-03,1.034207614138722350e-02,3.857152163982391357e-02,4.727076739072799683e-02,9.688163176178932190e-03,7.664799923077225685e-03,2.061934719677083194e-05,2.061934719677083194e-05
1.505929470062255859e+00,1.562766110897064298e+00,1.505950093269348145e+00,1.562786734104156583e+00,7.193501591682434082e-01,7.409995675086975542e-01,7.275848388671875000e-01,7.491996586322784424e-01,2.736508846282958984e-03,1.082064239308238099e-02,3.962148353457450867e-02,4.819849058985710422e-02,1.663649268448352814e-02,1.354776564985513652e-02,2.060258157143834978e-05,2.060258157143834978e-05
1.635465383529663086e+00,1.599159717559814453e+00,1.635486006736755371e+00,1.599180340766906738e+00,7.846095561981201172e-01,7.551163017749786821e-01,7.934114933013916016e-01,7.718477964401244673e-01,4.180599935352802277e-03,1.103222863748669694e-02,4.397120326757431030e-02,5.045880675315857211e-02,9.292606264352798462e-03,1.070459997281432082e-02,2.059996768366545439e-05,2.059996768366545439e-05
1.665167927742004395e+00,1.613512837886810214e+00,1.665188550949096680e+00,1.613533461093902499e+00,7.729143500328063965e-01,7.563043415546417680e-01,7.609678506851196289e-01,7.639773368835449663e-01,7.105593569576740265e-03,9.654229134321212422e-03,6.871815770864486694e-02,5.159495696425438205e-02,5.546202510595321655e-02,3.198193553835153302e-02,2.059101279883179814e-05,2.059101279883179814e-05
1.403334975242614746e+00,1.544296181201934903e+00,1.403355598449707031e+00,1.544316804409027188e+00,6.684242486953735352e-01,7.359302580356598122e-01,6.745893359184265137e-01,7.436146140098571777e-01,3.559748409315943718e-03,9.687020676210522652e-03,5.160642042756080627e-02,4.949554651975631575e-02,5.155313294380903244e-03,5.568756163120270122e-03,2.058774407487362623e-05,2.058774407487362623e-05
1.496556282043457031e+00,1.542698907852172896e+00,1.496576905250549316e+00,1.542719531059265181e+00,7.161537408828735352e-01,7.282352983951568826e-01,7.159689068794250488e-01,7.474676311016082986e-01,1.064967829734086990e-02,1.093692276626825367e-02,4.721147567033767700e-02,5.051683709025382718e-02,6.572385784238576889e-03,5.542213656008243214e-03,2.059286998701281846e-05,2.059286998701281846e-05
1.550201416015625000e+00,1.548595488071441650e+00,1.550222039222717285e+00,1.548616111278533936e+00,7.361273169517517090e-01,7.335546195507050005e-01,7.567875385284423828e-01,7.464760065078734907e-01,6.646452937275171280e-03,1.122108856216073001e-02,4.453573375940322876e-02,5.198522321879863600e-02,6.104400381445884705e-03,5.358546879142523159e-03,2.059477264992892742e-05,2.059477264992892742e-05
1.451423287391662598e+00,1.535364055633544833e+00,1.451443910598754883e+00,1.535384678840637118e+00,6.797104477882385254e-01,7.300629973411559837e-01,7.198068499565124512e-01,7.408472895622253418e-01,7.273463066667318344e-03,1.170428441837429931e-02,3.970883414149284363e-02,4.839249141514301300e-02,4.923731088638305664e-03,4.356988798826932560e-03,2.060089536826126277e-05,2.060089536826126277e-05
1.598540306091308594e+00,1.565695226192474365e+00,1.598560929298400879e+00,1.565715849399566650e+00,7.306322455406188965e-01,7.444747567176819292e-01,7.895718216896057129e-01,7.537889242172240989e-01,1.595367863774299622e-02,1.125964475795626640e-02,5.054127797484397888e-02,4.655013270676135878e-02,1.184131205081939697e-02,9.621751774102450111e-03,2.059274993371218443e-05,2.059274993371218443e-05
1.568140387535095215e+00,1.600473761558532715e+00,1.568161010742187500e+00,1.600494384765625000e+00,7.631583213806152344e-01,7.658659577369689719e-01,7.580958008766174316e-01,7.698670446872710738e-01,4.568394273519515991e-03,1.103889485821127857e-02,3.389695659279823303e-02,4.471689611673355241e-02,8.421038277447223663e-03,8.984953351318835518e-03,2.058773316093720496e-05,2.058773316093720496e-05
1.540316462516784668e+00,1.565451073646545455e+00,1.540337085723876953e+00,1.565471696853637740e+00,7.328281998634338379e-01,7.392679035663605180e-01,7.364843487739562988e-01,7.484645485877990945e-01,9.155151434242725372e-03,1.148745035752654110e-02,4.395668208599090576e-02,4.952800869941711287e-02,1.789210923016071320e-02,1.670315358787775178e-02,2.058165773632936180e-05,2.058165773632936180e-05
1.628645896911621094e+00,1.531959593296051025e+00,1.628666520118713379e+00,1.531980216503143311e+00,7.885232567787170410e-01,7.286901414394378884e-01,7.755421400070190430e-01,7.365263700485229492e-01,9.813511744141578674e-03,1.129972971975803410e-02,4.991772025823593140e-02,5.053791180253029008e-02,4.849144257605075836e-03,4.905427945777774204e-03,2.057950769085437059e-05,2.057950769085437059e-05
1.384694218635559082e+00,1.533903741836547763e+00,1.384714841842651367e+00,1.533924365043640048e+00,6.624005436897277832e-01,7.306569635868072066e-01,6.670448780059814453e-01,7.410844385623931441e-01,4.557140171527862549e-03,1.154064359143376281e-02,4.606076702475547791e-02,4.714377298951148709e-02,4.630889277905225754e-03,3.477913793176412582e-03,2.057700476143509150e-05,2.057700476143509150e-05
1.595261573791503906e+00,1.538666641712188810e+00,1.595282196998596191e+00,1.538687264919281095e+00,7.655669450759887695e-01,7.314876735210418257e-01,7.714892029762268066e-01,7.407115936279297097e-01,5.244093947112560272e-03,1.139671150594949792e-02,4.768888652324676514e-02,4.759097397327423373e-02,5.272380076348781586e-03,7.479656860232353557e-03,2.056923403870314360e-05,2.056923403870314360e-05
1.605638861656188965e+00,1.567502474784851163e+00,1.605659484863281250e+00,1.567523097991943448e+00,7.754395604133605957e-01,7.460974872112273726e-01,7.617800831794738770e-01,7.508391082286834939e-01,1.086236909031867981e-02,1.147758951410651242e-02,4.524224251508712769e-02,4.646702930331229886e-02,1.231469586491584778e-02,1.262130076065659523e-02,2.057181154668796808e-05,2.057181154668796808e-05
1.420163154602050781e+00,1.555704343318939253e+00,1.420183777809143066e+00,1.555724966526031539e+00,6.801596283912658691e-01,7.399366974830627885e-01,6.898114085197448730e-01,7.474564909934997559e-01,3.626673482358455658e-03,1.230717776343226433e-02,4.055861383676528931e-02,4.923205450177192688e-02,6.006864830851554871e-03,6.771922530606389219e-03,2.056979792541824281e-05,2.056979792541824281e-05
1.594660401344299316e+00,1.544765746593475431e+00,1.594680905342102051e+00,1.544786250591278165e+00,7.461258172988891602e-01,7.361893475055694136e-01,7.675499916076660156e-01,7.448174715042114036e-01,2.738447301089763641e-02,1.089969491586089204e-02,5.052970349788665771e-02,4.780224822461605350e-02,3.070387989282608032e-03,5.056980298832058907e-03,2.055088043562136590e-05,2.055088043562136590e-05
1.347913384437561035e+00,1.540053009986877441e+00,1.347933888435363770e+00,1.540073513984680176e+00,6.577388644218444824e-01,7.351280450820922852e-01,6.287279129028320312e-01,7.419651687145233376e-01,6.974103394895792007e-03,1.091964235529303481e-02,4.791643097996711731e-02,4.705103412270546237e-02,6.556014064699411392e-03,4.989081202074885715e-03,2.054346805380191654e-05,2.054346805380191654e-05
1.597214698791503906e+00,1.595925915241241499e+00,1.597235202789306641e+00,1.595946419239044234e+00,7.764466404914855957e-01,7.629279911518096480e-01,7.593092918395996094e-01,7.681822001934051070e-01,6.016225554049015045e-03,1.129851751029491494e-02,4.734944179654121399e-02,4.507213905453681668e-02,8.093124255537986755e-03,8.445069286972283970e-03,2.054563628917094320e-05,2.054563628917094320e-05
1.510087251663208008e+00,1.538052535057067960e+00,1.510107755661010742e+00,1.538073039054870694e+00,7.169951796531677246e-01,7.300437808036803755e-01,7.152978777885437012e-01,7.422090291976928267e-01,1.760280877351760864e-02,1.048149364069104160e-02,5.436459183692932129e-02,4.559470079839229861e-02,5.826839245855808258e-03,9.723500814288854599e-03,2.055135337286628783e-05,2.055135337286628783e-05
1.495443105697631836e+00,1.554729938507080078e+00,1.495463609695434570e+00,1.554750442504882812e+00,7.121093869209289551e-01,7.371060490608215554e-01,7.193847894668579102e-01,7.483987569808959739e-01,3.959345631301403046e-03,1.015295758843421867e-02,5.438585951924324036e-02,4.737460352480411807e-02,5.603629630059003830e-03,1.169755645096301998e-02,2.055342520179692656e-05,2.055342520179692656e-05
1.506976604461669922e+00,1.553482985496521085e+00,1.506997108459472656e+00,1.553503489494323819e+00,7.271143794059753418e-01,7.411226093769073264e-01,7.197154164314270020e-01,7.467471718788146751e-01,4.802540875971317291e-03,1.151917073875665699e-02,4.974955692887306213e-02,4.711096473038196841e-02,5.594647955149412155e-03,6.983114499598741184e-03,2.053531352430582047e-05,2.053531352430582047e-05
1.488322019577026367e+00,1.533302700519561856e+00,1.488342523574829102e+00,1.533323204517364591e+00,7.304661870002746582e-01,7.297286927700042947e-01,6.945683360099792480e-01,7.383766233921050803e-01,1.012992858886718750e-02,1.208714870736002887e-02,4.782737419009208679e-02,4.856035560369491300e-02,5.330200772732496262e-03,4.549891874194145376e-03,2.053464049822650850e-05,2.053464049822650850e-05
1.565046191215515137e+00,1.567294323444366366e+00,1.565066695213317871e+00,1.567314827442169101e+00,7.406247258186340332e-01,7.516061365604400635e-01,7.339090108871459961e-01,7.530949354171753152e-01,4.363055899739265442e-02,1.085212407633662224e-02,3.999065235257148743e-02,4.568761140108108798e-02,6.891129538416862488e-03,6.053520133718848228e-03,2.053078060271218419e-05,2.053078060271218419e-05
1.577248334884643555e+00,1.549405789375305265e+00,1.577268838882446289e+00,1.549426293373107999e+00,7.516045570373535156e-01,7.370195150375365989e-01,7.576359510421752930e-01,7.454221904277801292e-01,5.668460391461849213e-03,1.003527604043483699e-02,5.103705823421478271e-02,4.770415499806403975e-02,1.130236126482486725e-02,9.224642720073460839e-03,2.051486080745235085e-05,2.051486080745235085e-05
1.553050756454467773e+00,1.542910730838775724e+00,1.553071260452270508e+00,1.542931234836578458e+00,7.421156764030456543e-01,7.341551423072815163e-01,7.446158528327941895e-01,7.417742013931274414e-01,5.104317329823970795e-03,1.027090912684798171e-02,5.251603201031684875e-02,4.713124148547649661e-02,8.698884397745132446e-03,9.579241834580897938e-03,2.049964496109168977e-05,2.049964496109168977e-05
1.580632328987121582e+00,1.546845388412475542e+00,1.580652832984924316e+00,1.546865892410278276e+00,7.595670819282531738e-01,7.383782744407654253e-01,7.583876848220825195e-01,7.412629008293152300e-01,4.252193029969930649e-03,9.780034795403480877e-03,4.686842858791351318e-02,4.856249466538429399e-02,1.155685633420944214e-02,8.861688338220119823e-03,2.049845716101117432e-05,2.049845716101117432e-05
1.777990579605102539e+00,1.606998026371002197e+00,1.778011083602905273e+00,1.607018530368804932e+00,8.473085165023803711e-01,7.545264601707458718e-01,7.963679432868957520e-01,7.570407986640930176e-01,1.188827492296695709e-02,1.013603173196315696e-02,3.868280723690986633e-02,4.817461632192134718e-02,8.374302089214324951e-02,3.712011836469173570e-02,2.049937029369175434e-05,2.049937029369175434e-05
1.468243718147277832e+00,1.561059868335723966e+00,1.468264222145080566e+00,1.561080372333526700e+00,7.000966668128967285e-01,7.382732868194580300e-01,6.861358880996704102e-01,7.481966257095337136e-01,3.901769407093524933e-03,9.642485529184341431e-03,5.360760912299156189e-02,4.753150641918182234e-02,2.450181171298027039e-02,1.741597168147563865e-02,2.050733746727928519e-05,2.050733746727928519e-05
1.568911433219909668e+00,1.601688253879547164e+00,1.568931937217712402e+00,1.601708757877349898e+00,7.358999848365783691e-01,7.543801248073578325e-01,7.506460547447204590e-01,7.717324197292327881e-01,6.904247682541608810e-03,9.978319797664881446e-03,5.762238055467605591e-02,4.976066313683986941e-02,1.783873513340950012e-02,1.583670796826481750e-02,2.050993134616874158e-05,2.050993134616874158e-05
1.682458400726318359e+00,1.548678064346313388e+00,1.682478904724121094e+00,1.548698568344116122e+00,8.013350367546081543e-01,7.336866617202758567e-01,7.969884276390075684e-01,7.406850576400756392e-01,9.154816158115863800e-03,9.546739701181649468e-03,5.983595922589302063e-02,4.994809143245219907e-02,1.514424569904804230e-02,1.481155045330524375e-02,2.049603790510445833e-05,2.049603790510445833e-05
1.529031872749328613e+00,1.525311648845672607e+00,1.529052376747131348e+00,1.525332152843475342e+00,7.298310995101928711e-01,7.281378269195556419e-01,7.350170612335205078e-01,7.332597136497497337e-01,5.678189452737569809e-03,9.963472187519074180e-03,5.347321182489395142e-02,4.929487220942974091e-02,5.032283253967761993e-03,4.655776079744100571e-03,2.049211070698220283e-05,2.049211070698220283e-05
1.440887212753295898e+00,1.529337704181671143e+00,1.440907716751098633e+00,1.529358208179473877e+00,6.816509962081909180e-01,7.290358781814575417e-01,6.940621137619018555e-01,7.367557704448699507e-01,1.087741460651159286e-02,9.700871631503104817e-03,4.714868590235710144e-02,4.865823313593864441e-02,7.147983182221651077e-03,5.186951952055096626e-03,2.048870010185055435e-05,2.048870010185055435e-05
1.584726929664611816e+00,1.544661116600036577e+00,1.584747433662414551e+00,1.544681620597839311e+00,7.632718682289123535e-01,7.349354505538940874e-01,7.722630500793457031e-01,7.469140172004700151e-01,3.944974858313798904e-03,9.992992598563432347e-03,4.000297561287879944e-02,4.720183461904525757e-02,5.244159605354070663e-03,5.616816552355885159e-03,2.047973976004868746e-05,2.047973976004868746e-05
1.582965850830078125e+00,1.537678182125091553e+00,1.582986354827880859e+00,1.537698686122894287e+00,7.576128840446472168e-01,7.325501143932342529e-01,7.638029456138610840e-01,7.407837808132171631e-01,4.551568999886512756e-03,1.013330388814210822e-02,4.761638492345809937e-02,4.535911679267883023e-02,9.382179938256740570e-03,8.851867914199829795e-03,2.047532143478747457e-05,2.047532143478747457e-05
1.510002255439758301e+00,1.521323120594024747e+00,1.510022759437561035e+00,1.521343624591827481e+00,7.127844095230102539e-01,7.263601124286651611e-01,7.174412608146667480e-01,7.328031539916992632e-01,8.790273219347000122e-03,1.001688959077000687e-02,6.671752780675888062e-02,4.688621237874031344e-02,4.268831107765436172e-03,5.256756395101547415e-03,2.047235102509148419e-05,2.047235102509148419e-05
1.387402057647705078e+00,1.526977777481079102e+00,1.387422561645507812e+00,1.526998281478881836e+00,6.727529764175415039e-01,7.295565128326415572e-01,6.752667427062988281e-01,7.382374823093413863e-01,3.231390845030546188e-03,9.466804470866918911e-03,3.046886064112186432e-02,4.467844963073730469e-02,5.682092159986495972e-03,5.038564186543225895e-03,2.046798363153357059e-05,2.046798363153357059e-05
1.340229153633117676e+00,1.565563344955444247e+00,1.340249657630920410e+00,1.565583848953246981e+00,6.384342312812805176e-01,7.426523745059967485e-01,6.413587331771850586e-01,7.534994959831238237e-01,5.218351259827613831e-03,9.116436447948217045e-03,3.816913440823554993e-02,4.669143669307231764e-02,1.704858243465423584e-02,1.360357590019702946e-02,2.046363078989088535e-05,2.046363078989088535e-05
1.454899549484252930e+00,1.532696139812469438e+00,1.454920053482055664e+00,1.532716643810272172e+00,6.981588006019592285e-01,7.297708630561828835e-01,7.086446285247802734e-01,7.409939289093017134e-01,2.827054122462868690e-03,9.109736513346433293e-03,3.861698880791664124e-02,4.466612413525581499e-02,6.652133539319038391e-03,8.155461074784398426e-03,2.046031659119762480e-05,2.046031659119762480e-05
1.465276241302490234e+00,1.537674486637115479e+00,1.465296745300292969e+00,1.537694990634918213e+00,6.989324092864990234e-01,7.304455816745758501e-01,7.103399038314819336e-01,7.416493833065033181e-01,4.633489064872264862e-03,9.188990015536547054e-03,4.453734681010246277e-02,4.496453218162059506e-02,6.833102088421583176e-03,1.142603382468223606e-02,2.045073051704093814e-05,2.045073051704093814e-05
1.409543633460998535e+00,1.528026378154754727e+00,1.409564137458801270e+00,1.528046882152557462e+00,6.684191226959228516e-01,7.294086575508117454e-01,6.736433506011962891e-01,7.361169815063476340e-01,5.178315099328756332e-03,9.234866546466945908e-03,5.477919802069664001e-02,4.545157589018344879e-02,7.523678243160247803e-03,7.814319524914025566e-03,2.044555185420904309e-05,2.044555185420904309e-05
1.546699166297912598e+00,1.559300422668457031e+00,1.546719551086425781e+00,1.559320807456970215e+00,7.390176653861999512e-01,7.414747297763824019e-01,7.505546808242797852e-01,7.547134339809418169e-01,7.118314504623413086e-03,8.997821714729070663e-03,4.148948937654495239e-02,4.440665915608406344e-02,8.519004099071025848e-03,9.707798901945351860e-03,2.044438770099077374e-05,2.044438770099077374e-05
1.521553874015808105e+00,1.544001913070678800e+00,1.521574258804321289e+00,1.544022297859191983e+00,7.273243069648742676e-01,7.377854704856872115e-01,7.275058031082153320e-01,7.430590331554413064e-01,5.989552475512027740e-03,9.821057319641113281e-03,4.968736320734024048e-02,4.622194617986678800e-02,1.104678586125373840e-02,7.114393217489123171e-03,2.043737549684010446e-05,2.043737549684010446e-05
1.404710412025451660e+00,1.556399929523468062e+00,1.404730796813964844e+00,1.556420314311981246e+00,6.735613942146301270e-01,7.397850394248962624e-01,6.782634854316711426e-01,7.475754976272582786e-01,3.940818365663290024e-03,1.053817868232726981e-02,3.371823951601982117e-02,4.346746206283569336e-02,1.522643305361270905e-02,1.503375889733433654e-02,2.043110725935548544e-05,2.043110725935548544e-05
1.635099411010742188e+00,1.572394537925720259e+00,1.635119795799255371e+00,1.572414922714233443e+00,7.544676661491394043e-01,7.478776633739471214e-01,8.028423786163330078e-01,7.547362983226776345e-01,1.103709079325199127e-02,9.974572854116559723e-03,4.805161431431770325e-02,4.447692111134528975e-02,1.870058476924896240e-02,1.532905148342251708e-02,2.042896994680631906e-05,2.042896994680631906e-05
1.430564761161804199e+00,1.574373233318328902e+00,1.430585145950317383e+00,1.574393618106842085e+00,6.815792322158813477e-01,7.459223508834839089e-01,6.838749647140502930e-01,7.532519578933716264e-01,2.220658585429191589e-03,9.826269373297691692e-03,4.302499443292617798e-02,4.564833939075470248e-02,1.986487954854965210e-02,1.972432732582092216e-02,2.042298365267924964e-05,2.042298365267924964e-05
1.572710871696472168e+00,1.532139205932617099e+00,1.572731256484985352e+00,1.532159590721130282e+00,7.426774501800537109e-01,7.317066013813018355e-01,7.568262219429016113e-01,7.385119259357452171e-01,1.818048954010009766e-02,1.049561789259314572e-02,4.970917850732803345e-02,4.437439963221549710e-02,5.317556671798229218e-03,7.050639763474464243e-03,2.041310654021799564e-05,2.041310654021799564e-05
1.663021922111511230e+00,1.542157351970672607e+00,1.663042306900024414e+00,1.542177736759185791e+00,7.874550223350524902e-01,7.336840808391571489e-01,7.920182943344116211e-01,7.421292304992676003e-01,1.588663831353187561e-02,1.066203941591084038e-02,5.948355793952941895e-02,4.624651707708835741e-02,8.178483694791793823e-03,9.435501787811518062e-03,2.040876643150113523e-05,2.040876643150113523e-05
1.622206211090087891e+00,1.529589748382568448e+00,1.622226595878601074e+00,1.529610133171081632e+00,7.708813548088073730e-01,7.294913589954375999e-01,7.745725512504577637e-01,7.369084775447845015e-01,2.538082934916019440e-02,1.056169802322983776e-02,4.389183595776557922e-02,4.529839418828487257e-02,7.479629013687372208e-03,7.329811621457338160e-03,2.040667459368705750e-05,2.040667459368705750e-05
1.398486614227294922e+00,1.539370727539062456e+00,1.398506999015808105e+00,1.539391112327575639e+00,6.667809486389160156e-01,7.340182185173034224e-01,6.744127869606018066e-01,7.443884193897247759e-01,6.869159638881683350e-03,9.660577168688178062e-03,4.454264044761657715e-02,4.335540011525153975e-02,5.881129298359155655e-03,7.948135957121849060e-03,2.041099651250988245e-05,2.041099651250988245e-05
1.561929225921630859e+00,1.557251679897308394e+00,1.561949610710144043e+00,1.557272064685821578e+00,7.499348521232604980e-01,7.391362786293029785e-01,7.532557845115661621e-01,7.453146338462829368e-01,6.364034488797187805e-03,9.228319535031915058e-03,3.455855697393417358e-02,4.524679519236087660e-02,1.781601086258888245e-02,1.832569111138582230e-02,2.040493563981726766e-05,2.040493563981726766e-05
1.482772231101989746e+00,1.518293285369872958e+00,1.482792615890502930e+00,1.518313670158386142e+00,7.098379135131835938e-01,7.237352192401885764e-01,7.083860039710998535e-01,7.329567372798919678e-01,5.508670117706060410e-03,9.686735970899463394e-03,5.175144225358963013e-02,4.605047777295112610e-02,7.288235705345869064e-03,5.864120228216052402e-03,2.039201717707328498e-05,2.039201717707328498e-05
1.477641224861145020e+00,1.535524201393127397e+00,1.477661609649658203e+00,1.535544586181640581e+00,7.003812789916992188e-01,7.296735525131226030e-01,7.040773630142211914e-01,7.417208373546599898e-01,1.192574948072433472e-02,9.958414826542139053e-03,5.545251443982124329e-02,4.792435541749000272e-02,5.804445594549179077e-03,6.247038906440138990e-03,2.039258106378838420e-05,2.039258106378838420e-05
1.646737575531005859e+00,1.569937694072723433e+00,1.646757960319519043e+00,1.569958078861236617e+00,8.028442263603210449e-01,7.429725170135498269e-01,7.377265691757202148e-01,7.497403740882873091e-01,3.359929844737052917e-02,9.845549007877707481e-03,5.230627954006195068e-02,4.456857033073902130e-02,2.026129513978958130e-02,2.281066887080669334e-02,2.038482489297166467e-05,2.038482489297166467e-05
1.526815056800842285e+00,1.538147270679473877e+00,1.526835441589355469e+00,1.538167655467987061e+00,7.284028530120849609e-01,7.309543013572692427e-01,7.346753478050231934e-01,7.402908086776733843e-01,1.447855215519666672e-02,9.832877060398459088e-03,4.258280247449874878e-02,4.700404554605484148e-02,6.675503216683864594e-03,1.006527338176965714e-02,2.038381353486329317e-05,2.038381353486329317e-05
1.673271656036376953e+00,1.531004834175109908e+00,1.673292040824890137e+00,1.531025218963623091e+00,8.020464777946472168e-01,7.299954652786254661e-01,8.092630505561828613e-01,7.385289847850800005e-01,9.635790251195430756e-03,1.060133911669254234e-02,4.586844891309738159e-02,4.583129324018955092e-02,6.457871757447719574e-03,6.047727353870868509e-03,2.038264574366621673e-05,2.038264574366621673e-05
1.489475250244140625e+00,1.564784753322601363e+00,1.489495635032653809e+00,1.564805138111114546e+00,7.030160427093505859e-01,7.388139426708221214e-01,7.242338061332702637e-01,7.484404861927032027e-01,1.495957560837268829e-02,1.146213174797594547e-02,3.265692293643951416e-02,4.571655057370662550e-02,1.460888795554637909e-02,2.035163305699825426e-02,2.036868681898340583e-05,2.036868681898340583e-05
1.484566211700439453e+00,1.586991941928863614e+00,1.484586596488952637e+00,1.587012326717376798e+00,6.999798417091369629e-01,7.501759052276610884e-01,7.109751701354980469e-01,7.587764322757720725e-01,5.312213674187660217e-03,9.998310450464486729e-03,4.305827245116233826e-02,4.509092755615710935e-02,2.524083480238914490e-02,2.295035328716039588e-02,2.035357101703993976e-05,2.035357101703993976e-05
1.688237786293029785e+00,1.724896144866943315e+00,1.688258171081542969e+00,1.724916529655456499e+00,7.644430994987487793e-01,7.868425846099853516e-01,8.119977712631225586e-01,8.091805636882781760e-01,4.681966733187437057e-03,1.282310606911778519e-02,4.164247959852218628e-02,4.804069027304649214e-02,6.547261774539947510e-02,6.800923347473145086e-02,2.034743738477118313e-05,2.034743738477118313e-05
1.632079482078552246e+00,1.581717634201049716e+00,1.632099866867065430e+00,1.581738018989562899e+00,7.688571810722351074e-01,7.442650198936462402e-01,7.799603939056396484e-01,7.548302114009857178e-01,8.091977797448635101e-03,1.587541829794645448e-02,6.358857452869415283e-02,5.052629634737968584e-02,1.158130541443824768e-02,1.622068565338850160e-02,2.034728822764009237e-05,2.034728822764009237e-05
1.592426538467407227e+00,1.591517245769500821e+00,1.592446923255920410e+00,1.591537630558014005e+00,7.351658344268798828e-01,7.471331775188445601e-01,7.790876626968383789e-01,7.569725215435028076e-01,9.057472459971904755e-03,1.169400224462151597e-02,5.129251629114151001e-02,5.072716847062110762e-02,1.782298833131790161e-02,2.499042786657810350e-02,2.033919918176252395e-05,2.033919918176252395e-05
1.555750250816345215e+00,1.525663554668426514e+00,1.555770635604858398e+00,1.525683939456939697e+00,7.547990679740905762e-01,7.253431141376495139e-01,7.280366420745849609e-01,7.341286301612853782e-01,2.381982840597629547e-02,1.055051032453775336e-02,3.941524401307106018e-02,4.756145589053630690e-02,9.679480455815792084e-03,8.079838566482066761e-03,2.032994052569847554e-05,2.032994052569847554e-05
1.453274130821228027e+00,1.545748281478881880e+00,1.453294515609741211e+00,1.545768666267395064e+00,6.933177113533020020e-01,7.300999701023102029e-01,7.008026242256164551e-01,7.407998204231261985e-01,6.291866302490234375e-03,1.031103981658816268e-02,3.951432183384895325e-02,4.785096347332000455e-02,1.334760244935750961e-02,1.668645320460200240e-02,2.032977863564155996e-05,2.032977863564155996e-05
1.531445145606994629e+00,1.563450455665588379e+00,1.531465411186218262e+00,1.563470721244812012e+00,6.981737017631530762e-01,7.392130076885223833e-01,7.083464264869689941e-01,7.469052016735077126e-01,5.254694446921348572e-02,1.097608311101794243e-02,5.881896242499351501e-02,4.940503463149070740e-02,1.355909369885921478e-02,1.695116795599460602e-02,2.032049815170466900e-05,2.032049815170466900e-05
1.596068263053894043e+00,1.568387830257415683e+00,1.596088528633117676e+00,1.568408095836639315e+00,7.612510323524475098e-01,7.407926917076110840e-01,7.641987800598144531e-01,7.488604485988616943e-01,6.738580763339996338e-03,1.002188976854085853e-02,3.790499642491340637e-02,4.740613177418708662e-02,2.597498893737792969e-02,2.130669802427291940e-02,2.031725671258755028e-05,2.031725671258755028e-05
1.591853857040405273e+00,1.577020192146301181e+00,1.591874122619628906e+00,1.577040457725524814e+00,7.287994027137756348e-01,7.421642899513244407e-01,7.782154679298400879e-01,7.573321223258971946e-01,2.057112567126750946e-02,9.672216325998305581e-03,5.556720867753028870e-02,5.291070267558097701e-02,8.700572885572910309e-03,1.494083106517791679e-02,2.031485928455367684e-05,2.031485928455367684e-05
1.451282262802124023e+00,1.544982814788818271e+00,1.451302528381347656e+00,1.545003080368041903e+00,6.976587176322937012e-01,7.361507654190063699e-01,7.033177018165588379e-01,7.437043726444244607e-01,4.464309196919202805e-03,9.774299338459968567e-03,3.991123288869857788e-02,4.813982248306274137e-02,5.930341780185699463e-03,7.213561469689011921e-03,2.030942778219468892e-05,2.030942778219468892e-05
1.389814257621765137e+00,1.524397492408752441e+00,1.389834523200988770e+00,1.524417757987976074e+00,6.743832230567932129e-01,7.256745517253875288e-01,6.772575378417968750e-01,7.340603232383727805e-01,2.732919063419103622e-03,1.040902556851506199e-02,2.927990257740020752e-02,4.866235814988613406e-02,6.160727236419916153e-03,5.591233726590871811e-03,2.030539872066583484e-05,2.030539872066583484e-05
1.468991994857788086e+00,1.538764011859893754e+00,1.469012260437011719e+00,1.538784277439117387e+00,7.012667059898376465e-01,7.324775040149689165e-01,7.041211724281311035e-01,7.391766786575317827e-01,2.864432521164417267e-03,1.009088298305869068e-02,5.199111625552177429e-02,4.815903156995773177e-02,8.748554624617099762e-03,8.859927579760552147e-03,2.030133327934890985e-05,2.030133327934890985e-05
1.438668966293334961e+00,1.525409948825836137e+00,1.438689231872558594e+00,1.525430214405059770e+00,6.959119439125061035e-01,7.261329412460326704e-01,6.993196606636047363e-01,7.345247268676757812e-01,3.701839363202452660e-03,9.462416078895330776e-03,3.303483501076698303e-02,4.879213571548461637e-02,6.700743455439805984e-03,6.497734412550926382e-03,2.028958624578081071e-05,2.028958624578081071e-05
1.462039947509765625e+00,1.539502680301666260e+00,1.462060213088989258e+00,1.539522945880889893e+00,7.100716233253479004e-01,7.304423153400421143e-01,6.890304684638977051e-01,7.365545690059661643e-01,1.025970932096242905e-02,1.031091073527932132e-02,4.194549098610877991e-02,5.044795721769333025e-02,1.073269825428724289e-02,1.174688274040818284e-02,2.028472954407334328e-05,2.028472954407334328e-05
1.504560828208923340e+00,1.569455742835998535e+00,1.504581093788146973e+00,1.569476008415222168e+00,7.134377956390380859e-01,7.408776104450225386e-01,7.167648077011108398e-01,7.546699821949005571e-01,2.742406679317355156e-03,1.067247744649648701e-02,5.459153279662132263e-02,4.947112053632736484e-02,1.702423393726348877e-02,1.376458182930946281e-02,2.027596019615884870e-05,2.027596019615884870e-05
1.450674057006835938e+00,1.540322124958038330e+00,1.450694322586059570e+00,1.540342390537261963e+00,6.887656450271606445e-01,7.320824384689330611e-01,7.013939619064331055e-01,7.384339213371277078e-01,3.088413970544934273e-03,1.066939383745193516e-02,4.903241991996765137e-02,4.922662302851676941e-02,8.393622003495693207e-03,9.909782093018293381e-03,2.027619120781309903e-05,2.027619120781309903e-05
1.420719385147094727e+00,1.533738195896148682e+00,1.420739650726318359e+00,1.533758461475372314e+00,6.775029301643371582e-01,7.312839388847350852e-01,6.818432807922363281e-01,7.391216397285461648e-01,9.628010913729667664e-03,1.030611274763941834e-02,4.750696197152137756e-02,4.975483082234859189e-02,4.238222260028123856e-03,3.271643491461873228e-03,2.027225309575442225e-05,2.027225309575442225e-05
1.530449867248535156e+00,1.531988525390624911e+00,1.530470132827758789e+00,1.532008790969848544e+00,7.325489521026611328e-01,7.302379906177520752e-01,7.337744235992431641e-01,7.378368854522705522e-01,4.721771925687789917e-03,9.608989953994751324e-03,5.326225236058235168e-02,4.884705059230327884e-02,6.142478436231613159e-03,5.457575712352990931e-03,2.025982939812820405e-05,2.025982939812820405e-05
1.426604509353637695e+00,1.530070137977600053e+00,1.426624774932861328e+00,1.530090403556823686e+00,6.541091799736022949e-01,7.286364257335662398e-01,6.695938706398010254e-01,7.373581588268279807e-01,4.883630201220512390e-02,9.117690240964293133e-03,4.653266444802284241e-02,4.586986452341079712e-02,7.532429881393909454e-03,9.087984357029199947e-03,2.026207221206277609e-05,2.026207221206277609e-05
1.369041323661804199e+00,1.555343711376190097e+00,1.369061589241027832e+00,1.555363976955413730e+00,6.551737189292907715e-01,7.390936613082885742e-01,6.602470278739929199e-01,7.470726847648621050e-01,5.760791245847940445e-03,9.867970179766417244e-03,3.825690969824790955e-02,4.761309437453746518e-02,9.602881968021392822e-03,1.169631239026784966e-02,2.024815148615743965e-05,2.024815148615743965e-05
1.478183507919311523e+00,1.565268242359161288e+00,1.478203773498535156e+00,1.565288507938384921e+00,7.062746882438659668e-01,7.435810446739197221e-01,7.156777977943420410e-01,7.485567629337310791e-01,1.082450244575738907e-02,1.111380942165851593e-02,3.260457888245582581e-02,4.844141490757465640e-02,1.280190981924533844e-02,1.357522122561931679e-02,2.023500928771682084e-05,2.023500928771682084e-05
1.519889354705810547e+00,1.552508473396301270e+00,1.519909620285034180e+00,1.552528738975524902e+00,7.264121770858764648e-01,7.376652598381042703e-01,7.293284535408020020e-01,7.413344144821166770e-01,5.318521056324243546e-03,1.010742131620645523e-02,4.659510031342506409e-02,4.556666836142540117e-02,1.223503798246383667e-02,1.783471349626779626e-02,2.023023262154310942e-05,2.023023262154310942e-05
1.470468759536743164e+00,1.530897212028503374e+00,1.470489025115966797e+00,1.530917477607727006e+00,6.991441249847412109e-01,7.286394238471984863e-01,7.056033611297607422e-01,7.348520040512085405e-01,8.307108655571937561e-03,1.022346233949065174e-02,4.571542888879776001e-02,5.006825327873230119e-02,1.169869117438793182e-02,7.114052446559071888e-03,2.022875196416862309e-05,2.022875196416862309e-05
1.460044145584106445e+00,1.545054674148559570e+00,1.460064411163330078e+00,1.545074939727783203e+00,6.989864110946655273e-01,7.344735324382781760e-01,6.967215538024902344e-01,7.409955203533172829e-01,3.260657424107193947e-03,1.124964738264679943e-02,5.317803844809532166e-02,4.716346785426139832e-02,7.897452451288700104e-03,1.117252251133322646e-02,2.022502485488075763e-05,2.022502485488075763e-05
1.551084280014038086e+00,1.566282057762145907e+00,1.551104545593261719e+00,1.566302323341369540e+00,7.256991267204284668e-01,7.413269460201263872e-01,7.293023467063903809e-01,7.553851723670959029e-01,4.089370742440223694e-02,1.163251437246799400e-02,4.163150861859321594e-02,4.843358285725116869e-02,1.355762593448162079e-02,9.503825753927230141e-03,2.022149055846966803e-05,2.022149055846966803e-05
1.555319428443908691e+00,1.533488845825195401e+00,1.555339694023132324e+00,1.533509111404419034e+00,7.373731732368469238e-01,7.273940801620483176e-01,7.505784630775451660e-01,7.390040636062622514e-01,5.960348527878522873e-03,1.124771963804960251e-02,5.543763935565948486e-02,4.779054820537567000e-02,5.969722289592027664e-03,8.052463270723819386e-03,2.021720683842431754e-05,2.021720683842431754e-05
1.686743617057800293e+00,1.604843723773956343e+00,1.686763882637023926e+00,1.604863989353179976e+00,8.074609637260437012e-01,7.598651468753814253e-01,8.148699998855590820e-01,7.749515354633331743e-01,6.111874245107173920e-03,1.121737631037831272e-02,5.109309032559394836e-02,4.824104197323322157e-02,7.207710295915603638e-03,1.056861439719796250e-02,2.020705142058432102e-05,2.020705142058432102e-05
1.541669964790344238e+00,1.540875530242920011e+00,1.541690111160278320e+00,1.540895676612854093e+00,7.392361164093017578e-01,7.309134125709533247e-01,7.351901531219482422e-01,7.363506197929382546e-01,4.865528084337711334e-03,1.072204560041427682e-02,4.373612999916076660e-02,4.949162900447845459e-02,1.864208094775676727e-02,1.339783240109682083e-02,2.020370811806060374e-05,2.020370811806060374e-05
1.426204681396484375e+00,1.582925689220428422e+00,1.426224827766418457e+00,1.582945835590362504e+00,6.763151288032531738e-01,7.430999696254729781e-01,6.875762939453125000e-01,7.554993689060210960e-01,3.059162525460124016e-03,1.076605441048741375e-02,4.479577392339706421e-02,4.959174133837222775e-02,1.445838622748851776e-02,2.396857868880033354e-02,2.020485226239543408e-05,2.020485226239543408e-05
1.520182371139526367e+00,1.587781989574432284e+00,1.520202517509460449e+00,1.587802135944366366e+00,7.299050688743591309e-01,7.534223854541778342e-01,7.158386111259460449e-01,7.595029592514037642e-01,8.253184147179126740e-03,1.116214860230684350e-02,5.309889465570449829e-02,4.854043349623680254e-02,1.308659370988607407e-02,1.515404665842652251e-02,2.020185092987958342e-05,2.020185092987958342e-05
1.484569430351257324e+00,1.526612198352813810e+00,1.484589576721191406e+00,1.526632344722747892e+00,7.233316302299499512e-01,7.248466730117797407e-01,7.018337249755859375e-01,7.333445549011230469e-01,6.302310619503259659e-03,1.179900038987398078e-02,4.206932336091995239e-02,4.859761931002139906e-02,1.103230565786361694e-02,8.024400519207119248e-03,2.020346073550172150e-05,2.020346073550172150e-05
1.566316366195678711e+00,1.533846640586852939e+00,1.566336512565612793e+00,1.533866786956787021e+00,7.332533001899719238e-01,7.281356573104857954e-01,7.492015957832336426e-01,7.342326283454895242e-01,1.010116096585988998e-02,1.263387501239776611e-02,6.325829029083251953e-02,4.687324427068233212e-02,1.050202362239360809e-02,1.197122968733310699e-02,2.020314241235610098e-05,2.020314241235610098e-05
1.536002635955810547e+00,1.522654271125793546e+00,1.536022782325744629e+00,1.522674417495727628e+00,7.553987503051757812e-01,7.254080414772033913e-01,7.049974799156188965e-01,7.297556459903716819e-01,2.762306667864322662e-02,1.247997460886835983e-02,4.063169658184051514e-02,4.706182815134525577e-02,7.351642940193414688e-03,7.948815869167447784e-03,2.019899875449482352e-05,2.019899875449482352e-05
1.452893376350402832e+00,1.543858969211578280e+00,1.452913522720336914e+00,1.543879115581512362e+00,6.906490921974182129e-01,7.316492080688477007e-01,6.993981003761291504e-01,7.445391893386841264e-01,5.185891408473253250e-03,1.167106702923774789e-02,5.022320151329040527e-02,4.631630629301071445e-02,7.437058724462985992e-03,9.683201927691698421e-03,2.019855674006976187e-05,2.019855674006976187e-05
1.879512071609497070e+00,1.532938134670257524e+00,1.879532217979431152e+00,1.532958281040191606e+00,8.765695691108703613e-01,7.308175384998321089e-01,9.144289493560791016e-01,7.353991568088531494e-01,2.198057435452938080e-02,1.011641146615147556e-02,5.990048497915267944e-02,4.482151344418525835e-02,6.632518954575061798e-03,1.178350495174527134e-02,2.019143357756547630e-05,2.019143357756547630e-05
1.424890756607055664e+00,1.521611332893371582e+00,1.424910902976989746e+00,1.521631479263305664e+00,6.766022443771362305e-01,7.267366826534271684e-01,6.862779259681701660e-01,7.320212841033935103e-01,7.851818576455116272e-03,1.022202624008059467e-02,4.879317432641983032e-02,4.494481347501277924e-02,5.365471821278333664e-03,7.686520693823695183e-03,2.018885788857005537e-05,2.018885788857005537e-05
1.515435099601745605e+00,1.516896641254425138e+00,1.515455245971679688e+00,1.516916787624359220e+00,7.310777306556701660e-01,7.240057945251464622e-01,7.168601751327514648e-01,7.297509610652923584e-01,7.222082465887069702e-03,1.023799460381269455e-02,5.426111444830894470e-02,4.502801410853862762e-02,6.013987120240926743e-03,7.873881561681627533e-03,2.018859231611713767e-05,2.018859231611713767e-05
1.486633539199829102e+00,1.516115820407867520e+00,1.486653685569763184e+00,1.516135966777801602e+00,7.274988293647766113e-01,7.251785039901733620e-01,7.131513953208923340e-01,7.312566459178924116e-01,4.399600438773632050e-03,9.639202710241078983e-03,3.697481006383895874e-02,4.436492621898650845e-02,4.608849529176950455e-03,5.676562665030360222e-03,2.018951272475533187e-05,2.018951272475533187e-05
1.491970658302307129e+00,1.524074995517730624e+00,1.491990804672241211e+00,1.524095141887664706e+00,7.166507840156555176e-01,7.261395335197449175e-01,7.209977507591247559e-01,7.347814977169037087e-01,6.959010381251573563e-03,1.030266322195529972e-02,3.861121460795402527e-02,4.445702545344829698e-02,8.751962333917617798e-03,8.394239377230406154e-03,2.018367013079114258e-05,2.018367013079114258e-05
1.576179385185241699e+00,1.544181203842163175e+00,1.576199531555175781e+00,1.544201350212097257e+00,7.561558485031127930e-01,7.366619527339934859e-01,7.346006631851196289e-01,7.385721564292907493e-01,3.623450174927711487e-02,1.091362759470939671e-02,3.630388155579566956e-02,4.437045790255069594e-02,1.288445014506578445e-02,1.366300834342837334e-02,2.017799488385207951e-05,2.017799488385207951e-05
1.564949631690979004e+00,1.569339060783386142e+00,1.564969778060913086e+00,1.569359207153320224e+00,7.360652685165405273e-01,7.423608839511871560e-01,7.455073595046997070e-01,7.476695179939270020e-01,6.725182291120290756e-03,1.084789708256721566e-02,5.654934421181678772e-02,4.478124454617500583e-02,2.010250091552734375e-02,2.367954757064581056e-02,2.017291626543737948e-05,2.017291626543737948e-05
1.573050856590270996e+00,1.521192610263824463e+00,1.573071002960205078e+00,1.521212756633758545e+00,7.315997481346130371e-01,7.247753500938415305e-01,7.777121663093566895e-01,7.314642667770385742e-01,1.589386537671089172e-02,1.139650223776698078e-02,3.650171682238578796e-02,4.446684643626212796e-02,1.134334597736597061e-02,9.089627675712108959e-03,2.016705366258975118e-05,2.016705366258975118e-05
1.460488677024841309e+00,1.522357285022735596e+00,1.460508823394775391e+00,1.522377431392669678e+00,6.905816793441772461e-01,7.246384501457214800e-01,7.039520740509033203e-01,7.338714540004730447e-01,4.906641319394111633e-03,1.132527114823460648e-02,5.429027602076530457e-02,4.663486517965793887e-02,6.757982075214385986e-03,5.887277424335479736e-03,2.016577673202846199e-05,2.016577673202846199e-05
1.468116760253906250e+00,1.523885476589202925e+00,1.468136906623840332e+00,1.523905622959137007e+00,7.014610171318054199e-01,7.253516435623168501e-01,7.145103216171264648e-01,7.339818418025970681e-01,9.905661456286907196e-03,1.174018187448382447e-02,3.516085073351860046e-02,4.558402858674526215e-02,7.078827824443578720e-03,7.227759389206766909e-03,2.015264908550307155e-05,2.015264908550307155e-05
1.383114933967590332e+00,1.532779407501220659e+00,1.383135080337524414e+00,1.532799553871154741e+00,6.593660116195678711e-01,7.311457157135009544e-01,6.646061539649963379e-01,7.362576186656951682e-01,4.399487748742103577e-03,1.228853361681103706e-02,4.462179541587829590e-02,4.454187750816344937e-02,1.012130081653594971e-02,8.545684628188610077e-03,2.014403071370907128e-05,2.014403071370907128e-05
1.597197294235229492e+00,1.530571269989013716e+00,1.597217440605163574e+00,1.530591416358947798e+00,7.584154009819030762e-01,7.286137640476226807e-01,7.767132520675659180e-01,7.349380373954772505e-01,1.119142770767211914e-02,1.328708864748478005e-02,4.365186765789985657e-02,4.570661410689354220e-02,7.225477602332830429e-03,8.025769330561160347e-03,2.014205529121682048e-05,2.014205529121682048e-05
1.762995481491088867e+00,1.663994634151458651e+00,1.763015627861022949e+00,1.664014780521392733e+00,8.283526897430419922e-01,7.739474177360534668e-01,8.088198900222778320e-01,7.806585431098937988e-01,1.441831793636083603e-02,1.140764299780130421e-02,3.241265937685966492e-02,4.561429470777511597e-02,7.899185270071029663e-02,5.236676633358001987e-02,2.013501216424629092e-05,2.013501216424629092e-05
1.560147166252136230e+00,1.570950675010681197e+00,1.560167312622070312e+00,1.570970821380615279e+00,7.452699542045593262e-01,7.423033177852630393e-01,7.547557353973388672e-01,7.482429981231689675e-01,7.220232859253883362e-03,1.245561810210347141e-02,3.084461763501167297e-02,5.023189224302768846e-02,2.205660939216613770e-02,1.771682556718588014e-02,2.013083940255455673e-05,2.013083940255455673e-05
1.392171740531921387e+00,1.532147789001464755e+00,1.392191886901855469e+00,1.532167935371398837e+00,6.692361831665039062e-01,7.294031143188476340e-01,6.713182330131530762e-01,7.366651535034179910e-01,2.848766278475522995e-03,1.199463298544287647e-02,4.351435601711273193e-02,4.769165031611919542e-02,5.254156887531280518e-03,6.393247563391923731e-03,2.012222830671817064e-05,2.012222830671817064e-05
1.520839095115661621e+00,1.528710806369781405e+00,1.520859241485595703e+00,1.528730952739715487e+00,7.234503030776977539e-01,7.299167096614838091e-01,7.302783131599426270e-01,7.358876585960387740e-01,5.497087258845567703e-03,1.120690377429127763e-02,5.670294165611267090e-02,4.476855248212814609e-02,4.910404793918132782e-03,6.930949166417121887e-03,2.012433105846866965e-05,2.012433105846866965e-05
1.480682373046875000e+00,1.512827765941619829e+00,1.480702519416809082e+00,1.512847912311553911e+00,6.997613310813903809e-01,7.215006530284882036e-01,7.247884869575500488e-01,7.291523396968841997e-01,5.713180638849735260e-03,1.025656126439571450e-02,4.285742715001106262e-02,4.406197667121887485e-02,7.561919279396533966e-03,7.856254233047366142e-03,2.012401091633364558e-05,2.012401091633364558e-05
1.449867248535156250e+00,1.542156386375427291e+00,1.449887394905090332e+00,1.542176532745361373e+00,6.843523383140563965e-01,7.324131071567535622e-01,6.996442675590515137e-01,7.416868805885314941e-01,1.409348938614130020e-02,1.090582460165023804e-02,3.935176134109497070e-02,4.476589336991310120e-02,1.242541987448930740e-02,1.238468252122402156e-02,2.012200639001093805e-05,2.012200639001093805e-05
1.585170149803161621e+00,1.517964279651641935e+00,1.585190296173095703e+00,1.517984426021576017e+00,7.576011419296264648e-01,7.237245142459869385e-01,7.698740363121032715e-01,7.288584411144256592e-01,1.096760574728250504e-02,1.026616962626576354e-02,4.069126769900321960e-02,4.627445749938487868e-02,6.036140024662017822e-03,8.840755466371775020e-03,2.011594551731832325e-05,2.011594551731832325e-05
1.539496064186096191e+00,1.525878882408142179e+00,1.539516210556030273e+00,1.525899028778076261e+00,7.468931078910827637e-01,7.247263431549072488e-01,7.398878335952758789e-01,7.315357863903045876e-01,5.509285256266593933e-03,1.099877431988716125e-02,3.751752525568008423e-02,4.689782932400703153e-02,9.688428603112697601e-03,1.172016942873597110e-02,2.010390016948804259e-05,2.010390016948804259e-05
1.636325955390930176e+00,1.523891234397888095e+00,1.636346101760864258e+00,1.523911380767822177e+00,7.750585079193115234e-01,7.261065840721130371e-01,8.063352704048156738e-01,7.335289716720581055e-01,1.057756412774324417e-02,1.094460235908627579e-02,3.726292029023170471e-02,4.509759135544300079e-02,7.091709878295660019e-03,8.213459979742765427e-03,2.009734089369885623e-05,2.009734089369885623e-05
1.496855616569519043e+00,1.506089472770690829e+00,1.496875762939453125e+00,1.506109619140624911e+00,7.404309511184692383e-01,7.190752267837524636e-01,7.112538814544677734e-01,7.248631358146667703e-01,9.924816899001598358e-03,1.121625006198883126e-02,2.760633267462253571e-02,4.423994347453117509e-02,7.639675866812467575e-03,6.694945273920893669e-03,2.009629315580241382e-05,2.009629315580241382e-05
1.363583207130432129e+00,1.514575254917144731e+00,1.363603353500366211e+00,1.514595401287078813e+00,6.592254042625427246e-01,7.221506714820862260e-01,6.632968187332153320e-01,7.294086217880249023e-01,2.736996160820126534e-03,1.116963922977447579e-02,2.925837971270084381e-02,4.354387111961841722e-02,9.065606631338596344e-03,8.302480448037385941e-03,2.009829040616750717e-05,2.009829040616750717e-05
1.837605118751525879e+00,1.608879637718200639e+00,1.837625265121459961e+00,1.608899784088134721e+00,8.350962996482849121e-01,7.545074820518493652e-01,8.882821798324584961e-01,7.561674714088439941e-01,1.234265509992837906e-02,1.075144652277231286e-02,6.389883905649185181e-02,4.642874039709567885e-02,3.798518702387809753e-02,4.102447926998138705e-02,2.009040508710313588e-05,2.009040508710313588e-05
1.630956530570983887e+00,1.561677372455597013e+00,1.630976676940917969e+00,1.561697518825531095e+00,7.544371485710144043e-01,7.358362138271331565e-01,7.870970368385314941e-01,7.422116637229919656e-01,1.461743656545877457e-02,1.064303126186132500e-02,5.673669278621673584e-02,4.711286798119544705e-02,1.806816458702087402e-02,2.587357182055711677e-02,2.008997398661449552e-05,2.008997398661449552e-05
1.680264353752136230e+00,1.550112271308898837e+00,1.680284500122070312e+00,1.550132417678832919e+00,7.734559774398803711e-01,7.357639074325561523e-01,8.391581773757934570e-01,7.452757775783538374e-01,1.408517360687255859e-02,1.174781601876020466e-02,4.371290653944015503e-02,4.774993360042571744e-02,9.852189570665359497e-03,9.574816841632128456e-03,2.009332274610642344e-05,2.009332274610642344e-05
1.611656665802001953e+00,1.540474522113800093e+00,1.611676812171936035e+00,1.540494668483734175e+00,7.635014057159423828e-01,7.271204173564911333e-01,7.728103399276733398e-01,7.362373769283294678e-01,5.688541568815708160e-03,1.036507231183350121e-02,5.764686688780784607e-02,4.880809597671031952e-02,1.200955267995595932e-02,1.794356759637594223e-02,2.010088974202517420e-05,2.010088974202517420e-05
1.525073170661926270e+00,1.530217146873474210e+00,1.525093317031860352e+00,1.530237293243408292e+00,7.424005270004272461e-01,7.281152904033660889e-01,7.355602383613586426e-01,7.370798647403716819e-01,5.459424108266830444e-03,1.015018946491181781e-02,3.281720355153083801e-02,4.372438676655292233e-02,8.835720829665660858e-03,1.114740939810872009e-02,2.010338357649743557e-05,2.010338357649743557e-05
1.422421216964721680e+00,1.544577407836914107e+00,1.422441363334655762e+00,1.544597554206848189e+00,6.830070614814758301e-01,7.366661012172699419e-01,6.751393079757690430e-01,7.402688324451446311e-01,4.054396413266658783e-03,9.663231344893575062e-03,4.924447834491729736e-02,4.724524691700935503e-02,1.097584143280982971e-02,1.073399409651756321e-02,2.010812022490426898e-05,2.010812022490426898e-05
1.323482751846313477e+00,1.518162631988525302e+00,1.323502898216247559e+00,1.518182778358459384e+00,6.380044817924499512e-01,7.224366605281830056e-01,6.384891271591186523e-01,7.323730170726776567e-01,2.760212402790784836e-03,1.051449403166770935e-02,3.602185845375061035e-02,4.569524861872196336e-02,8.207152597606182098e-03,7.143207592889666557e-03,2.011214382946491241e-05,2.011214382946491241e-05
1.453894257545471191e+00,1.521681773662567183e+00,1.453914403915405273e+00,1.521701920032501265e+00,6.903578042984008789e-01,7.239860653877258079e-01,6.993772983551025391e-01,7.313163936138152854e-01,7.272229064255952835e-03,9.453498804941774109e-03,4.235278442502021790e-02,4.450544081628322879e-02,1.453410554677248001e-02,1.242040209472179343e-02,2.010798561968840659e-05,2.010798561968840659e-05
1.386583566665649414e+00,1.527010250091552779e+00,1.386603713035583496e+00,1.527030396461486861e+00,6.595873832702636719e-01,7.262232661247253196e-01,6.626308560371398926e-01,7.330243408679961714e-01,4.853466060012578964e-03,1.080170460045337677e-02,4.689541459083557129e-02,4.414748772978782654e-02,1.261646486818790436e-02,1.281343847513198922e-02,2.010738899116404355e-05,2.010738899116404355e-05
1.355417490005493164e+00,1.515489256381988614e+00,1.355437636375427246e+00,1.515509402751922696e+00,6.581150889396667480e-01,7.233969688415526900e-01,6.558567881584167480e-01,7.303079724311828391e-01,1.774989883415400982e-03,9.770734328776597630e-03,3.100388124585151672e-02,4.422350302338599881e-02,8.666773326694965363e-03,7.790062110871076584e-03,2.010385287576355040e-05,2.010385287576355040e-05
1.528066039085388184e+00,1.515143299102783114e+00,1.528086185455322266e+00,1.515163445472717196e+00,7.323280572891235352e-01,7.238004803657531738e-01,7.470740675926208496e-01,7.317427992820739746e-01,5.066879093647003174e-03,9.547672653570770523e-03,3.520809113979339600e-02,4.442427530884742598e-02,8.388976566493511200e-03,5.628114333376288414e-03,2.010261232499033213e-05,2.010261232499033213e-05
1.489823937416076660e+00,1.515099096298217818e+00,1.489844083786010742e+00,1.515119242668151900e+00,7.268411517143249512e-01,7.237949907779693826e-01,7.168177962303161621e-01,7.313761353492737038e-01,7.088811136782169342e-03,9.282001992687582970e-03,3.575489670038223267e-02,4.472005032002925734e-02,3.321303986012935638e-03,5.925914878025651325e-03,2.009732088481541723e-05,2.009732088481541723e-05
1.493723869323730469e+00,1.554464375972747892e+00,1.493744015693664551e+00,1.554484522342681974e+00,7.174085974693298340e-01,7.361061811447143777e-01,6.929255127906799316e-01,7.459523022174835427e-01,1.637979969382286072e-02,8.887368440628051064e-03,5.182904005050659180e-02,4.470801986753940305e-02,1.518082059919834137e-02,1.881051938980817656e-02,2.009374293265864253e-05,2.009374293265864253e-05
1.472655415534973145e+00,1.540722715854644820e+00,1.472675442695617676e+00,1.540742743015289351e+00,7.108511924743652344e-01,7.294850647449493408e-01,6.974861621856689453e-01,7.386087179183959961e-01,5.281294696033000946e-03,9.584862273186445236e-03,4.320104792714118958e-02,4.533864706754684587e-02,1.583560928702354431e-02,1.770543120801448822e-02,2.008553929044865072e-05,2.008553929044865072e-05
1.492178559303283691e+00,1.542734479904174894e+00,1.492198586463928223e+00,1.542754507064819425e+00,7.136136293411254883e-01,7.339355707168578880e-01,7.143524289131164551e-01,7.414087831974029985e-01,5.314001813530921936e-03,1.078401701524853672e-02,5.068001896142959595e-02,4.767225310206413269e-02,8.218372240662574768e-03,8.933814428746699593e-03,2.008359297178685665e-05,2.008359297178685665e-05
1.571579098701477051e+00,1.548845517635345503e+00,1.571599125862121582e+00,1.548865544795990035e+00,7.552301287651062012e-01,7.390995085239410178e-01,7.660099267959594727e-01,7.498381674289703591e-01,5.040566436946392059e-03,1.117671132087707554e-02,4.232505708932876587e-02,4.311972856521606445e-02,2.973517635837197304e-03,5.611355137079954321e-03,2.008044248213991523e-05,2.008044248213991523e-05
1.438083767890930176e+00,1.514163839817047164e+00,1.438103795051574707e+00,1.514183866977691695e+00,6.913108825683593750e-01,7.238711774349212424e-01,6.848777532577514648e-01,7.275779902935027854e-01,4.474262706935405731e-03,1.045301025733351777e-02,5.076490342617034912e-02,4.501229450106621066e-02,6.655942182987928391e-03,7.249335339292883700e-03,2.007362854783423245e-05,2.007362854783423245e-05
1.400704145431518555e+00,1.532462799549102694e+00,1.400724172592163086e+00,1.532482826709747226e+00,6.763907074928283691e-01,7.316572844982147661e-01,6.728807687759399414e-01,7.388766825199126753e-01,4.642926156520843506e-03,9.248908283188939441e-03,3.774238750338554382e-02,4.481097422540188113e-02,9.047312662005424500e-03,7.868947042152286270e-03,2.007089096878189594e-05,2.007089096878189594e-05
1.448033571243286133e+00,1.527606368064880371e+00,1.448053598403930664e+00,1.527626395225524902e+00,6.902937293052673340e-01,7.290827929973602295e-01,6.948348879814147949e-01,7.335907638072967085e-01,4.006516188383102417e-03,8.967799460515379559e-03,4.765839502215385437e-02,4.533503986895084242e-02,1.123996824026107788e-02,1.062999134883284638e-02,2.006979957513976842e-05,2.006979957513976842e-05
1.517410755157470703e+00,1.540362870693206876e+00,1.517430782318115234e+00,1.540382897853851407e+00,7.213845849037170410e-01,7.329554378986358198e-01,7.269301414489746094e-01,7.430179834365844282e-01,3.937696572393178940e-03,9.690922126173973430e-03,5.775642022490501404e-02,4.729822576045990268e-02,7.401938084512948990e-03,7.400368666276335369e-03,2.006345675908960402e-05,2.006345675908960402e-05
1.391376137733459473e+00,1.513721120357513383e+00,1.391396164894104004e+00,1.513741147518157915e+00,6.745155453681945801e-01,7.236205279827118142e-01,6.674949526786804199e-01,7.307952284812927468e-01,5.132170859724283218e-03,1.057441178709268501e-02,3.940615430474281311e-02,4.336294643580913821e-02,4.827261902391910553e-03,5.368000129237771034e-03,2.006701470236293972e-05,2.006701470236293972e-05
1.414100050926208496e+00,1.525265789031982511e+00,1.414120078086853027e+00,1.525285816192627042e+00,6.830074191093444824e-01,7.287081956863403764e-01,6.853321790695190430e-01,7.371590793132781760e-01,2.977060619741678238e-03,9.540332667529582283e-03,3.589374944567680359e-02,4.389058649539947371e-02,6.889746524393558502e-03,5.967602971941233028e-03,2.006928480113856494e-05,2.006928480113856494e-05
1.608393549919128418e+00,1.506723833084106401e+00,1.608413577079772949e+00,1.506743860244750932e+00,7.689285874366760254e-01,7.213964104652405007e-01,7.838846445083618164e-01,7.270486950874328613e-01,9.579845704138278961e-03,1.006990154273807933e-02,4.067744314670562744e-02,4.299003593623638292e-02,5.322956480085849762e-03,5.218741064891218966e-03,2.007078001042827964e-05,2.007078001042827964e-05
1.509436964988708496e+00,1.507295978069305376e+00,1.509456992149353027e+00,1.507316005229949907e+00,7.265729904174804688e-01,7.206798076629639116e-01,7.336257696151733398e-01,7.302968263626098411e-01,6.083070300519466400e-03,9.452709183096884987e-03,3.817688301205635071e-02,4.179339297115802765e-02,4.978310316801071167e-03,5.073222517967224295e-03,2.007529474212788045e-05,2.007529474212788045e-05
1.476241111755371094e+00,1.518087637424468950e+00,1.476261138916015625e+00,1.518107664585113481e+00,7.469929456710815430e-01,7.250311374664306641e-01,6.689875125885009766e-01,7.335293352603912131e-01,2.081756293773651123e-02,9.745741402730346073e-03,2.902551181614398956e-02,4.298148527741432051e-02,1.041761226952075958e-02,6.799938017502426754e-03,2.006869544857181609e-05,2.006869544857181609e-05
1.409193873405456543e+00,1.522943305969238326e+00,1.409213900566101074e+00,1.522963333129882857e+00,6.806029677391052246e-01,7.257978022098541260e-01,6.700240969657897949e-01,7.347457528114318404e-01,4.558762069791555405e-03,1.106932815164327587e-02,4.527963697910308838e-02,4.191138967871665955e-02,8.728421293199062347e-03,9.419048577547073711e-03,2.006184877245686948e-05,2.006184877245686948e-05
1.561877727508544922e+00,1.614716637134552046e+00,1.561897754669189453e+00,1.614736664295196578e+00,7.374614477157592773e-01,7.517607808113098145e-01,7.466305494308471680e-01,7.670186877250670943e-01,4.093534778803586960e-03,1.078268368728458812e-02,4.199589416384696960e-02,4.444551430642604967e-02,3.169632330536842346e-02,4.070898182690143446e-02,2.005855458264704794e-05,2.005855458264704794e-05
1.547709703445434570e+00,1.558764088153839156e+00,1.547729730606079102e+00,1.558784115314483687e+00,7.320551276206970215e-01,7.359829425811768022e-01,7.445671558380126953e-01,7.524046719074248823e-01,7.874562405049800873e-03,1.062275748699903488e-02,4.940985143184661865e-02,4.586961492896080017e-02,1.380293071269989014e-02,1.388411773368716275e-02,2.006405520660337061e-05,2.006405520660337061e-05
1.518533349037170410e+00,1.533547019958496183e+00,1.518553376197814941e+00,1.533567047119140714e+00,7.096406817436218262e-01,7.244794130325317161e-01,7.314565777778625488e-01,7.364258825778960960e-01,1.363954134285449982e-02,1.074960436671972344e-02,4.801611974835395813e-02,4.687983319163322588e-02,1.578042469918727875e-02,1.501228539273142745e-02,2.006458453251980245e-05,2.006458453251980245e-05
1.506775856018066406e+00,1.657121694087982267e+00,1.506795883178710938e+00,1.657141721248626798e+00,7.195237278938293457e-01,7.689716339111327681e-01,7.206275463104248047e-01,7.860464513301849143e-01,3.580799326300621033e-03,1.044426942244172131e-02,3.571268916130065918e-02,4.968961663544178148e-02,2.733113244175910950e-02,4.196970462799072543e-02,2.007538569159805775e-05,2.007538569159805775e-05
1.556391358375549316e+00,1.547449541091918901e+00,1.556411385536193848e+00,1.547469568252563432e+00,7.350906133651733398e-01,7.284232795238494429e-01,7.428184747695922852e-01,7.459639191627502885e-01,8.591236546635627747e-03,1.086427997797727654e-02,5.381028726696968079e-02,4.730555266141891341e-02,1.608071662485599518e-02,1.489245975390076672e-02,2.007841976592317224e-05,2.007841976592317224e-05
1.581243753433227539e+00,1.533229398727417037e+00,1.581263780593872070e+00,1.533249425888061568e+00,7.545958757400512695e-01,7.218580782413482888e-01,7.590315937995910645e-01,7.420058965682982954e-01,1.376387104392051697e-02,1.172040505334734882e-02,4.185566306114196777e-02,4.640061631798744063e-02,1.199668087065219879e-02,1.124446373432874680e-02,2.007823786698281765e-05,2.007823786698281765e-05
1.458680272102355957e+00,1.538349413871765048e+00,1.458700299263000488e+00,1.538369441032409579e+00,6.815649271011352539e-01,7.305510818958282915e-01,7.001056075096130371e-01,7.406969845294952837e-01,1.828608661890029907e-02,9.417026489973067543e-03,4.390550777316093445e-02,4.610916525125503818e-02,1.481821853667497635e-02,1.157515905797481572e-02,2.006802424148190767e-05,2.006802424148190767e-05
1.573471307754516602e+00,1.515060579776764005e+00,1.573491334915161133e+00,1.515080606937408536e+00,7.470158338546752930e-01,7.210364282131195290e-01,7.527727484703063965e-01,7.323239207267761008e-01,8.523440919816493988e-03,9.983365517109632145e-03,6.120479851961135864e-02,4.740077741444111148e-02,3.954477608203887939e-03,4.316081153228878628e-03,2.005465830734465271e-05,2.005465830734465271e-05
1.410139322280883789e+00,1.518968212604522749e+00,1.410159349441528320e+00,1.518988239765167281e+00,6.781913638114929199e-01,7.240670621395111084e-01,6.757587194442749023e-01,7.328674435615539773e-01,4.444173537194728851e-03,1.024675364606082370e-02,4.546964913606643677e-02,4.478278793394565443e-02,6.275529973208904266e-03,7.004191633313894272e-03,2.005490387091413140e-05,2.005490387091413140e-05
1.651598572731018066e+00,1.562703788280487061e+00,1.651618599891662598e+00,1.562723815441131592e+00,7.828636765480041504e-01,7.226622641086578591e-01,7.742674946784973145e-01,7.553355634212494119e-01,2.216856926679611206e-02,1.134777599945664336e-02,5.523508787155151367e-02,4.789387173950672427e-02,1.706371083855628967e-02,2.546431366354227205e-02,2.005250280490145087e-05,2.005250280490145087e-05
1.462839961051940918e+00,1.526876187324524015e+00,1.462859988212585449e+00,1.526896214485168546e+00,7.046802639961242676e-01,7.278356671333312544e-01,7.031877636909484863e-01,7.348124086856842041e-01,3.499699058011174202e-03,1.033240230754017830e-02,4.321952909231185913e-02,4.476512111723422727e-02,8.252624422311782837e-03,9.130546450614928852e-03,2.004979614866897464e-05,2.004979614866897464e-05
1.394789099693298340e+00,1.512316954135894731e+00,1.394809126853942871e+00,1.512336981296539262e+00,6.736512184143066406e-01,7.194787800312042458e-01,6.671653985977172852e-01,7.280330359935760498e-01,4.178440198302268982e-03,1.021852223202586105e-02,4.259666800498962402e-02,4.778565838932991028e-02,7.197401486337184906e-03,6.800959818065166473e-03,2.003911504289135337e-05,2.003911504289135337e-05
1.430863261222839355e+00,1.518145954608917325e+00,1.430883288383483887e+00,1.518165981769561856e+00,6.801297664642333984e-01,7.223387658596038818e-01,6.887452602386474609e-01,7.316248118877410889e-01,8.008753880858421326e-03,1.051735091023147176e-02,4.659871011972427368e-02,4.684375151991844455e-02,7.380868773907423019e-03,6.821296457201242273e-03,2.003793269977904856e-05,2.003793269977904856e-05
1.276649355888366699e+00,1.536803376674652055e+00,1.276669383049011230e+00,1.536823403835296586e+00,6.094614863395690918e-01,7.298108518123627153e-01,6.168656349182128906e-01,7.424961209297180620e-01,2.354714786633849144e-03,1.046444261446595123e-02,3.956635296344757080e-02,4.765777774155140201e-02,8.401036262512207031e-03,6.374192610383033926e-03,2.002200199058279395e-05,2.002200199058279395e-05
1.433129072189331055e+00,1.515519630908966020e+00,1.433149099349975586e+00,1.515539658069610551e+00,6.854991316795349121e-01,7.221207678318023460e-01,6.845507621765136719e-01,7.297142744064331055e-01,4.746139980852603912e-03,1.069215042516589130e-02,5.289611220359802246e-02,4.697355702519416532e-02,5.436733830720186234e-03,6.018857797607779156e-03,2.001902430492918938e-05,2.001902430492918938e-05
1.605763077735900879e+00,1.517908334732055664e+00,1.605783104896545410e+00,1.517928361892700195e+00,7.584143877029418945e-01,7.212738037109375222e-01,7.676593065261840820e-01,7.297663509845733198e-01,1.032398641109466553e-02,1.131018353626131977e-02,6.188972294330596924e-02,4.581877924501896043e-02,7.475602906197309494e-03,9.739220608025789261e-03,2.001165375986602157e-05,2.001165375986602157e-05
1.443910598754882812e+00,1.567935180664062456e+00,1.443930625915527344e+00,1.567955207824706987e+00,6.881678104400634766e-01,7.419443070888519509e-01,7.029602527618408203e-01,7.603419482707977073e-01,2.785128774121403694e-03,1.045370232313871418e-02,4.199507832527160645e-02,4.851275719702243666e-02,8.002442307770252228e-03,6.682529859244823282e-03,2.000398308155126870e-05,2.000398308155126870e-05
1.462954401969909668e+00,1.557406759262085050e+00,1.462974429130554199e+00,1.557426786422729581e+00,6.994481682777404785e-01,7.372194230556488037e-01,6.996317505836486816e-01,7.499441325664519820e-01,4.522898700088262558e-03,1.098271943628787925e-02,5.216416344046592712e-02,4.833756424486636977e-02,7.187313865870237350e-03,1.092289397493004764e-02,2.000180757022462785e-05,2.000180757022462785e-05
1.548112988471984863e+00,1.576740634441375688e+00,1.548133015632629395e+00,1.576760661602020219e+00,7.497934699058532715e-01,7.554196417331695557e-01,7.425816059112548828e-01,7.594488620758056419e-01,4.079133737832307816e-03,1.069865948520600830e-02,4.379708692431449890e-02,4.463477395474910875e-02,7.861650548875331879e-03,6.538694910705089743e-03,1.999554115172941238e-05,1.999554115172941238e-05
1.410212516784667969e+00,1.510555064678192227e+00,1.410232543945312500e+00,1.510575091838836759e+00,6.701960563659667969e-01,7.175285398960113969e-01,6.799172163009643555e-01,7.247336924076079878e-01,5.527895409613847733e-03,1.037573916837573017e-02,4.264869540929794312e-02,4.840698949992656985e-02,1.192268915474414825e-02,9.510099142789840004e-03,1.999234882532618940e-05,1.999234882532618940e-05
1.608536839485168457e+00,1.537109172344207852e+00,1.608556866645812988e+00,1.537129199504852384e+00,7.888919115066528320e-01,7.281679630279540572e-01,7.504575252532958984e-01,7.379461288452148215e-01,6.733166985213756561e-03,1.111686872318387066e-02,4.172148555517196655e-02,4.640364311635494093e-02,2.073278650641441345e-02,1.347456444054842030e-02,1.998557854676619172e-05,1.998557854676619172e-05
1.356051445007324219e+00,1.523862218856811612e+00,1.356071472167968750e+00,1.523882246017456144e+00,6.482810378074645996e-01,7.205802023410796675e-01,6.500800251960754395e-01,7.360910832881927268e-01,5.050742998719215393e-03,1.122229369357228244e-02,4.645733162760734558e-02,4.816031120717525343e-02,6.182266399264335632e-03,7.808341272175311695e-03,1.998467814701143652e-05,1.998467814701143652e-05
1.552579283714294434e+00,1.538673818111419678e+00,1.552599310874938965e+00,1.538693845272064209e+00,7.359804511070251465e-01,7.372278153896332231e-01,7.383842468261718750e-01,7.390131175518035445e-01,1.037736516445875168e-02,9.947038581594824444e-03,5.819253250956535339e-02,4.571006782352924486e-02,9.644610807299613953e-03,6.775803165510296822e-03,1.998593506868928671e-05,1.998593506868928671e-05
1.671848893165588379e+00,1.536404490470886230e+00,1.671868920326232910e+00,1.536424517631530762e+00,8.129360079765319824e-01,7.278071939945220947e-01,7.877333760261535645e-01,7.379034936428070512e-01,8.582367561757564545e-03,1.047915634699165752e-02,4.598572105169296265e-02,4.550452195107936720e-02,1.661150529980659485e-02,1.471013687551021507e-02,1.998699917749036103e-05,1.998699917749036103e-05
1.589389681816101074e+00,1.525113642215728760e+00,1.589409708976745605e+00,1.525133669376373291e+00,7.908883094787597656e-01,7.243483424186706321e-01,7.213116288185119629e-01,7.346925497055053489e-01,1.430770102888345718e-02,1.056088586337864364e-02,5.630295351147651672e-02,4.573804475367069383e-02,6.579140201210975647e-03,9.773802570998668324e-03,1.998436709982343018e-05,1.998436709982343018e-05
1.555615425109863281e+00,1.538882946968078702e+00,1.555635452270507812e+00,1.538902974128723233e+00,7.650741934776306152e-01,7.279634952545166460e-01,7.232319712638854980e-01,7.370954036712646928e-01,1.068609952926635742e-02,1.077049016021192074e-02,4.848357662558555603e-02,4.914123043417930464e-02,8.139609359204769135e-03,1.391234192997217213e-02,1.998688276216853410e-05,1.998688276216853410e-05
1.851007699966430664e+00,1.581208789348602206e+00,1.851027727127075195e+00,1.581228816509246737e+00,8.278169035911560059e-01,7.503777265548705611e-01,9.394689798355102539e-01,7.604420900344848189e-01,2.004651911556720734e-02,1.113876421004533768e-02,5.035514011979103088e-02,4.506723396480083466e-02,1.332016475498676300e-02,1.418297681957483326e-02,1.998445077333599329e-05,1.998445077333599329e-05
1.596552252769470215e+00,1.522394180297851562e+00,1.596572279930114746e+00,1.522414207458496094e+00,7.453681826591491699e-01,7.248512804508209229e-01,7.847469449043273926e-01,7.343673646450042947e-01,1.546301133930683136e-02,1.184556456282734836e-02,4.518714174628257751e-02,4.568289779126644135e-02,5.787014495581388474e-03,5.647071637213230133e-03,1.997642539208754897e-05,1.997642539208754897e-05
1.463483572006225586e+00,1.532188904285430864e+00,1.463503599166870117e+00,1.532208931446075395e+00,7.025371789932250977e-01,7.319588541984558550e-01,6.892629861831665039e-01,7.360835433006286399e-01,6.469331681728363037e-03,1.023910297080874408e-02,5.583244189620018005e-02,4.601462148129940172e-02,9.381681680679321289e-03,7.892780285328627327e-03,1.997141953324899077e-05,1.997141953324899077e-05
1.586050510406494141e+00,1.518778395652770952e+00,1.586070537567138672e+00,1.518798422813415483e+00,7.540761232376098633e-01,7.242283463478088601e-01,7.619331479072570801e-01,7.318917393684387651e-01,4.913137294352054596e-03,1.078695217147469451e-02,5.916367471218109131e-02,4.451655559241771837e-02,5.964416544884443283e-03,7.354794349521398371e-03,1.997202707570977509e-05,1.997202707570977509e-05
1.502156376838684082e+00,1.516631925106048495e+00,1.502176403999328613e+00,1.516651952266693026e+00,7.158381342887878418e-01,7.213730514049530029e-01,7.262457013130187988e-01,7.308367133140564187e-01,6.947568617761135101e-03,1.032737498171627452e-02,4.272288456559181213e-02,4.545078016817569871e-02,1.040204614400863647e-02,8.643981348723173835e-03,1.997752588067669421e-05,1.997752588067669421e-05
1.598399758338928223e+00,1.519715642929077237e+00,1.598419785499572754e+00,1.519735670089721769e+00,7.639893889427185059e-01,7.235782682895660622e-01,7.677823901176452637e-01,7.316146731376648171e-01,4.165824968367815018e-03,1.061937967315316166e-02,5.631570890545845032e-02,4.616954736411571503e-02,6.146586965769529343e-03,7.733721053227782249e-03,1.997510298679117113e-05,1.997510298679117113e-05
1.416257977485656738e+00,1.506173348426818936e+00,1.416278004646301270e+00,1.506193375587463468e+00,6.808577775955200195e-01,7.188386857509613259e-01,6.778444051742553711e-01,7.251970291137694868e-01,4.053910262882709503e-03,1.068494338542222942e-02,4.738726839423179626e-02,4.540869705379009524e-02,6.114590913057327271e-03,6.043997779488563711e-03,1.997504841710906476e-05,1.997504841710906476e-05
1.535076856613159180e+00,1.520178806781768754e+00,1.535096883773803711e+00,1.520198833942413286e+00,7.334615588188171387e-01,7.226584494113922341e-01,7.442693114280700684e-01,7.348119437694549116e-01,3.996125888079404831e-03,1.002013832330703701e-02,4.604348167777061462e-02,4.617813006043434282e-02,7.306354120373725891e-03,6.510161561891436577e-03,1.997459366975817829e-05,1.997459366975817829e-05
1.440177440643310547e+00,1.513031828403472945e+00,1.440197348594665527e+00,1.513051736354827925e+00,6.793935894966125488e-01,7.200759708881377952e-01,6.929342150688171387e-01,7.320667266845702903e-01,1.858777925372123718e-02,1.019336003810167313e-02,4.386266693472862244e-02,4.566106349229812761e-02,5.399076733738183975e-03,5.034721922129392624e-03,1.996313585550524294e-05,1.996313585550524294e-05
1.632835984230041504e+00,1.514514505863189697e+00,1.632855892181396484e+00,1.514534413814544678e+00,7.838668823242187500e-01,7.188274204730987771e-01,7.739883661270141602e-01,7.245998501777648482e-01,1.036316342651844025e-02,1.080433847382664646e-02,5.616084858775138855e-02,4.456206336617470065e-02,8.456699550151824951e-03,1.572081828489899774e-02,1.995395905396435410e-05,1.995395905396435410e-05
1.482762336730957031e+00,1.493713390827178911e+00,1.482782244682312012e+00,1.493733298778533891e+00,7.039949297904968262e-01,7.132908880710602251e-01,7.125781178474426270e-01,7.207154154777526411e-01,6.180907133966684341e-03,1.150885690003633499e-02,5.598521605134010315e-02,4.321248084306716919e-02,4.023194778710603714e-03,4.985711723566055471e-03,1.995521415665280074e-05,1.995521415665280074e-05
1.391025662422180176e+00,1.508663928508758634e+00,1.391045570373535156e+00,1.508683836460113614e+00,6.682246923446655273e-01,7.206520855426787886e-01,6.741047501564025879e-01,7.288453042507171409e-01,3.523726947605609894e-03,1.198686920106411050e-02,4.153543338179588318e-02,4.151975400745868544e-02,3.637044690549373627e-03,5.659941304475069219e-03,1.995716775127220899e-05,1.995716775127220899e-05
1.440031409263610840e+00,1.507934236526489169e+00,1.440051317214965820e+00,1.507954144477844149e+00,6.951428651809692383e-01,7.195846736431121826e-01,6.955593824386596680e-01,7.274785161018371138e-01,3.645393764600157738e-03,1.222679065540432930e-02,4.182341694831848145e-02,4.259990304708480974e-02,3.860336495563387871e-03,6.044338131323457111e-03,1.995708953472785652e-05,1.995708953472785652e-05
1.431291341781616211e+00,1.505055427551269531e+00,1.431311249732971191e+00,1.505075335502624512e+00,6.811026930809020996e-01,7.155456781387329324e-01,6.907804608345031738e-01,7.234176218509673628e-01,5.810007918626070023e-03,1.229207227006554569e-02,3.932258114218711853e-02,4.473904557526111464e-02,1.427556760609149933e-02,9.061016794294118187e-03,1.995607817661948502e-05,1.995607817661948502e-05
1.512008547782897949e+00,1.538488221168518022e+00,1.512028455734252930e+00,1.538508129119873002e+00,7.135034203529357910e-01,7.294393241405486839e-01,7.177404761314392090e-01,7.404949426651000755e-01,2.024865336716175079e-02,1.272752396762371133e-02,4.683900251984596252e-02,4.260030239820480208e-02,1.367703359574079514e-02,1.322613991796970333e-02,1.995738057303242385e-05,1.995738057303242385e-05
1.572606444358825684e+00,1.510759997367858931e+00,1.572626352310180664e+00,1.510779905319213912e+00,7.619428634643554688e-01,7.202557086944579856e-01,7.599170207977294922e-01,7.295115232467651589e-01,3.378401510417461395e-03,1.143828202039003442e-02,4.162507504224777222e-02,4.365563020110130310e-02,5.743162240833044052e-03,5.898802727460861380e-03,1.995321872527711093e-05,1.995321872527711093e-05
1.618971586227416992e+00,1.561761474609375089e+00,1.618991494178771973e+00,1.561781382560730069e+00,7.919247150421142578e-01,7.450168788433074729e-01,7.800227403640747070e-01,7.553649485111236794e-01,5.458636209368705750e-03,1.211250629276037181e-02,3.461364284157752991e-02,4.280267767608166019e-02,6.951916497200727463e-03,6.464487779885530819e-03,1.995160891965497285e-05,1.995160891965497285e-05
1.541495203971862793e+00,1.513472819328308017e+00,1.541515111923217773e+00,1.513492727279662997e+00,7.316865324974060059e-01,7.215311110019684282e-01,7.501624226570129395e-01,7.290441274642944780e-01,8.014729246497154236e-03,1.101085869595408440e-02,4.363213479518890381e-02,4.367885477840900699e-02,7.999416440725326538e-03,8.207820495590567936e-03,1.995441925828345120e-05,1.995441925828345120e-05
1.557571649551391602e+00,1.538078248500823975e+00,1.557591557502746582e+00,1.538098156452178955e+00,7.384056448936462402e-01,7.331406533718108909e-01,7.582113146781921387e-01,7.390788912773131880e-01,6.646554451435804367e-03,1.139196292497217725e-02,4.752823337912559509e-02,4.494143910706042966e-02,6.779885850846767426e-03,9.525317698717117310e-03,1.995617276406846941e-05,1.995617276406846941e-05
1.528568387031555176e+00,1.508101308345794589e+00,1.528588294982910156e+00,1.508121216297149569e+00,7.395319342613220215e-01,7.198870778083801270e-01,7.294147610664367676e-01,7.270559787750243697e-01,4.417220130562782288e-03,1.187959243543446064e-02,4.553082585334777832e-02,4.330664984881878177e-02,9.673662483692169189e-03,5.972014833241700779e-03,1.995641105168033391e-05,1.995641105168033391e-05
1.611811280250549316e+00,1.565671896934509366e+00,1.611831188201904297e+00,1.565691804885864347e+00,7.757840752601623535e-01,7.381850481033325195e-01,7.708709239959716797e-01,7.456622481346130149e-01,1.154375169426202774e-02,1.219505937770009110e-02,4.330474883317947388e-02,4.262354411184787750e-02,1.030784100294113159e-02,2.700597830116748671e-02,1.996333230636082590e-05,1.996333230636082590e-05
1.460634827613830566e+00,1.545817601680755660e+00,1.460654735565185547e+00,1.545837509632110640e+00,6.986641883850097656e-01,7.312233030796051469e-01,7.012681365013122559e-01,7.401325106620788574e-01,4.469750914722681046e-03,1.189772044308483670e-02,3.890020772814750671e-02,4.745407663285731992e-02,1.733246445655822754e-02,1.510999258607625961e-02,1.996534228965174407e-05,1.996534228965174407e-05
1.696158409118652344e+00,1.593340480327606112e+00,1.696178317070007324e+00,1.593360388278961093e+00,7.996435165405273438e-01,7.473165810108184370e-01,8.157757520675659180e-01,7.663830935955047163e-01,1.087945699691772461e-02,1.308162063360214164e-02,4.877910390496253967e-02,4.415305219590663632e-02,2.108060196042060852e-02,2.240609917789697716e-02,1.996447281271684915e-05,1.996447281271684915e-05
1.579313278198242188e+00,1.518066000938415483e+00,1.579333186149597168e+00,1.518085908889770463e+00,7.456755042076110840e-01,7.183403968811035156e-01,7.642176747322082520e-01,7.316797256469727007e-01,1.142614800482988358e-02,1.185395237989723613e-02,5.071900784969329834e-02,4.612147323787212094e-02,7.275015581399202347e-03,1.007048338651657035e-02,1.996578794205561280e-05,1.996578794205561280e-05
1.587267518043518066e+00,1.532174611091613681e+00,1.587287425994873047e+00,1.532194519042968661e+00,7.487303018569946289e-01,7.283068299293518066e-01,7.525896430015563965e-01,7.365207672119140625e-01,9.038995020091533661e-03,1.263174507766962051e-02,6.877837330102920532e-02,4.550312645733356476e-02,8.130200207233428955e-03,9.212126582860946308e-03,1.996331593545619398e-05,1.996331593545619398e-05
1.422754406929016113e+00,1.525460743904113681e+00,1.422774314880371094e+00,1.525480651855468661e+00,6.861082911491394043e-01,7.206194281578064409e-01,6.845794916152954102e-01,7.315421581268310991e-01,3.359423251822590828e-03,1.255779424682259594e-02,3.395584598183631897e-02,4.613023735582828799e-02,1.475140824913978577e-02,1.461113868281245162e-02,1.995921047637239099e-05,1.995921047637239099e-05
1.588558435440063477e+00,1.535220444202423096e+00,1.588578343391418457e+00,1.535240352153778076e+00,7.804513573646545410e-01,7.275060892105102983e-01,7.424069046974182129e-01,7.361810863018035667e-01,5.891661625355482101e-03,1.199184362776577542e-02,4.859125241637229919e-02,4.500535987317562381e-02,1.121720112860202789e-02,1.453607836738228867e-02,1.996042556129395962e-05,1.996042556129395962e-05
1.559053778648376465e+00,1.693618690967559903e+00,1.559073686599731445e+00,1.693638598918914884e+00,7.332124710083007812e-01,7.751655757427216020e-01,7.163004875183105469e-01,7.973675012588501421e-01,4.946033004671335220e-03,1.207990958355367218e-02,5.767882615327835083e-02,5.002089850604533872e-02,4.691598936915397644e-02,5.898480899631976943e-02,1.995719139813445508e-05,1.995719139813445508e-05
1.472904562950134277e+00,1.543572056293487593e+00,1.472924470901489258e+00,1.543591964244842574e+00,6.943048834800720215e-01,7.245156109333038552e-01,7.092119455337524414e-01,7.393078744411468728e-01,9.597588330507278442e-03,1.142896199598908424e-02,3.738599270582199097e-02,4.695873931050300459e-02,2.240431495010852814e-02,2.136088777333498140e-02,1.995406091737095267e-05,1.995406091737095267e-05
1.369116663932800293e+00,1.519379448890685991e+00,1.369136571884155273e+00,1.519399356842040971e+00,6.591302752494812012e-01,7.215122163295746294e-01,6.542474627494812012e-01,7.310648560523986816e-01,4.323220346122980118e-03,1.132589215412735904e-02,4.528430849313735962e-02,4.744299314916133881e-02,6.131447851657867432e-03,8.033528225496411324e-03,1.995418460865039378e-05,1.995418460865039378e-05
1.589881896972656250e+00,1.525366067886352539e+00,1.589901804924011230e+00,1.525385975837707520e+00,7.603059411048889160e-01,7.256451964378356490e-01,7.592563033103942871e-01,7.323774337768554910e-01,5.166973453015089035e-03,1.096361940726637771e-02,5.746588110923767090e-02,4.884839206933975359e-02,7.686707191169261932e-03,7.531435880810022528e-03,1.995253478526137769e-05,1.995253478526137769e-05
1.581437230110168457e+00,1.555081105232238858e+00,1.581457138061523438e+00,1.555101013183593839e+00,7.537698745727539062e-01,7.404052078723907249e-01,7.410810589790344238e-01,7.479637920856475608e-01,1.481202803552150726e-02,1.136875851079821587e-02,5.826645344495773315e-02,4.483429044485091886e-02,1.350790821015834808e-02,1.050903853029012611e-02,1.994727790588513017e-05,1.994727790588513017e-05
1.696601748466491699e+00,1.531285762786865234e+00,1.696621656417846680e+00,1.531305670738220215e+00,8.139195442199707031e-01,7.303007006645202415e-01,8.062959909439086914e-01,7.373829364776611772e-01,2.548193186521530151e-02,1.154364673420786927e-02,4.310529306530952454e-02,4.373514987528324266e-02,7.798976730555295944e-03,8.323325682431459774e-03,1.994034755625762045e-05,1.994034755625762045e-05
1.467980504035949707e+00,1.501313972473144576e+00,1.468000411987304688e+00,1.501333880424499556e+00,7.046424746513366699e-01,7.145684957504272461e-01,6.956545114517211914e-01,7.214492559432983398e-01,1.029044575989246368e-02,1.287857731804251636e-02,5.018052458763122559e-02,4.545133896172046800e-02,7.212504278868436813e-03,6.966281542554497372e-03,1.993535624933429062e-05,1.993535624933429062e-05
1.535708546638488770e+00,1.504507172107696578e+00,1.535728454589843750e+00,1.504527080059051558e+00,7.339535951614379883e-01,7.144781410694122092e-01,7.440998554229736328e-01,7.262363970279693826e-01,3.698479151353240013e-03,1.353693399578332832e-02,4.719551280140876770e-02,4.470273852348327637e-02,6.761053577065467834e-03,5.552982492372393435e-03,1.993368277908302844e-05,1.993368277908302844e-05
1.480766177177429199e+00,1.500707936286926225e+00,1.480786085128784180e+00,1.500727844238281206e+00,6.886353492736816406e-01,7.140436053276062456e-01,7.016661167144775391e-01,7.220528423786163330e-01,3.224037587642669678e-02,1.168471267446875503e-02,4.734839498996734619e-02,4.407391212880611142e-02,1.087597571313381195e-02,8.852860983461141239e-03,1.993081605178304017e-05,1.993081605178304017e-05
1.398121237754821777e+00,1.529649364948272749e+00,1.398141145706176758e+00,1.529669272899627730e+00,6.638407111167907715e-01,7.246143758296966775e-01,6.667136549949645996e-01,7.358013808727263960e-01,2.344107488170266151e-03,1.149830101057887008e-02,3.819572553038597107e-02,4.445670805871486386e-02,2.702701278030872345e-02,1.327861715108156170e-02,1.992826219066046178e-05,1.992826219066046178e-05
1.436500668525695801e+00,1.515907371044158847e+00,1.436520576477050781e+00,1.515927278995513827e+00,6.773995757102966309e-01,7.208996117115020752e-01,6.948607563972473145e-01,7.329072952270507812e-01,9.226625785231590271e-03,1.205539200454950298e-02,4.979476332664489746e-02,4.477009400725364546e-02,5.218805745244026184e-03,5.274988990277051752e-03,1.991660974454134703e-05,1.991660974454134703e-05
1.666351795196533203e+00,1.518578088283538907e+00,1.666371703147888184e+00,1.518597996234893888e+00,7.850937247276306152e-01,7.192571938037872759e-01,7.981145381927490234e-01,7.348274171352386919e-01,1.224012114107608795e-02,1.151428977027535439e-02,6.632167100906372070e-02,4.671895429491997043e-02,4.581695422530174255e-03,6.260189879685640509e-03,1.991240424104034901e-05,1.991240424104034901e-05
1.242314100265502930e+00,1.520090329647064253e+00,1.242334008216857910e+00,1.520110237598419234e+00,5.940997600555419922e-01,7.201992094516753706e-01,6.022672653198242188e-01,7.325694680213927779e-01,5.689803045243024826e-03,1.198357986286282574e-02,2.861002460122108459e-02,4.350591711699962338e-02,1.164728403091430664e-02,1.183216124773025547e-02,1.992015859286766499e-05,1.992015859286766499e-05
1.500683665275573730e+00,1.524013090133667037e+00,1.500703573226928711e+00,1.524032998085022017e+00,7.198242545127868652e-01,7.210839390754699707e-01,7.084322571754455566e-01,7.296506404876709206e-01,4.967464134097099304e-03,1.345941256731748512e-02,5.216234922409057617e-02,4.502252973616123477e-02,1.529733464121818542e-02,1.479658801108598744e-02,1.991987846849951893e-05,1.991987846849951893e-05
1.517695307731628418e+00,1.547175145149231046e+00,1.517715215682983398e+00,1.547195053100586026e+00,7.331722974777221680e-01,7.382281720638275146e-01,7.191841006278991699e-01,7.433346867561340110e-01,8.775060996413230896e-03,1.409512320533394883e-02,5.116764083504676819e-02,4.481660202145576477e-02,5.396245047450065613e-03,6.700580241158604622e-03,1.990066448342986405e-05,1.990066448342986405e-05
1.500538468360900879e+00,1.527750635147094638e+00,1.500558376312255859e+00,1.527770543098449618e+00,7.185145616531372070e-01,7.235188245773315208e-01,7.253199815750122070e-01,7.352752625942230447e-01,5.097044631838798523e-03,1.450536148622632096e-02,3.999049216508865356e-02,4.287537336349487443e-02,1.161634083837270737e-02,1.157582309097051655e-02,1.990113742067478597e-05,1.990113742067478597e-05
1.518387794494628906e+00,1.509842777252197177e+00,1.518407702445983887e+00,1.509862685203552157e+00,7.432644367218017578e-01,7.165357351303101030e-01,7.191619277000427246e-01,7.250193834304810014e-01,7.550540845841169357e-03,1.447161128744483063e-02,4.102912172675132751e-02,4.559701494872570038e-02,7.381703704595565796e-03,8.219010196626186371e-03,1.990661803574766964e-05,1.990661803574766964e-05
1.543116092681884766e+00,1.522218072414398105e+00,1.543136000633239746e+00,1.522237980365753085e+00,7.627531886100769043e-01,7.254975616931915727e-01,7.199606299400329590e-01,7.307151496410370095e-01,9.241308085620403290e-03,1.429962096735835041e-02,3.919251263141632080e-02,4.249032065272331099e-02,1.196839381009340286e-02,9.215464256703853954e-03,1.991848512261640280e-05,1.991848512261640280e-05
1.473701000213623047e+00,1.506579840183257968e+00,1.473720908164978027e+00,1.506599748134612948e+00,7.024053931236267090e-01,7.145632505416870117e-01,7.174326181411743164e-01,7.249265730381011519e-01,5.659753922373056412e-03,1.442511733621358941e-02,4.017071798443794250e-02,4.445300921797752658e-02,8.032637648284435272e-03,8.211884973570704113e-03,1.992732359212823212e-05,1.992732359212823212e-05
1.402003288269042969e+00,1.515092134475708008e+00,1.402023196220397949e+00,1.515112042427062988e+00,6.746086478233337402e-01,7.197521865367889626e-01,6.740059852600097656e-01,7.291595816612244096e-01,5.423875991255044937e-03,1.456325268372893333e-02,3.823854774236679077e-02,4.318251125514507155e-02,9.726201184093952179e-03,8.434637542814015995e-03,1.992726538446731865e-05,1.992726538446731865e-05
1.473119616508483887e+00,1.514156055450439409e+00,1.473139524459838867e+00,1.514175963401794389e+00,7.060894966125488281e-01,7.196762323379516380e-01,7.186886072158813477e-01,7.286734282970428467e-01,4.838317632675170898e-03,1.417128322646021843e-02,3.799630329012870789e-02,4.365747533738613406e-02,5.506905727088451385e-03,7.977643283084034920e-03,1.992863690247759223e-05,1.992863690247759223e-05
1.556090116500854492e+00,1.557952427864074618e+00,1.556110024452209473e+00,1.557972335815429599e+00,7.443313598632812500e-01,7.362521409988402876e-01,7.406139373779296875e-01,7.507406532764434592e-01,7.226214278489351273e-03,1.523496648296713760e-02,5.422350764274597168e-02,4.783855751156806946e-02,9.695109911262989044e-03,7.886131154373287808e-03,1.992991201404947788e-05,1.992991201404947788e-05
1.515975832939147949e+00,1.594958364963531494e+00,1.515995740890502930e+00,1.594978272914886475e+00,7.269189357757568359e-01,7.501836240291595015e-01,7.384819984436035156e-01,7.763338863849640337e-01,5.006824154406785965e-03,1.580821089446544578e-02,3.750833868980407715e-02,4.449627995491027554e-02,8.059732615947723389e-03,8.136365981772541306e-03,1.993315709114540368e-05,1.993315709114540368e-05
1.462644577026367188e+00,1.560380315780639737e+00,1.462664484977722168e+00,1.560400223731994718e+00,6.998931765556335449e-01,7.401557147502899614e-01,7.009598016738891602e-01,7.490553259849548340e-01,2.707011532038450241e-03,1.502966433763503959e-02,4.827812686562538147e-02,4.527328796684741696e-02,1.080660056322813034e-02,1.086630010977387463e-02,1.993234764086082578e-05,1.993234764086082578e-05
1.488365888595581055e+00,1.548891377449035600e+00,1.488385796546936035e+00,1.548911285400390581e+00,7.029465436935424805e-01,7.298939645290374312e-01,7.080917358398437500e-01,7.416331529617309348e-01,5.798020400106906891e-03,1.633325992152094910e-02,5.369019880890846252e-02,4.502939507365226468e-02,1.783938333392143250e-02,1.600161753594875336e-02,1.993021396629046649e-05,1.993021396629046649e-05
1.525130510330200195e+00,1.558076882362365634e+00,1.525150418281555176e+00,1.558096790313720614e+00,7.146791219711303711e-01,7.298106014728545921e-01,7.389062643051147461e-01,7.488513112068175825e-01,1.042511686682701111e-02,1.690955664962530067e-02,4.250364750623703003e-02,4.396308623254299025e-02,1.861645095050334930e-02,1.854230593889951567e-02,1.992882243939675391e-05,1.992882243939675391e-05
1.421867251396179199e+00,1.518647050857544034e+00,1.421887159347534180e+00,1.518666958808899015e+00,6.836870908737182617e-01,7.185577750205993652e-01,6.870297193527221680e-01,7.293538153171539307e-01,3.634265623986721039e-03,1.663820967078209062e-02,4.089394584298133850e-02,4.640289694070816318e-02,6.622334476560354233e-03,7.694396097213030208e-03,1.993255500565283000e-05,1.993255500565283000e-05
1.401224970817565918e+00,1.512883090972900302e+00,1.401244878768920898e+00,1.512902998924255282e+00,6.789451837539672852e-01,7.152008593082428423e-01,6.675215363502502441e-01,7.272944390773773415e-01,3.385527059435844421e-03,1.547293271869421005e-02,4.399650171399116516e-02,4.596053101122379164e-02,7.376188877969980240e-03,8.954332862049340508e-03,1.993793921428732574e-05,1.993793921428732574e-05
1.482898473739624023e+00,1.517268908023834184e+00,1.482918381690979004e+00,1.517288815975189165e+00,7.040507197380065918e-01,7.172812759876251443e-01,7.079672813415527344e-01,7.297266721725463867e-01,5.105650983750820160e-03,1.768301101401448250e-02,5.946589633822441101e-02,4.426466859877109528e-02,6.308907177299261093e-03,8.313307631760835301e-03,1.994656850001774728e-05,1.994656850001774728e-05
1.737891077995300293e+00,1.576405954360961870e+00,1.737910985946655273e+00,1.576425862312316850e+00,8.338484168052673340e-01,7.456206202507018599e-01,8.265777826309204102e-01,7.565413296222687212e-01,1.155160367488861084e-02,1.747078988701105187e-02,4.900345578789710999e-02,4.253455549478531161e-02,1.690988242626190186e-02,1.423867940902709926e-02,1.994712874875403941e-05,1.994712874875403941e-05
1.480292081832885742e+00,1.541136825084686190e+00,1.480311989784240723e+00,1.541156733036041171e+00,7.087025642395019531e-01,7.276090979576110840e-01,7.087634205818176270e-01,7.342531561851501909e-01,6.174513138830661774e-03,1.893897159025072913e-02,4.464333504438400269e-02,4.695053175091743608e-02,1.200825069099664688e-02,1.338506881147622993e-02,1.994544072658754885e-05,1.994544072658754885e-05
1.552541971206665039e+00,1.522486925125122070e+00,1.552561879158020020e+00,1.522506833076477051e+00,7.533921599388122559e-01,7.195241510868072288e-01,7.430302500724792480e-01,7.327569782733917014e-01,8.811959996819496155e-03,1.776152327656745772e-02,4.027654603123664856e-02,4.577631726860999922e-02,7.031133398413658142e-03,6.667955173179506909e-03,1.994832564378157258e-05,1.994832564378157258e-05
1.445881962776184082e+00,1.530851781368255615e+00,1.445901870727539062e+00,1.530871689319610596e+00,6.894083023071289062e-01,7.242412924766540305e-01,7.003065347671508789e-01,7.362506210803985152e-01,3.896619193255901337e-03,1.635649958625435760e-02,4.320053383708000183e-02,4.488376788794994077e-02,9.069992229342460632e-03,9.119609557092189095e-03,1.991664066736120731e-05,1.991664066736120731e-05
1.387080907821655273e+00,1.533266997337341397e+00,1.387100815773010254e+00,1.533286905288696378e+00,6.701264381408691406e-01,7.273470520973205344e-01,6.624827384948730469e-01,7.369859814643859863e-01,3.513969946652650833e-03,1.535162189975380898e-02,3.874066472053527832e-02,4.362316392362117906e-02,1.221717149019241333e-02,9.959217719733714710e-03,1.991495810216292739e-05,1.991495810216292739e-05
1.440777540206909180e+00,1.529720497131347612e+00,1.440797448158264160e+00,1.529740405082702592e+00,6.944587826728820801e-01,7.244240939617156982e-01,6.913825273513793945e-01,7.328684210777283159e-01,3.838999196887016296e-03,1.590326232835650305e-02,3.858778998255729675e-02,4.476504139602184573e-02,1.250935532152652740e-02,1.175965694710612297e-02,1.991379758692346513e-05,1.991379758692346513e-05
1.737915158271789551e+00,1.562170326709747314e+00,1.737935066223144531e+00,1.562190234661102295e+00,8.509439826011657715e-01,7.301269173622131348e-01,7.822281718254089355e-01,7.457591772079468218e-01,3.510450199246406555e-02,1.754354899749159882e-02,4.955689981579780579e-02,4.701543860137462338e-02,2.008168585598468781e-02,2.172522284090518813e-02,1.991313001781236380e-05,1.991313001781236380e-05
1.574367642402648926e+00,1.571813309192657382e+00,1.574387550354003906e+00,1.571833217144012362e+00,7.552949786186218262e-01,7.472547054290771262e-01,7.517517209053039551e-01,7.565231919288635254e-01,6.945859175175428391e-03,1.775844963267445703e-02,5.506677553057670593e-02,4.302278682589531084e-02,5.308236926794052124e-03,7.254157355055213321e-03,1.992646866710856557e-05,1.992646866710856557e-05
1.574069499969482422e+00,1.527669942378997892e+00,1.574089407920837402e+00,1.527689850330352872e+00,7.547854185104370117e-01,7.199471354484557883e-01,7.565950155258178711e-01,7.330206334590911865e-01,6.017391104251146317e-03,1.638242946937680175e-02,4.575550183653831482e-02,4.511051587760448595e-02,1.091609522700309753e-02,1.320923659950494836e-02,1.992910620174370706e-05,1.992910620174370706e-05
1.469116091728210449e+00,1.522338271141052246e+00,1.469135999679565430e+00,1.522358179092407227e+00,6.936809420585632324e-01,7.201837360858917014e-01,7.035821676254272461e-01,7.344559788703918235e-01,5.530598573386669159e-03,1.531133791431784665e-02,5.664071813225746155e-02,4.523569047451019010e-02,9.681727737188339233e-03,7.151531055569648743e-03,1.992589568544644862e-05,1.992589568544644862e-05
1.893165588378906250e+00,1.552978599071502597e+00,1.893185496330261230e+00,1.552998507022857577e+00,7.921655178070068359e-01,7.293063998222351074e-01,1.009883880615234375e+00,7.456096887588501421e-01,2.126438729465007782e-02,1.649559969082474778e-02,4.445883631706237793e-02,4.426207840442657193e-02,2.539291977882385254e-02,1.730483919382095476e-02,1.992605939449276775e-05,1.992605939449276775e-05
1.586576938629150391e+00,1.588592684268951505e+00,1.586596846580505371e+00,1.588612592220306485e+00,7.509449720382690430e-01,7.447369873523712602e-01,7.735615372657775879e-01,7.702962577342986616e-01,4.654239397495985031e-03,1.448171986266970704e-02,4.610892012715339661e-02,4.733731374144554277e-02,1.130713708698749542e-02,1.174041330814361642e-02,1.992480429180432111e-05,1.992480429180432111e-05
1.492481231689453125e+00,1.519417190551757724e+00,1.492501139640808105e+00,1.519437098503112704e+00,7.254527807235717773e-01,7.220266401767730935e-01,7.146701216697692871e-01,7.314948201179504172e-01,4.532911814749240875e-03,1.167678423225879634e-02,3.722647950053215027e-02,4.601429030299186707e-02,1.059907302260398865e-02,8.204638678580521843e-03,1.990818964259233326e-05,1.990818964259233326e-05
1.555635571479797363e+00,1.535968339443206876e+00,1.555655479431152344e+00,1.535988247394561856e+00,7.465122342109680176e-01,7.263636589050292969e-01,7.491601705551147461e-01,7.364632725715637429e-01,4.922898486256599426e-03,1.145875547081232071e-02,4.132799431681632996e-02,4.492246992886066159e-02,1.371228601783514023e-02,1.676016859710216522e-02,1.990402233786880970e-05,1.990402233786880970e-05
1.619533777236938477e+00,1.596336448192596347e+00,1.619553685188293457e+00,1.596356356143951327e+00,7.652147412300109863e-01,7.432162046432495561e-01,7.395371198654174805e-01,7.548086524009705034e-01,1.882984675467014313e-02,1.183609515428543126e-02,4.735180363059043884e-02,4.669948443770408769e-02,4.860018566250801086e-02,3.977600932121276578e-02,1.990978307730983943e-05,1.990978307730983943e-05
1.495859622955322266e+00,1.525405514240264937e+00,1.495879530906677246e+00,1.525425422191619917e+00,7.086061835289001465e-01,7.208703756332397461e-01,7.183279991149902344e-01,7.314191162586212158e-01,4.968285560607910156e-03,1.244926741346716846e-02,5.178543180227279663e-02,4.587389081716537753e-02,1.217157486826181412e-02,1.479285722598433495e-02,1.991287354030646384e-05,1.991287354030646384e-05
1.459140896797180176e+00,1.509338462352752597e+00,1.459160804748535156e+00,1.509358370304107577e+00,7.100756764411926270e-01,7.156063795089722124e-01,6.849523782730102539e-01,7.263950228691100630e-01,7.759497035294771194e-03,1.300194393843412399e-02,4.720189422369003296e-02,4.666321948170661787e-02,9.151468984782695770e-03,7.671880302950739861e-03,1.991853059735149145e-05,1.991853059735149145e-05
1.366140365600585938e+00,1.501489341259002686e+00,1.366160273551940918e+00,1.501509249210357666e+00,6.550701856613159180e-01,7.131062150001525879e-01,6.628617048263549805e-01,7.229643642902374712e-01,4.057504236698150635e-03,1.155889173969626427e-02,3.676528111100196838e-02,4.628895893692970553e-02,7.385554257780313492e-03,7.570910826325416218e-03,1.990705277421511710e-05,1.990705277421511710e-05
1.574879407882690430e+00,1.588973939418792725e+00,1.574899315834045410e+00,1.588993847370147705e+00,7.511182427406311035e-01,7.486023902893066406e-01,7.511392831802368164e-01,7.578665912151336670e-01,4.757921211421489716e-03,1.311612529680132935e-02,5.158620700240135193e-02,4.446440748870372772e-02,1.627779193222522736e-02,2.492446154356002877e-02,1.991079079743940383e-05,1.991079079743940383e-05
1.549144625663757324e+00,1.512267291545867920e+00,1.549164533615112305e+00,1.512287199497222900e+00,7.397776842117309570e-01,7.200020134449005571e-01,7.435602545738220215e-01,7.252519071102142556e-01,9.113174863159656525e-03,1.302599338814616238e-02,5.082886293530464172e-02,4.724050126969814301e-02,5.864767823368310928e-03,6.746897613629699100e-03,1.991006138268858194e-05,1.991006138268858194e-05
1.568889260292053223e+00,1.550448334217071622e+00,1.568909168243408203e+00,1.550468242168426602e+00,7.609680891036987305e-01,7.361987829208374023e-01,7.511725425720214844e-01,7.449869692325592485e-01,1.390157174319028854e-02,1.349256904795765807e-02,3.671281784772872925e-02,4.552760683000087877e-02,6.134296767413616180e-03,1.024246076121926308e-02,1.990225246117915958e-05,1.990225246117915958e-05
1.516006827354431152e+00,1.562547385692596436e+00,1.516026735305786133e+00,1.562567293643951416e+00,7.154400348663330078e-01,7.379624009132385032e-01,7.365810275077819824e-01,7.561150610446929488e-01,3.533283947035670280e-03,1.207728339359164307e-02,4.931216314435005188e-02,4.762703999876975736e-02,1.114035211503505707e-02,8.765593729913234364e-03,1.988050826184917241e-05,1.988050826184917241e-05
1.628402948379516602e+00,1.552527678012847856e+00,1.628422856330871582e+00,1.552547585964202836e+00,7.838793992996215820e-01,7.327217340469360796e-01,7.808444499969482422e-01,7.417269349098205566e-01,9.576131589710712433e-03,1.428647143766284024e-02,4.086472094058990479e-02,4.662944264709949216e-02,1.323826517909765244e-02,1.716308314353227546e-02,1.986542520171497017e-05,1.986542520171497017e-05
1.452768087387084961e+00,1.520408523082733110e+00,1.452787995338439941e+00,1.520428431034088090e+00,6.987357139587402344e-01,7.228106617927551047e-01,6.961395740509033203e-01,7.346351742744445801e-01,6.153456401079893112e-03,1.277517378330230748e-02,4.765490069985389709e-02,4.582010433077812056e-02,4.084513522684574127e-03,4.367384361103177071e-03,1.986551433219574392e-05,1.986551433219574392e-05
1.652372598648071289e+00,1.512315261363983199e+00,1.652392506599426270e+00,1.512335169315338179e+00,7.978267073631286621e-01,7.180674850940704790e-01,7.853180766105651855e-01,7.281276643276214378e-01,8.567497134208679199e-03,1.184192374348640511e-02,5.432267859578132629e-02,4.662493579089641710e-02,6.337644997984170914e-03,7.653209939599036823e-03,1.986450661206617951e-05,1.986450661206617951e-05
1.508579015731811523e+00,1.507950019836425737e+00,1.508598923683166504e+00,1.507969927787780717e+00,7.179691791534423828e-01,7.167268514633178267e-01,7.182367444038391113e-01,7.222709298133850320e-01,1.978418976068496704e-02,1.212441148236393859e-02,4.011518508195877075e-02,4.453115388751029829e-02,1.247369870543479919e-02,1.229670606553554500e-02,1.986821007449179888e-05,1.986821007449179888e-05
1.593016386032104492e+00,1.543433010578155518e+00,1.593036293983459473e+00,1.543452918529510498e+00,7.544336318969726562e-01,7.329503953456878440e-01,7.698846459388732910e-01,7.432431697845458540e-01,4.952352494001388550e-03,1.205906104296445777e-02,5.684182792901992798e-02,4.747630544006824216e-02,6.904059089720249176e-03,7.704088557511567723e-03,1.985370545298792422e-05,1.985370545298792422e-05
1.647017359733581543e+00,1.579738962650299117e+00,1.647037267684936523e+00,1.579758870601654097e+00,7.685648798942565918e-01,7.423834443092346413e-01,7.669412493705749512e-01,7.535912275314331499e-01,3.377100080251693726e-02,1.197639191523194348e-02,5.748014897108078003e-02,4.604467339813709398e-02,2.026003971695899963e-02,2.574317902326583862e-02,1.985047674679663032e-05,1.985047674679663032e-05
1.549038767814636230e+00,1.519930946826934859e+00,1.549058556556701660e+00,1.519950735569000289e+00,7.404325604438781738e-01,7.203016519546509011e-01,7.449654340744018555e-01,7.290464878082275613e-01,6.067631766200065613e-03,1.170390164479613235e-02,5.031746998429298401e-02,4.585430622100829939e-02,7.255604490637779236e-03,1.302462816238403320e-02,1.983981564990244806e-05,1.983981564990244806e-05
1.562514066696166992e+00,1.511796808242797940e+00,1.562533855438232422e+00,1.511816596984863370e+00,7.474209070205688477e-01,7.223650455474853738e-01,7.484441995620727539e-01,7.282075822353363259e-01,3.813742427155375481e-03,1.085110437124967540e-02,5.714423209428787231e-02,4.510703198611736020e-02,5.690886639058589935e-03,5.266099236905574799e-03,1.982976937142666429e-05,1.982976937142666429e-05
1.492263078689575195e+00,1.502288007736205966e+00,1.492282867431640625e+00,1.502307796478271396e+00,7.115487456321716309e-01,7.148441791534423384e-01,7.242662906646728516e-01,7.236756026744842751e-01,4.209097009152173996e-03,1.083732750266790459e-02,4.543503001332283020e-02,4.698724523186683516e-02,6.803892552852630615e-03,5.943628260865807533e-03,1.982672256417572498e-05,1.982672256417572498e-05
1.387599229812622070e+00,1.500984132289886475e+00,1.387619018554687500e+00,1.501003921031951904e+00,6.587426662445068359e-01,7.153513729572296143e-01,6.737035512924194336e-01,7.234358251094817893e-01,2.887371229007840157e-03,9.455471858382224690e-03,4.568587988615036011e-02,4.650558829307556430e-02,6.579810287803411484e-03,6.235861731693148440e-03,1.982246430998202413e-05,1.982246430998202413e-05
1.452715873718261719e+00,1.497603273391723722e+00,1.452735662460327148e+00,1.497623062133789151e+00,6.879210472106933594e-01,7.143604934215546098e-01,6.862133145332336426e-01,7.206171751022338867e-01,1.836012490093708038e-02,9.473444893956184387e-03,5.551191791892051697e-02,4.679037481546401839e-02,4.709465429186820984e-03,6.361758615821599787e-03,1.982018511625938118e-05,1.982018511625938118e-05
1.282021164894104004e+00,1.505372929573059126e+00,1.282040953636169434e+00,1.505392718315124556e+00,6.060674786567687988e-01,7.175358533859252930e-01,6.160820722579956055e-01,7.241216659545898215e-01,6.178664043545722961e-03,1.013064826838672161e-02,4.199318960309028625e-02,4.523581303656101088e-02,1.169984228909015656e-02,8.348956890404223702e-03,1.981619971047621220e-05,1.981619971047621220e-05
1.591033697128295898e+00,1.504624879360199063e+00,1.591053485870361328e+00,1.504644668102264493e+00,7.489052414894104004e-01,7.168981671333313210e-01,7.553403973579406738e-01,7.242531657218933550e-01,1.330852881073951721e-02,1.075377566739916732e-02,6.712992489337921143e-02,4.627487957477569719e-02,6.349549163132905960e-03,6.444904441013932402e-03,1.981738751055672765e-05,1.981738751055672765e-05
1.639062404632568359e+00,1.528388917446136475e+00,1.639082193374633789e+00,1.528408706188201904e+00,7.633471488952636719e-01,7.238531529903411421e-01,7.963112592697143555e-01,7.413980066776275635e-01,3.850933164358139038e-02,9.714827686548233726e-03,3.557675704360008240e-02,4.612258523702621182e-02,5.317894741892814636e-03,7.300364924594760288e-03,1.981465720746200532e-05,1.981465720746200532e-05
1.395476341247558594e+00,1.508688366413116544e+00,1.395496129989624023e+00,1.508708155155181974e+00,6.807717084884643555e-01,7.193385481834411177e-01,6.665813922882080078e-01,7.252185583114624245e-01,3.026080084964632988e-03,1.114738844335079124e-02,3.709690645337104797e-02,4.601910710334777832e-02,8.000230416655540466e-03,6.964753288775682796e-03,1.980374327104073018e-05,1.980374327104073018e-05
1.530539751052856445e+00,1.531710827350616366e+00,1.530559539794921875e+00,1.531730616092681796e+00,7.312023043632507324e-01,7.292447209358214888e-01,7.326397895812988281e-01,7.348549723625182883e-01,4.297643434256315231e-03,1.176301157101988792e-02,5.376201495528221130e-02,4.635169543325901031e-02,8.637965656816959381e-03,9.496424812823534012e-03,1.980622437258716673e-05,1.980622437258716673e-05
1.616158366203308105e+00,1.590930962562560946e+00,1.616178154945373535e+00,1.590950751304626376e+00,7.621076703071594238e-01,7.482201218605041282e-01,7.631480693817138672e-01,7.530893206596374068e-01,4.374187905341386795e-03,1.132032703608274425e-02,5.985959991812705994e-02,4.544585607945918898e-02,2.666887268424034119e-02,3.285535257309675494e-02,1.979950138775166124e-05,1.979950138775166124e-05
1.699228525161743164e+00,1.691351389884948819e+00,1.699248313903808594e+00,1.691371178627014249e+00,7.801480889320373535e-01,7.675416111946106179e-01,8.088466525077819824e-01,7.977340102195740190e-01,5.536188371479511261e-03,1.381433438509702648e-02,5.395195633172988892e-02,4.770359843969344815e-02,5.074556171894073486e-02,6.455780230462551672e-02,1.979940134333446622e-05,1.979940134333446622e-05
1.373605966567993164e+00,1.527351725101470992e+00,1.373625755310058594e+00,1.527371513843536421e+00,6.680027842521667480e-01,7.242291390895843062e-01,6.377621293067932129e-01,7.324586451053619607e-01,8.694157004356384277e-03,1.280355006456375053e-02,4.746527224779129028e-02,4.747910723090172092e-02,1.168150175362825394e-02,1.038128808140754630e-02,1.979896478587761521e-05,1.979896478587761521e-05
1.591369509696960449e+00,1.516037333011627242e+00,1.591389298439025879e+00,1.516057121753692671e+00,7.392263412475585938e-01,7.213689982891082764e-01,7.920821309089660645e-01,7.269022345542908159e-01,6.362407002598047256e-03,1.162963975220918621e-02,4.563637822866439819e-02,4.854129441082477570e-02,8.062283508479595184e-03,7.595156179741024624e-03,1.979970147658605129e-05,1.979970147658605129e-05
1.406818389892578125e+00,1.498192536830902144e+00,1.406838178634643555e+00,1.498212325572967574e+00,6.727350354194641113e-01,7.124561786651610884e-01,6.789904832839965820e-01,7.208803296089172363e-01,9.590681642293930054e-03,1.125386310741305351e-02,4.180428385734558105e-02,4.891337268054485321e-02,3.697889624163508415e-03,4.688790487125516111e-03,1.979702938115224242e-05,1.979702938115224242e-05
1.454083919525146484e+00,1.506714534759521440e+00,1.454103708267211914e+00,1.506734323501586870e+00,7.012921571731567383e-01,7.152590215206146018e-01,6.978943347930908203e-01,7.252655446529387984e-01,9.258257225155830383e-03,1.229299809783697059e-02,3.845368698239326477e-02,4.668143019080162048e-02,7.185409311205148697e-03,7.215556735172867601e-03,1.979986336664296687e-05,1.979986336664296687e-05
1.610803365707397461e+00,1.518394446372985929e+00,1.610823154449462891e+00,1.518414235115051358e+00,7.595933079719543457e-01,7.204447567462921587e-01,7.651964426040649414e-01,7.265734434127807395e-01,2.027985826134681702e-02,1.257440503686666454e-02,5.698438361287117004e-02,4.927327185869216641e-02,8.749238215386867523e-03,9.528537280857563019e-03,1.979926310013979673e-05,1.979926310013979673e-05
1.483521342277526855e+00,1.513017439842224032e+00,1.483541131019592285e+00,1.513037228584289462e+00,7.194967269897460938e-01,7.195602655410766602e-01,7.071848511695861816e-01,7.239540159702301247e-01,1.571248471736907959e-02,1.329366164281964302e-02,3.206119313836097717e-02,4.847219027578830719e-02,9.066115133464336395e-03,7.737332675606012518e-03,1.979732951440382749e-05,1.979732951440382749e-05
1.503288269042968750e+00,1.503212714195251376e+00,1.503308057785034180e+00,1.503232502937316806e+00,7.401036024093627930e-01,7.153555035591125932e-01,7.031702399253845215e-01,7.226487755775451438e-01,1.131747104227542877e-02,1.202282123267650604e-02,4.511670395731925964e-02,4.792254343628883639e-02,3.580301767215132713e-03,5.263070948421955456e-03,1.979584703803993762e-05,1.979584703803993762e-05
1.412836194038391113e+00,1.498772835731506436e+00,1.412855982780456543e+00,1.498792624473571866e+00,6.827544569969177246e-01,7.138336956501006858e-01,6.739423871040344238e-01,7.222207903861999068e-01,4.600068088620901108e-03,1.181082315742969582e-02,4.702951759099960327e-02,4.673025310039520541e-02,4.509786609560251236e-03,4.177281167358160019e-03,1.979938315344043076e-05,1.979938315344043076e-05
1.547664165496826172e+00,1.520223212242126420e+00,1.547683954238891602e+00,1.520243000984191850e+00,7.282803058624267578e-01,7.188513875007629395e-01,7.303064465522766113e-01,7.288613319396972656e-01,8.480359800159931183e-03,1.191660705953836476e-02,6.729348748922348022e-02,4.851066321134567261e-02,1.330364774912595749e-02,1.208320893347263406e-02,1.980517117772251368e-05,1.980517117772251368e-05
1.372984409332275391e+00,1.510563826560974210e+00,1.373004198074340820e+00,1.510583615303039640e+00,6.463905572891235352e-01,7.147670447826385276e-01,6.555723547935485840e-01,7.271963715553283469e-01,1.539162639528512955e-02,1.262116134166717599e-02,4.938514530658721924e-02,4.934085048735141477e-02,6.244753487408161163e-03,6.638387404382229025e-03,1.980488377739675343e-05,1.980488377739675343e-05
1.451528072357177734e+00,1.536347436904907271e+00,1.451547861099243164e+00,1.536367225646972701e+00,6.952250599861145020e-01,7.301737129688262717e-01,6.820141077041625977e-01,7.383185029029846191e-01,3.611574880778789520e-03,1.216346537694334984e-02,6.713161617517471313e-02,4.912423789501189908e-02,3.545632585883140564e-03,6.567509612068533897e-03,1.979699845833238214e-05,1.979699845833238214e-05
1.618323206901550293e+00,1.645011436939239458e+00,1.618342995643615723e+00,1.645031225681304887e+00,7.678323388099670410e-01,7.724779129028320757e-01,7.572891116142272949e-01,7.865743637084960938e-01,2.033501490950584412e-02,1.302513824775814941e-02,6.093379482626914978e-02,5.785792469978332658e-02,1.193295419216156006e-02,1.507607903331518139e-02,1.978366344701498747e-05,1.978366344701498747e-05
1.622053503990173340e+00,1.555111813545227095e+00,1.622073292732238770e+00,1.555131602287292525e+00,7.841853499412536621e-01,7.394074261188506858e-01,7.713887095451354980e-01,7.436651885509490967e-01,7.671443279832601547e-03,1.073577264323830570e-02,4.605158045887947083e-02,4.747934229671955247e-02,1.275629177689552307e-02,1.382407341152429650e-02,1.977863576030358672e-05,1.977863576030358672e-05
1.458107948303222656e+00,1.516704285144805819e+00,1.458127737045288086e+00,1.516724073886871249e+00,6.909916400909423828e-01,7.198199689388274924e-01,6.971666812896728516e-01,7.275391757488250954e-01,7.556062657386064529e-03,9.842918161302805294e-03,5.249946191906929016e-02,4.828802086412906786e-02,9.894158691167831421e-03,1.121422024443745682e-02,1.978225191123783588e-05,1.978225191123783588e-05
1.486732244491577148e+00,1.503057110309600874e+00,1.486752033233642578e+00,1.503076899051666304e+00,6.957923173904418945e-01,7.173422396183013472e-01,7.315486669540405273e-01,7.220065534114837869e-01,8.851150982081890106e-03,1.066860295832157066e-02,4.622254148125648499e-02,4.776138812303543091e-02,4.317488521337509155e-03,5.278328387066722090e-03,1.978905856958590448e-05,1.978905856958590448e-05
1.625115156173706055e+00,1.533109569549560458e+00,1.625134944915771484e+00,1.533129358291625888e+00,7.704814076423645020e-01,7.278961122035980669e-01,7.856417894363403320e-01,7.291934609413146529e-01,7.602268829941749573e-03,1.050658402964472701e-02,4.765847325325012207e-02,4.730575121939182420e-02,1.373124122619628906e-02,1.820769775658846040e-02,1.978978070837911218e-05,1.978978070837911218e-05
1.488503098487854004e+00,1.507794761657714755e+00,1.488522887229919434e+00,1.507814550399780185e+00,7.150213718414306641e-01,7.170033395290374978e-01,7.152389287948608398e-01,7.248033642768859641e-01,7.170301396399736404e-03,1.057579927146434784e-02,4.444595053791999817e-02,4.724444039165973802e-02,6.626540329307317734e-03,8.167805150151252747e-03,1.979103035409934819e-05,1.979103035409934819e-05
1.456848144531250000e+00,1.505459308624267578e+00,1.456867933273315430e+00,1.505479097366333008e+00,6.983468532562255859e-01,7.160533010959625466e-01,6.911678314208984375e-01,7.209875106811522993e-01,2.961369929835200310e-03,1.118287257850170135e-02,5.343776941299438477e-02,4.733346030116081238e-02,1.093437895178794861e-02,9.902178682386875500e-03,1.978927321033552289e-05,1.978927321033552289e-05
1.390419960021972656e+00,1.493512415885925204e+00,1.390439748764038086e+00,1.493532204627990634e+00,6.585570573806762695e-01,7.115022242069244385e-01,6.603013873100280762e-01,7.176784932613372581e-01,3.915604669600725174e-03,1.096663177013397147e-02,6.124865636229515076e-02,4.739185534417629519e-02,6.397397723048925400e-03,5.973208090290426861e-03,1.979139233299065381e-05,1.979139233299065381e-05
1.417833805084228516e+00,1.492007124423980757e+00,1.417853593826293945e+00,1.492026913166046187e+00,6.756095290184020996e-01,7.100412964820861372e-01,6.876087784767150879e-01,7.179549634456634521e-01,8.798178285360336304e-03,1.150355692952871253e-02,4.166569560766220093e-02,4.711724221706390520e-02,4.151751287281513214e-03,5.390071822330355471e-03,1.979589433176442981e-05,1.979589433176442981e-05
1.443865060806274414e+00,1.498310649394988925e+00,1.443884849548339844e+00,1.498330438137054355e+00,7.046821713447570801e-01,7.155972838401793990e-01,6.923048496246337891e-01,7.200968325138091819e-01,4.637097474187612534e-03,1.212085830047726631e-02,3.740221261978149414e-02,4.610644578933716098e-02,4.838745575398206711e-03,4.389258706942201008e-03,1.979496664716862142e-05,1.979496664716862142e-05
1.307581543922424316e+00,1.505563008785247847e+00,1.307601332664489746e+00,1.505582797527313277e+00,6.518123745918273926e-01,7.201272308826446311e-01,6.125177741050720215e-01,7.252137124538421409e-01,5.097091197967529297e-03,1.144620859995484387e-02,3.444053977727890015e-02,4.491750635206699649e-02,3.713690675795078278e-03,3.858392825350165367e-03,1.979229273274540901e-05,1.979229273274540901e-05
1.471573352813720703e+00,1.514461183547973544e+00,1.471593141555786133e+00,1.514480972290038974e+00,6.985846757888793945e-01,7.208632826805114746e-01,7.085105180740356445e-01,7.246332406997680886e-01,3.601065138354897499e-03,1.001313328742980957e-02,5.528087168931961060e-02,4.821069538593292236e-02,5.596179049462080002e-03,1.074082255363464390e-02,1.978405998670496047e-05,1.978405998670496047e-05
1.564464926719665527e+00,1.579294443130493164e+00,1.564484715461730957e+00,1.579314231872558594e+00,7.445262074470520020e-01,7.440282285213470903e-01,7.499902248382568359e-01,7.573951780796051025e-01,3.868093015626072884e-03,1.147766280919313396e-02,5.296202376484870911e-02,5.010958723723888536e-02,1.311833690851926804e-02,1.628376580774783949e-02,1.977415740839205682e-05,1.977415740839205682e-05
1.289959430694580078e+00,1.504309487342834428e+00,1.289979219436645508e+00,1.504329276084899858e+00,6.118466258049011230e-01,7.138361811637878862e-01,6.047632694244384766e-01,7.189293563365936057e-01,6.206865888088941574e-03,1.143787819892167976e-02,5.214909464120864868e-02,4.777418598532676836e-02,1.499356608837842941e-02,1.233188593760132720e-02,1.977791544049978256e-05,1.977791544049978256e-05
1.350570321083068848e+00,1.598711681365966752e+00,1.350590109825134277e+00,1.598731470108032182e+00,6.393814682960510254e-01,7.507006824016571045e-01,6.392537951469421387e-01,7.596525669097899947e-01,3.640166483819484711e-03,1.059596026316285064e-02,4.690104350447654724e-02,4.976144284009933333e-02,2.139387838542461395e-02,2.800103072077035973e-02,1.978277941816486418e-05,1.978277941816486418e-05
1.540529727935791016e+00,1.573410046100616411e+00,1.540549516677856445e+00,1.573429834842681840e+00,7.394870519638061523e-01,7.379088163375854270e-01,7.154058218002319336e-01,7.422806441783904585e-01,1.450845412909984589e-02,1.096174381673336098e-02,3.618100658059120178e-02,4.964464046061038693e-02,3.494733944535255432e-02,3.261418994516133985e-02,1.979258740902878344e-05,1.979258740902878344e-05
1.445501327514648438e+00,1.500196492671966642e+00,1.445521116256713867e+00,1.500216281414032071e+00,6.850495934486389160e-01,7.130490779876709206e-01,7.050598263740539551e-01,7.195707678794860396e-01,3.817704739049077034e-03,1.124138543382286956e-02,4.270090907812118530e-02,4.937054365873336931e-02,8.873303420841693878e-03,6.964718643575906927e-03,1.979515946004539728e-05,1.979515946004539728e-05
1.440690636634826660e+00,1.525417530536651523e+00,1.440710425376892090e+00,1.525437319278716952e+00,6.874093413352966309e-01,7.213652491569518821e-01,6.758494377136230469e-01,7.292086660861969438e-01,4.516947083175182343e-03,1.126960907131433452e-02,5.922875553369522095e-02,4.900196641683578214e-02,1.368608884513378143e-02,1.457200488075613941e-02,1.979123044293373823e-05,1.979123044293373823e-05
1.482592463493347168e+00,1.552382910251617343e+00,1.482612252235412598e+00,1.552402698993682773e+00,7.251343131065368652e-01,7.298035383224487083e-01,6.665033102035522461e-01,7.346728503704070823e-01,2.482504397630691528e-02,1.230132244527339970e-02,4.930864647030830383e-02,5.050445050001144132e-02,1.682119816541671753e-02,2.510081846266985078e-02,1.979172520805150270e-05,1.979172520805150270e-05
1.574305415153503418e+00,1.550242602825164795e+00,1.574325203895568848e+00,1.550262391567230225e+00,7.391079068183898926e-01,7.279722630977630837e-01,7.597725391387939453e-01,7.352766871452331987e-01,7.356814108788967133e-03,1.116169197484850883e-02,5.617075413465499878e-02,5.124663971364498000e-02,1.189757138490676880e-02,2.458537276834249496e-02,1.979612898139748722e-05,1.979612898139748722e-05
1.347524404525756836e+00,1.484415590763092041e+00,1.347544193267822266e+00,1.484435379505157471e+00,6.475585699081420898e-01,7.072246551513672319e-01,6.489344835281372070e-01,7.139911949634552002e-01,4.661606624722480774e-03,1.008322769775986741e-02,4.310981929302215576e-02,4.817660376429557662e-02,3.260023659095168114e-03,4.939896706491708929e-03,1.980479100893717259e-05,1.980479100893717259e-05
1.204224467277526855e+00,1.494726300239562988e+00,1.204244256019592285e+00,1.494746088981628418e+00,5.741145014762878418e-01,7.092164814472198264e-01,5.777817964553833008e-01,7.176109611988067405e-01,2.566453767940402031e-03,1.055478909984230995e-02,3.846173360943794250e-02,4.884574115276336947e-02,1.130008418112993240e-02,8.498335862532258381e-03,1.980828892556019127e-05,1.980828892556019127e-05
1.404084682464599609e+00,1.504282057285308838e+00,1.404104471206665039e+00,1.504301846027374268e+00,6.775962710380554199e-01,7.158908486366272195e-01,6.422972083091735840e-01,7.214488446712493674e-01,4.293300211429595947e-02,1.054767435416579212e-02,3.217815980315208435e-02,4.680156484246254106e-02,9.080049581825733185e-03,9.593132603913544915e-03,1.981598143174778670e-05,1.981598143174778670e-05
1.370977044105529785e+00,1.502152919769287109e+00,1.370996832847595215e+00,1.502172708511352539e+00,6.477311253547668457e-01,7.132895171642303911e-01,6.586453914642333984e-01,7.189578652381897195e-01,5.158965475857257843e-03,1.126089207828044961e-02,5.292727053165435791e-02,4.914022497832774838e-02,6.514260545372962952e-03,9.504452906548976551e-03,1.981627428904175758e-05,1.981627428904175758e-05
1.562615513801574707e+00,1.489209640026092574e+00,1.562635302543640137e+00,1.489229428768158003e+00,7.520937919616699219e-01,7.060745298862457497e-01,7.461785078048706055e-01,7.124875962734222856e-01,4.579882137477397919e-03,1.166482390835881303e-02,4.694760963320732117e-02,4.743271842598915239e-02,1.281576044857501984e-02,1.154999285936355626e-02,1.982441608561202884e-05,1.982441608561202884e-05
1.339220762252807617e+00,1.510309183597564608e+00,1.339240550994873047e+00,1.510328972339630038e+00,6.449748277664184570e-01,7.186763584613800049e-01,6.486642956733703613e-01,7.252312362194061057e-01,2.088560024276375771e-03,1.183891911059617962e-02,3.813600912690162659e-02,4.824589788913726668e-02,5.356980953365564346e-03,6.316755013540386980e-03,1.983025140361860394e-05,1.983025140361860394e-05
1.445146441459655762e+00,1.492970049381256104e+00,1.445166230201721191e+00,1.492989838123321533e+00,6.917923092842102051e-01,7.101570665836334229e-01,6.961514949798583984e-01,7.170372307300567627e-01,3.595690242946147919e-03,1.118227383121848072e-02,4.626760259270668030e-02,4.742535315454006473e-02,7.339335978031158447e-03,7.168105710297823299e-03,1.983125184779055417e-05,1.983125184779055417e-05
1.338769197463989258e+00,1.505741655826568604e+00,1.338788986206054688e+00,1.505761444568634033e+00,6.398162841796875000e-01,7.184578716754913552e-01,6.415764093399047852e-01,7.234435498714446577e-01,5.549482069909572601e-03,1.130836363881826401e-02,4.630452021956443787e-02,4.516023322939873019e-02,5.522597115486860275e-03,7.371592987328767950e-03,1.983047332032583654e-05,1.983047332032583654e-05
1.420652389526367188e+00,1.515136730670928911e+00,1.420672178268432617e+00,1.515156519412994340e+00,6.925315260887145996e-01,7.177891254425048384e-01,6.737671494483947754e-01,7.227888107299804688e-01,2.327791415154933929e-03,1.151751317083835567e-02,4.111813381314277649e-02,4.810366965830326080e-02,1.090771425515413284e-02,1.493758792057633435e-02,1.982790126930922270e-05,1.982790126930922270e-05
1.489466905593872070e+00,1.515648579597473233e+00,1.489486694335937500e+00,1.515668368339538663e+00,7.002360224723815918e-01,7.202085971832274947e-01,7.182336449623107910e-01,7.280708611011504905e-01,1.160864904522895813e-02,1.149412607774138485e-02,5.029719322919845581e-02,4.786780215799808780e-02,9.091541171073913574e-03,8.007174637168646553e-03,1.982501453312579542e-05,1.982501453312579542e-05
1.392337799072265625e+00,1.511046123504638627e+00,1.392357587814331055e+00,1.511065912246704057e+00,6.672355532646179199e-01,7.151642978191375954e-01,6.596879363059997559e-01,7.246681511402129905e-01,7.399731781333684921e-03,1.146666919812560151e-02,3.478234261274337769e-02,4.648010469973087172e-02,2.323238737881183624e-02,1.326686292886733974e-02,1.982399044209159911e-05,1.982399044209159911e-05
1.400969505310058594e+00,1.523297512531280429e+00,1.400989294052124023e+00,1.523317301273345858e+00,6.653553843498229980e-01,7.208946526050568071e-01,6.754390597343444824e-01,7.276000499725341353e-01,7.606079336255788803e-03,1.415106439962983062e-02,4.388752207159996033e-02,4.789542034268379211e-02,8.681517094373703003e-03,1.275634476915001904e-02,1.982622416107915342e-05,1.982622416107915342e-05
1.460610508918762207e+00,1.508642351627349942e+00,1.460630297660827637e+00,1.508662140369415372e+00,6.992563605308532715e-01,7.169687688350677712e-01,6.940043568611145020e-01,7.226219713687896951e-01,5.317152477800846100e-03,1.345989592373371055e-02,5.441223084926605225e-02,4.784913025796413283e-02,7.620381191372871399e-03,7.742590457201004202e-03,1.982688263524323702e-05,1.982688263524323702e-05
1.384878754615783691e+00,1.511221277713775679e+00,1.384898543357849121e+00,1.511241066455841109e+00,6.609145998954772949e-01,7.154887199401855913e-01,6.599043011665344238e-01,7.237319231033325639e-01,5.972698796540498734e-03,1.379232602193951676e-02,4.003512114286422729e-02,4.631967097520828247e-02,1.805196329951286316e-02,1.188862416893243790e-02,1.982550929824355990e-05,1.982550929824355990e-05
1.345807909965515137e+00,1.504012930393219039e+00,1.345827698707580566e+00,1.504032719135284468e+00,6.584426164627075195e-01,7.156470000743866411e-01,6.422868967056274414e-01,7.233469009399413618e-01,3.372108796611428261e-03,1.214601360261440346e-02,3.484700620174407959e-02,4.701250046491622925e-02,6.859262939542531967e-03,5.860503111034631556e-03,1.983285619644448161e-05,1.983285619644448161e-05
1.622719645500183105e+00,1.489516723155975386e+00,1.622739434242248535e+00,1.489536511898040816e+00,7.745519280433654785e-01,7.071508646011352983e-01,7.755569219589233398e-01,7.141536474227905273e-01,7.603303063660860062e-03,1.179113648831844365e-02,6.012320891022682190e-02,4.885171614587306699e-02,4.884209483861923218e-03,7.569332979619503368e-03,1.983590846066363156e-05,1.983590846066363156e-05
1.678399324417114258e+00,1.551324200630187944e+00,1.678419113159179688e+00,1.551343989372253374e+00,7.879382371902465820e-01,7.419405400753020796e-01,8.100016117095947266e-01,7.410515308380126731e-01,2.728889323770999908e-02,1.173980487510561943e-02,4.514406993985176086e-02,4.648652933537959775e-02,8.026529103517532349e-03,1.010579103603959084e-02,1.983627953450195491e-05,1.983627953450195491e-05
1.494807958602905273e+00,1.508146774768829301e+00,1.494827747344970703e+00,1.508166563510894731e+00,7.170509696006774902e-01,7.145856142044066939e-01,7.126563191413879395e-01,7.227453649044036643e-01,5.019189789891242981e-03,1.167342546395957505e-02,5.239450559020042419e-02,4.667622819542884688e-02,7.686950266361236572e-03,1.246612593531608651e-02,1.983410766115412116e-05,1.983410766115412116e-05
1.576827406883239746e+00,1.512321209907531827e+00,1.576847195625305176e+00,1.512340998649597257e+00,7.676070928573608398e-01,7.208967268466949241e-01,7.522557973861694336e-01,7.261958181858062522e-01,9.849219582974910736e-03,1.125130532309412922e-02,3.689137473702430725e-02,4.606830067932606021e-02,1.022393070161342621e-02,7.909025764092803001e-03,1.982796311494894326e-05,1.982796311494894326e-05
1.399764060974121094e+00,1.489841985702514693e+00,1.399783849716186523e+00,1.489861774444580123e+00,6.721937656402587891e-01,7.092964470386504683e-01,6.830485463142395020e-01,7.167414665222168191e-01,6.690016016364097595e-03,1.164256948977708886e-02,3.285601735115051270e-02,4.722987636923790117e-02,4.975779447704553604e-03,4.931608168408274824e-03,1.982861613214481622e-05,1.982861613214481622e-05
1.750478029251098633e+00,1.494518005847930819e+00,1.750497817993164062e+00,1.494537794589996249e+00,8.438433408737182617e-01,7.108381867408752885e-01,8.230335116386413574e-01,7.178064107894897017e-01,2.799364924430847168e-02,1.194762587547302211e-02,5.129073187708854675e-02,4.722477793693542758e-02,4.316850565373897552e-03,6.700982479378581394e-03,1.983227230084594339e-05,1.983227230084594339e-05
1.309841275215148926e+00,1.496045482158660844e+00,1.309861063957214355e+00,1.496065270900726274e+00,6.316399574279785156e-01,7.123521745204925981e-01,6.229802370071411133e-01,7.205156803131103072e-01,4.162933211773633957e-03,1.071722917258739402e-02,4.211550205945968628e-02,4.566873684525489530e-02,8.942771703004837036e-03,6.791693065315485348e-03,1.983796391868963838e-05,1.983796391868963838e-05
1.603954672813415527e+00,1.525431799888610884e+00,1.603974461555480957e+00,1.525451588630676314e+00,7.667623162269592285e-01,7.241015255451201948e-01,7.693397402763366699e-01,7.294180929660797341e-01,3.941079135984182358e-03,1.168483654037117889e-02,5.196683481335639954e-02,4.622294269502162656e-02,1.194481737911701202e-02,1.400439934805035661e-02,1.983913716685492545e-05,1.983913716685492545e-05
1.450085759162902832e+00,1.509526860713958696e+00,1.450105547904968262e+00,1.509546649456024126e+00,7.076222896575927734e-01,7.162690460681915283e-01,6.789571642875671387e-01,7.280656099319458008e-01,1.048155780881643295e-02,1.108737690374255250e-02,4.395963251590728760e-02,4.484920687973499576e-02,9.065069258213043213e-03,9.255652315914630890e-03,1.984427035495173186e-05,1.984427035495173186e-05
1.377195954322814941e+00,1.498720669746398837e+00,1.377215743064880371e+00,1.498740458488464267e+00,6.657174229621887207e-01,7.136438965797424760e-01,6.646028757095336914e-01,7.216504633426665816e-01,4.296166356652975082e-03,1.033561620861291920e-02,3.422918170690536499e-02,4.676246754825115481e-02,8.350302465260028839e-03,6.328217638656497175e-03,1.984543450817000121e-05,1.984543450817000121e-05
1.481692194938659668e+00,1.530460596084594727e+00,1.481712102890014648e+00,1.530480504035949707e+00,7.056916952133178711e-01,7.286268591880797896e-01,6.840775012969970703e-01,7.331936180591582808e-01,2.517677471041679382e-02,9.995708474889397621e-03,4.825196415185928345e-02,4.655202627182006975e-02,1.849421113729476929e-02,1.209243293851613998e-02,1.985052585951052606e-05,1.985052585951052606e-05
1.574340105056762695e+00,1.521582543849945068e+00,1.574359893798828125e+00,1.521602332592010498e+00,7.322850227355957031e-01,7.220788896083831787e-01,7.416130900382995605e-01,7.268910825252532515e-01,4.050437733530998230e-02,9.500144049525260925e-03,4.521997272968292236e-02,4.749193526804447452e-02,1.471762824803590775e-02,1.562053309753537109e-02,1.984793198062106967e-05,1.984793198062106967e-05
1.554663300514221191e+00,1.549605476856231734e+00,1.554683089256286621e+00,1.549625265598297164e+00,7.384060621261596680e-01,7.295694828033447710e-01,7.374532818794250488e-01,7.364275634288788286e-01,5.840104073286056519e-03,1.018490176647901535e-02,5.177854001522064209e-02,4.699521996080875674e-02,2.118529006838798523e-02,2.642829995602369308e-02,1.984337359317578375e-05,1.984337359317578375e-05
1.713148951530456543e+00,1.522038602828979403e+00,1.713168859481811523e+00,1.522058510780334384e+00,8.433629870414733887e-01,7.263744235038757102e-01,8.104338049888610840e-01,7.337183833122253862e-01,1.555359829217195511e-02,9.847704321146011353e-03,3.906038776040077209e-02,4.487586952745914459e-02,4.738183226436376572e-03,7.222209870815276926e-03,1.984966183954384178e-05,1.984966183954384178e-05
1.629746913909912109e+00,1.517382740974426270e+00,1.629766821861267090e+00,1.517402648925781250e+00,7.688120603561401367e-01,7.200330317020415816e-01,7.166105508804321289e-01,7.304758906364441362e-01,8.690326660871505737e-02,9.944276511669158589e-03,4.408416152000427246e-02,4.650971889495849471e-02,1.333692111074924469e-02,1.041982490569353173e-02,1.985118433367460966e-05,1.985118433367460966e-05
1.515930175781250000e+00,1.497504556179046542e+00,1.515950083732604980e+00,1.497524464130401523e+00,7.315869331359863281e-01,7.159128069877624956e-01,7.294719815254211426e-01,7.218635082244873047e-01,3.908873070031404495e-03,9.997263411059975277e-03,4.394165053963661194e-02,4.390050135552883009e-02,7.020837627351284027e-03,5.830471729859709393e-03,1.984945083677303046e-05,1.984945083677303046e-05
1.458154082298278809e+00,1.488367438316345215e+00,1.458173990249633789e+00,1.488387346267700195e+00,7.015265822410583496e-01,7.097542285919189453e-01,7.041720747947692871e-01,7.180726289749145286e-01,8.294498547911643982e-03,9.141094703227280877e-03,3.751751780509948730e-02,4.484527967870235304e-02,6.643425207585096359e-03,6.554220756515860731e-03,1.985080234589986503e-05,1.985080234589986503e-05
1.483831882476806641e+00,1.528076720237731889e+00,1.483851790428161621e+00,1.528096628189086870e+00,7.133743166923522949e-01,7.313942134380340132e-01,7.151295542716979980e-01,7.320439040660857710e-01,4.276662599295377731e-03,9.727699309587478291e-03,4.455499723553657532e-02,4.452752433717251102e-02,6.496425252407789230e-03,1.038335273042321170e-02,1.985061680898070335e-05,1.985061680898070335e-05
1.659826636314392090e+00,1.511090111732482866e+00,1.659846544265747070e+00,1.511110019683837846e+00,8.032137751579284668e-01,7.221256136894226296e-01,7.731315493583679199e-01,7.268488109111785889e-01,1.247298717498779297e-02,9.667051909491419098e-03,6.363511085510253906e-02,4.365161098539829115e-02,7.373168598860502243e-03,8.796996902674436569e-03,1.985005292226560414e-05,1.985005292226560414e-05
1.520325899124145508e+00,1.504660010337829590e+00,1.520345687866210938e+00,1.504679799079895020e+00,7.403019666671752930e-01,7.182062923908233421e-01,7.160854935646057129e-01,7.242114365100860152e-01,1.530703064054250717e-02,1.024353117682039703e-02,4.007374867796897888e-02,4.543139673769473752e-02,8.557529188692569733e-03,6.567377969622612346e-03,1.984498885576613247e-05,1.984498885576613247e-05
1.431221961975097656e+00,1.515590131282806396e+00,1.431241869926452637e+00,1.515610039234161377e+00,6.824971437454223633e-01,7.208469986915588823e-01,6.811531782150268555e-01,7.269529402256011963e-01,2.662300365045666695e-03,1.058929124847054516e-02,5.480180680751800537e-02,4.772757850587368289e-02,1.010755077004432678e-02,9.473299793899058602e-03,1.985434028028976172e-05,1.985434028028976172e-05
1.386320114135742188e+00,1.551813900470733643e+00,1.386340022087097168e+00,1.551833808422088623e+00,6.667035222053527832e-01,7.354069411754607932e-01,6.669203042984008789e-01,7.481811106204986350e-01,2.073191339150071144e-03,1.072339056991040637e-02,4.107499495148658752e-02,4.485161229968070984e-02,9.548016823828220367e-03,1.265089949592947995e-02,1.985955896088853478e-05,1.985955896088853478e-05
1.454386115074157715e+00,1.511773478984832719e+00,1.454406023025512695e+00,1.511793386936187700e+00,7.031350135803222656e-01,7.216360926628112571e-01,6.953002214431762695e-01,7.236564755439758301e-01,4.422431346029043198e-03,1.021424471400678158e-02,4.311007261276245117e-02,4.548248276114463806e-02,8.418444544076919556e-03,1.078421259298920597e-02,1.986976712942123413e-05,1.986976712942123413e-05
1.505257844924926758e+00,1.485104453563690141e+00,1.505277752876281738e+00,1.485124361515045122e+00,7.164988517761230469e-01,7.084027171134948953e-01,7.296790480613708496e-01,7.134556531906127708e-01,5.587944760918617249e-03,1.029641721397638390e-02,4.514907300472259521e-02,4.529717527329921861e-02,8.342864923179149628e-03,7.652474287897348577e-03,1.987265386560466141e-05,1.987265386560466141e-05
1.474390625953674316e+00,1.492843174934387118e+00,1.474410533905029297e+00,1.492863082885742099e+00,7.116126418113708496e-01,7.108689963817595991e-01,7.014451026916503906e-01,7.177108407020569292e-01,6.680497899651527405e-03,1.096524633467197384e-02,4.943468049168586731e-02,4.637771509587764601e-02,5.217638798058032990e-03,6.920377351343631397e-03,1.987236464628949761e-05,1.987236464628949761e-05
1.389004826545715332e+00,1.485233819484710782e+00,1.389024734497070312e+00,1.485253727436065763e+00,6.594812273979187012e-01,7.079449355602264182e-01,6.757912635803222656e-01,7.158524453639983909e-01,6.409895140677690506e-03,1.151313101872801850e-02,4.227891564369201660e-02,4.636252820491790910e-02,5.043499171733856201e-03,3.560756519436836416e-03,1.987828909477684647e-05,1.987828909477684647e-05
1.470106720924377441e+00,1.504865002632141069e+00,1.470126628875732422e+00,1.504884910583496049e+00,7.076268196105957031e-01,7.187076866626739280e-01,7.050465345382690430e-01,7.232776224613189919e-01,5.293457303196191788e-03,1.217986652627587284e-02,4.560581967234611511e-02,4.356464110314846316e-02,6.534127518534660339e-03,7.135175494477152477e-03,1.988735675695352256e-05,1.988735675695352256e-05
1.421205282211303711e+00,1.488363206386566162e+00,1.421225190162658691e+00,1.488383114337921143e+00,6.793735027313232422e-01,7.086424827575683594e-01,6.775242686271667480e-01,7.133332848548888938e-01,4.609088413417339325e-03,1.157276490703225066e-02,4.763707518577575684e-02,4.561748877167701860e-02,1.206127461045980453e-02,9.197149425745010376e-03,1.987854557228274643e-05,1.987854557228274643e-05
1.493688941001892090e+00,1.486964476108550981e+00,1.493708848953247070e+00,1.486984384059905961e+00,7.129643559455871582e-01,7.078246355056763139e-01,7.239234447479248047e-01,7.154117345809936079e-01,1.421480625867843628e-02,1.150024412199854816e-02,3.541046380996704102e-02,4.524556361138820648e-02,7.176041603088378906e-03,6.982250278815627445e-03,1.987806899705901742e-05,1.987806899705901742e-05
1.381262421607971191e+00,1.508677828311920210e+00,1.381282329559326172e+00,1.508697736263275191e+00,6.607408523559570312e-01,7.154945254325866255e-01,6.635414361953735352e-01,7.273224651813506858e-01,3.129461314529180527e-03,1.122404662892222474e-02,4.367276281118392944e-02,4.531543999910354892e-02,1.017782837152481079e-02,9.321320522576569817e-03,1.986837742151692510e-05,1.986837742151692510e-05
1.487797856330871582e+00,1.506792914867401079e+00,1.487817764282226562e+00,1.506812822818756059e+00,6.974807381629943848e-01,7.124432086944579856e-01,7.158946990966796875e-01,7.245960891246795432e-01,6.125693209469318390e-03,1.172865526750683715e-02,5.864495784044265747e-02,4.921034574508666853e-02,9.651820175349712372e-03,8.814632147550582192e-03,1.986332244996447116e-05,1.986332244996447116e-05
1.319321990013122559e+00,1.527520430088043168e+00,1.319341897964477539e+00,1.527540338039398149e+00,6.340423226356506348e-01,7.264811992645263672e-01,6.334975957870483398e-01,7.309218704700469749e-01,3.260670229792594910e-03,1.148010408505797421e-02,3.690344840288162231e-02,4.418720826506614824e-02,1.161785144358873367e-02,1.445009019225835731e-02,1.986543065868318081e-05,1.986543065868318081e-05
1.450748801231384277e+00,1.483653354644775435e+00,1.450768709182739258e+00,1.483673262596130416e+00,6.899001002311706543e-01,7.077988684177398682e-01,6.988317370414733887e-01,7.128371417522429976e-01,3.375442232936620712e-03,1.122349267825484276e-02,5.122293159365653992e-02,4.629632979631424089e-02,7.418625522404909134e-03,5.497508263215422457e-03,1.987135692615993321e-05,1.987135692615993321e-05
1.367614746093750000e+00,1.503545987606048628e+00,1.367634654045104980e+00,1.503565895557403609e+00,6.412237286567687988e-01,7.156912386417388916e-01,6.463598012924194336e-01,7.216270387172698531e-01,4.496765881776809692e-02,1.147957723587751319e-02,2.551205083727836609e-02,4.446172229945659360e-02,9.551451541483402252e-03,1.028642635792493751e-02,1.987595715036150068e-05,1.987595715036150068e-05
1.457688808441162109e+00,1.500996339321136519e+00,1.457708716392517090e+00,1.501016247272491499e+00,6.970903873443603516e-01,7.162033438682555708e-01,7.034221887588500977e-01,7.189194560050964355e-01,6.423225626349449158e-03,1.096212556585669448e-02,3.770375624299049377e-02,4.524644017219543735e-02,1.304929889738559723e-02,9.664967097342014660e-03,1.987652649404481053e-05,1.987652649404481053e-05
1.516715884208679199e+00,1.520805490016937211e+00,1.516735792160034180e+00,1.520825397968292192e+00,7.196598649024963379e-01,7.224226176738739458e-01,7.165996432304382324e-01,7.266980350017547829e-01,2.160016214475035667e-03,1.026277560740709340e-02,6.025956943631172180e-02,4.473557583987712583e-02,1.803669705986976624e-02,1.668651616200804780e-02,1.988010990316979587e-05,1.988010990316979587e-05
1.409052133560180664e+00,1.511392009258270219e+00,1.409072041511535645e+00,1.511411917209625200e+00,6.826496720314025879e-01,7.179520606994629350e-01,6.852583289146423340e-01,7.270979285240173340e-01,2.326602814719080925e-03,1.156191024929285015e-02,2.731354720890522003e-02,4.418785534799098830e-02,1.150392647832632065e-02,1.059222994372248719e-02,1.988505027838982642e-05,1.988505027838982642e-05
1.410440087318420410e+00,1.524875676631927579e+00,1.410459995269775391e+00,1.524895584583282560e+00,6.739079952239990234e-01,7.216525971889495850e-01,6.772034168243408203e-01,7.303843379020691362e-01,5.412977654486894608e-03,1.219787821173667908e-02,4.661679640412330627e-02,4.552133195102214813e-02,7.298919372260570526e-03,1.511957487091422116e-02,1.988610529224388301e-05,1.988610529224388301e-05
1.445786118507385254e+00,1.492997598648071245e+00,1.445806026458740234e+00,1.493017506599426225e+00,6.780752539634704590e-01,7.093934178352355735e-01,6.900458335876464844e-01,7.157015383243561235e-01,1.910913363099098206e-02,1.155623458325862919e-02,5.116559565067291260e-02,4.556525647640228410e-02,7.390265818685293198e-03,1.078114239498972893e-02,1.988545955100562423e-05,1.988545955100562423e-05
1.424353361129760742e+00,1.487037253379821733e+00,1.424373269081115723e+00,1.487057161331176713e+00,6.791419386863708496e-01,7.094845592975616011e-01,6.761854290962219238e-01,7.143741905689239280e-01,1.221420057117938995e-02,1.091517806053161552e-02,5.061441659927368164e-02,4.458729214966297011e-02,6.197478156536817551e-03,7.676005410030484026e-03,1.988262738450430334e-05,1.988262738450430334e-05
1.554406046867370605e+00,1.500294315814971968e+00,1.554425954818725586e+00,1.500314223766326949e+00,7.464123368263244629e-01,7.155922174453734907e-01,7.498437762260437012e-01,7.208829343318938765e-01,5.558051168918609619e-03,1.046320884488522937e-02,4.185835644602775574e-02,4.468622915446758548e-02,1.073356345295906067e-02,8.669724408537148735e-03,1.988629082916304469e-05,1.988629082916304469e-05
1.531111001968383789e+00,1.493450605869293124e+00,1.531130909919738770e+00,1.493470513820648105e+00,7.266053557395935059e-01,7.117196202278137651e-01,7.380485534667968750e-01,7.166054606437682883e-01,4.820181988179683685e-03,9.984724083915352474e-03,4.819571226835250854e-02,4.513094313442707339e-02,1.344110909849405289e-02,1.000984394922852481e-02,1.989045631489716470e-05,1.989045631489716470e-05
1.451326251029968262e+00,1.499981796741485685e+00,1.451346158981323242e+00,1.500001704692840665e+00,6.974536180496215820e-01,7.141498088836669700e-01,6.924670338630676270e-01,7.224579155445098877e-01,4.251364152878522873e-03,1.101457057520747150e-02,4.177782684564590454e-02,4.211273156106472293e-02,1.537638623267412186e-02,1.024678768590092659e-02,1.989498559851199389e-05,1.989498559851199389e-05
1.539566397666931152e+00,1.498522138595581144e+00,1.539586305618286133e+00,1.498542046546936124e+00,7.506088614463806152e-01,7.151091694831848145e-01,7.222806811332702637e-01,7.200753152370452659e-01,9.963777847588062286e-03,1.087232045829296043e-02,5.096148326992988586e-02,4.424354061484336853e-02,5.751585122197866440e-03,8.221800997853278767e-03,1.989432712434791028e-05,1.989432712434791028e-05
1.411431193351745605e+00,1.495159804821014404e+00,1.411451101303100586e+00,1.495179712772369385e+00,6.769318580627441406e-01,7.119385242462158425e-01,6.804913282394409180e-01,7.192900300025939497e-01,7.771657314151525497e-03,1.093575656414031913e-02,4.095711559057235718e-02,4.595847688615321835e-02,5.279254168272018433e-03,7.036994211375713348e-03,1.989224620047025383e-05,1.989224620047025383e-05
1.388560056686401367e+00,1.497958695888519376e+00,1.388579964637756348e+00,1.497978603839874356e+00,6.639843583106994629e-01,7.177845954895019087e-01,6.767992377281188965e-01,7.194037258625030073e-01,7.602642755955457687e-03,1.111064571887254715e-02,3.332881256937980652e-02,4.436337165534496446e-02,6.844960153102874756e-03,5.296365497633815159e-03,1.989188058360014111e-05,1.989188058360014111e-05
1.483886122703552246e+00,1.515473461151123136e+00,1.483906030654907227e+00,1.515493369102478116e+00,7.170531153678894043e-01,7.269349336624145730e-01,7.173461914062500000e-01,7.254785060882568137e-01,5.399321205914020538e-03,1.233236249536275898e-02,3.564406186342239380e-02,4.372423067688942233e-02,8.443300612270832062e-03,7.003450347110628908e-03,1.988609619729686528e-05,1.988609619729686528e-05
1.400836348533630371e+00,1.492625355720520020e+00,1.400856256484985352e+00,1.492645263671875000e+00,6.674212813377380371e-01,7.110084652900695579e-01,6.770738363265991211e-01,7.147999942302704079e-01,7.799546699970960617e-03,1.393520627170801232e-02,4.248898103833198547e-02,4.512126184999942780e-02,6.052874028682708740e-03,7.760391291230917150e-03,1.988336225622333586e-05,1.988336225622333586e-05
1.651942133903503418e+00,1.494188451766967685e+00,1.651962041854858398e+00,1.494208359718322665e+00,7.927542924880981445e-01,7.094057559967040794e-01,7.837722301483154297e-01,7.158655583858489768e-01,6.731889210641384125e-03,1.434990335255861317e-02,6.015374511480331421e-02,4.803505018353462080e-02,8.530039340257644653e-03,6.532203126698732550e-03,1.988344592973589897e-05,1.988344592973589897e-05
1.538942813873291016e+00,1.523432970046997070e+00,1.538962721824645996e+00,1.523452877998352051e+00,7.438928484916687012e-01,7.172657608985900657e-01,7.450848221778869629e-01,7.296342849731445312e-01,3.746839938685297966e-03,1.956386547535658021e-02,3.959442675113677979e-02,4.909450337290763994e-02,6.623894441872835159e-03,7.874499587342143753e-03,1.988860458368435502e-05,1.988860458368435502e-05
1.436047196388244629e+00,1.507536411285400391e+00,1.436067104339599609e+00,1.507556319236755371e+00,6.703312993049621582e-01,7.137683629989624023e-01,6.720246076583862305e-01,7.177825033664703147e-01,3.212106972932815552e-02,1.842672908678650787e-02,5.009121075272560120e-02,4.760853834450244626e-02,1.147890836000442505e-02,9.950261376798153617e-03,1.989019074244424701e-05,1.989019074244424701e-05
1.520044445991516113e+00,1.504679358005523770e+00,1.520064353942871094e+00,1.504699265956878751e+00,7.270617485046386719e-01,7.108019113540648970e-01,7.256789207458496094e-01,7.165003597736359087e-01,4.822301678359508514e-03,1.960577629506587982e-02,4.904167354106903076e-02,4.786413013935088973e-02,1.343986298888921738e-02,9.907166473567485809e-03,1.989581141970120370e-05,1.989581141970120370e-05
1.533715486526489258e+00,1.515436887741088867e+00,1.533735394477844238e+00,1.515456795692443848e+00,7.345198988914489746e-01,7.222591161727904829e-01,7.269586324691772461e-01,7.278539776802063210e-01,1.871015317738056183e-02,1.248676525428891147e-02,4.760614037513732910e-02,4.463984258472919464e-02,5.920748692005872726e-03,8.197170449420809746e-03,1.990005330299027264e-05,1.990005330299027264e-05
1.616315603256225586e+00,1.502236974239349321e+00,1.616335511207580566e+00,1.502256882190704301e+00,7.526474595069885254e-01,7.131340265274047630e-01,7.750131487846374512e-01,7.175453364849090354e-01,2.763889171183109283e-02,1.390132252126932179e-02,5.096965655684471130e-02,4.588187858462333679e-02,1.004646997898817062e-02,1.177440024912357330e-02,1.991191311390139163e-05,1.991191311390139163e-05
1.553968310356140137e+00,1.587569475173950195e+00,1.553988218307495117e+00,1.587589383125305176e+00,7.442714571952819824e-01,7.437169909477233665e-01,7.438258528709411621e-01,7.510438442230225053e-01,4.428834654390811920e-03,1.518197609111666610e-02,4.300637915730476379e-02,4.565594494342804094e-02,1.843573339283466339e-02,3.197072930634022037e-02,1.991320095839910209e-05,1.991320095839910209e-05
1.336637735366821289e+00,1.480753827095031783e+00,1.336657643318176270e+00,1.480773735046386763e+00,6.430504918098449707e-01,7.069985687732696089e-01,6.408375501632690430e-01,7.135512530803680420e-01,7.045153062790632248e-03,1.067283842712640762e-02,3.856443986296653748e-02,4.391607195138931552e-02,7.140083238482475281e-03,5.615086993202567101e-03,1.991544922930188477e-05,1.991544922930188477e-05
1.541483163833618164e+00,1.481932103633880615e+00,1.541503071784973145e+00,1.481952011585235596e+00,7.412388324737548828e-01,7.060452342033386453e-01,7.270016670227050781e-01,7.136712491512298140e-01,7.569761481136083603e-03,1.011011572554707492e-02,5.539806187152862549e-02,4.600196927785873274e-02,1.027480512857437134e-02,6.103512737900019039e-03,1.992303259612526745e-05,1.992303259612526745e-05
1.460085034370422363e+00,1.491554975509643555e+00,1.460104942321777344e+00,1.491574883460998535e+00,7.053266763687133789e-01,7.106999635696411577e-01,7.108069062232971191e-01,7.173731386661529319e-01,6.756181363016366959e-03,1.102356035262346337e-02,3.092140145599842072e-02,4.474547319114208221e-02,6.273703649640083313e-03,7.712866505607962261e-03,1.993294972635339946e-05,1.993294972635339946e-05
1.504747748374938965e+00,1.500204551219940230e+00,1.504767656326293945e+00,1.500224459171295210e+00,7.143025398254394531e-01,7.142309963703155073e-01,7.288058400154113770e-01,7.198165655136108398e-01,4.029303323477506638e-03,1.047948878258466755e-02,4.875197261571884155e-02,4.343908801674842973e-02,8.858147077262401581e-03,1.223841831088066066e-02,1.993420301005244255e-05,1.993420301005244255e-05
1.643103361129760742e+00,1.508750951290130704e+00,1.643123269081115723e+00,1.508770859241485685e+00,7.919112443923950195e-01,7.158497810363769753e-01,7.827920317649841309e-01,7.237419664859772173e-01,9.768784046173095703e-03,9.835060779005288731e-03,4.439742118120193481e-02,4.454641379415989061e-02,1.423393748700618744e-02,1.477773915976285900e-02,1.993403020605910569e-05,1.993403020605910569e-05
1.440588474273681641e+00,1.497262024879455478e+00,1.440608382225036621e+00,1.497281932830810458e+00,6.811273097991943359e-01,7.148072779178619163e-01,6.899626255035400391e-01,7.210295140743255837e-01,1.328738685697317123e-02,1.093503562733530964e-02,4.916752502322196960e-02,4.410358443856239596e-02,7.043644320219755173e-03,6.386602437123656620e-03,1.993743171624373645e-05,1.993743171624373645e-05
1.546823620796203613e+00,1.529905700683593661e+00,1.546843528747558594e+00,1.529925608634948642e+00,7.408506274223327637e-01,7.312953352928162065e-01,7.459430098533630371e-01,7.357969820499420388e-01,4.168781451880931854e-03,1.050138929858803784e-02,5.159141495823860168e-02,4.450827576220035831e-02,4.269793629646301270e-03,7.803712366148829113e-03,1.994221020140685141e-05,1.994221020140685141e-05
1.470079660415649414e+00,1.487993884086608931e+00,1.470099568367004395e+00,1.488013792037963912e+00,7.079813480377197266e-01,7.101780414581299050e-01,7.138056159019470215e-01,7.163729727268218772e-01,3.604342229664325714e-03,1.090020909905433689e-02,3.694673627614974976e-02,4.394483864307403842e-02,7.741562090814113617e-03,6.597811216488480221e-03,1.994298690988216549e-05,1.994298690988216549e-05
1.627952098846435547e+00,1.533937239646911532e+00,1.627972006797790527e+00,1.533957147598266513e+00,7.657922506332397461e-01,7.326061189174651878e-01,7.443510293960571289e-01,7.362398862838744895e-01,5.107051134109497070e-02,1.012812340632080962e-02,5.486182495951652527e-02,4.337223209440708299e-02,1.187660917639732361e-02,1.159091321751475404e-02,1.995162529055960476e-05,1.995162529055960476e-05
1.547987103462219238e+00,1.516848433017730757e+00,1.548007011413574219e+00,1.516868340969085738e+00,7.302039861679077148e-01,7.212988257408141646e-01,7.119467854499816895e-01,7.260618746280670388e-01,4.003063589334487915e-02,9.270244371145963322e-03,4.425631836056709290e-02,4.442914724349975725e-02,2.154938876628875732e-02,1.578832818195223878e-02,1.995389902731403708e-05,1.995389902731403708e-05
1.419133543968200684e+00,1.520786881446838379e+00,1.419153451919555664e+00,1.520806789398193359e+00,6.881992220878601074e-01,7.211253404617309348e-01,6.860179901123046875e-01,7.311390578746795876e-01,1.588257960975170135e-03,9.215844003483653415e-03,3.095207177102565765e-02,4.470491185784340044e-02,1.237590424716472626e-02,1.460176361724734376e-02,1.996394712477922440e-05,1.996394712477922440e-05
1.439820170402526855e+00,1.485489642620086759e+00,1.439840078353881836e+00,1.485509550571441739e+00,6.772415041923522949e-01,7.063081264495849609e-01,6.936187744140625000e-01,7.165486395359039751e-01,5.947510246187448502e-03,1.000115722417831490e-02,5.774768069386482239e-02,4.554462507367133817e-02,5.264610052108764648e-03,7.087108865380287344e-03,1.996446917473804206e-05,1.996446917473804206e-05
1.379647016525268555e+00,1.508727753162383944e+00,1.379666924476623535e+00,1.508747661113738925e+00,6.486940383911132812e-01,7.144560396671295610e-01,6.763396263122558594e-01,7.242454469203949419e-01,4.619967658072710037e-03,1.779397260397672792e-02,4.646426439285278320e-02,4.660625308752060214e-02,3.529042704030871391e-03,5.626072455197572535e-03,1.995848651858977973e-05,1.995848651858977973e-05
1.553558111190795898e+00,1.504461503028869718e+00,1.553578019142150879e+00,1.504481410980224698e+00,7.480890750885009766e-01,7.131219148635864480e-01,7.403472661972045898e-01,7.176159739494323286e-01,4.640054423362016678e-03,1.178143722936511074e-02,4.840629547834396362e-02,4.654483869671821594e-02,1.207537390291690826e-02,1.539734248071908916e-02,1.996258288272656500e-05,1.996258288272656500e-05
1.434171199798583984e+00,1.519192743301391646e+00,1.434191107749938965e+00,1.519212651252746626e+00,6.869491934776306152e-01,7.203595995903014915e-01,6.957818865776062012e-01,7.360833525657654031e-01,3.406973090022802353e-03,1.065705409273505141e-02,4.212893545627593994e-02,4.510643631219864169e-02,5.904165562242269516e-03,6.986310658976435835e-03,1.996680839511100203e-05,1.996680839511100203e-05
1.488915681838989258e+00,1.701220500469207808e+00,1.488935708999633789e+00,1.701240527629852339e+00,6.903195977210998535e-01,7.756973505020141602e-01,7.076056599617004395e-01,7.884363412857056108e-01,3.206261433660984039e-03,1.158920349553227425e-02,4.185023531317710876e-02,5.105712190270424167e-02,4.593399539589881897e-02,7.444051876664162237e-02,1.996982246055267751e-05,1.996982246055267751e-05
1.362870216369628906e+00,1.489494681358337402e+00,1.362890243530273438e+00,1.489514708518981934e+00,6.078564524650573730e-01,7.071592211723327637e-01,6.833921670913696289e-01,7.152826964855194536e-01,2.833659574389457703e-02,1.181797878816723789e-02,3.555424511432647705e-02,4.835155755281448503e-02,7.730690762400627136e-03,6.883213343098759478e-03,1.997290746658109128e-05,1.997290746658109128e-05
1.524577736854553223e+00,1.507072329521179199e+00,1.524597764015197754e+00,1.507092356681823730e+00,7.244461774826049805e-01,7.171587288379669411e-01,7.208221554756164551e-01,7.252398073673248513e-01,1.572384871542453766e-02,1.111700152978301048e-02,5.818511918187141418e-02,4.736354462802409848e-02,5.400392226874828339e-03,6.193247903138398951e-03,1.997553772525861859e-05,1.997553772525861859e-05
1.423984050750732422e+00,1.485974264144897417e+00,1.424004077911376953e+00,1.485994291305541948e+00,6.818690299987792969e-01,7.051859796047210693e-01,6.801523566246032715e-01,7.154087305068970171e-01,3.746808972209692001e-03,1.108821956440806354e-02,5.046663060784339905e-02,4.771849215030669888e-02,7.749110925942659378e-03,6.572836544364690781e-03,1.998595507757272571e-05,1.998595507757272571e-05
1.446028828620910645e+00,1.486581325531005859e+00,1.446048855781555176e+00,1.486601352691650391e+00,6.855109930038452148e-01,7.048262536525726762e-01,6.895468235015869141e-01,7.146300017833709939e-01,2.189887501299381256e-02,1.164769260212778976e-02,4.043967649340629578e-02,4.746936112642288069e-02,8.632383309304714203e-03,8.008027542382478367e-03,1.998676088987849653e-05,1.998676088987849653e-05
1.482283592224121094e+00,1.484200489521026567e+00,1.482303619384765625e+00,1.484220516681671098e+00,7.097000479698181152e-01,7.061789810657501665e-01,7.124440670013427734e-01,7.155664443969727007e-01,5.287766922265291214e-03,1.109042186290025780e-02,4.795190691947937012e-02,4.414789229631423811e-02,6.899665575474500656e-03,7.216741051524877722e-03,1.999438063648995012e-05,1.999438063648995012e-05
1.520372867584228516e+00,1.525232470035553067e+00,1.520392894744873047e+00,1.525252497196197599e+00,7.377856373786926270e-01,7.262565851211547630e-01,7.342667579650878906e-01,7.347246825695037398e-01,4.859219305217266083e-03,1.103511489927768742e-02,3.683510422706604004e-02,4.244380742311477939e-02,6.626239977777004242e-03,1.077232025563716958e-02,1.999444793909788132e-05,1.999444793909788132e-05
1.535950064659118652e+00,1.526946938037872403e+00,1.535970091819763184e+00,1.526966965198516935e+00,7.304206490516662598e-01,7.231431186199188677e-01,7.330400943756103516e-01,7.294344127178191695e-01,7.136003579944372177e-03,1.055483203381299938e-02,5.048982426524162292e-02,4.318879507482051988e-02,1.486359629780054092e-02,2.062578722834586958e-02,1.998269362957216799e-05,1.998269362957216799e-05
1.598771929740905762e+00,1.555515158176422164e+00,1.598791956901550293e+00,1.555535185337066695e+00,7.537202835083007812e-01,7.277600526809692161e-01,7.608789205551147461e-01,7.376811325550078902e-01,7.908946834504604340e-03,1.118818158283829689e-02,3.860814124345779419e-02,4.568454474210738997e-02,3.765563666820526123e-02,3.320126160979271213e-02,1.998144580284133554e-05,1.998144580284133554e-05
1.589815497398376465e+00,1.677168548107147217e+00,1.589835524559020996e+00,1.677188575267791748e+00,7.262200117111206055e-01,7.700062811374663863e-01,7.630070447921752930e-01,8.037400662899016890e-01,4.359714221209287643e-03,1.188906077295541833e-02,6.782462447881698608e-02,5.424006171524524411e-02,2.840414643287658691e-02,3.729310594499111314e-02,1.997424806177150458e-05,1.997424806177150458e-05
1.745649218559265137e+00,1.824320828914642423e+00,1.745669245719909668e+00,1.824340856075286954e+00,7.908592820167541504e-01,8.208103477954864502e-01,7.615727782249450684e-01,8.293309330940246138e-01,3.482767567038536072e-02,1.191772688180208276e-02,5.732704699039459229e-02,5.165646597743034363e-02,1.010624319314956665e-01,1.106053531169891302e-01,1.998174775508232415e-05,1.998174775508232415e-05
1.453526377677917480e+00,1.703416860103607267e+00,1.453546404838562012e+00,1.703436887264251798e+00,6.754278540611267090e-01,7.769776403903960738e-01,6.914554834365844727e-01,8.008029937744141069e-01,3.961079753935337067e-03,1.247227825224399636e-02,5.353986099362373352e-02,5.795727223157882968e-02,2.914218977093696594e-02,5.520668104290962080e-02,1.998470906983129680e-05,1.998470906983129680e-05
1.548063278198242188e+00,1.495933747291565030e+00,1.548083305358886719e+00,1.495953774452209561e+00,7.387527823448181152e-01,7.080055475234985352e-01,7.339854240417480469e-01,7.147380590438843218e-01,1.056899037212133408e-02,1.310918489471077884e-02,5.922670289874076843e-02,5.299492403864860396e-02,5.529242567718029022e-03,7.086020754650234829e-03,1.998979496420361102e-05,1.998979496420361102e-05
1.419072508811950684e+00,1.497743344306945890e+00,1.419092535972595215e+00,1.497763371467590421e+00,6.680365204811096191e-01,7.121253848075866921e-01,6.782983541488647461e-01,7.164748549461364968e-01,5.422436632215976715e-03,1.194739080965518882e-02,6.065407395362854004e-02,5.094390101730823794e-02,6.661090068519115448e-03,6.251795543357729565e-03,1.998446532525122166e-05,1.998446532525122166e-05
1.489349246025085449e+00,1.525515472888946622e+00,1.489369273185729980e+00,1.525535500049591153e+00,7.002100944519042969e-01,7.097977042198181374e-01,7.241750955581665039e-01,7.450146675109863281e-01,4.662519786506891251e-03,1.137200426310300792e-02,5.422278493642807007e-02,5.225385278463363925e-02,6.078758276998996735e-03,7.077270420268177986e-03,1.998370862565934658e-05,1.998370862565934658e-05
1.444244384765625000e+00,1.528440916538238437e+00,1.444264411926269531e+00,1.528460943698882968e+00,6.870748996734619141e-01,7.223220229148864524e-01,6.908609271049499512e-01,7.328077852725982666e-01,4.025644157081842422e-03,1.385267088189721073e-02,5.719177052378654480e-02,5.348222441971302310e-02,5.091082304716110229e-03,5.976176122203469276e-03,1.997430263145361096e-05,1.997430263145361096e-05
1.525348424911499023e+00,1.506563293933868453e+00,1.525368452072143555e+00,1.506583321094512984e+00,7.399089932441711426e-01,7.207875072956084761e-01,7.275331616401672363e-01,7.243095099925994651e-01,6.886974908411502838e-03,8.287434792146086346e-03,4.499545693397521973e-02,4.742636606097221097e-02,6.023872178047895432e-03,5.752456188201904123e-03,1.997808067244477570e-05,1.997808067244477570e-05
1.591817855834960938e+00,1.520238161087036133e+00,1.591837882995605469e+00,1.520258188247680664e+00,7.804266214370727539e-01,7.268273890018462913e-01,7.554049491882324219e-01,7.312126040458679643e-01,7.556001190096139908e-03,8.097928017377853394e-03,3.804541751742362976e-02,4.729378335177898685e-02,1.038486976176500320e-02,6.806468171998858278e-03,1.997827712330035865e-05,1.997827712330035865e-05
1.536815524101257324e+00,1.520442879199981778e+00,1.536835551261901855e+00,1.520462906360626310e+00,7.310498356819152832e-01,7.207618296146393044e-01,7.221710681915283203e-01,7.295994877815246138e-01,7.789307273924350739e-03,9.305595885962247849e-03,6.805409491062164307e-02,4.930248484015464783e-02,7.751394063234329224e-03,1.147349793463945354e-02,1.998342850129120052e-05,1.998342850129120052e-05
1.392237782478332520e+00,1.568450558185577437e+00,1.392257809638977051e+00,1.568470585346221968e+00,6.571855545043945312e-01,7.466479361057281050e-01,6.671932339668273926e-01,7.555970609188079612e-01,7.758137304335832596e-03,1.139034051448106766e-02,5.439714714884757996e-02,4.909714423120022098e-02,5.703823640942573547e-03,5.718096857890486717e-03,1.997996514546684921e-05,1.997996514546684921e-05
1.569634437561035156e+00,1.566292893886566118e+00,1.569654464721679688e+00,1.566312921047210649e+00,7.490449547767639160e-01,7.469448864459991011e-01,7.586801052093505859e-01,7.501325547695160134e-01,1.172670908272266388e-02,1.134734610095620121e-02,4.096737504005432129e-02,4.965415894985199252e-02,9.215381927788257599e-03,8.213912323117255471e-03,1.997643266804516315e-05,1.997643266804516315e-05
1.400760650634765625e+00,1.499307870864868164e+00,1.400780677795410156e+00,1.499327898025512695e+00,6.700940132141113281e-01,7.129524946212768555e-01,6.787760853767395020e-01,7.187147438526153564e-01,3.123282222077250481e-03,1.207758672535419464e-02,4.189665243029594421e-02,4.945498034358024320e-02,6.870674900710582733e-03,6.108087534084915941e-03,1.998240441025700420e-05,1.998240441025700420e-05
1.561067938804626465e+00,1.503299057483673096e+00,1.561087965965270996e+00,1.503319084644317627e+00,7.333883643150329590e-01,7.121754109859466109e-01,7.306410074234008789e-01,7.183836281299591509e-01,3.293300047516822815e-02,1.443144623190164601e-02,5.770108103752136230e-02,5.165277495980262479e-02,6.404504645615816116e-03,6.655765511095523661e-03,1.998340121645014733e-05,1.998340121645014733e-05
1.431184530258178711e+00,1.482864236831665128e+00,1.431204557418823242e+00,1.482884263992309659e+00,6.818662285804748535e-01,7.044608414173125777e-01,6.788915991783142090e-01,7.096591949462890403e-01,5.887806415557861328e-03,1.230467893183231388e-02,5.899700894951820374e-02,4.905483759939670285e-02,5.541934631764888763e-03,7.384697115048766483e-03,1.998916377488058060e-05,1.998916377488058060e-05
1.344411849975585938e+00,1.504243266582488969e+00,1.344431877136230469e+00,1.504263293743133501e+00,6.486822962760925293e-01,7.140582263469695823e-01,6.490133404731750488e-01,7.212026059627533181e-01,3.962209913879632950e-03,1.242485512048006023e-02,3.621935844421386719e-02,4.792107120156288008e-02,6.534714251756668091e-03,8.636519033461808464e-03,1.999149390030652285e-05,1.999149390030652285e-05
1.407904028892517090e+00,1.569666433334350630e+00,1.407924056053161621e+00,1.569686460494995162e+00,6.723417639732360840e-01,7.346784830093383567e-01,6.921843886375427246e-01,7.489190161228179710e-01,2.766151446849107742e-03,1.361265052109956672e-02,2.562185376882553101e-02,4.827588349580765048e-02,1.498981192708015442e-02,2.418044917285442491e-02,1.999772212002426386e-05,1.999772212002426386e-05
1.533319354057312012e+00,1.536825644969940230e+00,1.533339381217956543e+00,1.536845672130584761e+00,7.459620237350463867e-01,7.210033178329467995e-01,7.233873605728149414e-01,7.380706369876861572e-01,4.655675031244754791e-03,1.033285306766629219e-02,4.138084128499031067e-02,5.033364966511726102e-02,1.793335936963558197e-02,1.708521563559770723e-02,2.000558197323698550e-05,2.000558197323698550e-05
1.408246040344238281e+00,1.521587657928466841e+00,1.408266067504882812e+00,1.521607685089111373e+00,6.652847528457641602e-01,7.167080879211426003e-01,6.764149665832519531e-01,7.311816632747649702e-01,4.755181726068258286e-03,9.893684927374125221e-03,5.079569667577743530e-02,4.916190542280673981e-02,1.099550444632768631e-02,1.464230976998806034e-02,2.001562643272336572e-05,2.001562643272336572e-05
1.439786791801452637e+00,1.489045488834381148e+00,1.439806818962097168e+00,1.489065515995025679e+00,6.922513842582702637e-01,7.060844719409942183e-01,6.900202035903930664e-01,7.154778063297271284e-01,1.167783234268426895e-02,1.062401849776506424e-02,3.358166292309761047e-02,4.742427282035351077e-02,1.225579157471656799e-02,9.434907604008913387e-03,2.001553002628497779e-05,2.001553002628497779e-05
1.652419924736022949e+00,1.486393070220947354e+00,1.652439951896667480e+00,1.486413097381591886e+00,7.841687798500061035e-01,7.057882666587829146e-01,7.923885583877563477e-01,7.140656352043152078e-01,7.446906995028257370e-03,1.145577942952513695e-02,5.993039160966873169e-02,4.702110774815082550e-02,8.485195226967334747e-03,8.062293799594045379e-03,2.001146458496805280e-05,2.001146458496805280e-05
1.538673520088195801e+00,1.515280961990356445e+00,1.538693547248840332e+00,1.515300989151000977e+00,7.396695613861083984e-01,7.171473085880279985e-01,7.320651412010192871e-01,7.252959012985229492e-01,3.980459645390510559e-03,1.265739724040031502e-02,5.563127249479293823e-02,4.823406934738159318e-02,7.326903287321329117e-03,1.194632751867175102e-02,2.001662687689531595e-05,2.001662687689531595e-05
1.433650493621826172e+00,1.498617196083068759e+00,1.433670520782470703e+00,1.498637223243713290e+00,6.897844076156616211e-01,7.120254158973693404e-01,6.792405843734741211e-01,7.197293043136596680e-01,1.301232818514108658e-02,1.060662036761641537e-02,4.478173702955245972e-02,4.815999008715152879e-02,6.831528153270483017e-03,8.095859503373502991e-03,2.002105611609295011e-05,2.002105611609295011e-05
1.516942143440246582e+00,1.474354672431945845e+00,1.516962170600891113e+00,1.474374699592590376e+00,7.324351072311401367e-01,7.016215682029723899e-01,7.314420342445373535e-01,7.082402944564819558e-01,4.578880500048398972e-03,1.063087135553359916e-02,4.013301804661750793e-02,4.659984745085239688e-02,8.353166282176971436e-03,7.262073270976543253e-03,2.003192275878973305e-05,2.003192275878973305e-05
1.570408701896667480e+00,1.484561777114868253e+00,1.570428729057312012e+00,1.484581804275512784e+00,7.496589422225952148e-01,7.034923374652862771e-01,7.512948513031005859e-01,7.180475413799285445e-01,6.422018166631460190e-03,1.046815505251288449e-02,5.694719403982162476e-02,4.661163128912448883e-02,6.085585337132215500e-03,5.942081427201628338e-03,2.003513327508699149e-05,2.003513327508699149e-05
1.392019033432006836e+00,1.481728613376617432e+00,1.392039060592651367e+00,1.481748640537261963e+00,6.563090682029724121e-01,7.059117138385773149e-01,6.717275381088256836e-01,7.133653700351715310e-01,1.774821244180202484e-02,1.036537596955895355e-02,4.065856337547302246e-02,4.558288641273975511e-02,5.575655028223991394e-03,6.503237411379814148e-03,2.003313784371130168e-05,2.003313784371130168e-05
1.414316058158874512e+00,1.488807618618011475e+00,1.414336085319519043e+00,1.488827645778656006e+00,6.830353140830993652e-01,7.103705763816833274e-01,6.806937456130981445e-01,7.129757523536681685e-01,4.608795978128910065e-03,1.140234274789691041e-02,3.873293101787567139e-02,4.681511819362640242e-02,7.245401386171579361e-03,7.243797369301319296e-03,2.002775545406620950e-05,2.002775545406620950e-05
1.459705114364624023e+00,1.491834998130798340e+00,1.459725141525268555e+00,1.491855025291442871e+00,7.038698196411132812e-01,7.082781493663787842e-01,7.030132412910461426e-01,7.167651653289794922e-01,2.889817580580711365e-03,1.155652813613414730e-02,3.985887393355369568e-02,4.636238217353820523e-02,1.007337216287851334e-02,8.872762601822615364e-03,2.003444024012424052e-05,2.003444024012424052e-05
1.445168852806091309e+00,1.529578590393066317e+00,1.445188879966735840e+00,1.529598617553710849e+00,6.885809898376464844e-01,7.251088023185729980e-01,6.956996917724609375e-01,7.304372012615203413e-01,3.269284963607788086e-03,1.205367418006062473e-02,3.843768313527107239e-02,4.671056792140006880e-02,1.918109692633152008e-02,1.526834247633814846e-02,2.004825000767596066e-05,2.004825000767596066e-05
1.390188574790954590e+00,1.483161222934722856e+00,1.390208601951599121e+00,1.483181250095367387e+00,6.664425730705261230e-01,7.056387782096862349e-01,6.661180853843688965e-01,7.108520984649657759e-01,4.290709272027015686e-03,1.331575810909271275e-02,4.391948506236076355e-02,4.671599976718425473e-02,9.417721070349216461e-03,6.638534041121602405e-03,2.005667920457199216e-05,2.005667920457199216e-05
1.439280629158020020e+00,1.509368395805358976e+00,1.439300656318664551e+00,1.509388422966003507e+00,6.831800341606140137e-01,7.140957772731780784e-01,6.820680499076843262e-01,7.243797838687896506e-01,1.392953097820281982e-02,1.273744804784655502e-02,5.038444325327873230e-02,4.885952509939670702e-02,9.718687273561954498e-03,9.295863006263971676e-03,2.005389615078456700e-05,2.005389615078456700e-05
1.350598573684692383e+00,1.497075641155242831e+00,1.350618600845336914e+00,1.497095668315887362e+00,6.514837741851806641e-01,7.086091399192809837e-01,6.475737690925598145e-01,7.178173899650573953e-01,4.543303977698087692e-03,1.311469133943319286e-02,4.050414636731147766e-02,4.973268918693065505e-02,6.493727210909128189e-03,7.801762316375970840e-03,2.005324859055690467e-05,2.005324859055690467e-05
1.474980115890502930e+00,1.522201991081237882e+00,1.475000143051147461e+00,1.522222018241882413e+00,7.000676393508911133e-01,7.173780679702759233e-01,7.069246768951416016e-01,7.267554283142090288e-01,7.123630028218030930e-03,1.443326193839311600e-02,4.920076951384544373e-02,4.861550740897655626e-02,1.166349183768033981e-02,1.501972693949937820e-02,2.005654641834553331e-05,2.005654641834553331e-05
1.448705673217773438e+00,1.499589729309082076e+00,1.448725700378417969e+00,1.499609756469726607e+00,6.981520056724548340e-01,7.114482641220092329e-01,6.815002560615539551e-01,7.208520472049713135e-01,5.605677608400583267e-03,1.218264242634177139e-02,5.375209078192710876e-02,4.725182391703128953e-02,9.695594199001789093e-03,7.854942791163921009e-03,2.006119757425040007e-05,2.006119757425040007e-05
1.420087218284606934e+00,1.483506977558135986e+00,1.420107245445251465e+00,1.483527004718780518e+00,6.739872694015502930e-01,7.062717854976654497e-01,6.876457929611206055e-01,7.138648629188537598e-01,6.667313631623983383e-03,1.138664940372109344e-02,4.539614915847778320e-02,4.624533988535404344e-02,6.390746682882308960e-03,5.738309957087040294e-03,2.007280818361323327e-05,2.007280818361323327e-05
1.522247791290283203e+00,1.486858546733856201e+00,1.522267818450927734e+00,1.486878573894500732e+00,7.272858619689941406e-01,7.069646656513214333e-01,7.259112596511840820e-01,7.134265184402466264e-01,4.120924510061740875e-03,1.059868214651942323e-02,5.425681173801422119e-02,4.612079709768295011e-02,1.067287568002939224e-02,9.747882187366486290e-03,2.007712646445725113e-05,2.007712646445725113e-05
1.505493283271789551e+00,1.482180297374725342e+00,1.505513310432434082e+00,1.482200324535369873e+00,7.198246121406555176e-01,7.037465453147888628e-01,7.266815304756164551e-01,7.121536016464233843e-01,6.517210043966770172e-03,1.235888628289103473e-02,4.671777412295341492e-02,4.640707932412624359e-02,5.752249620854854584e-03,7.514203572645783771e-03,2.008611409110017121e-05,2.008611409110017121e-05
1.452813148498535156e+00,1.511858725547790439e+00,1.452833175659179688e+00,1.511878752708434970e+00,6.875557899475097656e-01,7.140814840793610063e-01,6.852888464927673340e-01,7.207749783992767334e-01,2.185552008450031281e-02,1.389113478362560307e-02,4.164300858974456787e-02,4.563647732138633589e-02,1.646991260349750519e-02,1.747463736683130264e-02,2.008018964261282235e-05,2.008018964261282235e-05
1.528771996498107910e+00,1.481967759132385209e+00,1.528792142868041992e+00,1.481987905502319292e+00,7.329609990119934082e-01,7.056711256504059060e-01,7.356060147285461426e-01,7.112558484077453613e-01,3.516092896461486816e-03,1.227288758382201125e-02,5.050781741738319397e-02,4.520767666399479190e-02,6.181159988045692444e-03,7.560259709134697741e-03,2.009470881603192538e-05,2.009470881603192538e-05
1.485488295555114746e+00,1.482117414474487305e+00,1.485508441925048828e+00,1.482137560844421387e+00,6.971887350082397461e-01,7.080755829811096191e-01,7.160562872886657715e-01,7.120992183685302956e-01,2.925013564527034760e-02,1.055394848808646237e-02,3.603865951299667358e-02,4.488403461873531619e-02,6.954506970942020416e-03,6.504624336957931692e-03,2.011029209825210273e-05,2.011029209825210273e-05
1.508109331130981445e+00,1.483297467231750488e+00,1.508129477500915527e+00,1.483317613601684570e+00,7.329797148704528809e-01,7.080123722553253174e-01,7.006787061691284180e-01,7.137454807758331077e-01,3.095981851220130920e-02,9.581441152840852390e-03,3.563454747200012207e-02,4.293559901416301589e-02,7.856557145714759827e-03,9.022592008113861431e-03,2.011597644013818353e-05,2.011597644013818353e-05
1.570290803909301758e+00,1.571870052814483554e+00,1.570310950279235840e+00,1.571890199184417636e+00,7.122995257377624512e-01,7.377072274684906006e-01,7.400225996971130371e-01,7.491709172725677934e-01,2.328738570213317871e-02,1.096288235858082841e-02,5.193257331848144531e-02,4.373930022120475769e-02,4.274870827794075012e-02,3.028974849730730126e-02,2.012348340940661728e-05,2.012348340940661728e-05
1.619566321372985840e+00,1.491220271587371915e+00,1.619586467742919922e+00,1.491240417957305997e+00,7.915015816688537598e-01,7.110527038574219194e-01,7.680625915527343750e-01,7.155628263950347678e-01,6.297136191278696060e-03,1.098550371825695107e-02,4.631713032722473145e-02,4.540365189313888550e-02,7.388014346361160278e-03,8.215624000877141606e-03,2.012415279750712216e-05,2.012415279750712216e-05
1.583005785942077637e+00,1.484991145133972124e+00,1.583025932312011719e+00,1.485011291503906206e+00,7.063614130020141602e-01,7.053111314773559126e-01,8.058425784111022949e-01,7.127915143966674361e-01,1.782673038542270660e-02,1.173977144062519039e-02,4.416343197226524353e-02,4.694073125720023970e-02,8.811699226498603821e-03,8.207987202331424106e-03,2.012192635447718203e-05,2.012192635447718203e-05
1.556943655014038086e+00,1.494017004966735840e+00,1.556963801383972168e+00,1.494037151336669922e+00,7.394323348999023438e-01,7.121653318405151145e-01,7.507670521736145020e-01,7.175204038619995561e-01,1.616646535694599152e-02,1.118481503799557616e-02,4.569477960467338562e-02,4.613970108330249509e-02,4.883067682385444641e-03,7.006707973778248180e-03,2.012769255088642240e-05,2.012769255088642240e-05
1.332089304924011230e+00,1.505059373378753618e+00,1.332109451293945312e+00,1.505079519748687700e+00,6.220640540122985840e-01,7.155924975872040017e-01,6.527922153472900391e-01,7.243380606174468772e-01,6.274981424212455750e-03,1.109498050063848461e-02,4.577650874853134155e-02,4.758628346025943479e-02,5.181553307920694351e-03,6.447556056082248341e-03,2.012044205912388861e-05,2.012044205912388861e-05
1.349740982055664062e+00,1.503239619731903121e+00,1.349761128425598145e+00,1.503259766101837203e+00,6.383787393569946289e-01,7.140520870685577171e-01,6.350640654563903809e-01,7.237046241760254350e-01,1.282632537186145782e-02,1.102373879402875935e-02,5.283390358090400696e-02,4.684731550514698029e-02,1.063798554241657257e-02,7.611840218305587942e-03,2.011274773394688964e-05,2.011274773394688964e-05
1.551023364067077637e+00,1.500386142730712802e+00,1.551043510437011719e+00,1.500406289100646884e+00,7.499127388000488281e-01,7.123790264129639116e-01,7.162278890609741211e-01,7.200684428215027300e-01,3.156851977109909058e-02,1.171560250222682988e-02,4.432343319058418274e-02,4.681790359318256656e-02,8.990724571049213409e-03,9.405162744224071156e-03,2.011776996369007975e-05,2.011776996369007975e-05
1.469531893730163574e+00,1.500128412246704013e+00,1.469552040100097656e+00,1.500148558616638095e+00,6.960153579711914062e-01,7.103661656379699485e-01,7.146791219711303711e-01,7.241911411285399947e-01,7.640522439032793045e-03,1.045883204787969624e-02,4.398497566580772400e-02,4.683433771133423129e-02,7.211887743324041367e-03,8.277965616434812893e-03,2.012747063417918980e-05,2.012747063417918980e-05
1.484166502952575684e+00,1.482671332359313920e+00,1.484186649322509766e+00,1.482691478729248002e+00,7.099565267562866211e-01,7.046012341976165549e-01,7.165721058845520020e-01,7.134643971920013872e-01,5.864225327968597412e-03,1.025464320555329392e-02,4.461847990751266479e-02,4.746441319584846635e-02,7.155014201998710632e-03,6.886624405160546650e-03,2.013307312154211104e-05,2.013307312154211104e-05
1.421819925308227539e+00,1.483874797821044922e+00,1.421840071678161621e+00,1.483894944190979004e+00,6.714431643486022949e-01,7.036486625671386497e-01,7.001842260360717773e-01,7.143640875816344993e-01,4.455963149666786194e-03,1.190809635445475544e-02,3.769251704216003418e-02,4.667291790246963501e-02,8.044181391596794128e-03,7.281003333628177469e-03,2.014187339227646589e-05,2.014187339227646589e-05
1.518094062805175781e+00,1.518074309825897306e+00,1.518114209175109863e+00,1.518094456195831388e+00,7.277722358703613281e-01,7.187214255332946555e-01,7.206140160560607910e-01,7.265194594860077126e-01,6.141075398772954941e-03,1.260943626984953846e-02,5.372799560427665710e-02,4.706504344940185686e-02,9.838770143687725067e-03,1.315895477309823001e-02,2.015041536651551723e-05,2.015041536651551723e-05
1.588061809539794922e+00,1.508132696151733398e+00,1.588081955909729004e+00,1.508152842521667480e+00,7.569538950920104980e-01,7.178481936454772505e-01,7.713671922683715820e-01,7.240744054317473921e-01,4.882780369371175766e-03,1.267517125234007835e-02,4.970322921872138977e-02,4.726619236171245714e-02,5.154770333319902420e-03,6.268721213564277042e-03,2.014303390751592815e-05,2.014303390751592815e-05
1.375510215759277344e+00,1.486940324306488037e+00,1.375530362129211426e+00,1.486960470676422119e+00,6.622132062911987305e-01,7.055945336818695290e-01,6.562537550926208496e-01,7.116329848766327348e-01,5.822753999382257462e-03,1.287399102002382244e-02,4.221851751208305359e-02,4.535281658172607422e-02,9.002027101814746857e-03,1.148600922897458076e-02,2.014613528444897383e-05,2.014613528444897383e-05
1.584623336791992188e+00,1.490551996231079146e+00,1.584643483161926270e+00,1.490572142601013228e+00,7.724697589874267578e-01,7.067677438259124534e-01,7.403736710548400879e-01,7.131663978099822554e-01,2.030835859477519989e-02,1.225751368328928913e-02,3.961933404207229614e-02,4.585270136594772616e-02,1.185230165719985962e-02,1.250757211819291184e-02,2.014816527662333101e-05,2.014816527662333101e-05
1.443399190902709961e+00,1.517393136024475009e+00,1.443419337272644043e+00,1.517413282394409091e+00,6.972560286521911621e-01,7.137446463108062522e-01,6.767186522483825684e-01,7.235093951225280984e-01,3.665075870230793953e-03,1.227461835369467701e-02,4.829663783311843872e-02,4.632238000631332120e-02,1.746279001235961914e-02,2.154210377484560082e-02,2.014903293456882238e-05,2.014903293456882238e-05
1.609631061553955078e+00,1.497292482852935702e+00,1.609651207923889160e+00,1.497312629222869784e+00,7.205015420913696289e-01,7.093616425991058350e-01,7.923486232757568359e-01,7.236371874809265359e-01,4.713428020477294922e-02,1.197606083005666767e-02,4.207645729184150696e-02,4.642348438501357755e-02,7.570198737084865570e-03,5.894133448600768696e-03,2.015752943407278508e-05,2.015752943407278508e-05
1.492641448974609375e+00,1.488626289367675826e+00,1.492661595344543457e+00,1.488646435737609908e+00,7.066916823387145996e-01,7.093215167522430864e-01,7.089027166366577148e-01,7.118399083614349587e-01,1.290855277329683304e-02,1.155635751783847844e-02,5.311758443713188171e-02,4.591288007795810838e-02,1.102089136838912964e-02,9.995636995881795883e-03,2.015360405493993312e-05,2.015360405493993312e-05
1.658798217773437500e+00,1.520109713077545166e+00,1.658818364143371582e+00,1.520129859447479248e+00,8.010872006416320801e-01,7.242630362510681374e-01,7.852668762207031250e-01,7.295489668846130149e-01,5.428325850516557693e-03,1.421211576089262928e-02,6.024404242634773254e-02,4.516193754971027652e-02,6.771768908947706223e-03,6.923688948154449810e-03,2.014575147768482566e-05,2.014575147768482566e-05
1.382069706916809082e+00,1.494565486907958984e+00,1.382089853286743164e+00,1.494585633277893066e+00,6.574710011482238770e-01,7.082199513912200706e-01,6.731393933296203613e-01,7.157991290092468040e-01,2.476904308423399925e-03,1.187543482519686291e-02,4.105697572231292725e-02,4.716129191219806810e-02,7.925407961010932922e-03,1.150969993323087623e-02,2.014880919887218624e-05,2.014880919887218624e-05
1.420084357261657715e+00,1.471879112720489546e+00,1.420104503631591797e+00,1.471899259090423628e+00,6.763530969619750977e-01,6.997569084167480913e-01,6.882150769233703613e-01,7.071263313293456587e-01,5.548952147364616394e-03,1.191262672655284474e-02,4.383540526032447815e-02,4.537805318832397600e-02,6.131744943559169769e-03,7.705179648473859180e-03,2.015349491557572037e-05,2.015349491557572037e-05
1.675323963165283203e+00,1.500195634365081743e+00,1.675344109535217285e+00,1.500215780735015825e+00,7.462891936302185059e-01,7.127063155174255815e-01,8.168787360191345215e-01,7.192121922969818559e-01,4.863949492573738098e-02,1.173313488252460991e-02,5.099223554134368896e-02,4.601524434983730177e-02,1.252420246601104736e-02,1.052876124158501694e-02,2.016371581703424454e-05,2.016371581703424454e-05
1.348073840141296387e+00,1.493976521492004439e+00,1.348093986511230469e+00,1.493996667861938521e+00,6.422036886215209961e-01,7.093970537185668723e-01,6.477988958358764648e-01,7.197014927864074929e-01,2.874747850000858307e-03,1.348747471347451141e-02,4.809103161096572876e-02,4.415400139987468719e-02,7.105432450771331787e-03,7.236499711871147503e-03,2.015887548623140901e-05,2.015887548623140901e-05
1.670967578887939453e+00,1.490103268623351962e+00,1.670987725257873535e+00,1.490123414993286044e+00,7.877390384674072266e-01,7.100472092628479226e-01,7.565271854400634766e-01,7.143853068351745383e-01,5.862929672002792358e-02,1.413233494386076892e-02,5.994638800621032715e-02,4.475139155983924588e-02,8.125705644488334656e-03,6.787035660818219011e-03,2.016104554058983922e-05,2.016104554058983922e-05
1.438390970230102539e+00,1.476526784896850630e+00,1.438411116600036621e+00,1.476546931266784712e+00,6.828161478042602539e-01,7.034961581230163574e-01,7.033421397209167480e-01,7.081874907016754150e-01,2.814894309267401695e-03,1.383137702941894531e-02,4.291851446032524109e-02,4.528359137475490570e-02,6.499262992292642593e-03,5.728148249909281384e-03,2.017763836192898452e-05,2.017763836192898452e-05
1.454595446586608887e+00,1.487390661239623935e+00,1.454615592956542969e+00,1.487410807609558017e+00,7.052691578865051270e-01,7.109139621257781760e-01,6.967053413391113281e-01,7.144578456878661887e-01,6.961068138480186462e-03,1.315673626959323883e-02,4.041052237153053284e-02,4.337304010987282077e-02,5.249344743788242340e-03,5.489044636487960642e-03,2.018280247284565121e-05,2.018280247284565121e-05
1.528846621513366699e+00,1.501048934459686235e+00,1.528866767883300781e+00,1.501069080829620317e+00,7.351205945014953613e-01,7.084710478782654253e-01,7.333652973175048828e-01,7.218843698501586914e-01,8.330000564455986023e-03,1.298617506399750779e-02,4.255076125264167786e-02,4.423935525119304657e-02,9.479950182139873505e-03,1.346799926832318271e-02,2.018384475377388299e-05,2.018384475377388299e-05
1.498418450355529785e+00,1.503374707698821977e+00,1.498438596725463867e+00,1.503394854068756059e+00,7.314721941947937012e-01,7.115500926971435325e-01,7.158971428871154785e-01,7.268688380718231201e-01,6.846996489912271500e-03,1.263205269351601670e-02,3.732259199023246765e-02,4.445096887648105483e-02,6.879479158669710159e-03,7.872750982642173767e-03,2.017912629526108503e-05,2.017912629526108503e-05
1.493847131729125977e+00,1.499590253829956144e+00,1.493867278099060059e+00,1.499610400199890226e+00,7.127165198326110840e-01,7.146763145923614724e-01,7.123208045959472656e-01,7.212944328784942627e-01,6.009438540786504745e-03,1.341447392478585174e-02,5.180958285927772522e-02,4.195804260671139041e-02,1.099069416522979736e-02,8.247002586722373615e-03,2.017183214775286615e-05,2.017183214775286615e-05
1.372678875923156738e+00,1.483103418350219638e+00,1.372699022293090820e+00,1.483123564720153720e+00,6.602306962013244629e-01,7.071062982082366721e-01,6.623564958572387695e-01,7.143858075141906738e-01,2.440511481836438179e-03,1.137982467189431121e-02,4.088691622018814087e-02,4.326327033340930661e-02,6.764294579625129700e-03,6.968177249655127178e-03,2.017934639297891408e-05,2.017934639297891408e-05
1.393393397331237793e+00,1.519778859615325883e+00,1.393413543701171875e+00,1.519799005985259965e+00,6.631467938423156738e-01,7.195868670940399614e-01,6.644555926322937012e-01,7.229201316833495650e-01,4.008748102933168411e-03,1.184691321104764869e-02,3.527535498142242432e-02,4.369459636509418626e-02,2.650691755115985870e-02,2.173034511506557326e-02,2.017938095377758145e-05,2.017938095377758145e-05
1.460528969764709473e+00,1.503677904605865479e+00,1.460549116134643555e+00,1.503698050975799561e+00,7.037300467491149902e-01,7.153521120548248513e-01,7.013928890228271484e-01,7.228744626045227051e-01,6.588657852262258530e-03,1.314398087561130524e-02,3.927747905254364014e-02,4.250253699719905992e-02,9.539848193526268005e-03,9.804784227162599911e-03,2.019324347202200443e-05,2.019324347202200443e-05
1.552614450454711914e+00,1.536108434200286865e+00,1.552634596824645996e+00,1.536128580570220947e+00,7.460048198699951172e-01,7.271786749362945113e-01,7.410882711410522461e-01,7.387105405330658403e-01,7.826141081750392914e-03,1.129627190530300106e-02,4.905350506305694580e-02,4.385527074337005476e-02,8.641668595373630524e-03,1.506763920187950169e-02,2.019703606492839754e-05,2.019703606492839754e-05
1.350922822952270508e+00,1.502867007255554110e+00,1.350942969322204590e+00,1.502887153625488192e+00,6.443952918052673340e-01,7.125833213329315630e-01,6.548900008201599121e-01,7.220525264739989790e-01,2.928573405370116234e-03,1.163050457835197379e-02,3.367103263735771179e-02,4.509589746594429294e-02,1.503793429583311081e-02,1.150475526228547131e-02,2.019115891016554087e-05,2.019115891016554087e-05
1.470247864723205566e+00,1.501548027992248624e+00,1.470268011093139648e+00,1.501568174362182706e+00,6.862221360206604004e-01,7.109027087688446489e-01,7.106367349624633789e-01,7.184368193149566206e-01,1.360279973596334457e-02,1.319636655971407821e-02,5.066886171698570251e-02,4.428642652928829054e-02,9.117248468101024628e-03,1.472570532932877471e-02,2.018773011513985693e-05,2.018773011513985693e-05
1.461947560310363770e+00,1.491118061542511031e+00,1.461967706680297852e+00,1.491138207912445113e+00,6.948552131652832031e-01,7.069968223571777566e-01,7.095645070075988770e-01,7.147673130035400169e-01,6.935888435691595078e-03,1.306861313059926033e-02,3.979668021202087402e-02,4.430030174553394040e-02,1.079536881297826767e-02,1.198500646278262069e-02,2.018738450715318322e-05,2.018738450715318322e-05
1.604000329971313477e+00,1.514040446281433194e+00,1.604020476341247559e+00,1.514060592651367276e+00,7.669777870178222656e-01,7.181887984275817649e-01,7.584274411201477051e-01,7.261720478534698930e-01,1.265392731875181198e-02,1.343241101130843163e-02,5.231629312038421631e-02,4.436117559671402116e-02,1.362492516636848450e-02,1.188599690794944763e-02,2.019708699663169682e-05,2.019708699663169682e-05
1.388833284378051758e+00,1.492568790912628174e+00,1.388853549957275391e+00,1.492589056491851807e+00,6.743040680885314941e-01,7.115228652954102007e-01,6.579091548919677734e-01,7.151341676712036355e-01,1.137636881321668625e-02,1.404034625738859177e-02,3.397547826170921326e-02,4.284912794828414639e-02,1.126828230917453766e-02,9.022237174212932934e-03,2.020637839450500906e-05,2.020637839450500906e-05
1.516525149345397949e+00,1.474183142185211182e+00,1.516545414924621582e+00,1.474203407764434814e+00,7.254402041435241699e-01,7.034940481185912864e-01,7.325487732887268066e-01,7.092525243759155718e-01,4.791518207639455795e-03,1.269850982353091205e-02,4.940802603960037231e-02,4.378970302641391893e-02,4.336564801633358002e-03,4.948339052498340260e-03,2.021144609898328781e-05,2.021144609898328781e-05
1.581954121589660645e+00,1.559866309165954590e+00,1.581974387168884277e+00,1.559886574745178223e+00,7.307083010673522949e-01,7.292204737663269265e-01,7.341148257255554199e-01,7.505335211753845215e-01,6.583285331726074219e-02,1.335632856935262645e-02,4.272728040814399719e-02,4.450003542006016055e-02,8.570956066250801086e-03,2.225590348243713240e-02,2.021004911512136459e-05,2.021004911512136459e-05
1.450416922569274902e+00,1.487286603450775235e+00,1.450437068939208984e+00,1.487306749820709317e+00,7.027572989463806152e-01,7.030494511127471924e-01,6.899285316467285156e-01,7.169618368148803489e-01,3.817766904830932617e-03,1.281460542231798241e-02,4.600365087389945984e-02,4.626975581049919128e-02,7.909590378403663635e-03,8.190970122814177773e-03,2.020255851675756276e-05,2.020255851675756276e-05
1.474300384521484375e+00,1.487408173084258989e+00,1.474320530891418457e+00,1.487428319454193071e+00,6.843531727790832520e-01,7.032222568988799605e-01,7.192131876945495605e-01,7.120334565639495628e-01,1.933835260570049286e-02,1.672665644437074800e-02,4.616570472717285156e-02,4.597764797508716722e-02,5.229976028203964233e-03,9.448193386197090496e-03,2.019102430494967848e-05,2.019102430494967848e-05
1.572103738784790039e+00,1.491963040828704790e+00,1.572123885154724121e+00,1.491983187198638872e+00,7.386823296546936035e-01,7.051471292972564253e-01,7.548932433128356934e-01,7.122707009315490945e-01,1.489312108606100082e-02,1.766369771212339401e-02,5.307948961853981018e-02,4.625911489129066329e-02,1.055552065372467041e-02,1.062241476029157639e-02,2.018752275034785271e-05,2.018752275034785271e-05
1.479572415351867676e+00,1.505947291851043701e+00,1.479592561721801758e+00,1.505967438220977783e+00,7.064632177352905273e-01,7.082728087902069314e-01,6.971509456634521484e-01,7.185908079147338423e-01,6.057466845959424973e-03,1.830419218167662551e-02,4.942769184708595276e-02,4.685333371162414551e-02,2.047305181622505188e-02,1.392614459618926083e-02,2.019497333094477654e-05,2.019497333094477654e-05
1.449023723602294922e+00,1.503302466869354204e+00,1.449043869972229004e+00,1.503322613239288286e+00,6.806829571723937988e-01,7.063583552837371382e-01,6.756184101104736328e-01,7.168264985084533691e-01,2.191937901079654694e-02,1.954408688470721245e-02,5.462261661887168884e-02,4.600603841245174547e-02,1.618036814033985138e-02,1.456747688353061607e-02,2.019561179622542113e-05,2.019561179622542113e-05
1.497787117958068848e+00,1.487299311161041304e+00,1.497807264328002930e+00,1.487319457530975386e+00,7.166355848312377930e-01,7.031695425510406938e-01,7.173472642898559570e-01,7.099470853805541770e-01,3.612489905208349228e-03,1.872649230062961578e-02,4.913600161671638489e-02,4.622521810233592987e-02,1.105570048093795776e-02,9.230954293161629937e-03,2.019669773289933801e-05,2.019669773289933801e-05
1.309560060501098633e+00,1.508843553066253618e+00,1.309580206871032715e+00,1.508863699436187700e+00,6.271068453788757324e-01,7.128859043121338335e-01,6.276841759681701660e-01,7.189447820186615212e-01,2.781008137390017509e-03,1.889048740267753462e-02,4.377751797437667847e-02,4.772436879575252255e-02,8.210538886487483978e-03,1.039798362180590664e-02,2.020535248448140919e-05,2.020535248448140919e-05
1.476165771484375000e+00,1.519614660739898593e+00,1.476186037063598633e+00,1.519634926319122226e+00,7.012405395507812500e-01,7.130064070224761963e-01,7.065589427947998047e-01,7.226809263229370117e-01,4.455602262169122696e-03,1.903432589024305413e-02,4.299116134643554688e-02,4.653066731989383836e-02,2.091950550675392151e-02,1.836233753710985253e-02,2.021573891397565603e-05,2.021573891397565603e-05
1.567011117935180664e+00,1.542138576507568359e+00,1.567031383514404297e+00,1.542158842086791992e+00,7.429731488227844238e-01,7.267478406429290771e-01,7.468777298927307129e-01,7.332548379898071733e-01,2.103432640433311462e-02,2.609996413812041421e-02,4.837718233466148376e-02,4.879485592246055742e-02,7.748693227767944336e-03,7.241090619936585079e-03,2.021418549702502787e-05,2.021418549702502787e-05
1.655866622924804688e+00,1.539702379703521640e+00,1.655886888504028320e+00,1.539722645282745273e+00,7.793465256690979004e-01,7.212465763092040794e-01,7.665038108825683594e-01,7.307174205780029297e-01,2.948080562055110931e-02,2.878549182787537575e-02,7.362610846757888794e-02,4.933637529611587663e-02,6.909401621669530869e-03,9.616508986800909389e-03,2.020897954935207963e-05,2.020897954935207963e-05
1.507803201675415039e+00,1.558035528659820645e+00,1.507823348045349121e+00,1.558055675029754727e+00,7.110985517501831055e-01,7.280481040477753130e-01,6.888534426689147949e-01,7.217161357402801514e-01,5.051382817327976227e-03,1.528260353952646221e-02,6.619258224964141846e-02,4.834017790853976926e-02,3.660728037357330322e-02,4.464854933321475705e-02,2.019508247030898929e-05,2.019508247030898929e-05
1.634682416915893555e+00,1.568058586120605558e+00,1.634702563285827637e+00,1.568078732490539640e+00,7.841008305549621582e-01,7.397571742534637673e-01,7.660890817642211914e-01,7.380639374256133811e-01,2.715919632464647293e-03,1.018999181687831913e-02,5.772326514124870300e-02,5.283723957836627960e-02,2.405323274433612823e-02,2.721022628247737885e-02,2.019336534431204200e-05,2.019336534431204200e-05
1.398811578750610352e+00,1.561082077026367143e+00,1.398831725120544434e+00,1.561102223396301225e+00,6.510050892829895020e-01,7.347871601581573708e-01,6.661908030509948730e-01,7.447193503379821999e-01,5.276546813547611237e-03,1.012664632871746948e-02,5.911625921726226807e-02,5.301085896790027480e-02,1.722293160855770111e-02,1.843806318938732286e-02,2.020467218244448304e-05,2.020467218244448304e-05
1.401527762413024902e+00,1.519849848747253374e+00,1.401548027992248535e+00,1.519870114326477006e+00,6.580306291580200195e-01,7.115613877773284690e-01,6.710681319236755371e-01,7.265775918960570845e-01,2.676540287211537361e-03,1.244683107361197437e-02,5.322016030550003052e-02,5.163514725863933841e-02,1.653246022760868073e-02,1.762893805280327936e-02,2.021279397013131529e-05,2.021279397013131529e-05
1.651411414146423340e+00,1.540399789810180664e+00,1.651431679725646973e+00,1.540420055389404297e+00,7.892030477523803711e-01,7.303655922412872759e-01,7.715907096862792969e-01,7.358840346336364968e-01,1.960221119225025177e-02,1.364981383085250854e-02,5.799917131662368774e-02,4.899544045329094072e-02,1.301633287221193314e-02,1.150492681190371479e-02,2.021692489506676793e-05,2.021692489506676793e-05
1.477280139923095703e+00,1.510117173194885254e+00,1.477300405502319336e+00,1.510137438774108887e+00,7.041569352149963379e-01,7.185357630252837691e-01,7.014880180358886719e-01,7.221602320671081099e-01,1.185488700866699219e-02,1.187122818082570960e-02,5.095577239990234375e-02,4.888967014849186082e-02,8.824635297060012817e-03,8.660258073359728553e-03,2.021810541918966919e-05,2.021810541918966919e-05
1.604064345359802246e+00,1.679575276374816850e+00,1.604084610939025879e+00,1.679595541954040483e+00,7.517637610435485840e-01,7.820756554603576216e-01,7.483218312263488770e-01,7.815060138702392134e-01,3.417853266000747681e-03,1.103804670274257695e-02,5.276169627904891968e-02,4.777257777750491818e-02,4.779924452304840088e-02,5.718297623097896853e-02,2.021962063736282289e-05,2.021962063736282289e-05
1.741954088211059570e+00,1.720940351486206055e+00,1.741974353790283203e+00,1.720960617065429688e+00,7.986731529235839844e-01,7.915340125560760276e-01,8.086460828781127930e-01,7.862389743328094260e-01,6.111670751124620438e-03,1.214107479900121758e-02,4.408014193177223206e-02,5.234851390123367032e-02,8.444308489561080933e-02,7.867776751518248957e-02,2.022774060606025159e-05,2.022774060606025159e-05
1.618983507156372070e+00,1.528644847869873091e+00,1.619003772735595703e+00,1.528665113449096724e+00,7.484208941459655762e-01,7.248678922653197798e-01,7.858293056488037109e-01,7.283213317394257036e-01,1.152295339852571487e-02,1.166886296123266151e-02,5.748459324240684509e-02,5.094462111592292647e-02,1.572558842599391937e-02,1.284215766936540673e-02,2.023003435169812292e-05,2.023003435169812292e-05
1.392814278602600098e+00,1.488875186443328946e+00,1.392834544181823730e+00,1.488895452022552579e+00,6.695527434349060059e-01,7.084089219570159912e-01,6.755728721618652344e-01,7.156747639179229514e-01,3.279936732724308968e-03,1.071391459554433753e-02,3.815497457981109619e-02,4.657225050032139102e-02,6.253727711737155914e-03,7.505343807861208742e-03,2.023954948526807129e-05,2.023954948526807129e-05
1.628826737403869629e+00,1.536041414737701505e+00,1.628847002983093262e+00,1.536061680316925138e+00,7.240003943443298340e-01,7.244000375270843728e-01,8.147685527801513672e-01,7.351421415805816650e-01,2.427709102630615234e-02,1.192039242014288937e-02,4.741411283612251282e-02,4.692873544991016388e-02,1.836658641695976257e-02,1.765011046081781457e-02,2.024657442234456539e-05,2.024657442234456539e-05
1.544227838516235352e+00,1.496423828601837203e+00,1.544248104095458984e+00,1.496444094181060835e+00,7.443453669548034668e-01,7.124307751655578613e-01,7.474192976951599121e-01,7.207012474536895752e-01,3.671613521873950958e-03,9.608304547145962021e-03,3.818352892994880676e-02,4.584946259856224199e-02,1.060792896896600723e-02,7.834086846560239098e-03,2.025095636781770736e-05,2.025095636781770736e-05
1.611216664314270020e+00,1.498832237720489458e+00,1.611236929893493652e+00,1.498852503299713090e+00,7.615060806274414062e-01,7.132188558578491655e-01,7.589280605316162109e-01,7.178635239601135476e-01,2.862026542425155640e-02,1.094191130250692437e-02,5.352416634559631348e-02,4.654880613088607788e-02,8.638125844299793243e-03,1.025910433381795918e-02,2.024763671215623617e-05,2.024763671215623617e-05
1.388915896415710449e+00,1.494222199916839688e+00,1.388936161994934082e+00,1.494242465496063321e+00,6.654117107391357422e-01,7.104318439960479736e-01,6.720625162124633789e-01,7.174608886241913286e-01,3.701972775161266327e-03,1.165057551115751197e-02,4.021299257874488831e-02,4.579873159527778764e-02,7.526705507189035416e-03,8.880127314478158604e-03,2.024610876105725765e-05,2.024610876105725765e-05
1.436246752738952637e+00,1.477503871917724698e+00,1.436267018318176270e+00,1.477524137496948331e+00,6.846125125885009766e-01,7.020167589187622514e-01,6.919015645980834961e-01,7.120741665363311546e-01,2.822949551045894623e-03,1.229910347610712121e-02,5.211865529417991638e-02,4.635305739939212660e-02,4.791011568158864975e-03,4.760777764022350485e-03,2.025079083978198469e-05,2.025079083978198469e-05
1.393108725547790527e+00,1.474210333824157670e+00,1.393128991127014160e+00,1.474230599403381303e+00,6.774359345436096191e-01,7.008890569210052268e-01,6.656602621078491211e-01,7.089391052722930908e-01,5.059374496340751648e-03,1.386730587109923432e-02,3.995539993047714233e-02,4.589152410626411160e-02,4.997676704078912735e-03,4.623323353007436146e-03,2.025151661655399948e-05,2.025151661655399948e-05
1.551981925964355469e+00,1.481222319602966353e+00,1.552002191543579102e+00,1.481242585182189986e+00,7.462325692176818848e-01,7.067145526409148726e-01,7.405856251716613770e-01,7.103549659252166304e-01,1.093604508787393570e-02,1.428588367998600075e-02,4.654966294765472412e-02,4.506106860935688019e-02,7.677976507693529129e-03,4.805802414193749254e-03,2.025617686740588397e-05,2.025617686740588397e-05
1.360185861587524414e+00,1.481158816814422519e+00,1.360206127166748047e+00,1.481179082393646151e+00,6.582973599433898926e-01,7.060128986835479958e-01,6.571533083915710449e-01,7.142578244209289995e-01,2.655057003721594810e-03,1.305556874722242286e-02,3.928349912166595459e-02,4.439740963280201097e-02,2.796681830659508705e-03,3.435164154507219618e-03,2.026372021646238863e-05,2.026372021646238863e-05
1.349398255348205566e+00,1.474260044097900346e+00,1.349418520927429199e+00,1.474280309677123979e+00,6.552069187164306641e-01,7.014873802661896196e-01,6.545671820640563965e-01,7.079370617866516113e-01,2.100974321365356445e-03,1.290431292727589607e-02,3.046892583370208740e-02,4.335939995944500247e-02,7.054249290376901627e-03,8.571889810264110218e-03,2.027057416853494942e-05,2.027057416853494942e-05
1.421831130981445312e+00,1.486026477813720659e+00,1.421851396560668945e+00,1.486046743392944292e+00,6.824420690536499023e-01,7.072617530822753462e-01,6.789600849151611328e-01,7.151115655899047407e-01,1.215782854706048965e-02,1.150190932676196064e-02,4.145899787545204163e-02,4.438543617725372592e-02,6.812219507992267609e-03,7.765860017389059240e-03,2.027054506470449269e-05,2.027054506470449269e-05
1.252106428146362305e+00,1.475743460655212447e+00,1.252126693725585938e+00,1.475763726234436080e+00,6.039059162139892578e-01,7.024370014667511430e-01,6.145842671394348145e-01,7.099485039710998757e-01,1.395716331899166107e-03,1.122985398396849667e-02,2.528890036046504974e-02,4.413753710687160631e-02,6.931680254638195038e-03,7.990530040115118721e-03,2.027433220064267516e-05,2.027433220064267516e-05
1.456817507743835449e+00,1.481052303314208896e+00,1.456837773323059082e+00,1.481072568893432528e+00,6.891399621963500977e-01,7.053376376628875954e-01,7.004169225692749023e-01,7.126233994960784468e-01,1.282070018351078033e-02,1.162765277549624408e-02,4.838832095265388489e-02,4.357690513134002824e-02,6.051499862223863602e-03,7.886691205203532479e-03,2.028142262133769691e-05,2.028142262133769691e-05
1.361292481422424316e+00,1.478259050846099765e+00,1.361312747001647949e+00,1.478279316425323398e+00,6.588351130485534668e-01,7.059758543968200906e-01,6.632968783378601074e-01,7.120579957962036577e-01,1.839910051785409451e-03,1.156519460491836106e-02,3.227431327104568481e-02,4.374706782400607924e-02,5.046227481216192245e-03,4.912969702854752367e-03,2.028977360168937594e-05,2.028977360168937594e-05
1.414410471916198730e+00,1.472827267646789506e+00,1.414430737495422363e+00,1.472847533226013139e+00,6.818125247955322266e-01,7.030207395553589311e-01,6.866654157638549805e-01,7.104725778102874978e-01,3.597209695726633072e-03,1.196517553180456196e-02,3.793573752045631409e-02,4.190035164356231689e-02,4.399547353386878967e-03,5.468422453850508083e-03,2.030109317274764180e-05,2.030109317274764180e-05
1.412735700607299805e+00,1.460401356220245361e+00,1.412755966186523438e+00,1.460421621799468994e+00,6.783649921417236328e-01,6.976960897445678711e-01,6.906701922416687012e-01,7.037395536899566650e-01,3.878862131386995316e-03,1.151379970833659241e-02,3.394439443945884705e-02,4.225688055157661438e-02,5.877293646335601807e-03,5.195030895993113691e-03,2.030736504821106791e-05,2.030736504821106791e-05
1.471245884895324707e+00,1.464480936527252197e+00,1.471266150474548340e+00,1.464501202106475830e+00,7.095265984535217285e-01,6.979239881038665771e-01,7.110012173652648926e-01,7.073045015335083230e-01,3.915717825293540955e-03,1.188778602518141339e-02,4.079693555831909180e-02,4.288546852767467776e-02,6.005419418215751648e-03,4.479199601337313826e-03,2.030930409091524780e-05,2.030930409091524780e-05
1.456373929977416992e+00,1.505890691280364901e+00,1.456394195556640625e+00,1.505910956859588534e+00,7.014972567558288574e-01,7.154041588306426780e-01,6.999489068984985352e-01,7.247291326522826704e-01,4.470431245863437653e-03,1.241191588342189719e-02,3.901406005024909973e-02,4.209405556321144104e-02,1.144325267523527145e-02,1.125138681381940807e-02,2.031721123785246164e-05,2.031721123785246164e-05
1.489924192428588867e+00,1.495159828662872226e+00,1.489944458007812500e+00,1.495180094242095858e+00,7.158161401748657227e-01,7.130387008190155473e-01,7.071593999862670898e-01,7.183852851390838401e-01,1.361195743083953857e-02,1.174677871167659725e-02,4.403011873364448547e-02,4.240377694368362149e-02,9.306640364229679108e-03,9.585314150899647972e-03,2.031861004070378840e-05,2.031861004070378840e-05
1.429007768630981445e+00,1.503159224987030029e+00,1.429028034210205078e+00,1.503179490566253662e+00,6.928361058235168457e-01,7.160779118537903276e-01,6.920956373214721680e-01,7.243352174758911355e-01,2.668161876499652863e-03,1.142867305316030979e-02,3.456902876496315002e-02,4.186678715050220351e-02,6.838792003691196442e-03,9.450671821832656513e-03,2.031715484918095171e-05,2.031715484918095171e-05
1.428622126579284668e+00,1.486569905281066806e+00,1.428642511367797852e+00,1.486590290069579989e+00,6.854764819145202637e-01,7.091432929039001021e-01,6.888073682785034180e-01,7.182006895542144553e-01,3.878700081259012222e-03,1.205404466018080746e-02,4.592406377196311951e-02,4.082180969417095046e-02,4.535530228167772293e-03,6.350066512823104858e-03,2.033072632912080735e-05,2.033072632912080735e-05
1.455029606819152832e+00,1.495157241821289062e+00,1.455049991607666016e+00,1.495177626609802246e+00,7.053604722023010254e-01,7.123249053955078569e-01,6.968001723289489746e-01,7.192659854888916460e-01,3.913695923984050751e-03,1.105192862451076508e-02,3.922520577907562256e-02,4.204718023538589478e-02,9.730058722198009491e-03,1.046726116910576786e-02,2.032688098552171141e-05,2.032688098552171141e-05
1.590143203735351562e+00,1.486386036872863858e+00,1.590163588523864746e+00,1.486406421661377042e+00,7.649802565574645996e-01,7.062954783439636675e-01,7.437269687652587891e-01,7.205535113811493142e-01,3.913855180144309998e-02,1.200982788577675819e-02,3.473622724413871765e-02,4.109436981379985948e-02,7.561115548014640808e-03,6.432845629751682628e-03,2.033195960393641144e-05,2.033195960393641144e-05
1.454818487167358398e+00,1.502280557155609042e+00,1.454838871955871582e+00,1.502300941944122226e+00,7.054427862167358398e-01,7.129616558551787886e-01,7.042543292045593262e-01,7.231637716293335405e-01,5.133715923875570297e-03,1.228007273748516967e-02,3.213017061352729797e-02,4.031692557036876956e-02,7.857508026063442230e-03,1.355811934918165276e-02,2.034136559814214706e-05,2.034136559814214706e-05
1.287737965583801270e+00,1.516073012351989657e+00,1.287758350372314453e+00,1.516093397140502841e+00,6.084197759628295898e-01,7.212655663490294966e-01,6.140730381011962891e-01,7.316496133804321067e-01,6.520267575979232788e-03,1.102829044684767654e-02,4.462077468633651733e-02,4.076174758374691287e-02,1.410417910665273666e-02,1.136778574436903000e-02,2.034934732364490628e-05,2.034934732364490628e-05
1.412771582603454590e+00,1.478162503242492765e+00,1.412791967391967773e+00,1.478182888031005948e+00,6.779906153678894043e-01,7.043669104576111284e-01,6.879159808158874512e-01,7.148350477218627930e-01,7.258460856974124908e-03,1.422938834875822102e-02,3.324777260422706604e-02,3.886882327497005740e-02,6.358752027153968811e-03,5.862341215834021742e-03,2.035051329585257918e-05,2.035051329585257918e-05
1.572928667068481445e+00,1.479384338855743497e+00,1.572949051856994629e+00,1.479404723644256681e+00,7.455914616584777832e-01,7.044940948486327903e-01,7.713450789451599121e-01,7.151950538158416970e-01,5.000468809157609940e-03,1.363079529255628586e-02,4.560214281082153320e-02,3.951782807707786283e-02,5.389472469687461853e-03,6.546573201194405729e-03,2.035024226643145084e-05,2.035024226643145084e-05
1.435756564140319824e+00,1.514832425117492720e+00,1.435776948928833008e+00,1.514852809906005904e+00,6.871268153190612793e-01,7.176175534725188765e-01,6.950879693031311035e-01,7.236328303813934770e-01,2.739505609497427940e-03,1.231105346232652664e-02,4.157889261841773987e-02,4.046011008322238783e-02,9.223393164575099945e-03,2.081083990633487632e-02,2.035194484051316977e-05,2.035194484051316977e-05
1.504642963409423828e+00,1.551108229160308882e+00,1.504663348197937012e+00,1.551128613948822066e+00,7.075814008712768555e-01,7.273290216922759788e-01,7.207875847816467285e-01,7.400841474533080833e-01,2.679265569895505905e-03,1.348206438124179875e-02,3.779311850666999817e-02,4.143613018095493317e-02,3.580157086253166199e-02,2.877683024853467872e-02,2.035156285273842514e-05,2.035156285273842514e-05
1.588201522827148438e+00,1.503920626640319780e+00,1.588221907615661621e+00,1.503941011428832963e+00,7.600319981575012207e-01,7.159783899784087913e-01,7.504789233207702637e-01,7.262730777263641802e-01,1.884735934436321259e-02,1.437594136223196983e-02,5.424526706337928772e-02,4.095307402312755446e-02,4.598011728376150131e-03,6.340142898261546742e-03,2.035373472608625889e-05,2.035373472608625889e-05
1.379125833511352539e+00,1.486184155941009610e+00,1.379146218299865723e+00,1.486204540729522794e+00,6.590948700904846191e-01,7.060515105724334273e-01,6.615017056465148926e-01,7.129085302352905495e-01,3.314713947474956512e-03,1.405656207352876629e-02,4.545944929122924805e-02,4.237459637224674086e-02,9.755115024745464325e-03,1.079298723489046166e-02,2.036376099567860365e-05,2.036376099567860365e-05
1.442909240722656250e+00,1.470509123802185014e+00,1.442929625511169434e+00,1.470529508590698198e+00,6.942013502120971680e-01,7.012550413608551469e-01,6.842563748359680176e-01,7.102641761302947998e-01,1.166790910065174103e-02,1.372333485633134807e-02,4.759632050991058350e-02,3.997139930725097934e-02,5.187108181416988373e-03,5.295154917985200708e-03,2.037415470113046467e-05,2.037415470113046467e-05
1.391870856285095215e+00,1.489449453353881792e+00,1.391891241073608398e+00,1.489469838142394975e+00,6.617106795310974121e-01,7.079902648925781028e-01,6.786175370216369629e-01,7.187713325023651345e-01,9.913041256368160248e-03,1.266573118045926163e-02,3.677836805582046509e-02,4.146684333682060242e-02,4.851198755204677582e-03,8.555262442678212773e-03,2.038035563600715250e-05,2.038035563600715250e-05
1.442599534988403320e+00,1.512741100788116411e+00,1.442619919776916504e+00,1.512761485576629594e+00,6.995703577995300293e-01,7.216717004776000977e-01,6.868776082992553711e-01,7.308120548725127730e-01,5.710604134947061539e-03,1.295052748173475266e-02,4.436009377241134644e-02,4.239783510565757474e-02,6.080965045839548111e-03,4.908995702862739563e-03,2.038245111180003732e-05,2.038245111180003732e-05
1.381733179092407227e+00,1.484602069854736417e+00,1.381753563880920410e+00,1.484622454643249601e+00,6.597504019737243652e-01,7.092474162578582542e-01,6.623345017433166504e-01,7.149412930011749268e-01,3.950221929699182510e-03,1.313262889161706005e-02,5.155272036790847778e-02,4.129029847681522231e-02,4.145274404436349869e-03,5.990443564951419657e-03,2.037466401816345751e-05,2.037466401816345751e-05
1.378343820571899414e+00,1.471319949626922696e+00,1.378364205360412598e+00,1.471340334415435880e+00,6.682775020599365234e-01,7.016918003559112771e-01,6.600001454353332520e-01,7.102909445762634055e-01,3.926633857190608978e-03,1.288404725492000615e-02,4.069729521870613098e-02,4.063136689364910126e-02,5.442291963845491409e-03,5.821759393438696688e-03,2.038126694969832897e-05,2.038126694969832897e-05
1.378672003746032715e+00,1.479586231708526656e+00,1.378692388534545898e+00,1.479606616497039839e+00,6.630078554153442383e-01,7.031098783016205278e-01,6.700091361999511719e-01,7.155549108982086626e-01,3.606473794206976891e-03,1.334749674424529076e-02,3.572718799114227295e-02,4.161909259855747084e-02,6.321392953395843506e-03,5.954815214499831547e-03,2.038431739492807537e-05,2.038431739492807537e-05
1.445188641548156738e+00,1.470982944965362638e+00,1.445209026336669922e+00,1.471003329753875821e+00,7.004446983337402344e-01,7.015599489212036577e-01,6.861177086830139160e-01,7.090938925743103249e-01,7.773781660944223404e-03,1.299714902415871620e-02,3.881086781620979309e-02,3.984048292040824613e-02,1.204172987490892410e-02,7.491453969851136381e-03,2.038500133494380862e-05,2.038500133494380862e-05
1.529501557350158691e+00,1.479661250114440829e+00,1.529521942138671875e+00,1.479681634902954013e+00,7.402026057243347168e-01,7.085512042045593040e-01,7.278890013694763184e-01,7.147333860397339089e-01,1.600220799446105957e-02,1.221058089286088978e-02,4.058856517076492310e-02,4.005273394286632677e-02,4.819112364202737808e-03,4.113352135755121361e-03,2.038675665971823037e-05,2.038675665971823037e-05
1.416429281234741211e+00,1.459193730354308993e+00,1.416449666023254395e+00,1.459214115142822177e+00,6.747140288352966309e-01,6.985507607460021973e-01,6.953277587890625000e-01,7.060054540634155273e-01,2.429126994684338570e-03,1.111289365217089584e-02,3.742336109280586243e-02,3.882719390094280243e-02,6.534934509545564651e-03,4.697432927787304098e-03,2.039868923020549119e-05,2.039868923020549119e-05
1.490802168846130371e+00,1.473691642284393311e+00,1.490822553634643555e+00,1.473712027072906494e+00,7.123031020164489746e-01,7.007452845573425293e-01,7.073268294334411621e-01,7.117851793766021284e-01,5.391985643655061722e-03,1.456222105771303246e-02,5.916833877563476562e-02,3.987445868551731110e-02,6.611946970224380493e-03,6.724527571350336075e-03,2.039886021520942450e-05,2.039886021520942450e-05
1.456317543983459473e+00,1.514395618438720614e+00,1.456337928771972656e+00,1.514416003227233798e+00,7.008509635925292969e-01,7.197259783744811568e-01,6.851959824562072754e-01,7.258696734905243364e-01,2.267173677682876587e-02,1.439258763566613267e-02,3.963299468159675598e-02,4.110609963536262373e-02,7.965948432683944702e-03,1.330133937299251591e-02,2.037767626461572945e-05,2.037767626461572945e-05
1.465339064598083496e+00,1.498491835594177202e+00,1.465359449386596680e+00,1.498512220382690385e+00,6.952884197235107422e-01,7.126639246940612571e-01,7.075063586235046387e-01,7.192478299140929732e-01,5.122433882206678391e-03,1.380291506648063590e-02,4.612530022859573364e-02,4.188927710056304654e-02,1.129650603979825974e-02,1.088791284710168873e-02,2.037983904301654547e-05,2.037983904301654547e-05
1.422047615051269531e+00,1.489203739166259810e+00,1.422067999839782715e+00,1.489224123954772994e+00,6.759041547775268555e-01,7.064230442047119141e-01,6.977016329765319824e-01,7.189260601997375932e-01,8.175045251846313477e-03,1.667146710678935051e-02,3.316435217857360840e-02,4.159741736948489865e-02,7.102535571902990341e-03,5.585706420242786061e-03,2.038648744928650558e-05,2.038648744928650558e-05
1.544749259948730469e+00,1.465965461730956987e+00,1.544769644737243652e+00,1.465985846519470170e+00,7.505616545677185059e-01,6.982843756675720659e-01,7.200415730476379395e-01,7.058331429958343284e-01,2.806450240314006805e-02,1.468630740419030190e-02,4.020932316780090332e-02,4.164681546390056749e-02,5.872279871255159378e-03,5.514804832637309681e-03,2.039284299826249480e-05,2.039284299826249480e-05
1.395250320434570312e+00,1.489644455909729048e+00,1.395270705223083496e+00,1.489664840698242232e+00,6.685012578964233398e-01,7.088442087173462136e-01,6.687734127044677734e-01,7.146262586116790549e-01,3.647007746621966362e-03,1.530172871425747837e-02,4.727033898234367371e-02,4.193763583898544450e-02,7.058352697640657425e-03,8.934593107551336982e-03,2.039426544797606766e-05,2.039426544797606766e-05
1.453315377235412598e+00,1.482802939414977983e+00,1.453335762023925781e+00,1.482823324203491167e+00,6.893736720085144043e-01,7.030276000499725564e-01,7.086672782897949219e-01,7.126811265945434126e-01,6.301786750555038452e-03,1.575782429426908493e-02,4.071826115250587463e-02,4.278543926775455614e-02,8.254243992269039154e-03,8.550920430570841183e-03,2.039526953012682498e-05,2.039526953012682498e-05
1.420467972755432129e+00,1.472100305557251021e+00,1.420488357543945312e+00,1.472120690345764205e+00,6.826295256614685059e-01,7.014312565326690230e-01,6.856116652488708496e-01,7.070627152919769509e-01,3.648115321993827820e-03,1.635642470791935990e-02,4.249973967671394348e-02,4.129725061357021609e-02,6.078817881643772125e-03,5.952655477449298252e-03,2.039628452621400356e-05,2.039628452621400356e-05
1.417150974273681641e+00,1.483058321475982710e+00,1.417171359062194824e+00,1.483078706264495894e+00,6.739783287048339844e-01,7.030191659927368386e-01,6.763426065444946289e-01,7.092908740043639693e-01,4.236232489347457886e-03,1.764541715383529524e-02,5.023879557847976685e-02,4.334584362804889957e-02,1.235500816255807877e-02,9.757024981081486442e-03,2.039817627519369125e-05,2.039817627519369125e-05
1.350737094879150391e+00,1.474130737781524703e+00,1.350757479667663574e+00,1.474151122570037886e+00,6.534129977226257324e-01,7.005000352859497292e-01,6.496175527572631836e-01,7.060818612575531228e-01,2.906987909227609634e-03,1.961481506004929612e-02,4.053124785423278809e-02,4.275939092040061812e-02,4.268338903784751892e-03,5.174599960446358074e-03,2.039813989540562034e-05,2.039813989540562034e-05
1.340147733688354492e+00,1.505805873870849521e+00,1.340168118476867676e+00,1.505826258659362704e+00,6.492136120796203613e-01,7.170486927032471147e-01,6.381787061691284180e-01,7.205726742744446023e-01,6.105751730501651764e-03,1.075755967758595943e-02,3.302832692861557007e-02,4.395085982978343825e-02,1.362120173871517181e-02,1.347608277574181487e-02,2.039452374447137117e-05,2.039452374447137117e-05
1.263162016868591309e+00,1.490046322345733643e+00,1.263182401657104492e+00,1.490066707134246826e+00,6.053559184074401855e-01,7.068417668342590332e-01,6.097740530967712402e-01,7.200016558170319048e-01,4.409343004226684570e-03,1.440569059923291206e-02,3.727684170007705688e-02,4.309310354292392869e-02,6.345852278172969818e-03,5.704105738550424923e-03,2.039892024185974151e-05,2.039892024185974151e-05
1.559282660484313965e+00,1.541829359531402543e+00,1.559303045272827148e+00,1.541849744319915727e+00,7.478716969490051270e-01,7.338260352611541970e-01,7.465932965278625488e-01,7.432513177394867165e-01,1.310048159211874008e-02,1.230309642851352622e-02,4.384784027934074402e-02,4.446749053895473341e-02,7.869380526244640350e-03,7.981411600485443375e-03,2.040593790297862142e-05,2.040593790297862142e-05
1.436996936798095703e+00,1.501608312129974365e+00,1.437017321586608887e+00,1.501628696918487549e+00,6.877186298370361328e-01,7.113183021545410600e-01,6.736075878143310547e-01,7.183223605155945046e-01,9.950450621545314789e-03,1.254772972315549781e-02,5.583550035953521729e-02,4.543234519660473147e-02,9.884892962872982025e-03,1.398757081478834222e-02,2.040935396507848054e-05,2.040935396507848054e-05
1.402266383171081543e+00,1.479007840156555176e+00,1.402286767959594727e+00,1.479028224945068359e+00,6.695152521133422852e-01,6.990263044834137407e-01,6.736406087875366211e-01,7.074380517005920410e-01,9.898168966174125671e-03,1.714681806042790344e-02,3.993470966815948486e-02,4.484009742736816406e-02,9.277532808482646942e-03,1.055660611018538475e-02,2.040953040705062449e-05,2.040953040705062449e-05
1.404175519943237305e+00,1.519440412521362305e+00,1.404195904731750488e+00,1.519460797309875488e+00,6.581816077232360840e-01,7.174690485000609907e-01,6.695088148117065430e-01,7.267386555671692117e-01,3.100283909589052200e-03,1.827390575781464438e-02,5.801708623766899109e-02,4.436295516788959364e-02,1.536779757589101791e-02,1.259581036865711247e-02,2.041505103989038616e-05,2.041505103989038616e-05
1.454194068908691406e+00,1.498343956470489458e+00,1.454214453697204590e+00,1.498364341259002641e+00,6.828463673591613770e-01,7.092542469501494917e-01,7.042294144630432129e-01,7.163911044597626177e-01,5.094479303807020187e-03,1.900976924225688050e-02,5.527193471789360046e-02,4.384616948664188385e-02,6.751780398190021515e-03,9.842673037201165459e-03,2.041678817477077246e-05,2.041678817477077246e-05
1.418254494667053223e+00,1.483477270603180020e+00,1.418274879455566406e+00,1.483497655391693204e+00,6.786029338836669922e-01,7.050540447235107422e-01,6.817672848701477051e-01,7.121321022510528342e-01,2.997317817062139511e-03,1.422951305285096238e-02,4.892236739397048950e-02,4.460993371903896471e-02,5.964606534689664841e-03,7.451621489599347462e-03,2.042281266767531633e-05,2.042281266767531633e-05
1.347624063491821289e+00,1.473223817348480180e+00,1.347644448280334473e+00,1.473244202136993364e+00,6.447789669036865234e-01,7.006380200386047585e-01,6.539677381515502930e-01,7.080590009689331499e-01,2.216372406110167503e-03,1.133661046624183724e-02,3.785187751054763794e-02,4.342134259641170640e-02,8.809084072709083557e-03,9.768873266875744560e-03,2.042421328951604664e-05,2.042421328951604664e-05
1.303065299987792969e+00,1.464004874229431152e+00,1.303085684776306152e+00,1.464025259017944336e+00,6.165729761123657227e-01,6.946802973747253640e-01,6.306563615798950195e-01,7.069363474845886675e-01,7.696000393480062485e-03,1.114251688122749363e-02,4.049033671617507935e-02,4.441664889454841753e-02,7.649509701877832413e-03,6.829039612784981901e-03,2.042972118942998350e-05,2.042972118942998350e-05
1.488284826278686523e+00,1.474383234977722168e+00,1.488305211067199707e+00,1.474403619766235352e+00,7.153698205947875977e-01,7.022622704505920854e-01,7.096366286277770996e-01,7.092797577381133589e-01,9.854746051132678986e-03,1.195682305842638016e-02,4.751925915479660034e-02,4.431101046502590457e-02,5.904416088014841080e-03,6.573355617001652371e-03,2.042816413450054824e-05,2.042816413450054824e-05
1.397061347961425781e+00,1.490722358226776123e+00,1.397081732749938965e+00,1.490742743015289307e+00,6.706188321113586426e-01,7.051271498203277588e-01,6.626774668693542480e-01,7.194280922412872314e-01,3.132897196337580681e-03,1.295867543667554925e-02,5.256069079041481018e-02,4.444740675389766832e-02,8.071456104516983032e-03,8.761043660342693329e-03,2.041719017142895609e-05,2.041719017142895609e-05
1.391319036483764648e+00,1.508150386810302779e+00,1.391339421272277832e+00,1.508170771598815962e+00,6.587765812873840332e-01,7.133549153804779053e-01,6.622626781463623047e-01,7.206249415874481645e-01,1.780862733721733093e-02,1.494546141475439072e-02,4.176811128854751587e-02,4.717019014060497284e-02,1.070305611938238144e-02,1.205485984683036735e-02,2.041290827037300915e-05,2.041290827037300915e-05
1.425625920295715332e+00,1.479331886768341153e+00,1.425646305084228516e+00,1.479352271556854337e+00,6.849526762962341309e-01,7.034729063510894997e-01,6.862525939941406250e-01,7.143383324146270752e-01,3.314090659841895103e-03,1.280401209369301865e-02,4.613102227449417114e-02,4.447297714650631090e-02,4.975474439561367035e-03,4.243674175813794310e-03,2.040804247371852398e-05,2.040804247371852398e-05
1.487041354179382324e+00,1.479261302947997958e+00,1.487061738967895508e+00,1.479281687736511142e+00,7.183905839920043945e-01,7.017460584640502486e-01,7.087199687957763672e-01,7.106452941894531028e-01,3.870209446176886559e-03,1.007840763777494500e-02,3.602228313684463501e-02,4.456983394920825681e-02,2.003822848200798035e-02,1.222173366695642437e-02,2.040746585407759994e-05,2.040746585407759994e-05
1.456319451332092285e+00,1.491758215427398726e+00,1.456339836120605469e+00,1.491778600215911910e+00,6.952672004699707031e-01,7.061060726642608421e-01,6.964650154113769531e-01,7.128362536430359331e-01,4.615874961018562317e-03,1.038061771541833912e-02,4.607851803302764893e-02,4.566963501274586001e-02,1.389275211840867996e-02,1.676560472697019577e-02,2.041388506768271327e-05,2.041388506768271327e-05
1.578498125076293945e+00,1.502783262729644687e+00,1.578518509864807129e+00,1.502803647518157870e+00,7.538191080093383789e-01,7.117895603179931197e-01,7.517301440238952637e-01,7.210011959075928178e-01,3.382583847269415855e-03,9.850154444575310447e-03,5.263985693454742432e-02,4.413759969174861630e-02,1.692653261125087738e-02,1.600476000458002021e-02,2.041604057012591511e-05,2.041604057012591511e-05
1.363284945487976074e+00,1.494461750984191983e+00,1.363305330276489258e+00,1.494482135772705167e+00,6.545693874359130859e-01,7.137386918067931685e-01,6.452743411064147949e-01,7.204038262367248313e-01,9.304796345531940460e-03,9.821263374760746956e-03,4.914103820919990540e-02,4.259842708706855496e-02,4.995288792997598648e-03,7.899501733481884350e-03,2.042763480858411640e-05,2.042763480858411640e-05
1.579660773277282715e+00,1.572539103031158403e+00,1.579681158065795898e+00,1.572559487819671586e+00,7.638508081436157227e-01,7.477273583412170632e-01,7.556102275848388672e-01,7.556406617164611594e-01,5.337879527360200882e-03,1.206119423732161453e-02,4.273289442062377930e-02,4.386688843369483670e-02,1.212896779179573059e-02,1.324303774163126945e-02,2.043824861175380647e-05,2.043824861175380647e-05
1.381755471229553223e+00,1.497410035133361905e+00,1.381775856018066406e+00,1.497430419921875089e+00,6.621068120002746582e-01,7.059596538543700950e-01,6.611669659614562988e-01,7.140839040279388650e-01,5.956697743386030197e-03,2.015175875276327064e-02,4.100381210446357727e-02,4.486183263361454010e-02,1.152118947356939316e-02,1.235287804156541894e-02,2.043956556008197367e-05,2.043956556008197367e-05
1.499005794525146484e+00,1.467494666576385498e+00,1.499026179313659668e+00,1.467515051364898682e+00,7.128113508224487305e-01,6.977441251277923806e-01,7.211445569992065430e-01,7.029782533645629883e-01,5.656281486153602600e-03,1.478309491649270127e-02,5.112157016992568970e-02,4.613034017384052415e-02,8.272068575024604797e-03,5.858839862048626293e-03,2.044016400759574026e-05,2.044016400759574026e-05
1.392782211303710938e+00,1.494992411136627286e+00,1.392802596092224121e+00,1.495012795925140470e+00,6.705968379974365234e-01,7.088969469070434126e-01,6.641485691070556641e-01,7.220631897449493186e-01,1.005636528134346008e-02,1.200912566855549812e-02,3.809168934822082520e-02,4.489513859152793884e-02,9.888825006783008575e-03,7.127997931092977524e-03,2.044166103587485850e-05,2.044166103587485850e-05
1.360356926918029785e+00,1.463032865524291903e+00,1.360377430915832520e+00,1.463053369522094638e+00,6.705610752105712891e-01,6.962089776992798074e-01,6.417137384414672852e-01,7.057123720645904763e-01,1.405928842723369598e-02,1.257358407601714100e-02,2.743249386548995972e-02,4.278392605483531674e-02,6.590393837541341782e-03,5.753974523395299565e-03,2.044626307906582952e-05,2.044626307906582952e-05
1.403956413269042969e+00,1.479019713401794389e+00,1.403976917266845703e+00,1.479040217399597124e+00,6.788277029991149902e-01,7.040905714035033958e-01,6.808326840400695801e-01,7.125423371791839156e-01,2.937993267551064491e-03,1.242188801988959243e-02,3.424756228923797607e-02,4.208074845373630662e-02,7.110510952770709991e-03,7.884132349863648762e-03,2.045641303993761539e-05,2.045641303993761539e-05
1.358950614929199219e+00,1.459913074970245361e+00,1.358971118927001953e+00,1.459933578968048096e+00,6.535033583641052246e-01,6.969994306564331055e-01,6.556326150894165039e-01,7.021804273128509077e-01,2.924658358097076416e-03,1.171765532344579662e-02,3.957323357462882996e-02,4.201639741659164706e-02,7.316810078918933868e-03,6.999189965426921844e-03,2.045732617261819541e-05,2.045732617261819541e-05
1.365482449531555176e+00,1.463457536697387651e+00,1.365502953529357910e+00,1.463478040695190385e+00,6.628692746162414551e-01,6.961340606212615967e-01,6.461094617843627930e-01,7.036410570144653320e-01,5.149791948497295380e-03,1.229159114882349968e-02,4.076988250017166138e-02,4.330415949225425998e-02,1.058390922844409943e-02,8.086639549583196293e-03,2.045538712991401553e-05,2.045538712991401553e-05
1.399947166442871094e+00,1.470142900943756104e+00,1.399967670440673828e+00,1.470163404941558838e+00,6.816667318344116211e-01,6.995306730270385298e-01,6.732642650604248047e-01,7.070134460926056352e-01,4.502465482801198959e-03,1.227843789383769105e-02,3.393671289086341858e-02,4.305713921785354892e-02,6.577049382030963898e-03,8.263197215273975632e-03,2.045693872787524015e-05,2.045693872787524015e-05
1.544844865798950195e+00,1.513198125362396285e+00,1.544865369796752930e+00,1.513218629360199019e+00,7.396349906921386719e-01,7.147483050823211226e-01,7.424027919769287109e-01,7.355942249298095259e-01,3.258679760619997978e-03,1.226976998150348594e-02,5.102800950407981873e-02,4.475269243121147295e-02,8.520397357642650604e-03,5.833163997158408512e-03,2.045538712991401553e-05,2.045538712991401553e-05
1.543627381324768066e+00,1.473818433284759477e+00,1.543647885322570801e+00,1.473838937282562211e+00,7.428699731826782227e-01,7.030829131603241189e-01,7.433775067329406738e-01,7.069904327392577681e-01,3.107539843767881393e-03,1.255604932084679673e-02,4.925590008497238159e-02,4.315346069633960863e-02,5.016408860683441162e-03,8.035560930147766720e-03,2.045286419161129743e-05,2.045286419161129743e-05
1.646778702735900879e+00,1.470315778255462558e+00,1.646799206733703613e+00,1.470336282253265292e+00,7.586992383003234863e-01,7.018518090248108132e-01,8.318007588386535645e-01,7.114157080650329590e-01,5.723340436816215515e-03,1.022606948390603065e-02,4.695168137550354004e-02,4.096604250371456424e-02,3.603674005717039108e-03,5.856159888207912272e-03,2.046500594587996602e-05,2.046500594587996602e-05
1.397241592407226562e+00,1.465565145015716553e+00,1.397262096405029297e+00,1.465585649013519287e+00,6.655449867248535156e-01,6.968783140182495117e-01,6.718761324882507324e-01,7.085846364498138428e-01,9.743426926434040070e-03,1.196724995970726083e-02,4.447227716445922852e-02,4.237702153623103957e-02,5.604798439890146255e-03,5.757947033271193331e-03,2.046574081759899855e-05,2.046574081759899855e-05
1.495818138122558594e+00,1.484686934947967440e+00,1.495838642120361328e+00,1.484707438945770175e+00,7.248731255531311035e-01,7.089074730873108354e-01,7.186369299888610840e-01,7.149388492107391357e-01,1.234488654881715775e-02,1.259925691410899128e-02,3.160544857382774353e-02,3.929594643414020816e-02,8.357796818017959595e-03,8.945438452064991344e-03,2.047850466624367982e-05,2.047850466624367982e-05
1.441531658172607422e+00,1.484667921066284091e+00,1.441552162170410156e+00,1.484688425064086825e+00,7.083814740180969238e-01,7.074990272521972656e-01,6.765264868736267090e-01,7.156330525875091997e-01,5.572253372520208359e-03,1.149189183488488232e-02,4.608745500445365906e-02,4.335127398371696472e-02,4.963998217135667801e-03,6.692652776837349111e-03,2.048678470600862056e-05,2.048678470600862056e-05
1.449071884155273438e+00,1.469102644920349032e+00,1.449092388153076172e+00,1.469123148918151767e+00,6.975623369216918945e-01,7.012938916683196799e-01,6.935996413230895996e-01,7.083246290683746782e-01,5.224709399044513702e-03,1.140578538179397652e-02,4.521119222044944763e-02,4.070570543408393721e-02,7.474090903997421265e-03,7.372641563415526997e-03,2.049020804406609386e-05,2.049020804406609386e-05
1.510269761085510254e+00,1.480393695831298873e+00,1.510290265083312988e+00,1.480414199829101607e+00,7.383522391319274902e-01,7.058879435062408447e-01,7.182041406631469727e-01,7.111339092254638228e-01,7.551003713160753250e-03,1.095403451472520828e-02,3.608314320445060730e-02,4.050616063177585324e-02,1.007940527051687241e-02,1.191170215606689523e-02,2.048904934781603515e-05,2.048904934781603515e-05
1.569436430931091309e+00,1.475233399868011386e+00,1.569456934928894043e+00,1.475253903865814120e+00,7.276048660278320312e-01,7.028202772140502708e-01,7.438178062438964844e-01,7.105469226837157759e-01,3.884635493159294128e-02,1.145221097394824063e-02,4.895240068435668945e-02,4.107177071273326874e-02,1.021489780396223068e-02,9.342275466769934048e-03,2.048532769549638033e-05,2.048532769549638033e-05
1.556246280670166016e+00,1.494318306446075439e+00,1.556266784667968750e+00,1.494338810443878174e+00,7.506728172302246094e-01,7.132170081138611284e-01,7.610434889793395996e-01,7.215677082538605180e-01,4.472297616302967072e-03,1.130824931897222996e-02,3.139415010809898376e-02,4.136351943016051969e-02,8.663573302328586578e-03,6.861786358058452606e-03,2.048599890258628875e-05,2.048599890258628875e-05
1.412942409515380859e+00,1.473380362987518399e+00,1.412962913513183594e+00,1.473400866985321134e+00,6.733259558677673340e-01,7.023866534233093040e-01,6.712114810943603516e-01,7.079468727111816184e-01,1.414654310792684555e-02,1.064245086163282360e-02,4.343438521027565002e-02,4.203057251870632310e-02,1.082398183643817902e-02,1.037379549816250766e-02,2.048715759883634746e-05,2.048715759883634746e-05
1.570495605468750000e+00,1.505174016952514737e+00,1.570516109466552734e+00,1.505194520950317472e+00,7.288128137588500977e-01,7.114078223705291304e-01,7.639133930206298828e-01,7.239007472991942915e-01,1.671893149614334106e-02,1.168710077181458508e-02,5.042411759495735168e-02,4.181217066943645339e-02,1.062627974897623062e-02,1.636618357151746819e-02,2.049044269369915128e-05,2.049044269369915128e-05
1.561792612075805664e+00,1.481263041496276855e+00,1.561813116073608398e+00,1.481283545494079590e+00,7.447724938392639160e-01,7.002906441688537820e-01,7.224481105804443359e-01,7.094752252101897971e-01,3.647034987807273865e-02,1.100902622565627133e-02,3.955289348959922791e-02,4.226867780089378634e-02,1.854879222810268402e-02,1.821946091949939658e-02,2.049605063803028315e-05,2.049605063803028315e-05
1.462403297424316406e+00,1.453221023082733154e+00,1.462423801422119141e+00,1.453241527080535889e+00,6.959584355354309082e-01,6.926997780799866167e-01,6.706121563911437988e-01,7.020384550094604936e-01,5.246443673968315125e-02,1.137746097519993713e-02,3.571293503046035767e-02,4.221381582319736619e-02,7.655296940356492996e-03,4.891493171453475779e-03,2.049686736427247524e-05,2.049686736427247524e-05
1.409029126167297363e+00,1.470371592044830367e+00,1.409049630165100098e+00,1.470392096042633101e+00,6.734501123428344727e-01,7.003799080848693848e-01,6.776686310768127441e-01,7.078440189361572266e-01,4.335657693445682526e-03,1.074621416628360714e-02,4.657677933573722839e-02,4.227019250392913957e-02,6.997999735176563263e-03,9.131262637674808155e-03,2.050115290330722928e-05,2.050115290330722928e-05
1.321992039680480957e+00,1.461307179927825883e+00,1.322012543678283691e+00,1.461327683925628618e+00,6.508415937423706055e-01,6.962558627128601074e-01,6.165923476219177246e-01,7.056409358978271706e-01,5.331003572791814804e-03,1.081793606281280552e-02,4.356349632143974304e-02,4.177365452051162720e-02,5.663580261170864105e-03,6.818819930776954044e-03,2.050670445896685123e-05,2.050670445896685123e-05
1.431857466697692871e+00,1.464547729492187589e+00,1.431877970695495605e+00,1.464568233489990323e+00,6.967896819114685059e-01,6.979644358158111350e-01,6.906114220619201660e-01,7.061111211776733843e-01,5.355479195713996887e-03,1.104316809214651515e-02,3.208608552813529968e-02,4.174911864101886472e-02,7.014692295342683792e-03,7.679933682084083557e-03,2.050384864560328424e-05,2.050384864560328424e-05
1.478621125221252441e+00,1.478349995613098100e+00,1.478641629219055176e+00,1.478370499610900834e+00,6.919161677360534668e-01,7.037679970264434370e-01,6.873705983161926270e-01,7.081429839134216753e-01,3.195337206125259399e-02,1.146861296147108113e-02,5.232869461178779602e-02,4.201542548835277696e-02,1.505232602357864380e-02,1.295500742271542619e-02,2.050250986940227449e-05,2.050250986940227449e-05
1.439327359199523926e+00,1.457905340194702193e+00,1.439347863197326660e+00,1.457925844192504927e+00,6.940718889236450195e-01,6.956206977367400679e-01,6.955568194389343262e-01,7.022105932235718218e-01,1.855421462096273899e-03,1.170021910220384563e-02,4.244375601410865784e-02,4.307366684079170366e-02,5.399532616138458252e-03,5.300156539306044579e-03,2.050463626801501960e-05,2.050463626801501960e-05
1.485756278038024902e+00,1.474890685081482022e+00,1.485776782035827637e+00,1.474911189079284757e+00,7.094996571540832520e-01,7.015755772590637207e-01,7.153988480567932129e-01,7.110235691070556641e-01,3.320484422147274017e-03,1.169398454949259827e-02,4.971353337168693542e-02,4.211018532514572421e-02,7.823823951184749603e-03,8.487371541559696891e-03,2.050608418358024210e-05,2.050608418358024210e-05
1.483650445938110352e+00,1.452988135814666792e+00,1.483670949935913086e+00,1.453008639812469527e+00,7.167018651962280273e-01,6.937857627868652122e-01,7.143304347991943359e-01,6.995864510536193848e-01,3.384517971426248550e-03,1.092439219355583260e-02,4.407453164458274841e-02,4.185466505587100844e-02,5.159171298146247864e-03,6.836852570995688265e-03,2.050700095423962921e-05,2.050700095423962921e-05
1.404647588729858398e+00,1.453788411617279008e+00,1.404668092727661133e+00,1.453808915615081743e+00,6.771186590194702148e-01,6.968950510025024858e-01,6.659343242645263672e-01,7.004776358604430930e-01,1.043462287634611130e-02,1.061442559584975173e-02,4.617183282971382141e-02,4.066202454268932204e-02,4.988240078091621399e-03,5.139285838231444706e-03,2.050694092758931220e-05,2.050694092758931220e-05
1.497718214988708496e+00,1.452091825008392290e+00,1.497738718986511230e+00,1.452112329006195024e+00,7.044659852981567383e-01,6.943195104598999245e-01,7.030440568923950195e-01,6.995497465133666548e-01,4.287820681929588318e-02,1.134174354374408757e-02,4.110956192016601562e-02,4.059552215039730072e-02,6.220450159162282944e-03,6.285321665927767754e-03,2.051187766483053565e-05,2.051187766483053565e-05
1.526082158088684082e+00,1.453463244438171431e+00,1.526102662086486816e+00,1.453483748435974166e+00,7.289137840270996094e-01,6.933037579059601052e-01,7.193886041641235352e-01,7.044447720050811546e-01,2.583906427025794983e-02,1.133629884570836951e-02,4.941134899854660034e-02,4.081545025110244751e-02,2.529342425987124443e-03,3.562931180931627837e-03,2.051657429547049105e-05,2.051657429547049105e-05
1.419606328010559082e+00,1.461830818653106601e+00,1.419626832008361816e+00,1.461851322650909335e+00,6.787536740303039551e-01,6.971682906150817871e-01,6.758412122726440430e-01,7.066470801830291304e-01,5.159050226211547852e-03,1.092597842216491699e-02,5.091182887554168701e-02,4.016411900520324568e-02,8.940544910728931427e-03,6.925346888601779591e-03,2.051908995781559497e-05,2.051908995781559497e-05
1.601669192314147949e+00,1.492333662509918168e+00,1.601689696311950684e+00,1.492354166507720903e+00,7.657600641250610352e-01,7.085360765457153764e-01,7.721020579338073730e-01,7.137795865535736528e-01,3.976573701947927475e-03,1.118644541129469941e-02,4.791997745633125305e-02,4.113876298069953780e-02,1.191055309027433395e-02,1.769279446452855925e-02,2.052157651633024216e-05,2.052157651633024216e-05
1.435022234916687012e+00,1.477606511116027921e+00,1.435042738914489746e+00,1.477627015113830655e+00,7.050797939300537109e-01,7.056358039379120317e-01,6.878089904785156250e-01,7.143055617809295210e-01,3.316957270726561546e-03,1.147034540772438015e-02,3.258542343974113464e-02,4.037817493081093112e-02,6.231066770851612091e-03,5.816649599000811750e-03,2.052761556115001440e-05,2.052761556115001440e-05
1.647650480270385742e+00,1.458997762203216642e+00,1.647670984268188477e+00,1.459018266201019376e+00,7.944777011871337891e-01,6.941799461841583474e-01,7.840909361839294434e-01,7.044054448604584184e-01,6.879221182316541672e-03,1.250919345766305854e-02,5.518602952361106873e-02,4.131242148578166684e-02,7.016527466475963593e-03,6.590761151164770473e-03,2.052483978332020342e-05,2.052483978332020342e-05
1.427682280540466309e+00,1.449581241607666104e+00,1.427702784538269043e+00,1.449601745605468839e+00,6.820027828216552734e-01,6.929442763328552690e-01,6.903430223464965820e-01,6.993169665336609331e-01,4.349031485617160797e-03,1.199922887608408963e-02,4.643180966377258301e-02,4.038159064948558530e-02,4.555725492537021637e-03,4.939207527786493475e-03,2.052141098829451948e-05,2.052141098829451948e-05
1.399489164352416992e+00,1.463625347614288419e+00,1.399509668350219727e+00,1.463645851612091153e+00,6.760073900222778320e-01,7.000770747661591020e-01,6.780003905296325684e-01,7.048645198345184770e-01,2.980459248647093773e-03,1.180952666327357223e-02,3.090972080826759338e-02,4.005875624716281891e-02,1.159118674695491791e-02,6.815461022779345339e-03,2.052024137810803950e-05,2.052024137810803950e-05
1.375445604324340820e+00,1.495653486251831144e+00,1.375466108322143555e+00,1.495673990249633878e+00,6.696660518646240234e-01,7.136115431785583496e-01,6.604105234146118164e-01,7.207490980625153032e-01,4.588927607983350754e-03,1.466675624251365627e-02,3.293580189347267151e-02,4.090294502675533017e-02,7.844234816730022430e-03,5.723137687891721552e-03,2.049708928097970784e-05,2.049708928097970784e-05
1.338144659996032715e+00,1.491419708728790372e+00,1.338165163993835449e+00,1.491440212726593106e+00,6.410999894142150879e-01,7.088621377944945845e-01,6.460632085800170898e-01,7.140376687049865279e-01,2.110042609274387360e-03,1.478585125878453289e-02,4.003353789448738098e-02,4.316543042659759521e-02,8.837847970426082611e-03,1.056863162666559289e-02,2.048786700470373034e-05,2.048786700470373034e-05
1.654373407363891602e+00,1.498032259941101119e+00,1.654393911361694336e+00,1.498052763938903853e+00,8.015995621681213379e-01,7.132539212703704612e-01,7.814551591873168945e-01,7.203986167907714400e-01,1.535232178866863251e-02,1.126955058425664971e-02,4.541870951652526855e-02,4.220608994364738464e-02,1.054755225777626038e-02,1.090408312156796421e-02,2.049480281129945070e-05,2.049480281129945070e-05
1.259629964828491211e+00,1.479800522327423096e+00,1.259650468826293945e+00,1.479821026325225830e+00,6.001642346382141113e-01,7.046392261981964111e-01,6.045128107070922852e-01,7.108767092227935569e-01,7.783068809658288956e-03,1.222134884446859394e-02,3.484810516238212585e-02,4.403743408620357236e-02,1.232173293828964233e-02,8.025783440098166119e-03,2.049745307886041701e-05,2.049745307886041701e-05
1.548890352249145508e+00,1.478995716571807950e+00,1.548910856246948242e+00,1.479016220569610685e+00,7.427344322204589844e-01,7.055870056152343528e-01,7.275362610816955566e-01,7.110182464122771773e-01,2.213564515113830566e-02,1.426498964428901672e-02,4.927963763475418091e-02,4.194722957909106931e-02,7.204379420727491379e-03,6.178282899782061577e-03,2.050494185823481530e-05,2.050494185823481530e-05
1.490389585494995117e+00,1.475957763195037797e+00,1.490410089492797852e+00,1.475978267192840532e+00,7.194625139236450195e-01,7.050096094608306885e-01,7.221726775169372559e-01,7.100692629814148171e-01,3.966641146689653397e-03,1.397564494982361794e-02,4.064873233437538147e-02,4.199718460440635820e-02,4.139048047363758087e-03,4.906070465222000902e-03,2.051528645097278059e-05,2.051528645097278059e-05
1.522539734840393066e+00,1.483223998546600253e+00,1.522560238838195801e+00,1.483244502544402987e+00,7.375836968421936035e-01,7.066466987133026567e-01,7.319238185882568359e-01,7.140033960342406782e-01,3.650459460914134979e-03,1.317211445420980384e-02,4.231152310967445374e-02,4.261881113052368164e-02,7.070256397128105164e-03,6.782975373789667736e-03,2.051352930720895529e-05,2.051352930720895529e-05
1.459964632987976074e+00,1.468422508239746183e+00,1.459985136985778809e+00,1.468443012237548917e+00,7.118385434150695801e-01,7.012447953224182351e-01,6.941525936126708984e-01,7.078350126743316872e-01,1.345483865588903427e-02,1.172236707061529229e-02,3.673866391181945801e-02,4.155643247067928453e-02,3.780090948566794395e-03,6.063910434022545815e-03,2.051208684861194342e-05,2.051208684861194342e-05
1.341720223426818848e+00,1.474094653129577548e+00,1.341740727424621582e+00,1.474115157127380282e+00,6.478147506713867188e-01,7.005572676658630149e-01,6.471359729766845703e-01,7.077619254589080366e-01,2.883845474570989609e-03,1.328515252098441159e-02,3.257598727941513062e-02,4.353691264986991882e-02,1.130976155400276184e-02,8.953398186713456761e-03,2.051358023891225457e-05,2.051358023891225457e-05
1.317754507064819336e+00,1.486115849018097013e+00,1.317775011062622070e+00,1.486136353015899747e+00,6.334630250930786133e-01,7.043848395347594993e-01,6.359816193580627441e-01,7.126585841178894043e-01,2.792282029986381531e-03,1.308729769662022625e-02,3.478496521711349487e-02,4.323147833347320418e-02,1.073262188583612442e-02,1.275364132598042453e-02,2.051447336270939559e-05,2.051447336270939559e-05
1.602806329727172852e+00,1.504934597015380904e+00,1.602826833724975586e+00,1.504955101013183638e+00,7.421302199363708496e-01,7.144489109516143355e-01,7.737600803375244141e-01,7.253156363964080589e-01,3.554606437683105469e-02,1.208564536646008526e-02,4.576303064823150635e-02,4.156330078840255599e-02,5.606924649327993393e-03,1.152109727263450623e-02,2.051889532594941556e-05,2.051889532594941556e-05
1.339502453804016113e+00,1.469914937019348056e+00,1.339522957801818848e+00,1.469935441017150790e+00,6.401269435882568359e-01,7.017267346382141113e-01,6.535593271255493164e-01,7.063794970512390359e-01,5.113770719617605209e-03,1.074928129091858899e-02,3.516972064971923828e-02,4.251937977969646315e-02,5.532789975404739380e-03,8.540026377886533737e-03,2.052822310361079872e-05,2.052822310361079872e-05
1.540828943252563477e+00,1.472738778591156095e+00,1.540849447250366211e+00,1.472759282588958829e+00,7.224730849266052246e-01,6.997789502143859641e-01,7.713987231254577637e-01,7.129269242286682129e-01,1.451077871024608612e-02,1.196974394842982223e-02,2.906266227364540100e-02,4.353681206703186035e-02,3.383708419278264046e-03,4.526371322572231466e-03,2.052571289823390543e-05,2.052571289823390543e-05
1.472018241882324219e+00,1.488504517078399703e+00,1.472038745880126953e+00,1.488525021076202437e+00,6.928392052650451660e-01,7.057972788810730203e-01,7.097709178924560547e-01,7.123250663280487061e-01,8.917588740587234497e-03,1.273022079840302467e-02,4.287551715970039368e-02,4.300015829503536086e-02,1.761509850621223450e-02,1.465176986530423130e-02,2.052659692708402872e-05,2.052659692708402872e-05
1.435240507125854492e+00,1.484593689441680908e+00,1.435261011123657227e+00,1.484614193439483643e+00,7.070979475975036621e-01,7.074683427810668501e-01,6.870247721672058105e-01,7.157370746135711670e-01,3.875796450302004814e-03,1.205034181475639343e-02,3.279287740588188171e-02,4.274875521659850935e-02,4.448957741260528564e-03,6.589206587523222143e-03,2.053465505014173687e-05,2.053465505014173687e-05
1.482468724250793457e+00,1.507509684562683194e+00,1.482489228248596191e+00,1.507530188560485929e+00,7.051991224288940430e-01,7.133106827735901101e-01,7.220959663391113281e-01,7.337477624416350874e-01,3.456432837992906570e-03,1.062042936682701041e-02,4.412265866994857788e-02,4.145298451185226718e-02,7.594422437250614166e-03,8.377801673486829498e-03,2.054026117548346519e-05,2.054026117548346519e-05
1.414265990257263184e+00,1.479443836212158248e+00,1.414286494255065918e+00,1.479464340209960982e+00,6.841726899147033691e-01,7.050527870655060036e-01,6.856560707092285156e-01,7.140067696571350542e-01,2.811228157952427864e-03,1.172131812199950218e-02,3.525555133819580078e-02,4.262179061770439426e-02,6.370491348206996918e-03,6.041153473779559482e-03,2.054218202829360962e-05,2.054218202829360962e-05
1.353245615959167480e+00,1.480567932128906250e+00,1.353266119956970215e+00,1.480588436126708984e+00,6.521746516227722168e-01,7.032754182815551536e-01,6.528453826904296875e-01,7.118389606475830078e-01,2.644560066983103752e-03,1.243790704756975174e-02,4.041821509599685669e-02,4.346068613231181960e-02,5.162750370800495148e-03,9.554957505315542221e-03,2.053664138657040894e-05,2.053664138657040894e-05
1.416437268257141113e+00,1.493250989913940341e+00,1.416457772254943848e+00,1.493271493911743075e+00,6.732133626937866211e-01,7.092196404933929221e-01,6.877763271331787109e-01,7.188575625419616477e-01,8.911360055208206177e-03,1.227391725406050751e-02,3.398772329092025757e-02,4.365967847406863889e-02,1.254846435040235519e-02,9.240187983959913948e-03,2.053512253041844815e-05,2.053512253041844815e-05
1.589965462684631348e+00,1.536045300960540816e+00,1.589985966682434082e+00,1.536065804958343550e+00,7.306407690048217773e-01,7.257603704929351807e-01,7.814847826957702637e-01,7.311039090156554732e-01,1.797604747116565704e-02,1.233268324285745690e-02,4.699780419468879700e-02,4.471915662288665494e-02,1.286616548895835876e-02,2.212921138852834771e-02,2.053495700238272548e-05,2.053495700238272548e-05
1.521858692169189453e+00,1.648286330699920699e+00,1.521879196166992188e+00,1.648306834697723433e+00,7.002841234207153320e-01,7.555179417133330855e-01,7.385170459747314453e-01,7.781952977180480735e-01,1.557650510221719742e-02,1.525592869147658279e-02,2.696727961301803589e-02,4.522351510822773119e-02,4.051375016570091248e-02,5.409362763166427474e-02,2.054267315543256700e-05,2.054267315543256700e-05
1.572670221328735352e+00,1.559175324440002397e+00,1.572690725326538086e+00,1.559195828437805131e+00,7.369024157524108887e-01,7.214163303375243919e-01,7.228837013244628906e-01,7.483600735664367454e-01,3.242038562893867493e-02,1.371115026995539665e-02,4.878616333007812500e-02,4.551980420947075029e-02,3.167749568819999695e-02,3.016798496246337821e-02,2.054329524980857968e-05,2.054329524980857968e-05
1.395054340362548828e+00,1.477513217926025302e+00,1.395074844360351562e+00,1.477533721923828036e+00,6.761921644210815430e-01,7.048302590847015381e-01,6.700705885887145996e-01,7.110021293163300005e-01,4.499152768403291702e-03,1.121888980269431998e-02,3.644412755966186523e-02,4.360072948038577756e-02,7.848241366446018219e-03,6.861208984628319567e-03,2.055367076536640525e-05,2.055367076536640525e-05
1.437648892402648926e+00,1.484448647499084561e+00,1.437669396400451660e+00,1.484469151496887296e+00,6.954454779624938965e-01,7.018882632255554199e-01,6.925563216209411621e-01,7.187239229679107666e-01,6.197240203619003296e-03,1.117279268801212380e-02,3.538451343774795532e-02,4.528131410479545316e-02,8.065287023782730103e-03,7.382315443828701626e-03,2.055280310742091388e-05,2.055280310742091388e-05
1.426629543304443359e+00,1.471461296081542969e+00,1.426650047302246094e+00,1.471481800079345703e+00,6.904595494270324707e-01,7.021129131317138672e-01,6.758433580398559570e-01,7.086045324802399126e-01,2.244740910828113556e-02,1.162409242242574622e-02,3.105242736637592316e-02,4.336524866521358768e-02,6.826587021350860596e-03,5.754507426172494715e-03,2.055792720057070255e-05,2.055792720057070255e-05
1.560460805892944336e+00,1.476867413520813077e+00,1.560481309890747070e+00,1.476887917518615811e+00,7.451253533363342285e-01,7.056254744529724121e-01,7.417845726013183594e-01,7.121924161911010742e-01,3.817068180069327354e-03,1.068486953154206345e-02,6.476762145757675171e-02,4.317253567278385440e-02,4.966250620782375336e-03,5.192140396684408014e-03,2.056337689282372594e-05,2.056337689282372594e-05
1.483492493629455566e+00,1.582352185249328524e+00,1.483513116836547852e+00,1.582372808456420810e+00,7.085403800010681152e-01,7.538063228130340576e-01,7.221220135688781738e-01,7.680153846740722656e-01,3.565456252545118332e-03,1.051101246848702361e-02,4.303292185068130493e-02,4.418608322739601274e-02,6.231833249330520630e-03,5.833392450585961515e-03,2.057380152109544724e-05,2.057380152109544724e-05
1.365214824676513672e+00,1.512612807750701949e+00,1.365235447883605957e+00,1.512633430957794234e+00,6.521841883659362793e-01,7.172212481498718706e-01,6.571714282035827637e-01,7.218543767929077593e-01,2.188075799494981766e-03,1.167848352342843940e-02,3.505264222621917725e-02,4.216465987265109738e-02,1.861849427223205566e-02,1.969406977295875411e-02,2.058231257251463830e-05,2.058231257251463830e-05
1.368364214897155762e+00,1.466354775428772017e+00,1.368384838104248047e+00,1.466375398635864302e+00,6.543556451797485352e-01,6.969169616699218972e-01,6.582200527191162109e-01,7.044952630996703657e-01,4.258235916495323181e-03,1.157487696036696434e-02,4.217237979173660278e-02,4.266385212540626387e-02,9.357768110930919647e-03,1.070384699851274421e-02,2.058902100543491542e-05,2.058902100543491542e-05
1.521594882011413574e+00,1.483700191974639981e+00,1.521615505218505859e+00,1.483720815181732267e+00,7.191951274871826172e-01,7.036038279533386453e-01,7.299088835716247559e-01,7.102314651012420210e-01,9.404546581208705902e-03,1.192417135462164879e-02,4.748115688562393188e-02,4.257525913417339186e-02,1.560511346906423569e-02,1.536551238968968461e-02,2.059044163615908474e-05,2.059044163615908474e-05
1.440871238708496094e+00,1.490096771717071444e+00,1.440891861915588379e+00,1.490117394924163730e+00,6.733354330062866211e-01,7.119495332241058128e-01,6.823948621749877930e-01,7.158985376358032449e-01,2.591694146394729614e-02,1.190304076299071243e-02,5.007397755980491638e-02,4.125269837677478929e-02,9.149990044534206390e-03,9.092956595122814872e-03,2.059727012237999588e-05,2.059727012237999588e-05
1.388527512550354004e+00,1.452820599079132080e+00,1.388548135757446289e+00,1.452841222286224365e+00,6.688099503517150879e-01,6.923471570014954057e-01,6.773344278335571289e-01,7.006132721900939497e-01,2.228255150839686394e-03,1.247751610353589093e-02,3.367461636662483215e-02,4.158449061214923581e-02,6.480243988335132599e-03,5.798127735033631325e-03,2.060885708488058299e-05,2.060885708488058299e-05
1.351919054985046387e+00,1.461880981922149658e+00,1.351939678192138672e+00,1.461901605129241943e+00,6.588933467864990234e-01,6.964263498783112016e-01,6.549038887023925781e-01,7.069778263568877730e-01,5.378129426389932632e-03,1.180041991174221074e-02,2.887125872075557709e-02,4.231092706322669983e-02,3.872348461300134659e-03,4.365483904257417072e-03,2.061862141999881715e-05,2.061862141999881715e-05
1.526497244834899902e+00,1.485191321372985929e+00,1.526517868041992188e+00,1.485211944580078214e+00,7.305616736412048340e-01,7.096149981021880881e-01,7.093901634216308594e-01,7.145991086959838645e-01,3.601614013314247131e-02,1.221833284944295883e-02,3.869017586112022400e-02,4.033060781657695631e-02,1.183903776109218597e-02,8.428249508142471313e-03,2.062617204501293600e-05,2.062617204501293600e-05
1.419925212860107422e+00,1.469057500362396240e+00,1.419945836067199707e+00,1.469078123569488525e+00,6.844332218170166016e-01,7.013219177722931352e-01,6.789574623107910156e-01,7.040673971176147905e-01,5.877382121980190277e-03,1.247600335627794231e-02,3.871554508805274963e-02,4.065121524035930634e-02,1.194156426936388016e-02,1.054093483835458721e-02,2.063433021248783916e-05,2.063433021248783916e-05
1.434151887893676758e+00,1.457539927959442094e+00,1.434172511100769043e+00,1.457560551166534379e+00,6.905723214149475098e-01,6.945346355438232200e-01,6.808546185493469238e-01,7.019239246845245805e-01,3.176186699420213699e-03,1.229202728718519280e-02,4.995225742459297180e-02,4.159448854625225067e-02,9.596413001418113708e-03,7.194884913042187344e-03,2.064461659756489098e-05,2.064461659756489098e-05
1.442000150680541992e+00,1.489458346366882235e+00,1.442020773887634277e+00,1.489478969573974521e+00,6.712546348571777344e-01,7.017976105213165061e-01,6.997716426849365234e-01,7.144538998603821023e-01,5.739822983741760254e-03,1.230447925627231598e-02,5.304496362805366516e-02,4.056821763515472412e-02,1.218917220830917358e-02,2.033418547362089018e-02,2.065484295599162579e-05,2.065484295599162579e-05
1.384841799736022949e+00,1.457010316848754927e+00,1.384862422943115234e+00,1.457030940055847212e+00,6.799468994140625000e-01,6.933191776275634544e-01,6.597034931182861328e-01,7.022607028484344482e-01,2.686909167096018791e-03,1.211235933005809853e-02,3.494035825133323669e-02,4.201098084449768344e-02,7.564197760075330734e-03,7.307067746296525002e-03,2.067165769403800368e-05,2.067165769403800368e-05
1.413660764694213867e+00,1.508296418190002486e+00,1.413681387901306152e+00,1.508317041397094771e+00,6.789915561676025391e-01,7.223151028156280518e-01,6.705774068832397461e-01,7.257594525814056174e-01,5.167842376977205276e-03,1.162115829065442016e-02,4.919720813632011414e-02,3.959982506930827956e-02,9.726796299219131470e-03,9.000850748270750393e-03,2.067203604383394122e-05,2.067203604383394122e-05
1.382607698440551758e+00,1.485502922534942538e+00,1.382628321647644043e+00,1.485523545742034823e+00,6.649813652038574219e-01,7.068974852561951128e-01,6.646006107330322266e-01,7.203749895095825639e-01,7.347582839429378510e-03,1.295932410284876893e-02,3.896814584732055664e-02,3.904852122068405013e-02,6.710067857056856155e-03,6.222582655027508736e-03,2.067041168629657477e-05,2.067041168629657477e-05
1.539322614669799805e+00,1.464227533340454190e+00,1.539343237876892090e+00,1.464248156547546476e+00,7.231230139732360840e-01,6.959079205989837646e-01,7.617381215095520020e-01,7.023121774196624534e-01,5.940593779087066650e-03,1.169148497283458744e-02,3.646666929125785828e-02,4.024052917957306186e-02,1.205414626747369766e-02,1.407541930675506626e-02,2.066902015940286219e-05,2.066902015940286219e-05
1.505607128143310547e+00,1.462099432945251465e+00,1.505627751350402832e+00,1.462120056152343750e+00,7.250199913978576660e-01,6.964598000049591064e-01,7.250466346740722656e-01,7.039178729057311568e-01,4.588945768773555756e-03,1.116805458441376755e-02,4.057886451482772827e-02,3.987138569355010848e-02,1.037271227687597275e-02,1.068236567080020974e-02,2.067140303552150726e-05,2.067140303552150726e-05
1.628476977348327637e+00,1.470121645927429110e+00,1.628497600555419922e+00,1.470142269134521396e+00,7.346345782279968262e-01,6.996617734432220015e-01,8.285059928894042969e-01,7.101413428783416304e-01,3.135420382022857666e-02,1.271903654560446739e-02,2.969645522534847260e-02,4.013731963932513913e-02,4.285712260752916336e-03,7.462147530168295254e-03,2.067771492875181139e-05,2.067771492875181139e-05
1.586185455322265625e+00,1.471042644977569536e+00,1.586206078529357910e+00,1.471063268184661821e+00,7.648469805717468262e-01,6.934675872325897217e-01,7.422590851783752441e-01,7.108262121677398904e-01,2.286532521247863770e-02,1.243883483111858299e-02,4.295698925852775574e-02,4.085934311151504655e-02,1.325708720833063126e-02,1.345063485205173423e-02,2.067951572826132178e-05,2.067951572826132178e-05
1.402047276496887207e+00,1.462489783763885498e+00,1.402067899703979492e+00,1.462510406970977783e+00,6.705650091171264648e-01,6.957173347473144531e-01,6.834413409233093262e-01,7.065938770771026389e-01,6.378717254847288132e-03,1.399436956271529232e-02,3.700414299964904785e-02,4.001797214150428633e-02,4.658065736293792725e-03,6.166262133046984499e-03,2.067963941954076290e-05,2.067963941954076290e-05
1.585581421852111816e+00,1.456857728958129927e+00,1.585602045059204102e+00,1.456878352165222212e+00,7.519056200981140137e-01,6.909592151641845703e-01,7.598755359649658203e-01,7.013022840023040994e-01,1.279231533408164978e-02,1.341500924900174141e-02,4.934125766158103943e-02,4.111732281744480411e-02,1.166664529591798782e-02,1.006390424445271527e-02,2.068085268547292799e-05,2.068085268547292799e-05
1.517265319824218750e+00,1.460202193260192960e+00,1.517286062240600586e+00,1.460222935676574796e+00,7.139029502868652344e-01,6.984365582466125488e-01,7.090008258819580078e-01,7.051588058471679465e-01,4.048559069633483887e-02,1.125432439148426125e-02,4.670172184705734253e-02,3.926792405545711379e-02,7.174198981374502182e-03,6.084579834714531552e-03,2.068723188131116331e-05,2.068723188131116331e-05
1.476455569267272949e+00,1.495427739620208696e+00,1.476476311683654785e+00,1.495448482036590532e+00,7.077369093894958496e-01,7.129329383373260720e-01,7.077088952064514160e-01,7.185966968536376953e-01,3.994706552475690842e-03,1.118132378906011581e-02,4.948333650827407837e-02,3.930813185870647708e-02,7.531770970672369003e-03,1.340865734964609077e-02,2.069515903713181615e-05,2.069515903713181615e-05
1.351646780967712402e+00,1.465746152400970503e+00,1.351667523384094238e+00,1.465766894817352339e+00,6.509702205657958984e-01,6.960608482360839400e-01,6.548088788986206055e-01,7.070120930671691672e-01,3.960283938795328140e-03,1.193073848262429272e-02,3.815181180834770203e-02,4.208025261759758273e-02,3.755621379241347313e-03,8.662226889282465675e-03,2.069383481284603477e-05,2.069383481284603477e-05
1.331935405731201172e+00,1.460426473617553622e+00,1.331956148147583008e+00,1.460447216033935458e+00,6.431043148040771484e-01,6.951040983200073020e-01,6.433361768722534180e-01,7.054085612297058550e-01,8.065717294812202454e-03,1.189494803547859123e-02,3.365270048379898071e-02,4.140037894248962264e-02,3.776588244363665581e-03,6.618456868454814131e-03,2.069484798994380981e-05,2.069484798994380981e-05
1.623027682304382324e+00,1.595971858501434415e+00,1.623048424720764160e+00,1.595992600917816251e+00,7.569479942321777344e-01,7.493182480335235374e-01,7.625100612640380859e-01,7.533006191253661665e-01,2.538346685469150543e-02,1.117944642901420524e-02,4.730341583490371704e-02,4.134039282798766812e-02,3.088276274502277374e-02,4.083318747580051700e-02,2.070183472824282944e-05,2.070183472824282944e-05
1.444440245628356934e+00,1.478290402889251620e+00,1.444460988044738770e+00,1.478311145305633456e+00,6.846374869346618652e-01,7.005024731159210649e-01,7.056102752685546875e-01,7.111255228519439697e-01,9.800586849451065063e-03,1.378373261541128089e-02,3.704766556620597839e-02,4.296855777502060075e-02,7.344188634306192398e-03,9.910142235457896492e-03,2.070530536002479494e-05,2.070530536002479494e-05
1.568504691123962402e+00,1.446865141391754150e+00,1.568525433540344238e+00,1.446885883808135986e+00,7.455758452415466309e-01,6.895245313644409180e-01,7.643342018127441406e-01,6.972556293010712114e-01,1.088199205696582794e-02,1.175630493089556763e-02,4.407125338912010193e-02,4.248806349933147153e-02,3.641372779384255409e-03,5.840637348592280995e-03,2.070963273581583053e-05,2.070963273581583053e-05
1.555031776428222656e+00,1.526323401927947909e+00,1.555052518844604492e+00,1.526344144344329745e+00,7.466380596160888672e-01,7.186200797557831255e-01,7.337833642959594727e-01,7.225673317909240279e-01,4.218814428895711899e-03,1.111453408375382389e-02,4.182910919189453125e-02,4.153367578983306607e-02,2.856248058378696442e-02,3.248777985572814941e-02,2.070122718578204513e-05,2.070122718578204513e-05
1.522513508796691895e+00,1.452316856384277433e+00,1.522534251213073730e+00,1.452337598800659269e+00,7.297102212905883789e-01,6.946166038513184038e-01,7.304137349128723145e-01,7.011878252029418723e-01,4.963845014572143555e-03,1.049943873658776283e-02,5.187890678644180298e-02,4.075174145400524417e-02,5.546735133975744247e-03,5.261251376941800464e-03,2.070301525236573070e-05,2.070301525236573070e-05
1.336416006088256836e+00,1.455226027965545565e+00,1.336436748504638672e+00,1.455246770381927401e+00,6.371645927429199219e-01,6.927836477756500466e-01,6.549860239028930664e-01,7.038857102394103782e-01,3.070385660976171494e-03,1.069335937499999931e-02,3.640050441026687622e-02,4.135002866387367526e-02,4.794521257281303406e-03,6.513276463374495159e-03,2.070195114356465638e-05,2.070195114356465638e-05
1.490263581275939941e+00,1.446075761318206698e+00,1.490284323692321777e+00,1.446096503734588534e+00,7.232172489166259766e-01,6.918126344680786133e-01,7.121908068656921387e-01,6.974537611007690652e-01,3.839240875095129013e-03,1.146398065611720085e-02,4.557224363088607788e-02,4.166761338710785190e-02,5.443910136818885803e-03,3.677794337272644130e-03,2.070532173092942685e-05,2.070532173092942685e-05
1.552520275115966797e+00,1.494784390926361173e+00,1.552541017532348633e+00,1.494805133342743009e+00,7.184440493583679199e-01,7.104505658149719016e-01,7.402044534683227539e-01,7.159233152866363303e-01,2.791901305317878723e-02,1.066900826990604435e-02,5.493060126900672913e-02,4.233908392488956729e-02,1.102221012115478516e-02,1.540240691974759102e-02,2.070822847599629313e-05,2.070822847599629313e-05
1.429342746734619141e+00,1.529651570320129439e+00,1.429363489151000977e+00,1.529672312736511275e+00,6.621075868606567383e-01,7.176814794540404829e-01,6.822670102119445801e-01,7.275943934917450395e-01,3.434191225096583366e-03,1.021353686228394439e-02,4.355031996965408325e-02,4.341843761503696303e-02,3.798351064324378967e-02,3.074373491108417511e-02,2.071628841804340482e-05,2.071628841804340482e-05
1.373902559280395508e+00,1.467702519893646196e+00,1.373923301696777344e+00,1.467723262310028032e+00,6.599733233451843262e-01,6.979109585285186990e-01,6.636943221092224121e-01,7.055442810058594194e-01,2.592768054455518723e-03,1.037075528874993255e-02,3.822258859872817993e-02,4.378745183348655562e-02,9.419598616659641266e-03,1.008906867355108261e-02,2.071967355732340366e-05,2.071967355732340366e-05
1.555495142936706543e+00,1.472049534320831299e+00,1.555515885353088379e+00,1.472070276737213135e+00,7.616309523582458496e-01,7.039917707443237305e-01,7.202383279800415039e-01,7.096945464611053023e-01,3.789670765399932861e-02,1.187638044357299839e-02,3.176089748740196228e-02,4.112365990877151628e-02,3.968274686485528946e-03,5.363180441781878818e-03,2.073336145258508623e-05,2.073336145258508623e-05
1.429519534111022949e+00,1.477545011043548628e+00,1.429540276527404785e+00,1.477565753459930464e+00,6.867244839668273926e-01,7.089910864830016868e-01,6.962507367134094238e-01,7.108599722385406938e-01,3.132408717647194862e-03,1.188284801319241558e-02,3.885749354958534241e-02,4.194696322083472928e-02,4.554359707981348038e-03,3.864124813117086714e-03,2.074708208965603262e-05,2.074708208965603262e-05
1.586371421813964844e+00,1.455553495883941562e+00,1.586392164230346680e+00,1.455574238300323398e+00,7.455804944038391113e-01,6.916617035865784135e-01,7.659358978271484375e-01,7.000309944152831587e-01,9.661667048931121826e-03,1.179222054779529606e-02,5.385965108871459961e-02,4.154316373169422011e-02,1.133366674184799194e-02,1.052544126287102699e-02,2.076318560284562409e-05,2.076318560284562409e-05
1.581546187400817871e+00,1.477190566062927202e+00,1.581566929817199707e+00,1.477211308479309038e+00,7.428959608078002930e-01,6.951756298542022261e-01,7.601640224456787109e-01,7.138368546962737815e-01,1.039251778274774551e-02,1.373857865110039711e-02,5.890343710780143738e-02,4.376599304378032962e-02,9.190219454467296600e-03,1.067349202930927346e-02,2.076527380268089473e-05,2.076527380268089473e-05
1.630937814712524414e+00,1.479943919181823775e+00,1.630958557128906250e+00,1.479964661598205611e+00,7.210032939910888672e-01,7.023513615131378174e-01,7.835084795951843262e-01,7.110085785388946533e-01,6.846195459365844727e-02,1.351407086476683582e-02,4.710525274276733398e-02,4.183783382177352905e-02,1.085871458053588867e-02,1.123207770287990535e-02,2.078060788335278630e-05,2.078060788335278630e-05
1.425544977188110352e+00,1.481248426437377974e+00,1.425565719604492188e+00,1.481269168853759810e+00,6.805417537689208984e-01,7.012569546699524148e-01,6.872510313987731934e-01,7.097293317317963091e-01,3.701061010360717773e-03,1.313572740182280575e-02,3.180105239152908325e-02,4.115222990512847762e-02,2.224993146955966949e-02,1.597416354343295097e-02,2.078647412417922169e-05,2.078647412417922169e-05
1.488785982131958008e+00,1.499858164787292392e+00,1.488806724548339844e+00,1.499878907203674228e+00,7.062344551086425781e-01,7.145884811878204790e-01,7.057743668556213379e-01,7.198051214218139648e-01,1.217601727694272995e-02,1.202383805066347192e-02,5.452552810311317444e-02,4.226718805730343004e-02,1.007569115608930588e-02,1.117350477725267445e-02,2.079143814626149833e-05,2.079143814626149833e-05
1.412591814994812012e+00,1.521068894863128573e+00,1.412612557411193848e+00,1.521089637279510409e+00,6.772862076759338379e-01,7.203403472900390403e-01,6.742338538169860840e-01,7.270568430423736128e-01,5.596120841801166534e-03,1.206951104104518960e-02,3.950741142034530640e-02,4.350680261850357194e-02,1.596814580261707306e-02,1.809537932276725908e-02,2.078829857055097818e-05,2.078829857055097818e-05
1.339772343635559082e+00,1.462630569934844971e+00,1.339793205261230469e+00,1.462651431560516357e+00,6.454040408134460449e-01,6.972518086433410200e-01,6.404707431793212891e-01,7.054153203964232954e-01,3.191373078152537346e-03,1.171440528705716168e-02,4.190716519951820374e-02,4.006480611860752106e-02,8.798923343420028687e-03,8.184245321899652481e-03,2.080904050671961159e-05,2.080904050671961159e-05
1.451310396194458008e+00,1.458064579963683993e+00,1.451331257820129395e+00,1.458085441589355380e+00,6.998654603958129883e-01,6.938586533069610596e-01,6.990580558776855469e-01,7.040378093719482644e-01,3.747294424101710320e-03,1.178508922457694938e-02,3.900082036852836609e-02,4.020084328949451169e-02,9.638713672757148743e-03,8.182191848754882466e-03,2.081234197248704731e-05,2.081234197248704731e-05
1.399391174316406250e+00,1.471862769126892179e+00,1.399412035942077637e+00,1.471883630752563565e+00,6.820555925369262695e-01,7.007404625415801780e-01,6.530250310897827148e-01,7.085187494754791038e-01,5.777076352387666702e-03,1.191045101732015644e-02,4.462799802422523499e-02,4.030823856592178484e-02,1.390537433326244354e-02,1.038487954065203667e-02,2.081948878185357898e-05,2.081948878185357898e-05
1.436727046966552734e+00,1.491890263557434038e+00,1.436747908592224121e+00,1.491911125183105424e+00,6.890628933906555176e-01,7.062518954277038352e-01,6.789139509201049805e-01,7.200260758399963379e-01,1.104449480772018433e-02,1.095228455960750580e-02,4.651767015457153320e-02,4.059944078326225420e-02,1.118797156959772110e-02,1.406056601554155419e-02,2.082567152683623135e-05,2.082567152683623135e-05
1.493945360183715820e+00,1.479878878593444913e+00,1.493966221809387207e+00,1.479899740219116300e+00,7.180087566375732422e-01,7.041374266147613081e-01,7.223502397537231445e-01,7.138570606708526389e-01,4.604975692927837372e-03,1.215642625465989182e-02,3.956275060772895813e-02,3.920171484351157865e-02,9.418735280632972717e-03,1.052619516849517822e-02,2.083098115690518171e-05,2.083098115690518171e-05
1.559848070144653320e+00,1.467372453212738126e+00,1.559868931770324707e+00,1.467393314838409513e+00,7.476209998130798340e-01,7.060208320617675781e-01,7.309867143630981445e-01,7.062430739402770774e-01,4.400741308927536011e-02,1.170526193454861710e-02,3.313102573156356812e-02,3.890828788280487061e-02,4.101989325135946274e-03,4.495025705546140324e-03,2.083629078697413206e-05,2.083629078697413206e-05
1.430387496948242188e+00,1.462717056274414062e+00,1.430408358573913574e+00,1.462737917900085449e+00,6.821491718292236328e-01,6.961718499660491943e-01,6.868665218353271484e-01,7.048124194145202193e-01,7.913811132311820984e-03,1.239491337910294567e-02,4.032313078641891479e-02,3.995663970708847323e-02,1.313488930463790894e-02,9.381255041807890285e-03,2.084834704874083400e-05,2.084834704874083400e-05
1.606839656829833984e+00,1.485102164745330855e+00,1.606860518455505371e+00,1.485123026371002242e+00,7.631986737251281738e-01,7.046003758907317671e-01,7.800523638725280762e-01,7.179773926734924760e-01,1.204172708094120026e-02,1.096931025385856559e-02,4.047435522079467773e-02,4.151533953845500807e-02,1.107261143624782562e-02,1.003968864679336513e-02,2.085314918076619506e-05,2.085314918076619506e-05
1.540829062461853027e+00,1.452687692642211870e+00,1.540849924087524414e+00,1.452708554267883256e+00,7.023650407791137695e-01,6.943830370903014693e-01,7.723033428192138672e-01,7.048502624034881370e-01,1.237704977393150330e-02,1.179442396387457917e-02,4.839907586574554443e-02,3.761977292597293993e-02,5.384530406445264816e-03,4.040182195603847157e-03,2.085551022901199758e-05,2.085551022901199758e-05
1.474320888519287109e+00,1.504732537269592330e+00,1.474341750144958496e+00,1.504753398895263716e+00,6.926327347755432129e-01,7.184836924076080100e-01,7.102159857749938965e-01,7.272941291332244429e-01,1.334034930914640427e-02,1.282702647149562905e-02,5.110231414437294006e-02,3.917098641395568709e-02,7.029553409665822983e-03,6.956753460690379490e-03,2.085867527057416737e-05,2.085867527057416737e-05
1.409003257751464844e+00,1.444825243949890092e+00,1.409024119377136230e+00,1.444846105575561479e+00,6.808571815490722656e-01,6.881285250186920388e-01,6.815848350524902344e-01,6.987306118011474831e-01,4.490104038268327713e-03,1.239086398854851757e-02,3.659937158226966858e-02,4.091641567647456845e-02,5.471765995025634766e-03,4.658816242590546261e-03,2.085524829453788698e-05,2.085524829453788698e-05
1.407618880271911621e+00,1.446534490585327237e+00,1.407639741897583008e+00,1.446555352210998624e+00,6.738691926002502441e-01,6.905090808868408203e-01,6.776291728019714355e-01,6.963681519031524880e-01,9.628692641854286194e-03,1.286575831472873757e-02,3.762905299663543701e-02,4.035057835280895372e-02,8.862850256264209747e-03,6.440935004502534693e-03,2.085445339616853744e-05,2.085445339616853744e-05
1.590716242790222168e+00,1.454492974281311080e+00,1.590737104415893555e+00,1.454513835906982466e+00,7.199783325195312500e-01,6.918781042098999245e-01,7.393504977226257324e-01,6.966887056827545388e-01,6.925928592681884766e-02,1.229842389002442325e-02,5.119070038199424744e-02,4.051503799855708798e-02,1.093737408518791199e-02,1.311268815770745208e-02,2.086027234327048063e-05,2.086027234327048063e-05
1.437345147132873535e+00,1.449083459377288774e+00,1.437366008758544922e+00,1.449104321002960161e+00,6.840075254440307617e-01,6.914824426174164262e-01,7.003312110900878906e-01,6.992255032062530962e-01,6.512873806059360504e-03,1.130262697115540574e-02,3.785753622651100159e-02,3.962547741830348830e-02,8.636019192636013031e-03,7.447387976571917707e-03,2.086117092403583229e-05,2.086117092403583229e-05
1.352193355560302734e+00,1.473456370830535933e+00,1.352214217185974121e+00,1.473477232456207320e+00,6.581528782844543457e-01,6.998001813888550249e-01,6.354548931121826172e-01,7.086853384971618652e-01,2.652718452736735344e-03,1.128528518602251937e-02,4.222915321588516235e-02,4.063887149095535278e-02,1.370373647660017014e-02,1.304670190438628197e-02,2.085351297864690423e-05,2.085351297864690423e-05
1.269690155982971191e+00,1.449581801891326904e+00,1.269711017608642578e+00,1.449602663516998291e+00,6.201847791671752930e-01,6.910318970680237038e-01,6.056873798370361328e-01,7.009768664836883989e-01,8.867250755429267883e-03,1.238630712032318115e-02,2.950599230825901031e-02,3.977108038961887221e-02,5.444708280265331268e-03,5.415654415264726032e-03,2.085770574922207743e-05,2.085770574922207743e-05
1.521223306655883789e+00,1.471806430816650302e+00,1.521244168281555176e+00,1.471827292442321689e+00,7.277148365974426270e-01,6.955672681331634966e-01,7.259639501571655273e-01,7.042647898197174072e-01,3.695576684549450874e-03,1.278828773647546803e-02,5.172422900795936584e-02,4.146659933030605316e-02,1.212461758404970169e-02,1.771950852125882964e-02,2.085932101181242615e-05,2.085932101181242615e-05
1.419642806053161621e+00,1.439398789405822665e+00,1.419663667678833008e+00,1.439419651031494052e+00,6.786540746688842773e-01,6.849689483642578125e-01,6.764019727706909180e-01,6.909564554691314253e-01,9.602963924407958984e-03,1.438050242140889202e-02,4.677616432309150696e-02,4.211648069322108945e-02,8.207516744732856750e-03,6.976422620937228203e-03,2.086422682623378932e-05,2.086422682623378932e-05
1.483366847038269043e+00,1.455058503150939986e+00,1.483387708663940430e+00,1.455079364776611373e+00,6.976230144500732422e-01,6.913192152976990190e-01,6.947204470634460449e-01,6.966033041477203147e-01,2.924748510122299194e-02,2.044404065236449242e-02,5.140678584575653076e-02,4.014139994978904724e-02,1.036904100328683853e-02,6.550523964688181704e-03,2.085591040668077767e-05,2.085591040668077767e-05
1.396918773651123047e+00,1.464635992050170810e+00,1.396939635276794434e+00,1.464656853675842196e+00,6.803457140922546387e-01,6.942641556262969527e-01,6.662489175796508789e-01,7.007458209991455078e-01,3.474361263215541840e-03,2.284575952216982841e-02,4.289210215210914612e-02,4.302900508046150069e-02,3.957756794989109039e-03,3.751238319091498939e-03,2.085148662445135415e-05,2.085148662445135415e-05
1.479410767555236816e+00,1.472251391410827726e+00,1.479431629180908203e+00,1.472272253036499112e+00,7.062054872512817383e-01,6.923103570938110574e-01,6.972289085388183594e-01,6.995382905006408691e-01,1.404321845620870590e-02,2.316618273034691880e-02,4.673645645380020142e-02,4.547385908663272719e-02,1.519673969596624374e-02,1.176272751763463020e-02,2.085199957946315408e-05,2.085199957946315408e-05
1.380138874053955078e+00,1.468386924266815274e+00,1.380159735679626465e+00,1.468407785892486661e+00,6.590960621833801270e-01,6.940033972263336404e-01,6.588346362113952637e-01,6.996397018432617410e-01,1.489810459315776825e-02,2.023324193432927270e-02,3.687201812863349915e-02,4.525714814662933072e-02,1.043813023716211319e-02,9.253465011715889324e-03,2.085408596030902117e-05,2.085408596030902117e-05
1.344377279281616211e+00,1.493082153797149703e+00,1.344398140907287598e+00,1.493103015422821089e+00,6.407797336578369141e-01,7.096787691116333008e-01,6.489431262016296387e-01,7.112073361873626487e-01,1.035044621676206589e-02,1.369045190513134072e-02,3.017432801425457001e-02,4.563985094428062161e-02,1.412946917116641998e-02,1.286571109667420353e-02,2.085495361825451255e-05,2.085495361825451255e-05
1.456997752189636230e+00,1.473206996917724609e+00,1.457018613815307617e+00,1.473227858543395996e+00,7.197118401527404785e-01,6.986209034919739214e-01,6.800706386566162109e-01,7.092910766601562278e-01,1.890643499791622162e-02,1.370621742680668866e-02,3.316948562860488892e-02,4.656587690114975114e-02,5.139295477420091629e-03,5.022933147847652782e-03,2.086305175907909870e-05,2.086305175907909870e-05
1.667140364646911621e+00,2.031262123584747226e+00,1.667161226272583008e+00,2.031283044815063388e+00,7.754935622215270996e-01,8.155593991279601607e-01,7.900605201721191406e-01,8.277847886085509810e-01,1.491555850952863693e-02,2.782873921096324921e-01,6.384892761707305908e-02,7.957527562975882929e-02,2.282162196934223175e-02,3.005523364990949492e-02,2.086440872517414391e-05,2.086440872517414391e-05
2.264509201049804688e+00,2.661395001411437811e+00,2.264530181884765625e+00,2.661415982246398748e+00,9.258689880371093750e-01,9.024314641952514426e-01,9.477922320365905762e-01,9.430294096469878928e-01,1.249159947037696838e-01,4.722617506980896218e-01,1.377374380826950073e-01,2.220257729291915949e-01,1.281944960355758667e-01,1.216465853154659327e-01,2.086612585117109120e-05,2.086612585117109120e-05
2.606342554092407227e+00,2.798518705368041815e+00,2.606363534927368164e+00,2.798539686203002752e+00,9.551174640655517578e-01,9.911444544792175071e-01,9.544276595115661621e-01,1.015234267711639493e+00,3.012849092483520508e-01,4.208919405937194824e-01,2.927188873291015625e-01,2.175920486450195201e-01,1.027935519814491272e-01,1.536560297012329046e-01,2.087905340886209160e-05,2.087905340886209160e-05
3.350203990936279297e+00,2.547141098976135165e+00,3.350224971771240234e+00,2.547162079811096103e+00,8.819605708122253418e-01,8.957551538944243941e-01,9.042284488677978516e-01,9.223560869693756548e-01,1.308008670806884766e+00,4.730215072631835938e-01,2.090135812759399414e-01,2.017473399639129750e-01,4.699279367923736572e-02,5.426097549498080930e-02,2.089820372930262238e-05,2.089820372930262238e-05
2.130803346633911133e+00,2.593538331985473455e+00,2.130824327468872070e+00,2.593559312820434393e+00,9.192478060722351074e-01,9.221718430519103560e-01,9.153897166252136230e-01,9.509945333003997359e-01,1.226562112569808960e-01,5.473934724926948769e-01,1.242336183786392212e-01,1.227523885667324011e-01,4.927585646510124207e-02,5.022604167461395402e-02,2.090928137477021664e-05,2.090928137477021664e-05
2.123196601867675781e+00,2.423037457466125311e+00,2.123217582702636719e+00,2.423058438301086248e+00,9.323343038558959961e-01,9.088746428489684615e-01,9.452801346778869629e-01,9.555585920810699685e-01,1.169099509716033936e-01,4.217642396688461304e-01,5.580688640475273132e-02,6.217669621109962741e-02,7.286524772644042969e-02,7.466332763433455866e-02,2.092661634378600866e-05,2.092661634378600866e-05
2.125571727752685547e+00,2.166591429710388095e+00,2.125592708587646484e+00,2.166612410545349032e+00,9.338136315345764160e-01,9.103761494159698930e-01,9.647506475448608398e-01,9.468029201030730979e-01,1.316260248422622681e-01,2.121989727020263672e-01,5.200006440281867981e-02,5.885407142341136932e-02,4.338126629590988159e-02,3.835929259657859525e-02,2.093566217808984220e-05,2.093566217808984220e-05
1.988929986953735352e+00,2.119429206848144620e+00,1.988950967788696289e+00,2.119450187683105558e+00,8.652126789093017578e-01,9.021618306636810525e-01,8.902963399887084961e-01,9.441614925861359087e-01,1.355377584695816040e-01,1.758148491382598988e-01,6.507235020399093628e-02,5.902850329875945767e-02,3.281094506382942200e-02,3.826257847249507626e-02,2.093873445119243115e-05,2.093873445119243115e-05
2.032560348510742188e+00,2.085187864303589045e+00,2.032581329345703125e+00,2.085208845138549982e+00,9.076553583145141602e-01,8.857956111431122270e-01,9.378528594970703125e-01,9.256469190120697466e-01,1.132144331932067871e-01,1.821265690028667505e-01,4.807857424020767212e-02,6.239380650222301622e-02,2.575930953025817871e-02,2.922496441751718660e-02,2.095001764246262610e-05,2.095001764246262610e-05
2.018408060073852539e+00,2.085641980171203613e+00,2.018429040908813477e+00,2.085662961006164551e+00,8.758947253227233887e-01,9.358697772026062234e-01,9.398700594902038574e-01,9.551593840122223344e-01,1.156249567866325378e-01,1.138443700969219152e-01,5.566930770874023438e-02,5.334025323390960416e-02,3.134901076555252075e-02,2.742815949022769928e-02,2.096239950333256274e-05,2.096239950333256274e-05
1.982988357543945312e+00,2.011058139801025213e+00,1.983009338378906250e+00,2.011079120635986150e+00,8.574420213699340820e-01,8.860255360603332964e-01,9.124224781990051270e-01,9.263066470623015913e-01,1.204549744725227356e-01,1.102000363171100616e-01,5.723117664456367493e-02,5.316881164908408841e-02,3.543757647275924683e-02,3.535708375275135179e-02,2.096800744766369462e-05,2.096800744766369462e-05
1.953988909721374512e+00,2.023766779899597079e+00,1.954009890556335449e+00,2.023787760734558017e+00,8.564946651458740234e-01,8.811692178249359575e-01,8.965086340904235840e-01,9.300592243671417236e-01,1.077136769890785217e-01,1.081104002892971094e-01,4.780905693769454956e-02,5.354136712849140445e-02,4.546283185482025146e-02,5.088655091822147369e-02,2.097472679452039301e-05,2.097472679452039301e-05
1.942318081855773926e+00,1.964021313190460249e+00,1.942339062690734863e+00,1.964042294025421187e+00,8.306937217712402344e-01,8.636971294879913774e-01,9.226114153861999512e-01,9.172807812690735307e-01,1.101010292768478394e-01,1.066076688468456241e-01,5.455896258354187012e-02,5.194835700094699998e-02,2.435289137065410614e-02,2.448741067200899124e-02,2.098315235343761742e-05,2.098315235343761742e-05
1.884632825851440430e+00,1.946155214309692294e+00,1.884653806686401367e+00,1.946176195144653231e+00,8.188695907592773438e-01,8.598898470401763472e-01,8.908802270889282227e-01,9.138049542903899924e-01,1.089561283588409424e-01,1.041049972176551763e-01,4.834461212158203125e-02,5.023220255970954617e-02,1.758224889636039734e-02,1.812324058264493803e-02,2.099095945595763624e-05,2.099095945595763624e-05
1.977058649063110352e+00,1.949175620079040439e+00,1.977079629898071289e+00,1.949196600914001376e+00,8.711591362953186035e-01,8.662887156009674294e-01,9.328681826591491699e-01,9.083305895328521729e-01,1.015353649854660034e-01,1.010985299944877625e-01,4.999622702598571777e-02,4.989421144127845903e-02,2.149975486099720001e-02,2.356361839920282503e-02,2.099565972457639873e-05,2.099565972457639873e-05
1.906793594360351562e+00,1.936686456203460693e+00,1.906814575195312500e+00,1.936707437038421631e+00,8.359230160713195801e-01,8.628675997257232444e-01,9.013044834136962891e-01,9.107722103595733421e-01,1.006959900259971619e-01,9.886802360415458679e-02,5.021347850561141968e-02,4.785628914833069125e-02,1.865674927830696106e-02,1.632235161960125108e-02,2.100224264722783118e-05,2.100224264722783118e-05
1.982569336891174316e+00,1.931744396686553955e+00,1.982590317726135254e+00,1.931765377521514893e+00,8.924307227134704590e-01,8.598552525043487993e-01,9.330456256866455078e-01,9.050836920738219993e-01,8.848960697650909424e-02,9.670252054929732999e-02,4.020394384860992432e-02,4.706745706498623172e-02,2.839935570955276489e-02,2.303547989577054908e-02,2.100835263263434172e-05,2.100835263263434172e-05
1.897614717483520508e+00,1.924062883853912442e+00,1.897635698318481445e+00,1.924083864688873380e+00,8.447125554084777832e-01,8.599280476570129172e-01,9.029071331024169922e-01,9.014057278633117454e-01,9.770405292510986328e-02,9.598751738667488098e-02,3.262849897146224976e-02,4.738947190344333649e-02,1.966248825192451477e-02,1.935211773961782386e-02,2.100937490467913449e-05,2.100937490467913449e-05
1.963070750236511230e+00,1.932645642757415683e+00,1.963091731071472168e+00,1.932666623592376620e+00,8.793159127235412598e-01,8.586813092231750932e-01,9.163141846656799316e-01,9.117063224315643533e-01,9.657956659793853760e-02,9.408878535032272339e-02,4.967005923390388489e-02,4.643554203212261339e-02,2.119098976254463196e-02,2.173370271921157976e-02,2.101602876791730523e-05,2.101602876791730523e-05
1.930002808570861816e+00,1.917900967597961470e+00,1.930023789405822754e+00,1.917921948432922408e+00,8.802134990692138672e-01,8.630481362342834473e-01,8.969885110855102539e-01,9.005617737770080788e-01,8.972144126892089844e-02,9.145073220133781433e-02,4.532868415117263794e-02,4.617056511342525205e-02,1.775063388049602509e-02,1.666978653520345688e-02,2.102128382830414921e-05,2.102128382830414921e-05
1.938615083694458008e+00,1.918145871162414640e+00,1.938636064529418945e+00,1.918166851997375577e+00,8.904252052307128906e-01,8.653282105922699419e-01,9.085395336151123047e-01,9.014405310153961182e-01,8.257216960191726685e-02,8.882202357053756159e-02,3.840210661292076111e-02,4.516775980591773709e-02,1.867604255676269531e-02,1.738733332604169846e-02,2.102600228681694716e-05,2.102600228681694716e-05
1.916415691375732422e+00,1.913316071033477783e+00,1.916436672210693359e+00,1.913337051868438721e+00,8.578304052352905273e-01,8.661700725555420144e-01,9.009546041488647461e-01,8.956047415733336958e-01,9.144519269466400146e-02,8.703981339931488037e-02,4.872784018516540527e-02,4.668619111180305481e-02,1.745764166116714478e-02,1.781526356935501237e-02,2.103363112837541848e-05,2.103363112837541848e-05
1.904903054237365723e+00,1.905176293849945024e+00,1.904924035072326660e+00,1.905197274684905961e+00,8.760957121849060059e-01,8.668752729892730269e-01,8.941367268562316895e-01,8.933343052864074485e-01,7.894951850175857544e-02,8.465619534254073542e-02,4.341277480125427246e-02,4.629096910357475420e-02,1.230822131037712097e-02,1.401953846216201852e-02,2.103804945363663137e-05,2.103804945363663137e-05
1.859340667724609375e+00,1.894768750667572110e+00,1.859361767768859863e+00,1.894789850711822599e+00,8.174341917037963867e-01,8.554081082344054954e-01,9.021811485290527344e-01,8.964907944202422652e-01,8.572479337453842163e-02,8.217455223202704828e-02,3.948178142309188843e-02,4.450785703957080980e-02,1.451879274100065231e-02,1.618741769343614439e-02,2.104194936691783369e-05,2.104194936691783369e-05
1.842246055603027344e+00,1.910617685317993253e+00,1.842267155647277832e+00,1.910638785362243741e+00,8.202306628227233887e-01,8.624744832515716109e-01,8.696627020835876465e-01,8.973296999931335005e-01,8.151709288358688354e-02,7.999118193984031122e-02,5.090790614485740662e-02,4.476580731570720811e-02,1.992779411375522614e-02,2.605648711323738098e-02,2.104534360114485025e-05,2.104534360114485025e-05
1.821010708808898926e+00,1.884836006164550826e+00,1.821031808853149414e+00,1.884857106208801314e+00,8.067451119422912598e-01,8.545526146888733354e-01,8.619780540466308594e-01,8.952525496482849343e-01,8.902571350336074829e-02,7.782107368111609857e-02,4.551940038800239563e-02,4.427929073572158675e-02,1.774246059358119965e-02,1.293045291677117313e-02,2.105102612404152751e-05,2.105102612404152751e-05
1.842274188995361328e+00,1.873333835601806552e+00,1.842295289039611816e+00,1.873354935646057040e+00,8.356475830078125000e-01,8.515371501445769820e-01,8.608695864677429199e-01,8.882237970829010010e-01,8.036487549543380737e-02,7.601114511489867609e-02,5.489711090922355652e-02,4.535936079919337949e-02,1.049512624740600586e-02,1.220237435773014953e-02,2.105724706780165434e-05,2.105724706780165434e-05
1.915813565254211426e+00,1.886204719543457031e+00,1.915834665298461914e+00,1.886225819587707520e+00,8.739002943038940430e-01,8.503807485103607178e-01,9.067527651786804199e-01,8.974009335041046587e-01,7.269272953271865845e-02,7.542140707373619357e-02,4.689794778823852539e-02,4.500125646591186801e-02,1.556984335184097290e-02,1.800036486238241334e-02,2.105880776070989668e-05,2.105880776070989668e-05
1.928092479705810547e+00,1.876011073589324951e+00,1.928113579750061035e+00,1.876032173633575439e+00,8.665845990180969238e-01,8.575204789638519731e-01,9.191741943359375000e-01,8.870502054691314919e-01,8.788099139928817749e-02,7.345391735434532443e-02,3.995065763592720032e-02,4.521128237247466763e-02,1.450215931981801987e-02,1.277519632130861248e-02,2.106542706314940006e-05,2.106542706314940006e-05
1.842864394187927246e+00,1.870294260978698775e+00,1.842885494232177734e+00,1.870315361022949263e+00,8.333447575569152832e-01,8.514100492000580278e-01,8.759592175483703613e-01,8.883660972118377908e-01,7.059339433908462524e-02,7.127591222524642944e-02,5.119162052869796753e-02,4.579927437007427077e-02,1.177548151463270187e-02,1.344289341941475903e-02,2.107063846779055893e-05,2.107063846779055893e-05
1.830091953277587891e+00,1.889096152782440141e+00,1.830113053321838379e+00,1.889117252826690629e+00,8.353778719902038574e-01,8.614951550960541216e-01,8.681089282035827637e-01,8.932750642299651656e-01,6.755857169628143311e-02,6.950732320547103882e-02,3.966652229428291321e-02,4.772196263074875155e-02,1.938007213175296783e-02,1.709666866809129646e-02,2.107561340380925685e-05,2.107561340380925685e-05
1.903312563896179199e+00,1.872697269916534513e+00,1.903333663940429688e+00,1.872718369960785001e+00,8.636922836303710938e-01,8.574579298496246560e-01,8.959742784500122070e-01,8.857626140117644820e-01,6.648053228855133057e-02,6.795380115509033758e-02,6.426934152841567993e-02,4.644621573388576369e-02,1.289612893015146255e-02,1.507668355479836395e-02,2.108025546476710588e-05,2.108025546476710588e-05
1.899066925048828125e+00,1.856848204135894687e+00,1.899088025093078613e+00,1.856869304180145175e+00,8.654014468193054199e-01,8.521189391613006592e-01,9.067492485046386719e-01,8.799831271171569824e-01,7.326416671276092529e-02,6.687786877155303678e-02,4.345792904496192932e-02,4.705933742225169858e-02,1.019409392029047012e-02,1.080891666933894192e-02,2.108523767674341798e-05,2.108523767674341798e-05
1.825738430023193359e+00,1.864510464668273970e+00,1.825759530067443848e+00,1.864531564712524458e+00,8.363497853279113770e-01,8.590660810470580611e-01,8.599373698234558105e-01,8.810987472534179688e-01,6.012833863496780396e-02,6.507069244980812073e-02,5.763404816389083862e-02,4.761333391070365906e-02,1.168899703770875931e-02,1.166158374398946693e-02,2.109153683704789728e-05,2.109153683704789728e-05
1.882786870002746582e+00,1.862662303447723433e+00,1.882807970046997070e+00,1.862683403491973921e+00,8.573637008666992188e-01,8.628091275691985862e-01,8.963862061500549316e-01,8.764377176761627419e-01,7.322401553392410278e-02,6.288058720529079992e-02,4.390926286578178406e-02,4.638376496732234816e-02,1.190362125635147095e-02,1.415111813694238697e-02,2.109575143549591303e-05,2.109575143549591303e-05
1.834002733230590820e+00,1.878897249698638916e+00,1.834023833274841309e+00,1.878918349742889404e+00,8.364791870117187500e-01,8.667092382907867210e-01,8.761395215988159180e-01,8.886640429496764915e-01,6.106097251176834106e-02,5.907470099627971927e-02,3.399374336004257202e-02,3.928958997130393982e-02,2.632923237979412079e-02,2.515968419611453941e-02,2.110125569743104279e-05,2.110125569743104279e-05
1.916787743568420410e+00,1.867518472671508833e+00,1.916808843612670898e+00,1.867539572715759322e+00,8.905047774314880371e-01,8.677174389362335427e-01,9.164372086524963379e-01,8.962938606739043745e-01,5.850898474454879761e-02,5.789385102689266482e-02,3.029605001211166382e-02,2.979700677096843581e-02,2.104072272777557373e-02,1.581632066518068314e-02,2.110891909978818148e-05,2.110891909978818148e-05
1.734280943870544434e+00,1.860672414302825928e+00,1.734302043914794922e+00,1.860693514347076416e+00,7.832228541374206543e-01,8.641547024250030296e-01,8.392197489738464355e-01,8.972433984279633012e-01,6.652224063873291016e-02,5.756086632609367509e-02,3.120477683842182159e-02,2.994803041219711373e-02,1.411133911460638046e-02,1.176539259031414951e-02,2.111169487761799246e-05,2.111169487761799246e-05
1.767398238182067871e+00,1.868522846698760898e+00,1.767419338226318359e+00,1.868543946743011386e+00,8.129854202270507812e-01,8.661756336688994917e-01,8.575319647789001465e-01,8.943676829338074175e-01,4.990251362323760986e-02,5.658415965735912045e-02,2.868918515741825104e-02,3.140370976179838319e-02,1.828907988965511322e-02,1.999166104942560335e-02,2.111953654093667865e-05,2.111953654093667865e-05
1.869797706604003906e+00,1.854154264926910489e+00,1.869818806648254395e+00,1.854175364971160977e+00,8.527365922927856445e-01,8.562537729740142822e-01,9.076982140541076660e-01,8.908140003681183083e-01,6.006884574890136719e-02,5.517803467810154100e-02,2.875451557338237762e-02,3.373536877334117751e-02,2.053955569863319397e-02,1.817308533936739037e-02,2.112687434419058263e-05,2.112687434419058263e-05
1.756433010101318359e+00,1.843170499801635831e+00,1.756454110145568848e+00,1.843191599845886319e+00,7.971279621124267578e-01,8.575463235378265603e-01,8.589295148849487305e-01,8.831303954124450906e-01,5.453398451209068298e-02,5.355384647846221646e-02,2.875986509025096893e-02,3.428560383617877683e-02,1.708176732063293457e-02,1.465431349352002213e-02,2.113176014972850680e-05,2.113176014972850680e-05
1.843119382858276367e+00,1.850569474697113082e+00,1.843140482902526855e+00,1.850590574741363570e+00,8.476451635360717773e-01,8.487431168556213157e-01,8.830792307853698730e-01,8.881869614124298096e-01,4.945640638470649719e-02,5.277989506721496304e-02,4.618285968899726868e-02,3.762036226689815382e-02,1.675582677125930786e-02,2.323915511369705270e-02,2.113591108354739845e-05,2.113591108354739845e-05
1.845693349838256836e+00,1.849252235889434770e+00,1.845714449882507324e+00,1.849273335933685258e+00,8.634918928146362305e-01,8.554446041584015115e-01,8.857105970382690430e-01,8.852994740009307861e-01,4.537418112158775330e-02,5.164169780910014829e-02,4.123818129301071167e-02,4.211242310702800751e-02,9.878571145236492157e-03,1.475401874631643295e-02,2.114248491125181317e-05,2.114248491125181317e-05
1.815733790397644043e+00,1.810833561420440718e+00,1.815754890441894531e+00,1.810854661464691207e+00,8.360396027565002441e-01,8.357794046401977317e-01,8.742392063140869141e-01,8.654726564884185347e-01,5.601445958018302917e-02,5.202887728810310503e-02,3.774832561612129211e-02,4.747439697384834428e-02,1.169230975210666656e-02,1.007825313135981594e-02,2.114935159625019878e-05,2.114935159625019878e-05
1.913473010063171387e+00,2.058625626564025701e+00,1.913494110107421875e+00,2.058646786212920965e+00,8.210209012031555176e-01,8.323927521705627441e-01,8.500056266784667969e-01,8.520621120929717796e-01,1.435461044311523438e-01,3.058697164058685192e-01,8.662026375532150269e-02,5.699216276407241544e-02,1.228027325123548508e-02,1.130888583138585021e-02,2.115590541507117450e-05,2.115590541507117450e-05
1.855341076850891113e+00,1.828607952594757169e+00,1.855362176895141602e+00,1.828629052639007657e+00,8.527039885520935059e-01,8.537551999092102273e-01,8.879796862602233887e-01,8.739568531513214333e-01,5.169443041086196899e-02,4.567689299583434920e-02,4.529808089137077332e-02,3.594920486211776456e-02,1.766491681337356567e-02,1.926977150142192979e-02,2.115437382599338889e-05,2.115437382599338889e-05
1.927138686180114746e+00,2.034872746467590421e+00,1.927159786224365234e+00,2.034893965721130460e+00,8.969377279281616211e-01,9.445914864540100320e-01,8.640967607498168945e-01,9.139734745025634988e-01,4.855743423104286194e-02,4.393590912222862521e-02,3.658755496144294739e-02,3.686660043895244321e-02,8.095923811197280884e-02,9.550523310899734775e-02,2.115784081979654729e-05,2.115784081979654729e-05
1.862088680267333984e+00,1.829941666126251310e+00,1.862109780311584473e+00,1.829962766170501798e+00,8.516178727149963379e-01,8.456638991832733376e-01,8.902201652526855469e-01,8.667578637599945290e-01,5.172586813569068909e-02,4.442797899246216098e-02,3.707426413893699646e-02,3.968188054859637937e-02,3.145064413547515869e-02,3.341008685529232164e-02,2.115900497301481664e-05,2.115900497301481664e-05
1.766980648040771484e+00,1.800617039203643799e+00,1.767001867294311523e+00,1.800638258457183838e+00,8.198336958885192871e-01,8.426131784915924516e-01,8.542838096618652344e-01,8.639022886753082719e-01,4.177360981702804565e-02,4.252561368048191071e-02,4.134416580200195312e-02,4.244852326810359677e-02,9.745309129357337952e-03,9.127454273402691234e-03,2.116550967912189662e-05,2.116550967912189662e-05
1.818097352981567383e+00,1.811623954772949130e+00,1.818118572235107422e+00,1.811645174026489169e+00,8.498701453208923340e-01,8.464883625507354514e-01,8.730946183204650879e-01,8.666468262672424316e-01,4.063707217574119568e-02,4.115195088088512143e-02,3.605246916413307190e-02,4.201804772019386569e-02,1.844311691820621490e-02,1.531879724934697221e-02,2.117049371008761227e-05,2.117049371008761227e-05
1.863325119018554688e+00,1.788270962238311723e+00,1.863346338272094727e+00,1.788292181491851762e+00,8.720031380653381348e-01,8.361837625503539817e-01,8.940525054931640625e-01,8.558033108711242676e-01,3.604138642549514771e-02,4.092950448393821439e-02,5.400894582271575928e-02,4.508791975677013675e-02,7.219140883535146713e-03,1.026648236438632011e-02,2.117237454513087869e-05,2.117237454513087869e-05
1.758379459381103516e+00,1.777087330818176270e+00,1.758400678634643555e+00,1.777108550071716309e+00,8.132058978080749512e-01,8.300860762596130593e-01,8.594669103622436523e-01,8.524167001247405784e-01,4.123238474130630493e-02,4.018037393689155579e-02,3.553691506385803223e-02,4.628107659518718858e-02,8.937469683587551117e-03,8.123069629073142658e-03,2.117491385433822870e-05,2.117491385433822870e-05
1.879569411277770996e+00,1.784502017498016402e+00,1.879590630531311035e+00,1.784523236751556441e+00,8.868495225906372070e-01,8.302496492862700972e-01,8.909211754798889160e-01,8.518039762973785844e-01,4.039352387189865112e-02,3.857385814189910611e-02,4.665860161185264587e-02,4.612813070416450778e-02,1.474648993462324142e-02,1.774639356881380081e-02,2.117739677487406880e-05,2.117739677487406880e-05
1.858062982559204102e+00,1.790564548969268754e+00,1.858084201812744141e+00,1.790585768222808793e+00,8.780978918075561523e-01,8.341788172721862349e-01,8.796918988227844238e-01,8.642489433288573775e-01,3.251923993229866028e-02,3.576013222336769243e-02,5.758176743984222412e-02,4.348857700824737549e-02,1.017214823514223099e-02,1.288807801902294194e-02,2.118427073583006859e-05,2.118427073583006859e-05
1.801105618476867676e+00,1.781966841220855802e+00,1.801126837730407715e+00,1.781988060474395841e+00,8.429031968116760254e-01,8.312613964080810547e-01,8.724522590637207031e-01,8.588867425918579324e-01,3.013967908918857574e-02,3.401329405605792860e-02,3.597548976540565491e-02,4.258734658360481540e-02,1.963506639003753662e-02,1.521802982315421070e-02,2.118825068464502692e-05,2.118825068464502692e-05
1.838309884071350098e+00,1.816017901897430509e+00,1.838331103324890137e+00,1.816039121150970548e+00,8.383113145828247070e-01,8.314251005649566650e-01,9.118630886077880859e-01,8.763167500495910867e-01,2.528469264507293701e-02,3.449405841529369632e-02,3.218054398894309998e-02,4.789059199392795702e-02,3.067030571401119232e-02,2.589137740433216164e-02,2.118886186508461833e-05,2.118886186508461833e-05
1.845377087593078613e+00,1.768575203418731645e+00,1.845398306846618652e+00,1.768596422672271684e+00,8.584263920783996582e-01,8.283696830272674339e-01,8.765161633491516113e-01,8.413737475872039573e-01,3.310518339276313782e-02,3.437178060412406783e-02,6.562334299087524414e-02,5.094078853726387301e-02,1.170598156750202179e-02,1.351922089233994519e-02,2.119200144079513848e-05,2.119200144079513848e-05
1.671416878700256348e+00,1.763184189796447754e+00,1.671438097953796387e+00,1.763205409049987793e+00,7.846900820732116699e-01,8.206461131572723167e-01,8.093021512031555176e-01,8.441510736942291482e-01,3.111692331731319427e-02,3.497288078069686612e-02,3.329418599605560303e-02,5.225173234939575057e-02,1.301350630819797516e-02,1.116241896525025333e-02,2.119312557624652982e-05,2.119312557624652982e-05
1.741871476173400879e+00,2.250859475135803311e+00,1.741892695426940918e+00,2.250880694389343351e+00,8.080573081970214844e-01,8.273883998394012673e-01,7.976060509681701660e-01,8.284794330596924050e-01,4.008523374795913696e-02,5.132213473320007546e-01,7.909469306468963623e-02,6.524166390299797336e-02,1.702838018536567688e-02,1.652867998927831650e-02,2.120036333508323878e-05,2.120036333508323878e-05
2.339086532592773438e+00,3.091637396812438876e+00,2.339107751846313477e+00,3.091658592224121094e+00,8.613692522048950195e-01,8.842980444431305376e-01,9.082895517349243164e-01,9.156511664390564187e-01,2.259871959686279297e-01,9.648010522127151711e-01,2.402065098285675049e-01,2.063855156302452087e-01,1.032339707016944885e-01,1.205016642808914157e-01,2.117743133567273617e-05,2.117743133567273617e-05
2.383247375488281250e+00,4.609479618072509943e+00,2.383268594741821289e+00,4.609500718116760432e+00,8.797215223312377930e-01,8.733386516571044478e-01,9.056537747383117676e-01,9.010338962078094927e-01,2.500116229057312012e-01,2.409716159105300903e+00,1.762036085128784180e-01,1.935080215334892273e-01,1.716565191745758057e-01,2.318830013275146595e-01,2.120889621437527239e-05,2.120889621437527239e-05
2.355604410171508789e+00,2.983698868751525790e+00,2.355625629425048828e+00,2.983720088005065829e+00,8.679240942001342773e-01,8.689353883266448531e-01,8.793289661407470703e-01,8.878841817378997359e-01,2.583891451358795166e-01,9.511824011802673118e-01,2.914381921291351318e-01,2.138521149754524231e-01,5.852407217025756836e-02,6.184481270611286163e-02,2.122437399521004409e-05,2.122437399521004409e-05
2.264668226242065430e+00,2.586743927001953214e+00,2.264689445495605469e+00,2.586765146255493253e+00,8.132326602935791016e-01,8.274560451507568803e-01,8.680365085601806641e-01,8.836238682270050049e-01,3.125381171703338623e-01,6.393238633871078935e-01,2.431433796882629395e-01,2.101972341537475530e-01,2.771762758493423462e-02,2.614284958690404892e-02,2.123530248354654759e-05,2.123530248354654759e-05
2.131642580032348633e+00,2.469343400001525968e+00,2.131663799285888672e+00,2.469364619255066007e+00,8.010624051094055176e-01,8.400641202926635298e-01,8.770283460617065430e-01,8.852851867675781694e-01,2.492173463106155396e-01,5.228726357221603616e-01,1.811971813440322876e-01,1.980007454752922003e-01,2.313699200749397278e-02,2.312071863561868806e-02,2.125393621099647135e-05,2.125393621099647135e-05
2.179593563079833984e+00,2.517743062973022639e+00,2.179614782333374023e+00,2.517764282226562678e+00,8.342621922492980957e-01,8.294145286083220991e-01,8.869928121566772461e-01,8.821402430534363015e-01,2.544399499893188477e-01,5.990592926740646584e-01,1.856877356767654419e-01,1.880542188882827759e-01,1.821086741983890533e-02,1.907476577907800744e-02,2.127449806721415371e-05,2.127449806721415371e-05
2.130031108856201172e+00,2.564611244201659979e+00,2.130052328109741211e+00,2.564632463455200018e+00,8.338198065757751465e-01,8.265974462032318337e-01,8.961325287818908691e-01,8.775239288806915283e-01,2.519373595714569092e-01,6.647137582302093950e-01,1.294991821050643921e-01,1.804067179560661371e-01,1.864230446517467499e-02,1.536936573684215615e-02,2.129318272636737674e-05,2.129318272636737674e-05
2.198810338973999023e+00,2.333697724342346014e+00,2.198831558227539062e+00,2.333718943595886053e+00,8.430520892143249512e-01,8.219133019447326660e-01,8.917497396469116211e-01,8.744542837142944558e-01,2.975059151649475098e-01,4.420455515384674183e-01,1.503634005784988403e-01,1.783600494265556446e-01,1.613934896886348724e-02,1.692453175783157487e-02,2.130770008079707623e-05,2.130770008079707623e-05
2.567923069000244141e+00,2.314534807205200106e+00,2.567944288253784180e+00,2.314556026458740146e+00,8.694332242012023926e-01,8.226093709468841331e-01,9.089572429656982422e-01,8.740474760532379594e-01,5.358240008354187012e-01,4.293803274631500244e-01,2.442076504230499268e-01,1.768865659832954407e-01,9.501044638454914093e-03,1.161108007654547761e-02,2.131030851160176098e-05,2.131030851160176098e-05
2.126990556716918945e+00,2.338024258613586426e+00,2.127011775970458984e+00,2.338045477867126465e+00,8.481835722923278809e-01,8.350996673107147217e-01,8.897868990898132324e-01,8.730746507644653320e-01,2.248561084270477295e-01,4.400735586881637795e-01,1.500406265258789062e-01,1.739940732717513983e-01,1.412311103194952011e-02,1.578229768201708932e-02,2.131717155862133950e-05,2.131717155862133950e-05
2.376009464263916016e+00,2.352375602722168058e+00,2.376030683517456055e+00,2.352396821975708097e+00,8.147693872451782227e-01,8.222689151763915572e-01,8.644946813583374023e-01,8.693184673786162886e-01,4.973612725734710693e-01,4.770908147096634133e-01,1.862244158983230591e-01,1.711634188890457098e-01,1.315974351018667221e-02,1.253394391387701104e-02,2.132379086106084287e-05,2.132379086106084287e-05
1.972836613655090332e+00,2.287808370590210139e+00,1.972857952117919922e+00,2.287829589843750178e+00,7.577408552169799805e-01,8.211154460906981978e-01,8.464571237564086914e-01,8.688183069229126199e-01,2.241979688405990601e-01,4.059191286563873513e-01,1.168108806014060974e-01,1.714387834072113037e-01,2.762969024479389191e-02,2.051665633916854858e-02,2.132339795934967697e-05,2.132339795934967697e-05
2.517881631851196289e+00,2.271392774581909357e+00,2.517902851104736328e+00,2.271413993835449396e+00,8.326551318168640137e-01,8.179211378097533958e-01,8.749902248382568359e-01,8.711557865142822710e-01,6.445509195327758789e-01,4.033690929412842019e-01,1.556452810764312744e-01,1.706637129187583979e-01,1.004009414464235306e-02,8.283040300011635521e-03,2.132539884769357741e-05,2.132539884769357741e-05
3.397562026977539062e+00,2.265225434303283603e+00,3.397583246231079102e+00,2.265246653556823642e+00,8.153083920478820801e-01,8.138093411922454612e-01,8.869947195053100586e-01,8.731204986572265181e-01,1.509730219841003418e+00,3.981812387704849465e-01,1.745367050170898438e-01,1.688081070780754200e-01,1.099199149757623672e-02,1.130617447197437321e-02,2.132957524736411870e-05,2.132957524736411870e-05
2.092011451721191406e+00,2.339241766929626376e+00,2.092032670974731445e+00,2.339262986183166415e+00,7.778341770172119141e-01,8.186706900596618652e-01,8.357280492782592773e-01,8.675856113433837447e-01,2.780172228813171387e-01,4.768850058317184448e-01,1.914404630661010742e-01,1.668243125081062261e-01,8.991706185042858124e-03,9.276221133768558155e-03,2.133407542714849114e-05,2.133407542714849114e-05
2.080049037933349609e+00,3.053542017936706543e+00,2.080070495605468750e+00,3.053563427925110041e+00,7.979190945625305176e-01,8.209694564342499001e-01,8.368864655494689941e-01,8.661200940608978494e-01,2.350764274597167969e-01,1.193094304203987210e+00,1.991668939590454102e-01,1.632410466670989879e-01,1.100023370236158371e-02,1.011705687269568409e-02,2.134122041752561927e-05,2.134122041752561927e-05
2.065370321273803711e+00,2.920251154899597079e+00,2.065391778945922852e+00,2.920272612571716220e+00,8.113136887550354004e-01,8.143926262855529785e-01,8.797384500503540039e-01,8.655246257781982200e-01,2.167428880929946899e-01,1.066129428148269609e+00,1.459670513868331909e-01,1.615399673581123241e-01,1.160818431526422501e-02,1.266454467549920151e-02,2.134583701263181865e-05,2.134583701263181865e-05
2.239717006683349609e+00,3.591509175300598322e+00,2.239738464355468750e+00,3.591530585289001376e+00,7.999710440635681152e-01,8.151689291000365767e-01,8.460726141929626465e-01,8.638961434364318404e-01,4.002100229263305664e-01,1.744101074337959245e+00,1.866083741188049316e-01,1.609601303935050964e-01,6.855012848973274231e-03,7.382782828062772924e-03,2.134884562110528350e-05,2.134884562110528350e-05
2.106178283691406250e+00,3.873323273658752619e+00,2.106199741363525391e+00,3.873344683647155673e+00,8.145145177841186523e-01,8.215468347072600874e-01,8.476875424385070801e-01,8.665974140167236328e-01,2.493087500333786011e-01,2.013099879026412964e+00,1.846596151590347290e-01,1.606925219297409002e-01,1.000793650746345520e-02,1.138667026534676517e-02,2.135016984539106488e-05,2.135016984539106488e-05
2.626617908477783203e+00,4.157605814933776678e+00,2.626639366149902344e+00,4.157627224922180176e+00,8.698230981826782227e-01,8.157190263271332231e-01,9.007614254951477051e-01,8.637569904327392356e-01,6.894945502281188965e-01,2.308289536833763034e+00,1.583430767059326172e-01,1.598219871520996094e-01,8.195669390261173248e-03,1.001825509592890739e-02,2.135407521564047784e-05,2.135407521564047784e-05
2.139899015426635742e+00,3.750229620933532626e+00,2.139920473098754883e+00,3.750251030921936124e+00,8.586668372154235840e-01,8.147027552127837913e-01,8.784000873565673828e-01,8.678046107292175515e-01,2.130860835313796997e-01,1.898626399040222124e+00,1.777141094207763672e-01,1.575310334563255199e-01,1.203190907835960388e-02,1.156488610431551968e-02,2.135968134098220617e-05,2.135968134098220617e-05
2.571643590927124023e+00,3.789445304870605380e+00,2.571665048599243164e+00,3.789466714859008878e+00,8.216886520385742188e-01,8.295475423336029497e-01,8.545927405357360840e-01,8.780395328998565896e-01,6.722925901412963867e-01,1.916769251227378845e+00,2.071595042943954468e-01,1.445213228464126698e-01,1.590982265770435333e-02,2.056769579648971488e-02,2.137665251211728901e-05,2.137665251211728901e-05
2.019852161407470703e+00,3.954536151885986506e+00,2.019873619079589844e+00,3.954557514190673917e+00,7.859403491020202637e-01,8.279555559158324751e-01,8.712706565856933594e-01,8.837970018386840376e-01,2.060574740171432495e-01,2.083130145072936923e+00,1.414449959993362427e-01,1.416689574718475453e-01,1.513864006847143173e-02,1.798460055142641137e-02,2.138290437869727612e-05,2.138290437869727612e-05
2.130137205123901367e+00,3.542918443679809570e+00,2.130158662796020508e+00,3.542939901351928711e+00,8.772594928741455078e-01,8.434952735900879128e-01,8.989296555519104004e-01,8.786550521850585715e-01,2.040843218564987183e-01,1.652486416697502181e+00,1.300627440214157104e-01,1.435602024197578375e-01,1.980119571089744568e-02,2.472150325775146484e-02,2.138670970452949405e-05,2.138670970452949405e-05
2.126955270767211914e+00,3.666524100303649725e+00,2.126976728439331055e+00,3.666545557975768865e+00,8.420010805130004883e-01,8.399856150150298850e-01,8.949472308158874512e-01,9.005906283855438232e-01,2.187211364507675171e-01,1.768449595570564359e+00,1.481306254863739014e-01,1.300928018987178858e-01,2.315524965524673462e-02,2.740547303110361238e-02,2.140638571290764958e-05,2.140638571290764958e-05
2.187713146209716797e+00,3.005566000938415527e+00,2.187734603881835938e+00,3.005587458610534668e+00,8.873087763786315918e-01,8.941237926483154297e-01,9.060471057891845703e-01,8.975959956645965798e-01,2.197714745998382568e-01,1.020956471562385559e+00,1.225230991840362549e-01,1.308874040842056274e-01,5.206272751092910767e-02,6.200232133269310136e-02,2.141075674444437027e-05,2.141075674444437027e-05
2.295878887176513672e+00,4.352539706230163397e+00,2.295900344848632812e+00,4.352561116218566895e+00,8.539731502532958984e-01,8.459173858165740523e-01,8.973283171653747559e-01,8.893143296241760032e-01,3.982599079608917236e-01,2.458673879504203796e+00,1.259173452854156494e-01,1.397598415613174327e-01,2.040000073611736298e-02,1.887422278523444991e-02,2.141257209586910903e-05,2.141257209586910903e-05
2.175706148147583008e+00,3.650264549255370916e+00,2.175727605819702148e+00,3.650286006927490057e+00,8.740022182464599609e-01,8.447335898876190408e-01,9.206697940826416016e-01,8.945517659187316450e-01,2.336925119161605835e-01,1.733212265372276351e+00,1.126804724335670471e-01,1.403817757964134216e-01,3.466129675507545471e-02,3.738515339791774472e-02,2.141837103408761322e-05,2.141837103408761322e-05
2.104425430297851562e+00,2.709108948707580566e+00,2.104446887969970703e+00,2.709130406379699707e+00,8.211212158203125000e-01,8.392005085945128950e-01,8.931907415390014648e-01,8.823500216007232888e-01,2.411798387765884399e-01,7.851659655570983887e-01,1.041040420532226562e-01,1.651603788137435969e-01,4.482960328459739685e-02,3.723211809992790083e-02,2.141309414582792670e-05,2.141309414582792670e-05
2.693099737167358398e+00,3.367845678329467685e+00,2.693121194839477539e+00,3.367867136001586825e+00,8.571434617042541504e-01,8.448332607746124046e-01,8.904481530189514160e-01,8.857064366340636763e-01,6.624922156333923340e-01,1.408276239037513644e+00,2.621676921844482422e-01,2.102646335959434398e-01,2.084823511540889740e-02,1.876522209495306084e-02,2.141578625014517456e-05,2.141578625014517456e-05
2.278658866882324219e+00,3.055632114410400391e+00,2.278680324554443359e+00,3.055653572082519531e+00,8.194117546081542969e-01,8.314389526844024880e-01,8.649493455886840820e-01,8.818921983242035134e-01,3.729450106620788574e-01,1.116080090403556824e+00,2.117226570844650269e-01,2.138333514332771412e-01,9.630111046135425568e-03,1.238752249628305435e-02,2.142199991794768721e-05,2.142199991794768721e-05
2.895992517471313477e+00,3.196228361129760831e+00,2.896013975143432617e+00,3.196249818801879972e+00,8.234120011329650879e-01,8.314869403839111328e-01,8.532941341400146484e-01,8.850142717361449973e-01,9.405994415283203125e-01,1.257284229993820279e+00,2.664424777030944824e-01,2.109031304717063904e-01,1.224450953304767609e-02,1.153980847448110580e-02,2.142776429536752403e-05,2.142776429536752403e-05
2.216761112213134766e+00,2.765560913085937322e+00,2.216782569885253906e+00,2.765582370758056463e+00,8.333620429039001465e-01,8.327876508235931841e-01,8.738155364990234375e-01,8.776894092559814897e-01,2.497051209211349487e-01,8.284015446901321633e-01,2.455948442220687866e-01,2.121719405055046137e-01,1.428370364010334015e-02,1.451042667031288147e-02,2.143806523235980421e-05,2.143806523235980421e-05
3.036219835281372070e+00,2.740716814994812012e+00,3.036241292953491211e+00,2.740738272666931152e+00,8.665782809257507324e-01,8.249867260456085205e-01,8.856248259544372559e-01,8.739647746086121050e-01,1.042099475860595703e+00,8.211896300315857378e-01,2.333353608846664429e-01,2.110250920057296642e-01,8.582093752920627594e-03,9.550582431256771782e-03,2.144601603504270315e-05,2.144601603504270315e-05
2.380689859390258789e+00,3.105148696899413974e+00,2.380711317062377930e+00,3.105170154571533114e+00,8.656634688377380371e-01,8.233939886093140093e-01,8.824846148490905762e-01,8.742424130439758745e-01,3.976895809173583984e-01,1.189337396621704013e+00,2.285786271095275879e-01,2.089582532644271851e-01,6.273514591157436371e-03,9.216743148863315235e-03,2.145493999705649912e-05,2.145493999705649912e-05
2.251902341842651367e+00,2.833765435218810858e+00,2.251923799514770508e+00,2.833786892890929998e+00,8.078166842460632324e-01,8.254877805709839311e-01,8.743438720703125000e-01,8.780545651912688987e-01,3.299978673458099365e-01,8.949824035167693870e-01,2.193046808242797852e-01,2.044924408197403010e-01,2.043945901095867157e-02,3.074819426983594825e-02,2.146223050658591092e-05,2.146223050658591092e-05
2.259658098220825195e+00,2.947837066650390803e+00,2.259679555892944336e+00,2.947858524322509943e+00,8.736423254013061523e-01,8.188549220561981423e-01,9.319480657577514648e-01,8.771333992481231689e-01,2.609679698944091797e-01,1.035619291663169905e+00,1.866945028305053711e-01,2.090312182903289739e-01,6.405075546354055405e-03,7.198337558656930577e-03,2.146919359802268445e-05,2.146919359802268445e-05
2.161220073699951172e+00,2.901332712173462003e+00,2.161241531372070312e+00,2.901354169845581144e+00,8.408205509185791016e-01,8.228169381618499756e-01,8.878841400146484375e-01,8.734408676624297874e-01,2.398391515016555786e-01,9.888440817594528198e-01,1.859956234693527222e-01,2.085620865225791820e-01,6.680493243038654327e-03,7.668720791116356850e-03,2.147281156794633716e-05,2.147281156794633716e-05
2.445487737655639648e+00,2.900104904174804599e+00,2.445509195327758789e+00,2.900126361846923739e+00,8.253194689750671387e-01,8.195595085620880349e-01,8.879693746566772461e-01,8.740270674228668435e-01,5.336421132087707520e-01,9.910770565271377341e-01,1.916046887636184692e-01,2.083971053361892700e-01,6.952174939215183258e-03,7.044197991490364075e-03,2.147404484276194125e-05,2.147404484276194125e-05
2.129753589630126953e+00,2.860554814338684082e+00,2.129775047302246094e+00,2.860576272010803223e+00,8.321057558059692383e-01,8.214437186717986616e-01,8.781213164329528809e-01,8.714444756507873091e-01,2.405643761157989502e-01,9.537669271230697632e-01,1.736819446086883545e-01,2.079478427767753601e-01,5.280352663248777390e-03,5.951896868646144520e-03,2.147824852727353573e-05,2.147824852727353573e-05
2.230325460433959961e+00,2.882506847381591797e+00,2.230346918106079102e+00,2.882528352737426580e+00,8.615009188652038574e-01,8.260665416717529741e-01,8.790452480316162109e-01,8.782825052738190141e-01,2.605466842651367188e-01,9.640146493911743164e-01,2.185935527086257935e-01,1.981494367122650091e-01,1.063893456012010574e-02,1.599374087527394295e-02,2.149569991161115468e-05,2.149569991161115468e-05
2.702446222305297852e+00,2.410856676101684748e+00,2.702467679977416992e+00,2.410878133773803889e+00,8.208337426185607910e-01,8.272077143192291260e-01,8.457486033439636230e-01,8.734251677989959273e-01,7.439043521881103516e-01,5.065749138593673706e-01,2.846786379814147949e-01,1.945867791771888622e-01,7.280785124748945236e-03,9.062137920409440994e-03,2.150330874428618699e-05,2.150330874428618699e-05
2.291337490081787109e+00,2.415406918525695890e+00,2.291358947753906250e+00,2.415428376197815030e+00,8.310926556587219238e-01,8.211545765399932417e-01,8.845880627632141113e-01,8.811446189880370872e-01,3.466537296772003174e-01,5.093963295221328735e-01,2.181806415319442749e-01,1.943643823266029413e-01,1.082223560661077499e-02,9.347106702625751842e-03,2.150709588022436947e-05,2.150709588022436947e-05
2.288899421691894531e+00,2.532600188255309970e+00,2.288920879364013672e+00,2.532621645927429110e+00,8.632103204727172852e-01,8.175504207611083984e-01,8.953208327293395996e-01,8.760560929775238481e-01,3.267980515956878662e-01,6.369530379772185835e-01,1.962455362081527710e-01,1.945677816867828480e-01,7.325014565140008926e-03,7.472935924306511532e-03,2.151157423213589936e-05,2.151157423213589936e-05
2.338090181350708008e+00,2.456404376029968084e+00,2.338111639022827148e+00,2.456425833702087225e+00,8.549236059188842773e-01,8.227776885032653809e-01,8.824781775474548340e-01,8.733843743801117387e-01,3.313059210777282715e-01,5.574015170335769875e-01,2.636626064777374268e-01,1.943352058529853876e-01,5.719923879951238632e-03,8.505613543093204498e-03,2.151599255739711225e-05,2.151599255739711225e-05
2.164605379104614258e+00,3.177087497711181818e+00,2.164626836776733398e+00,3.177108955383300959e+00,8.569273352622985840e-01,8.245208323001861350e-01,8.936670422554016113e-01,8.734250485897063765e-01,2.395657300949096680e-01,1.282429316639900119e+00,1.633896231651306152e-01,1.850919321179390065e-01,1.105566788464784622e-02,1.162037281319499085e-02,2.152464003302156925e-05,2.152464003302156925e-05
2.145541667938232422e+00,2.533081030845642179e+00,2.145563125610351562e+00,2.533102488517761319e+00,8.171745538711547852e-01,8.279720544815063477e-01,8.474219441413879395e-01,8.704641163349151611e-01,2.495083957910537720e-01,6.227056056261062178e-01,2.113295197486877441e-01,1.942023798823356573e-01,2.010732702910900116e-02,1.773687545210123062e-02,2.152520755771547556e-05,2.152520755771547556e-05
2.193621873855590820e+00,2.696522116661071777e+00,2.193643331527709961e+00,2.696543574333190918e+00,8.313921093940734863e-01,8.248286247253417969e-01,8.771226406097412109e-01,8.738623857498168945e-01,2.506650984287261963e-01,7.521521210670470969e-01,2.281596064567565918e-01,2.342594444751739391e-01,6.282557267695665359e-03,1.141960993409156869e-02,2.151680928363930434e-05,2.151680928363930434e-05
2.695254087448120117e+00,2.824556398391723455e+00,2.695275545120239258e+00,2.824577856063842596e+00,8.860256671905517578e-01,8.238741099834442361e-01,9.178572297096252441e-01,8.764073967933654341e-01,6.469350457191467285e-01,8.771099179983139482e-01,2.370449453592300415e-01,2.381519719958305470e-01,7.391152903437614441e-03,9.012973774224520077e-03,2.151721128029748797e-05,2.151721128029748797e-05
2.256215333938598633e+00,2.587152481079101562e+00,2.256236791610717773e+00,2.587173938751220703e+00,8.635679483413696289e-01,8.225266039371490479e-01,8.913451433181762695e-01,8.743282377719878706e-01,2.949074208736419678e-01,6.411042690277100053e-01,2.000688910484313965e-01,2.428172543644905035e-01,6.325944326817989349e-03,6.376149179413914507e-03,2.152243177988566458e-05,2.152243177988566458e-05
2.271494626998901367e+00,2.559775447845459073e+00,2.271516084671020508e+00,2.559796905517578214e+00,8.417645692825317383e-01,8.201494157314300759e-01,8.951703906059265137e-01,8.756622850894928423e-01,2.946981787681579590e-01,6.082274854183197244e-01,2.337956577539443970e-01,2.456529557704925648e-01,6.065826397389173508e-03,1.008327575400471722e-02,2.152978231606539339e-05,2.152978231606539339e-05
2.178996324539184570e+00,2.677155566215515314e+00,2.179017782211303711e+00,2.677177023887634455e+00,7.940559387207031250e-01,8.186385452747344527e-01,8.848199248313903809e-01,8.741199791431426558e-01,2.719490230083465576e-01,7.285938322544097678e-01,2.176690697669982910e-01,2.461390733718872015e-01,1.050235051661729813e-02,9.664133377373217842e-03,2.153514287783764303e-05,2.153514287783764303e-05
2.335869312286376953e+00,2.574029874801635920e+00,2.335890769958496094e+00,2.574051332473755060e+00,7.944450974464416504e-01,8.221655189990997314e-01,8.254757523536682129e-01,8.686846673488617387e-01,4.150749146938323975e-01,6.300601571798324363e-01,2.941021919250488281e-01,2.464024871587753296e-01,6.771436426788568497e-03,6.717015756294131279e-03,2.153968489437829703e-05,2.153968489437829703e-05
2.170845985412597656e+00,2.580392122268676758e+00,2.170867443084716797e+00,2.580413579940795898e+00,7.810979485511779785e-01,8.217189311981201172e-01,8.567057847976684570e-01,8.701459944248199907e-01,2.629418373107910156e-01,6.349463403224945290e-01,2.620528638362884521e-01,2.458947345614433400e-01,8.047580718994140625e-03,7.686076965183019465e-03,2.154393041564617306e-05,2.154393041564617306e-05
2.148269891738891602e+00,2.545980334281921387e+00,2.148291349411010742e+00,2.546001791954040527e+00,7.904508113861083984e-01,8.208280146121978982e-01,8.699804544448852539e-01,8.703304588794708030e-01,2.646975219249725342e-01,6.027229338884353416e-01,2.169262021780014038e-01,2.447144031524658148e-01,6.214809138327836990e-03,7.384610921144485127e-03,2.154799221898429096e-05,2.154799221898429096e-05
2.148917436599731445e+00,2.564549350738525302e+00,2.148938894271850586e+00,2.564570808410644442e+00,8.205304145812988281e-01,8.197984755039214866e-01,8.974560499191284180e-01,8.696600019931792769e-01,2.461310476064682007e-01,6.242155253887176070e-01,1.796135306358337402e-01,2.448033988475799561e-01,5.186375230550765991e-03,6.072017131373286247e-03,2.155365473299752921e-05,2.155365473299752921e-05
2.177962541580200195e+00,2.473331880569458185e+00,2.177983999252319336e+00,2.473353338241577326e+00,8.246051669120788574e-01,8.188497066497802956e-01,8.789929151535034180e-01,8.709063768386841042e-01,2.655594646930694580e-01,5.292227625846862571e-01,2.036582380533218384e-01,2.486219629645347595e-01,5.146842915564775467e-03,5.731070693582296198e-03,2.155846595996990800e-05,2.155846595996990800e-05
2.248468875885009766e+00,2.450491905212402344e+00,2.248490333557128906e+00,2.450513362884521484e+00,8.435583114624023438e-01,8.157343268394470215e-01,8.609894514083862305e-01,8.713024079799651656e-01,2.476087957620620728e-01,5.057032376527785811e-01,2.880887091159820557e-01,2.484021261334419250e-01,8.223647251725196838e-03,9.349805489182471535e-03,2.156319533241912723e-05,2.156319533241912723e-05
2.154249906539916992e+00,2.537328386306762606e+00,2.154271364212036133e+00,2.537349843978881747e+00,7.454814314842224121e-01,8.147480487823486328e-01,8.120831847190856934e-01,8.708952724933624046e-01,3.245132267475128174e-01,5.983221620321274026e-01,2.668770849704742432e-01,2.480118185281753596e-01,5.295018199831247330e-03,5.351124610751867121e-03,2.156437949452083558e-05,2.156437949452083558e-05
2.320496559143066406e+00,2.421250987052917303e+00,2.320518016815185547e+00,2.421272444725036443e+00,8.112609982490539551e-01,8.180812597274780273e-01,8.649495840072631836e-01,8.688000917434692827e-01,4.281208813190460205e-01,4.817408472299575806e-01,2.085940539836883545e-01,2.464968606829643361e-01,7.570917252451181412e-03,6.131895910948514591e-03,2.156820482923649251e-05,2.156820482923649251e-05
4.469950675964355469e+00,2.969620752334594549e+00,4.469972133636474609e+00,2.969642424583434970e+00,9.340412616729736328e-01,8.604563295841216597e-01,9.202486276626586914e-01,8.787050604820251243e-01,2.407975673675537109e+00,9.869654625654220581e-01,1.508276760578155518e-01,1.834119841456413325e-01,5.685691162943840027e-02,6.008190363645553311e-02,2.158053575840312988e-05,2.158053575840312988e-05
2.235602140426635742e+00,2.735896515846252264e+00,2.235623836517333984e+00,2.735918211936950506e+00,8.973832726478576660e-01,8.930171728134155273e-01,8.820206522941589355e-01,8.932864069938659668e-01,2.671485245227813721e-01,7.301224797964096513e-01,1.198719367384910583e-01,1.287003502249717823e-01,6.917785853147506714e-02,9.077013060450553339e-02,2.159612085961271077e-05,2.159612085961271077e-05
2.254955053329467773e+00,3.155984687805175604e+00,2.254976749420166016e+00,3.156006360054016024e+00,8.560353517532348633e-01,8.661073565483092818e-01,9.263492822647094727e-01,9.301906406879425493e-01,2.675465643405914307e-01,1.165065920352935880e+00,1.328658461570739746e-01,1.145623415708541815e-01,7.215779274702072144e-02,8.005843386054038724e-02,2.160960139008238912e-05,2.160960139008238912e-05
2.832819700241088867e+00,3.241899514198303134e+00,2.832841396331787109e+00,3.241921162605285733e+00,9.736897945404052734e-01,9.996900498867035134e-01,9.356305003166198730e-01,9.522341072559357134e-01,5.991608500480651855e-01,9.556546092033386675e-01,1.348156929016113281e-01,1.077528990805149134e-01,1.895228177309036255e-01,2.265677914023399298e-01,2.163226054108235985e-05,2.163226054108235985e-05
3.345194244384765625e+01,3.381960272789001465e+00,3.345196533203125000e+01,3.381981945037841886e+00,9.068357944488525391e-01,9.218018412590026633e-01,9.364319443702697754e-01,9.444568216800689475e-01,3.136612319946289062e+01,1.305336749553680509e+00,1.176950111985206604e-01,8.908143937587738315e-02,1.248550042510032654e-01,1.212834216654300745e-01,2.165237310691736639e-05,2.165237310691736639e-05
2.480140447616577148e+00,3.060858082771301447e+00,2.480162143707275391e+00,3.060879755020141424e+00,9.237802624702453613e-01,9.314519524574279563e-01,9.220675826072692871e-01,9.571934700012206809e-01,4.085399508476257324e-01,9.730422198772430420e-01,1.249739974737167358e-01,9.352628365159035284e-02,1.007785350084304810e-01,1.056441813707351685e-01,2.165971636713948101e-05,2.165971636713948101e-05
2.368217229843139648e+00,3.869897866249084384e+00,2.368238925933837891e+00,3.869919419288635254e+00,8.868669271469116211e-01,8.715739727020264116e-01,9.219275712966918945e-01,9.278799653053283469e-01,3.834657073020935059e-01,1.909420484304428012e+00,1.199563443660736084e-01,1.060779213905334445e-01,5.600082129240036011e-02,5.494562834501266757e-02,2.166544436477124691e-05,2.166544436477124691e-05
2.329552650451660156e+00,2.547130489349365146e+00,2.329574346542358398e+00,2.547152185440063388e+00,8.609573245048522949e-01,8.626927196979522483e-01,9.229537248611450195e-01,9.118757486343384011e-01,3.975728452205657959e-01,6.322743982076645120e-01,1.088249981403350830e-01,1.075557924807071658e-01,3.924397006630897522e-02,3.273180779069662094e-02,2.167319325963035226e-05,2.167319325963035226e-05
2.531296968460083008e+00,2.572820377349853693e+00,2.531318664550781250e+00,2.572842073440551935e+00,8.943699598312377930e-01,8.674269556999206765e-01,9.268032312393188477e-01,9.166234016418457475e-01,5.833922624588012695e-01,6.314760714769362959e-01,8.255904167890548706e-02,1.120924197137355832e-01,4.417256265878677368e-02,4.520153068006038666e-02,2.167518687201663852e-05,2.167518687201663852e-05
2.894660711288452148e+00,3.507419657707214533e+00,2.894682407379150391e+00,3.507441306114196689e+00,1.089096903800964355e+00,9.923170447349548562e-01,1.024110317230224609e+00,9.955469846725464311e-01,3.656973242759704590e-01,1.183401805162429765e+00,1.090353131294250488e-01,9.674808084964751920e-02,3.067207038402557373e-01,2.394056618213653564e-01,2.169179788324981928e-05,2.169179788324981928e-05
8.279119491577148438e+00,7.775924301147460582e+00,8.279141426086425781e+00,7.775946235656737926e+00,2.139767408370971680e+00,2.171661090850830256e+00,1.338699817657470703e+00,1.390644788742065430e+00,2.801751136779785156e+00,2.281305515766143710e+00,1.014151647686958313e-01,8.858374133706092834e-02,1.897486329078674316e+00,1.843729269504547075e+00,2.170250081690028310e-05,2.170250081690028310e-05
2.651848793029785156e+00,4.443797898292541682e+00,2.651870489120483398e+00,4.443819642066955566e+00,9.191249012947082520e-01,9.313078522682189941e-01,9.806892275810241699e-01,9.838220775127410889e-01,5.070876479148864746e-01,2.289945715665817172e+00,1.240363046526908875e-01,1.070149369537830297e-01,1.209105327725410461e-01,1.317072704434394947e-01,2.173011671402491629e-05,2.173011671402491629e-05
2.418311595916748047e+00,2.880261778831481934e+00,2.418333292007446289e+00,2.880283474922180176e+00,9.002977013587951660e-01,9.022267520427703635e-01,9.565438628196716309e-01,9.557655096054077370e-01,4.370724260807037354e-01,8.777485549449920432e-01,8.886787295341491699e-02,1.028265945613384275e-01,3.552960976958274841e-02,4.169436246156692227e-02,2.174339897464960814e-05,2.174339897464960814e-05
2.443108081817626953e+00,4.052639436721801935e+00,2.443129777908325195e+00,4.052661156654357555e+00,9.189516901969909668e-01,8.905241072177887407e-01,9.422073960304260254e-01,9.392764687538146529e-01,4.369827508926391602e-01,2.097607511281966985e+00,1.085105761885643005e-01,1.013484738767147092e-01,3.645553067326545715e-02,2.388283982872962952e-02,2.175609915866516531e-05,2.175609915866516531e-05
2.764207839965820312e+00,3.355126738548278809e+00,2.764229536056518555e+00,3.355148482322692693e+00,8.839772343635559082e-01,8.875967085361480269e-01,9.306408762931823730e-01,9.327957928180694580e-01,8.372334837913513184e-01,1.418679350614547641e+00,9.303350746631622314e-02,9.607774615287781317e-02,1.932270452380180359e-02,1.997713688760995726e-02,2.176915950258262455e-05,2.176915950258262455e-05
2.361824512481689453e+00,3.299416971206665217e+00,2.361846208572387695e+00,3.299438738822936923e+00,8.760733604431152344e-01,8.822878777980804887e-01,9.392076134681701660e-01,9.317227900028228760e-01,4.507698714733123779e-01,1.376713311672210782e+00,8.234191685914993286e-02,9.273963198065757196e-02,1.343175582587718964e-02,1.595341842621565004e-02,2.177931673941202462e-05,2.177931673941202462e-05
2.415574073791503906e+00,3.095998406410217285e+00,2.415595769882202148e+00,3.096020126342773349e+00,9.431498646736145020e-01,8.827401876449585405e-01,9.635266065597534180e-01,9.281424760818481889e-01,4.330990910530090332e-01,1.181304639577865689e+00,6.714539229869842529e-02,9.022573158144950312e-02,8.653125725686550140e-03,1.358540831133723224e-02,2.178946306230500340e-05,2.178946306230500340e-05
2.312387704849243164e+00,3.108387708663940430e+00,2.312409400939941406e+00,3.108409452438354315e+00,8.725117444992065430e-01,8.811770379543304443e-01,9.434108138084411621e-01,9.299937903881072554e-01,4.316245317459106445e-01,1.202920252084731967e+00,4.743649065494537354e-02,8.183492869138717096e-02,1.740402542054653168e-02,1.246169041842222144e-02,2.180045339628122747e-05,2.180045339628122747e-05
2.352844715118408203e+00,3.244244670867920011e+00,2.352866411209106445e+00,3.244266414642333896e+00,9.035670757293701172e-01,8.849343061447143555e-01,9.288136959075927734e-01,9.311964333057403120e-01,4.327478408813476562e-01,1.330550318956375211e+00,7.537674158811569214e-02,8.190749734640120905e-02,1.233938988298177719e-02,1.565618477761745314e-02,2.180348383262753487e-05,2.180348383262753487e-05
2.309156179428100586e+00,3.123520350456237882e+00,2.309177875518798828e+00,3.123542094230651767e+00,8.795144557952880859e-01,8.782702028751373513e-01,9.513847231864929199e-01,9.300229191780090554e-01,4.116648435592651367e-01,1.224063897132873446e+00,5.707335472106933594e-02,8.059742897748947699e-02,9.518693201243877411e-03,1.056591728702187608e-02,2.181332820327952504e-05,2.181332820327952504e-05
2.657759428024291992e+00,3.437708020210266113e+00,2.657781362533569336e+00,3.437729954719543457e+00,8.844987750053405762e-01,8.747385919094086137e-01,9.257888793945312500e-01,9.250607728958130105e-01,7.484043240547180176e-01,1.547384086251258895e+00,8.742874860763549805e-02,8.139683082699775141e-02,1.163854356855154037e-02,9.127774275839328766e-03,2.182791286031715572e-05,2.182791286031715572e-05
2.207525491714477539e+00,2.863073253631591708e+00,2.207547426223754883e+00,2.863095188140869052e+00,8.056192398071289062e-01,8.816203415393829568e-01,8.898130655288696289e-01,9.260113060474395308e-01,4.375142455101013184e-01,9.730855107307434526e-01,6.314829736948013306e-02,7.235333696007728577e-02,1.143078971654176712e-02,1.000278322026133468e-02,2.183749893447384238e-05,2.183749893447384238e-05
2.253764867782592773e+00,3.210809516906738104e+00,2.253786802291870117e+00,3.210831451416015447e+00,8.435035943984985352e-01,8.776486158370971902e-01,9.140999317169189453e-01,9.264683008193970171e-01,4.312557876110076904e-01,1.327717605233192488e+00,5.625005438923835754e-02,6.937852054834366122e-02,8.655611425638198853e-03,9.596393071115016590e-03,2.185591074521653354e-05,2.185591074521653354e-05
2.350896596908569336e+00,2.863700127601623624e+00,2.350918531417846680e+00,2.863722062110900968e+00,9.102418422698974609e-01,8.796450495719909668e-01,9.451122283935546875e-01,9.290309131145477739e-01,4.112247824668884277e-01,9.664351850748061912e-01,6.822033226490020752e-02,7.090212479233741483e-02,1.609718985855579376e-02,1.768678072839975288e-02,2.187529753427952528e-05,2.187529753427952528e-05
2.317101001739501953e+00,3.135380864143371582e+00,2.317122936248779297e+00,3.135402798652648926e+00,8.418851494789123535e-01,8.656228780746459961e-01,9.058139324188232422e-01,9.180629670619964156e-01,4.275113940238952637e-01,1.245682984590530396e+00,1.336252093315124512e-01,9.667209908366203308e-02,8.265321142971515656e-03,9.339915681630372654e-03,2.188630787713918835e-05,2.188630787713918835e-05
2.418301820755004883e+00,3.172493505477905096e+00,2.418323755264282227e+00,3.172515439987182440e+00,8.984816074371337891e-01,8.771681070327759233e-01,9.230186343193054199e-01,9.243730843067169411e-01,5.064493417739868164e-01,1.277400502562522799e+00,7.419013977050781250e-02,7.592438161373138428e-02,1.616209372878074646e-02,1.762745175510644843e-02,2.189179213019087911e-05,2.189179213019087911e-05
2.273283958435058594e+00,2.405275917053222745e+00,2.273305892944335938e+00,2.405297851562500089e+00,8.677307367324829102e-01,8.833149850368500200e-01,9.348661303520202637e-01,9.401924073696136253e-01,4.076422154903411865e-01,5.177619606256484985e-01,4.496791213750839233e-02,4.539334736764431139e-02,1.807723194360733032e-02,1.861315816640853743e-02,2.189187398471403867e-05,2.189187398471403867e-05
2.314284324645996094e+00,3.669563364982605158e+00,2.314306259155273438e+00,3.669585299491882502e+00,8.314872980117797852e-01,8.835581183433532937e-01,8.884911537170410156e-01,9.341549515724182351e-01,4.918101429939270020e-01,1.778480163216590970e+00,7.974916696548461914e-02,5.616176091134548326e-02,2.274663373827934265e-02,1.720830574631691118e-02,2.189831866417080164e-05,2.189831866417080164e-05
2.296543359756469727e+00,5.091137290000915527e+00,2.296565294265747070e+00,5.091159224510192871e+00,8.635345101356506348e-01,8.774124741554260032e-01,9.077985286712646484e-01,9.342549979686737283e-01,4.265384972095489502e-01,3.208873814344406217e+00,8.615002036094665527e-02,5.742329172790050507e-02,1.252206135541200638e-02,1.317271618172526429e-02,2.190065060858614743e-05,2.190065060858614743e-05
2.351232528686523438e+00,2.394102501869201483e+00,2.351254463195800781e+00,2.394124436378478826e+00,9.209877252578735352e-01,8.927791774272918479e-01,9.555301070213317871e-01,9.402428090572356734e-01,4.229183793067932129e-01,4.938658684492110984e-01,3.698355704545974731e-02,4.339889101684093337e-02,1.481290441006422043e-02,2.381571009755134583e-02,2.190279155911412090e-05,2.190279155911412090e-05
2.283939599990844727e+00,2.299493575096130282e+00,2.283961534500122070e+00,2.299515509605407626e+00,8.697507381439208984e-01,8.911743879318236861e-01,9.373834729194641113e-01,9.419256031513214555e-01,4.338069856166839600e-01,4.213487595319748147e-01,3.089905902743339539e-02,3.319842256605624875e-02,1.209956686943769455e-02,1.184642054140567710e-02,2.190204031649045646e-05,2.190204031649045646e-05
2.341275930404663086e+00,2.326946449279785334e+00,2.341297864913940430e+00,2.326968383789062678e+00,9.106801152229309082e-01,8.990365445613861528e-01,9.553009867668151855e-01,9.478698611259460671e-01,4.191524386405944824e-01,4.185338556766510232e-01,3.179915249347686768e-02,3.318957686424255094e-02,2.434323355555534363e-02,2.831657137721776962e-02,2.190585473726969212e-05,2.190585473726969212e-05
2.251379966735839844e+00,2.286382031440735041e+00,2.251401901245117188e+00,2.286403965950012385e+00,8.600718379020690918e-01,8.854312062263488547e-01,9.258058667182922363e-01,9.407382071018218772e-01,4.211040437221527100e-01,4.170100241899490356e-01,3.519364446401596069e-02,3.430436067283153256e-02,9.204579517245292664e-03,8.898191619664430618e-03,2.190954546676948667e-05,2.190954546676948667e-05
2.230514526367187500e+00,2.284841680526733310e+00,2.230536460876464844e+00,2.284863615036010653e+00,8.614446520805358887e-01,8.869664907455444558e-01,9.136731028556823730e-01,9.391242861747741699e-01,4.194985032081604004e-01,4.149766683578491322e-01,2.687087468802928925e-02,3.527344614267349104e-02,9.027214720845222473e-03,8.500720188021660545e-03,2.191239400417543948e-05,2.191239400417543948e-05
2.240606546401977539e+00,2.286343359947204501e+00,2.240628480911254883e+00,2.286365294456481845e+00,8.902394175529479980e-01,8.885082423686980757e-01,9.350024461746215820e-01,9.419905006885528342e-01,3.764726817607879639e-01,4.123862206935882679e-01,3.101410157978534698e-02,3.484380654990672926e-02,7.877797819674015045e-03,8.614595886319876064e-03,2.191646490246057510e-05,2.191646490246057510e-05
2.269927978515625000e+00,2.276837754249572576e+00,2.269949913024902344e+00,2.276859688758849920e+00,8.795332312583923340e-01,8.835155010223388894e-01,9.392501711845397949e-01,9.387216150760651079e-01,4.068925678730010986e-01,4.099139809608459695e-01,3.478062152862548828e-02,3.473315984010696272e-02,9.471431374549865723e-03,9.953514486551285484e-03,2.192135070799849927e-05,2.192135070799849927e-05
2.259083509445190430e+00,2.279078173637389959e+00,2.259105443954467773e+00,2.279100108146667303e+00,8.689844608306884766e-01,8.852031946182250532e-01,9.258611202239990234e-01,9.401610970497131792e-01,4.148805141448974609e-01,4.085465848445892223e-01,3.761446848511695862e-02,3.482702560722827911e-02,1.174294203519821167e-02,1.034024292603135178e-02,2.192509236920159310e-05,2.192509236920159310e-05
2.286345005035400391e+00,2.275207185745239169e+00,2.286366939544677734e+00,2.275229120254516513e+00,8.959037065505981445e-01,8.830355167388915794e-01,9.505944252014160156e-01,9.426858484745025413e-01,4.021307229995727539e-01,4.066369891166686790e-01,3.061992488801479340e-02,3.513537868857383867e-02,7.096334826201200485e-03,7.713375613093376160e-03,2.192883403040468693e-05,2.192883403040468693e-05
2.245900392532348633e+00,2.274305772781372248e+00,2.245922327041625977e+00,2.274327707290649592e+00,8.712830543518066406e-01,8.836741745471954346e-01,9.328557848930358887e-01,9.403909027576446977e-01,4.019683599472045898e-01,4.059471786022186279e-01,3.149917721748352051e-02,3.521854430437088013e-02,8.294040337204933167e-03,9.075020812451839794e-03,2.192978172388393432e-05,2.192978172388393432e-05
2.352274894714355469e+00,2.273023700714111417e+00,2.352296829223632812e+00,2.273045635223388761e+00,9.403254389762878418e-01,8.858826577663421187e-01,9.694944024085998535e-01,9.406893014907836692e-01,3.952486217021942139e-01,4.030382752418518177e-01,4.171516373753547668e-02,3.477726727724075179e-02,5.491199437528848648e-03,8.636196888983250358e-03,2.193277396145276725e-05,2.193277396145276725e-05
2.241945028305053711e+00,2.277322816848754705e+00,2.241966962814331055e+00,2.277344751358032049e+00,8.700838088989257812e-01,8.908969104290008767e-01,9.406016469001770020e-01,9.392623364925384299e-01,3.828471004962921143e-01,4.005015641450881958e-01,3.623492270708084106e-02,3.407737761735916276e-02,1.217766106128692627e-02,1.258466979488730500e-02,2.193694308516569436e-05,2.193694308516569436e-05
2.353962421417236328e+00,2.278001999855041593e+00,2.353984355926513672e+00,2.278023934364318936e+00,9.225536584854125977e-01,8.870623469352721946e-01,9.562982320785522461e-01,9.379454791545868142e-01,4.227878153324127197e-01,3.991356730461120828e-01,3.484996035695075989e-02,3.481153734028339525e-02,1.747285574674606323e-02,1.904692910611629347e-02,2.194096850871574134e-05,2.194096850871574134e-05
2.258040904998779297e+00,2.263266134262084783e+00,2.258062839508056641e+00,2.263288068771362127e+00,8.763737678527832031e-01,8.855984032154082808e-01,9.220671653747558594e-01,9.369124054908752885e-01,4.132823944091796875e-01,3.961398899555206299e-01,3.453458845615386963e-02,3.455753289163112502e-02,1.178295351564884186e-02,1.005788724869489600e-02,2.194593616877682507e-05,2.194593616877682507e-05
2.266704559326171875e+00,2.272967147827148260e+00,2.266726493835449219e+00,2.272989082336425604e+00,8.864270448684692383e-01,8.933818101882934348e-01,9.356165528297424316e-01,9.405976772308349831e-01,3.984316885471343994e-01,3.935890108346938865e-01,3.415403515100479126e-02,3.386542275547980985e-02,1.207530405372381210e-02,1.153322570025920937e-02,2.195185516029596329e-05,2.195185516029596329e-05
2.268318653106689453e+00,2.254955410957336426e+00,2.268340587615966797e+00,2.254977345466613770e+00,8.935910463333129883e-01,8.833731055259704812e-01,9.421098232269287109e-01,9.375190138816833496e-01,3.955474495887756348e-01,3.915110826492309570e-01,2.891881950199604034e-02,3.405291177332401414e-02,8.151491172611713409e-03,8.499325625598430980e-03,2.195650449721142650e-05,2.195650449721142650e-05
2.206364393234252930e+00,2.258542656898498535e+00,2.206386327743530273e+00,2.258564591407775879e+00,8.595328330993652344e-01,8.866940021514893022e-01,9.124133586883544922e-01,9.365008890628814253e-01,3.934700191020965576e-01,3.883150249719619640e-01,2.384352870285511017e-02,3.370520249009132524e-02,1.710470020771026611e-02,1.332759167999029125e-02,2.196158857259433717e-05,2.196158857259433717e-05
2.152897834777832031e+00,2.247987794876098455e+00,2.152919769287109375e+00,2.248009729385375799e+00,8.391024470329284668e-01,8.843623757362365501e-01,9.186828732490539551e-01,9.365982353687286599e-01,3.551577329635620117e-01,3.863965123891830444e-01,3.212623670697212219e-02,3.405109308660030087e-02,7.828520610928535461e-03,6.579582346603274345e-03,2.196587956859730184e-05,2.196587956859730184e-05
2.227006196975708008e+00,2.252501559257507502e+00,2.227028131484985352e+00,2.252523493766784846e+00,8.693643212318420410e-01,8.875826299190521240e-01,9.329059720039367676e-01,9.392917275428771529e-01,3.848430216312408447e-01,3.830984890460967796e-01,3.176127746701240540e-02,3.410969227552414218e-02,8.131658658385276794e-03,8.419036958366632115e-03,2.197166577388998121e-05,2.197166577388998121e-05
2.199023723602294922e+00,2.250776243209839045e+00,2.199045658111572266e+00,2.250798177719116389e+00,8.723860979080200195e-01,8.895709812641143799e-01,9.178556799888610840e-01,9.351915478706359641e-01,3.701414167881011963e-01,3.821272253990173340e-01,2.797533757984638214e-02,3.391062058508396287e-02,1.066527049988508224e-02,9.975916612893343319e-03,2.197322100983001292e-05,2.197322100983001292e-05
2.324861049652099609e+00,2.239662647247314453e+00,2.324882984161376953e+00,2.239684581756591797e+00,9.212969541549682617e-01,8.805396795272827370e-01,9.665156602859497070e-01,9.363081455230712891e-01,3.811615705490112305e-01,3.808336734771728405e-01,4.893472790718078613e-02,3.364600054919719696e-02,6.952091120183467865e-03,8.335087168961762688e-03,2.197763387812301517e-05,2.197763387812301517e-05
2.303679943084716797e+00,2.248297047615051447e+00,2.303701877593994141e+00,2.248318982124328791e+00,9.253088235855102539e-01,8.877612590789795144e-01,9.496899247169494629e-01,9.361742198467254417e-01,3.646356165409088135e-01,3.767771989107132069e-01,5.248547717928886414e-02,3.343320302665233473e-02,1.156008243560791016e-02,1.415118342265486717e-02,2.198307447542902082e-05,2.198307447542902082e-05
2.178794860839843750e+00,2.246648454666137606e+00,2.178816795349121094e+00,2.246670389175414950e+00,8.561393618583679199e-01,8.911203980445862038e-01,9.032009840011596680e-01,9.352627694606781006e-01,3.675030767917633057e-01,3.742744445800781361e-01,3.899241611361503601e-02,3.428222164511680881e-02,1.295900065451860428e-02,1.170859476551413571e-02,2.198827860411256552e-05,2.198827860411256552e-05
2.185573339462280273e+00,2.228013491630554288e+00,2.185595273971557617e+00,2.228035426139831632e+00,8.531080484390258789e-01,8.821881055831909402e-01,9.122755527496337891e-01,9.334531307220459428e-01,3.778881728649139404e-01,3.713123530149459728e-01,3.302811458706855774e-02,3.343013636767864366e-02,9.273571893572807312e-03,7.629756536334753210e-03,2.199264417868107557e-05,2.199264417868107557e-05
2.284783363342285156e+00,2.230704450607299716e+00,2.284805297851562500e+00,2.230726385116577060e+00,9.054101109504699707e-01,8.832378864288330522e-01,9.572198987007141113e-01,9.362404823303223100e-01,3.758163452148437500e-01,3.686595976352691761e-01,3.911620005965232849e-02,3.365977965295315066e-02,7.220907602459192276e-03,8.906672801822423588e-03,2.199664595536887646e-05,2.199664595536887646e-05
2.270846128463745117e+00,2.225760149955749334e+00,2.270868062973022461e+00,2.225782084465026678e+00,9.108725190162658691e-01,8.815731406211853027e-01,9.399984478950500488e-01,9.343341708183288130e-01,3.725432455539703369e-01,3.673762917518615945e-01,4.070674628019332886e-02,3.359377570450305939e-02,6.725355051457881927e-03,8.882773201912641178e-03,2.200176641053985804e-05,2.200176641053985804e-05
2.273975372314453125e+00,2.230076813697814853e+00,2.273997306823730469e+00,2.230098748207092196e+00,9.096353054046630859e-01,8.822790026664734109e-01,9.528325796127319336e-01,9.377033114433288574e-01,3.665278553962707520e-01,3.632949531078338845e-01,3.488400951027870178e-02,3.352320194244384766e-02,1.009552646428346634e-02,1.327634835615754128e-02,2.200769449700601399e-05,2.200769449700601399e-05
2.241331100463867188e+00,2.218311166763305753e+00,2.241353034973144531e+00,2.218333101272583097e+00,8.977798223495483398e-01,8.814846873283386230e-01,9.358209371566772461e-01,9.342508614063262939e-01,3.638681471347808838e-01,3.605824679136276356e-01,3.666533157229423523e-02,3.413223698735236983e-02,7.196767255663871765e-03,7.860865816473961223e-03,2.201204551965929568e-05,2.201204551965929568e-05
2.234850883483886719e+00,2.220146465301513494e+00,2.234872817993164062e+00,2.220168399810790838e+00,8.977106213569641113e-01,8.835813760757446067e-01,9.429603815078735352e-01,9.330258131027221458e-01,3.504642546176910400e-01,3.581522405147552490e-01,3.182930499315261841e-02,3.350445926189422885e-02,1.188612729310989380e-02,1.188255883753299748e-02,2.201666575274430215e-05,2.201666575274430215e-05
2.215506076812744141e+00,2.217911648750304998e+00,2.215528011322021484e+00,2.217933583259582342e+00,8.877843022346496582e-01,8.854752182960510254e-01,9.359790682792663574e-01,9.327837586402892844e-01,3.565167486667633057e-01,3.571338087320327648e-01,2.698304690420627594e-02,3.400831930339336118e-02,8.242937736213207245e-03,8.510594256222248077e-03,2.201821007474791259e-05,2.201821007474791259e-05
2.241357564926147461e+00,2.235576581954956232e+00,2.241379499435424805e+00,2.235598516464233576e+00,8.754962682723999023e-01,8.909311234951019509e-01,9.306956529617309570e-01,9.332166790962219682e-01,3.805714845657348633e-01,3.548561424016952737e-01,3.364324942231178284e-02,3.383452668786048750e-02,2.095108479261398315e-02,2.273817397654056410e-02,2.202525502070784569e-05,2.202525502070784569e-05
2.151299953460693359e+00,2.204969692230224432e+00,2.151321887969970703e+00,2.204991626739501775e+00,8.520432114601135254e-01,8.794181346893310547e-01,9.029788374900817871e-01,9.334431707859038863e-01,3.551222383975982666e-01,3.508023232221603172e-01,3.348714113235473633e-02,3.375828713178634366e-02,7.668560836464166641e-03,7.547820964828133410e-03,2.203174881287850440e-05,2.203174881287850440e-05
2.267466306686401367e+00,2.235806870460510076e+00,2.267488241195678711e+00,2.235828804969787420e+00,9.004927277565002441e-01,8.862207412719727007e-01,9.423273205757141113e-01,9.399464368820190652e-01,3.491360247135162354e-01,3.476108849048614724e-01,5.029479041695594788e-02,3.345762044191360335e-02,2.521547675132751465e-02,2.857121620327234338e-02,2.203749863838311285e-05,2.203749863838311285e-05
2.220917940139770508e+00,2.217130827903747381e+00,2.220939874649047852e+00,2.217152762413024725e+00,8.744127154350280762e-01,8.850688576698303445e-01,9.331979155540466309e-01,9.335858702659607378e-01,3.676172196865081787e-01,3.457719981670379639e-01,2.690885961055755615e-02,3.404560163617133955e-02,1.878126524388790131e-02,1.865846868604421546e-02,2.204140400863252580e-05,2.204140400863252580e-05
2.216365575790405273e+00,2.199477100372314364e+00,2.216387510299682617e+00,2.199499034881591708e+00,8.745616078376770020e-01,8.813799142837523970e-01,9.338438510894775391e-01,9.312657773494720237e-01,3.633677959442138672e-01,3.420361697673797718e-01,3.284333273768424988e-02,3.376846984028816084e-02,1.174896396696567535e-02,1.102678216993808677e-02,2.204828706453554332e-05,2.204828706453554332e-05
2.170967817306518555e+00,2.207038044929504395e+00,2.170989990234375000e+00,2.207060217857360840e+00,8.573681116104125977e-01,8.828101515769958274e-01,9.140265583992004395e-01,9.302234113216399924e-01,3.395997285842895508e-01,3.384859263896942139e-01,3.319486230611801147e-02,3.322446830570698062e-02,2.677871286869049072e-02,2.229404244571924279e-02,2.205555938417091966e-05,2.205555938417091966e-05
2.206617116928100586e+00,2.191839528083801447e+00,2.206639289855957031e+00,2.191861701011657892e+00,8.890303969383239746e-01,8.784801006317138894e-01,9.405751824378967285e-01,9.331069588661193848e-01,3.362016975879669189e-01,3.358214110136031882e-01,3.406104817986488342e-02,3.467496521770953993e-02,6.748938001692295074e-03,9.756092634052037499e-03,2.206157296313904226e-05,2.206157296313904226e-05
2.180862903594970703e+00,2.186547636985778809e+00,2.180885076522827148e+00,2.186569809913635254e+00,8.743230104446411133e-01,8.780279815196990745e-01,9.300653338432312012e-01,9.326067686080932173e-01,3.375103175640106201e-01,3.324593871831894032e-01,3.078213892877101898e-02,3.362633548676967343e-02,8.182038553059101105e-03,9.827191941440105438e-03,2.206614772148896009e-05,2.206614772148896009e-05
2.224669694900512695e+00,2.189089846611023127e+00,2.224691867828369141e+00,2.189112019538879572e+00,9.137157201766967773e-01,8.852186262607574241e-01,9.365203380584716797e-01,9.328138828277587891e-01,3.310304284095764160e-01,3.288446813821792603e-01,3.614576160907745361e-02,3.369445092976093570e-02,7.257399614900350571e-03,8.518245350569487312e-03,2.207083343819249421e-05,2.207083343819249421e-05
2.168844223022460938e+00,2.181235933303832919e+00,2.168866395950317383e+00,2.181258106231689364e+00,8.490841388702392578e-01,8.781896710395813432e-01,9.221298098564147949e-01,9.335780262947082075e-01,3.394150435924530029e-01,3.278945118188857921e-01,5.094452574849128723e-02,3.401736691594123979e-02,7.270458154380321503e-03,7.556371157988905907e-03,2.207265424658544362e-05,2.207265424658544362e-05
2.222240209579467773e+00,2.188303756713867010e+00,2.222262382507324219e+00,2.188325929641723455e+00,9.180474281311035156e-01,8.865584969520569070e-01,9.519400000572204590e-01,9.315143346786498579e-01,3.030113577842712402e-01,3.257080912590026855e-01,3.922612965106964111e-02,3.420992977917194228e-02,1.001517940312623978e-02,1.031294763088226249e-02,2.207864235970191658e-05,2.207864235970191658e-05
2.130154371261596680e+00,2.191934323310852140e+00,2.130176544189453125e+00,2.191956496238708585e+00,8.497651219367980957e-01,8.851211905479431374e-01,9.151114821434020996e-01,9.298110485076904741e-01,3.120722174644470215e-01,3.219107091426849365e-01,2.714558131992816925e-02,3.313678652048111101e-02,2.605978585779666901e-02,2.195466440171003203e-02,2.208376281487289816e-05,2.208376281487289816e-05
2.124483585357666016e+00,2.169466328620910822e+00,2.124505758285522461e+00,2.169488501548767267e+00,8.614000082015991211e-01,8.811274707317352517e-01,9.174827337265014648e-01,9.279238760471344438e-01,3.153621852397918701e-01,3.180022120475768932e-01,2.320503443479537964e-02,3.493357338011264523e-02,7.033483125269412994e-03,7.479205774143338030e-03,2.208770820288918912e-05,2.208770820288918912e-05
2.071242332458496094e+00,2.159590935707092374e+00,2.071264505386352539e+00,2.159613108634948819e+00,8.380430340766906738e-01,8.765197813510894331e-01,9.060797691345214844e-01,9.283275067806243674e-01,2.917568981647491455e-01,3.150545060634613037e-01,2.967069856822490692e-02,3.404328338801861087e-02,5.692077800631523132e-03,5.645831814035773277e-03,2.209474951087031513e-05,2.209474951087031513e-05
2.178064107894897461e+00,2.166900944709778010e+00,2.178086280822753906e+00,2.166923117637634455e+00,8.908822536468505859e-01,8.804375112056732622e-01,9.301775097846984863e-01,9.314863801002501997e-01,3.152279257774353027e-01,3.116523563861847146e-01,3.273318707942962646e-02,3.422684036195278168e-02,9.043295867741107941e-03,9.097815584391355168e-03,2.210225466114934534e-05,2.210225466114934534e-05
2.153921365737915039e+00,2.162105607986450018e+00,2.153943538665771484e+00,2.162127780914306463e+00,8.752599358558654785e-01,8.818502426147460938e-01,9.270565509796142578e-01,9.284067928791046587e-01,3.098066151142120361e-01,3.076632887125015370e-01,3.275943174958229065e-02,3.469184897840023318e-02,9.038822725415229797e-03,9.493493940681219101e-03,2.210902493970934302e-05,2.210902493970934302e-05
2.176992893218994141e+00,2.155662035942077726e+00,2.177015066146850586e+00,2.155684208869934171e+00,9.024317264556884766e-01,8.817541599273681641e-01,9.444564580917358398e-01,9.282499253749847412e-01,2.932812571525573730e-01,3.036913365125656350e-01,3.036289848387241364e-02,3.459878489375114302e-02,6.460597738623619080e-03,7.367830071598291224e-03,2.211403625551611185e-05,2.211403625551611185e-05
2.118586540222167969e+00,2.150367116928100675e+00,2.118608713150024414e+00,2.150389289855957120e+00,8.557248711585998535e-01,8.805547833442688432e-01,9.262398481369018555e-01,9.281870067119598611e-01,2.976768910884857178e-01,2.991047680377960094e-01,3.177503123879432678e-02,3.430434539914131026e-02,7.169906981289386749e-03,8.216206962242723205e-03,2.211988612543791533e-05,2.211988612543791533e-05
2.164520978927612305e+00,2.144262027740478693e+00,2.164543151855468750e+00,2.144284200668335139e+00,8.830736279487609863e-01,8.786763966083526167e-01,9.320796132087707520e-01,9.267968893051147239e-01,3.048107326030731201e-01,2.972891658544540294e-01,3.708853572607040405e-02,3.533310890197753629e-02,7.468397263437509537e-03,6.166478432714938944e-03,2.212815161328762770e-05,2.212815161328762770e-05
2.160433530807495117e+00,2.154832196235656916e+00,2.160455703735351562e+00,2.154854369163513361e+00,8.911317586898803711e-01,8.809629321098327859e-01,9.185044765472412109e-01,9.285350501537322776e-01,3.009579479694366455e-01,2.960884600877761730e-01,3.804670274257659912e-02,3.524588383734226366e-02,1.179261785000562668e-02,1.399979544803500210e-02,2.213073457824066281e-05,2.213073457824066281e-05
2.041610002517700195e+00,2.147795820236205966e+00,2.041632175445556641e+00,2.147817993164062411e+00,8.083240389823913574e-01,8.863898515701293945e-01,8.667263984680175781e-01,9.259352982044219971e-01,3.170649409294128418e-01,2.906270056962966808e-01,3.266227617859840393e-02,3.414308764040470401e-02,1.683208718895912170e-02,1.070058811455965042e-02,2.213894913438707590e-05,2.213894913438707590e-05
2.147236824035644531e+00,2.143707895278930575e+00,2.147258996963500977e+00,2.143730068206787021e+00,8.833375573158264160e-01,8.822909295558929443e-01,9.172596931457519531e-01,9.269312262535095437e-01,2.952306568622589111e-01,2.884003043174743763e-01,4.015272855758666992e-02,3.573502600193023682e-02,1.125620491802692413e-02,1.035035168752074242e-02,2.214444975834339857e-05,2.214444975834339857e-05
2.130655765533447266e+00,2.141953253746032626e+00,2.130677938461303711e+00,2.141975426673889071e+00,8.723965883255004883e-01,8.784578502178191917e-01,9.214352369308471680e-01,9.289586603641509788e-01,2.852939665317535400e-01,2.843142837285995705e-01,3.719254210591316223e-02,3.527843356132507463e-02,1.433728449046611786e-02,1.494398918002843787e-02,2.215105268987827003e-05,2.215105268987827003e-05
2.084557056427001953e+00,2.124348783493041903e+00,2.084579229354858398e+00,2.124370956420898349e+00,8.586222529411315918e-01,8.795535147190094438e-01,9.124299883842468262e-01,9.236817419528960960e-01,2.774359881877899170e-01,2.789272457361221536e-01,3.080640360713005066e-02,3.614141792058944702e-02,5.262525286525487900e-03,6.044835504144430334e-03,2.215888889622874558e-05,2.215888889622874558e-05
2.148437261581420898e+00,2.138129782676696955e+00,2.148459434509277344e+00,2.138151955604553400e+00,9.082016944885253906e-01,8.836164891719817671e-01,9.387490749359130859e-01,9.253886997699737327e-01,2.491756379604339600e-01,2.749939650297165139e-01,3.738488256931304932e-02,3.521882370114326477e-02,1.492589246481657028e-02,1.891183983534574370e-02,2.216729626525193453e-05,2.216729626525193453e-05
2.054923772811889648e+00,2.116918563842773438e+00,2.054945945739746094e+00,2.116940736770629883e+00,8.428152203559875488e-01,8.763262152671813521e-01,8.852701783180236816e-01,9.241113305091858132e-01,2.764670252799987793e-01,2.714846014976501354e-01,4.064289852976799011e-02,3.564389608800411224e-02,9.728368371725082397e-03,9.352550655603409507e-03,2.217481778643559664e-05,2.217481778643559664e-05
2.213857889175415039e+00,2.119795656204223722e+00,2.213880062103271484e+00,2.119817829132080167e+00,9.464544653892517090e-01,8.757034540176391602e-01,9.639461040496826172e-01,9.282592415809631792e-01,2.516036331653594971e-01,2.670944154262542836e-01,4.367829486727714539e-02,3.488176800310612002e-02,8.175484836101531982e-03,1.385676227509975364e-02,2.218016197730321437e-05,2.218016197730321437e-05
2.132182836532592773e+00,2.110404992103576571e+00,2.132205009460449219e+00,2.110427165031433017e+00,8.881396651268005371e-01,8.781406700611114058e-01,9.409928321838378906e-01,9.225077450275420698e-01,2.645564377307891846e-01,2.643101930618286244e-01,3.040338493883609772e-02,3.641519807279110232e-02,8.090487681329250336e-03,9.031161759048699986e-03,2.218733061454258859e-05,2.218733061454258859e-05
2.085867643356323242e+00,2.106048250198364169e+00,2.085889816284179688e+00,2.106070423126220614e+00,8.682550191879272461e-01,8.790110349655151367e-01,9.097591638565063477e-01,9.246163606643676980e-01,2.646793723106384277e-01,2.582453072071075328e-01,3.545925021171569824e-02,3.747673146426677704e-02,7.714796345680952072e-03,6.698788516223430980e-03,2.219498128397390246e-05,2.219498128397390246e-05
2.133420228958129883e+00,2.112326216697693049e+00,2.133442401885986328e+00,2.112348389625549494e+00,8.995880484580993652e-01,8.828931450843811035e-01,9.314670562744140625e-01,9.254706144332885964e-01,2.552164196968078613e-01,2.570543795824050681e-01,3.782011196017265320e-02,3.656255491077899794e-02,9.328702464699745178e-03,1.034546159207820962e-02,2.219738416897598654e-05,2.219738416897598654e-05
2.104619264602661133e+00,2.114113616943359197e+00,2.104641437530517578e+00,2.114135789871215643e+00,8.751819729804992676e-01,8.868709325790404829e-01,9.223313927650451660e-01,9.252258360385894331e-01,2.524629831314086914e-01,2.536252692341804393e-01,4.330982267856597900e-02,3.625711314380168637e-02,1.133293937891721725e-02,1.213444489985704422e-02,2.220274473074823618e-05,2.220274473074823618e-05
2.062769889831542969e+00,2.113502907752990545e+00,2.062792062759399414e+00,2.113525080680846990e+00,8.514273166656494141e-01,8.923002719879150613e-01,8.887402415275573730e-01,9.203352868556976540e-01,2.651045620441436768e-01,2.494733840227127131e-01,3.756294399499893188e-02,3.609885014593601504e-02,1.993482746183872223e-02,1.529504870995879173e-02,2.220884198322892189e-05,2.220884198322892189e-05
2.075920820236206055e+00,2.093065786361694158e+00,2.075942993164062500e+00,2.093087959289550604e+00,8.695581555366516113e-01,8.779490888118743896e-01,9.078064560890197754e-01,9.197491586208343950e-01,2.433108240365982056e-01,2.460219919681549128e-01,4.153062775731086731e-02,3.621926009654998641e-02,1.371469069272279739e-02,1.312629999592900346e-02,2.221535214630421251e-05,2.221535214630421251e-05
2.079788684844970703e+00,2.092333698272704989e+00,2.079810857772827148e+00,2.092355871200561435e+00,8.845877647399902344e-01,8.858292818069457564e-01,9.109544157981872559e-01,9.206950306892395242e-01,2.345329225063323975e-01,2.399915769696235601e-01,3.807669505476951599e-02,3.582183867692947249e-02,1.163703203201293945e-02,9.995982889086008419e-03,2.222246075689326972e-05,2.222246075689326972e-05
2.072227716445922852e+00,2.094894385337829679e+00,2.072249889373779297e+00,2.094916558265686124e+00,8.819759488105773926e-01,8.923019647598267046e-01,9.194186329841613770e-01,9.245567381381988303e-01,2.356864064931869507e-01,2.358371168375015259e-01,2.936333790421485901e-02,3.629961125552653989e-02,5.783388391137123108e-03,5.898963566869497646e-03,2.223147384938783944e-05,2.223147384938783944e-05
2.028798818588256836e+00,2.085882878303527921e+00,2.028820991516113281e+00,2.085905051231384366e+00,8.394153118133544922e-01,8.845727324485779253e-01,8.868791460990905762e-01,9.201665818691253662e-01,2.589894235134124756e-01,2.308434635400772039e-01,2.647412940859794617e-02,3.581072054803371291e-02,1.704083196818828583e-02,1.448937356472015416e-02,2.223693809355609119e-05,2.223693809355609119e-05
2.054285526275634766e+00,2.070961427688598810e+00,2.054307699203491211e+00,2.070983600616455256e+00,8.621576428413391113e-01,8.771388351917266402e-01,9.202219247817993164e-01,9.203971922397613525e-01,2.341305613517761230e-01,2.280118778347969000e-01,2.867784723639488220e-02,3.474812731146812578e-02,9.097405709326267242e-03,1.066538607701659168e-02,2.224374838988296688e-05,2.224374838988296688e-05
2.002901077270507812e+00,2.059994220733642578e+00,2.002923250198364258e+00,2.060016393661499023e+00,8.430198431015014648e-01,8.777821421623229758e-01,8.910779356956481934e-01,9.174066364765167680e-01,2.212671041488647461e-01,2.215500459074974116e-01,4.288688302040100098e-02,3.751135244965553284e-02,4.649402573704719543e-03,5.744052445515989910e-03,2.224967829533852637e-05,2.224967829533852637e-05
2.107283353805541992e+00,2.083433032035827637e+00,2.107305526733398438e+00,2.083455204963684082e+00,9.125459194183349609e-01,8.847694933414459451e-01,9.359638690948486328e-01,9.203318953514099121e-01,1.968906968832015991e-01,2.195368751883506886e-01,4.390440136194229126e-02,3.679244779050350189e-02,1.797873154282569885e-02,2.200235258787870338e-02,2.225775097031146288e-05,2.225775097031146288e-05
2.094601631164550781e+00,2.067892456054687411e+00,2.094623804092407227e+00,2.067914628982543856e+00,8.903034925460815430e-01,8.827795445919036643e-01,9.220767021179199219e-01,9.163369417190552202e-01,2.286105602979660034e-01,2.183153122663497869e-01,4.082479700446128845e-02,3.692178167402744571e-02,1.278590410947799683e-02,1.353882197290658986e-02,2.226073775091208518e-05,2.226073775091208518e-05
2.023321628570556641e+00,2.064148736000061213e+00,2.023343801498413086e+00,2.064170908927917658e+00,8.663110136985778809e-01,8.867856681346892866e-01,9.032013416290283203e-01,9.152107894420623557e-01,2.048840224742889404e-01,2.130490437150001637e-01,3.697866946458816528e-02,3.782823160290717940e-02,1.194654870778322220e-02,1.127500403672456776e-02,2.226864307885989547e-05,2.226864307885989547e-05
2.080461025238037109e+00,2.059581470489502131e+00,2.080483198165893555e+00,2.059603643417358576e+00,8.842398524284362793e-01,8.805154025554656760e-01,9.318978190422058105e-01,9.254400730133056641e-01,2.288483381271362305e-01,2.078600972890853882e-01,2.901025116443634033e-02,3.772966898977756639e-02,6.464639212936162949e-03,8.036200050264596592e-03,2.227440563729032874e-05,2.227440563729032874e-05
2.060479879379272461e+00,2.044842076301574885e+00,2.060502052307128906e+00,2.044864249229431330e+00,8.807246088981628418e-01,8.767362475395202859e-01,9.243093729019165039e-01,9.172565996646880881e-01,2.084531784057617188e-01,2.020181819796562084e-01,3.677087277173995972e-02,3.665931150317192078e-02,1.022192277014255524e-02,1.217175032943487202e-02,2.228020457550883293e-05,2.228020457550883293e-05
2.053535938262939453e+00,2.038688945770263494e+00,2.053558111190795898e+00,2.038711118698119940e+00,8.924298882484436035e-01,8.775388181209564653e-01,9.186028242111206055e-01,9.170829713344573753e-01,2.021503001451492310e-01,1.974514707922935541e-01,3.148771449923515320e-02,3.658899627625942369e-02,8.865231648087501526e-03,1.002665627747774055e-02,2.228549783467315137e-05,2.228549783467315137e-05
1.999851822853088379e+00,2.027994012832641690e+00,1.999874114990234375e+00,2.028016185760498136e+00,8.588923811912536621e-01,8.787720322608947310e-01,9.046034216880798340e-01,9.114624083042144331e-01,1.936052590608596802e-01,1.933737173676490784e-01,3.470131754875183105e-02,3.696430698037147383e-02,8.049413561820983887e-03,7.421628758311271841e-03,2.228919220215175301e-05,2.228919220215175301e-05
2.016103744506835938e+00,2.025328755378723145e+00,2.016126155853271484e+00,2.025351166725158691e+00,8.845070600509643555e-01,8.778196871280670166e-01,9.078470468521118164e-01,9.139023661613464578e-01,1.734940856695175171e-01,1.885607883334159962e-01,4.285542666912078857e-02,3.890334255993366241e-02,7.399993017315864563e-03,6.142606772482394999e-03,2.229440542578231543e-05,2.229440542578231543e-05
2.030342817306518555e+00,2.020665669441223056e+00,2.030365228652954102e+00,2.020688080787658603e+00,8.866057395935058594e-01,8.810513794422150102e-01,9.242257475852966309e-01,9.123044610023498535e-01,1.858104914426803589e-01,1.835728675127029363e-01,2.746033482253551483e-02,3.780333176255225996e-02,6.240587215870618820e-03,5.933598103001713926e-03,2.229988058388698846e-05,2.229988058388698846e-05
2.023710966110229492e+00,2.013726949691772461e+00,2.023733377456665039e+00,2.013749361038208008e+00,8.689191937446594238e-01,8.750906527042389138e-01,9.095072746276855469e-01,9.137189805507659468e-01,1.910456866025924683e-01,1.792335316538810619e-01,4.212734103202819824e-02,3.717913925647735318e-02,1.211156696081161499e-02,8.504645619541405938e-03,2.230555401183664799e-05,2.230555401183664799e-05
2.049608945846557617e+00,2.011201870441436945e+00,2.049631357192993164e+00,2.011224269866943359e+00,9.031304717063903809e-01,8.812819242477416548e-01,9.235836863517761230e-01,9.103521168231963889e-01,1.720155328512191772e-01,1.742010965943336376e-01,4.455759003758430481e-02,3.861522004008292874e-02,6.321600638329982758e-03,6.751523166894912546e-03,2.231060898338910192e-05,2.231060898338910192e-05
1.944051384925842285e+00,2.008809733390807928e+00,1.944073677062988281e+00,2.008832132816314786e+00,8.403620123863220215e-01,8.776742994785309282e-01,8.797094821929931641e-01,9.124556183815002441e-01,1.771031022071838379e-01,1.728879123926162775e-01,3.832902759313583374e-02,3.842139281332492690e-02,8.547795005142688751e-03,7.370476657524704760e-03,2.231147118436638266e-05,2.231147118436638266e-05
1.989134550094604492e+00,1.999020671844482511e+00,1.989156842231750488e+00,1.999043035507202193e+00,8.692218661308288574e-01,8.760699689388274924e-01,8.990490436553955078e-01,9.068681657314300315e-01,1.805562227964401245e-01,1.699027433991432134e-01,3.297923877835273743e-02,3.831960298120975356e-02,7.328168023377656937e-03,7.860173704102635384e-03,2.231481630587950349e-05,2.231481630587950349e-05
1.969502329826354980e+00,1.995501470565795854e+00,1.969524621963500977e+00,1.995523786544799894e+00,8.570854067802429199e-01,8.770705819129943626e-01,8.960781693458557129e-01,9.093407869338989702e-01,1.810183525085449219e-01,1.642099872231483348e-01,2.739087305963039398e-02,3.852659277617931366e-02,7.929529994726181030e-03,6.353480834513902317e-03,2.231878897873684764e-05,2.231878897873684764e-05
1.994818568229675293e+00,1.993545293807983398e+00,1.994840860366821289e+00,1.993567597866058305e+00,8.744430541992187500e-01,8.777250170707702193e-01,9.106271266937255859e-01,9.090045571327209917e-01,1.566203981637954712e-01,1.600519135594367925e-01,4.514777287840843201e-02,3.879729174077510556e-02,7.980230264365673065e-03,7.966497866436838410e-03,2.232424958492629230e-05,2.232424958492629230e-05
2.026406049728393555e+00,1.997284865379333585e+00,2.026428461074829102e+00,1.997307217121124356e+00,8.923642635345458984e-01,8.834847450256347878e-01,9.198829531669616699e-01,9.082093656063079390e-01,1.628462225198745728e-01,1.558706864714622387e-01,4.344654083251953125e-02,3.900958783924579620e-02,7.866154424846172333e-03,1.071043647825717891e-02,2.232630140497349203e-05,2.232630140497349203e-05
1.954320669174194336e+00,1.987469089031219438e+00,1.954342961311340332e+00,1.987491381168365434e+00,8.641427159309387207e-01,8.817576467990875244e-01,8.882848620414733887e-01,9.048533678054809792e-01,1.520165354013442993e-01,1.523640558123588451e-01,3.942590579390525818e-02,3.910180330276489397e-02,1.045074686408042908e-02,9.392243064939975045e-03,2.233061422884929925e-05,2.233061422884929925e-05
1.920807719230651855e+00,1.975693154335022017e+00,1.920830011367797852e+00,1.975715446472168013e+00,8.533927202224731445e-01,8.771637022495269997e-01,8.871483802795410156e-01,9.064871847629547563e-01,1.343152523040771484e-01,1.463628098368644770e-01,3.698188066482543945e-02,3.880160115659236908e-02,8.969419635832309723e-03,6.877851299941539417e-03,2.233438499388284981e-05,2.233438499388284981e-05
1.943061947822570801e+00,1.971913266181945845e+00,1.943084239959716797e+00,1.971935558319091841e+00,8.678075671195983887e-01,8.799229204654693826e-01,8.976991176605224609e-01,9.038097143173218218e-01,1.392032355070114136e-01,1.422514721751212963e-01,3.289645910263061523e-02,4.004606008529663225e-02,5.455573555082082748e-03,5.883102165535092007e-03,2.233718623756431043e-05,2.233718623756431043e-05
2.019424676895141602e+00,1.966956853866577148e+00,2.019447088241577148e+00,1.966979146003723145e+00,8.904032707214355469e-01,8.783912897109985574e-01,9.191801548004150391e-01,9.056756019592284712e-01,1.598597168922424316e-01,1.379060596227645874e-01,4.146937280893325806e-02,3.770568966865539551e-02,8.512204512953758240e-03,7.278230600059032093e-03,2.234033308923244476e-05,2.234033308923244476e-05
1.866685748100280762e+00,1.958392608165741011e+00,1.866708040237426758e+00,1.958414900302887007e+00,8.363674879074096680e-01,8.744579434394836870e-01,8.610725402832031250e-01,9.003519415855407715e-01,1.275072544813156128e-01,1.351838827133178822e-01,3.361736238002777100e-02,4.164989776909351626e-02,8.121074177324771881e-03,6.748963426798581904e-03,2.234171552117913961e-05,2.234171552117913961e-05
1.955918550491333008e+00,1.959053611755371183e+00,1.955940842628479004e+00,1.959075903892517179e+00,8.752068877220153809e-01,8.765704333782196045e-01,9.007363319396972656e-01,8.998225510120392290e-01,1.403896510601043701e-01,1.343851163983345032e-01,3.440944477915763855e-02,4.193524606525898119e-02,5.176222417503595352e-03,6.340277567505836660e-03,2.234288149338681251e-05,2.234288149338681251e-05
1.906379103660583496e+00,1.969986164569854648e+00,1.906401395797729492e+00,1.970008456707000644e+00,8.546177148818969727e-01,8.855481028556824175e-01,8.792767524719238281e-01,9.033870041370392068e-01,1.232142895460128784e-01,1.283397004008293152e-01,3.477190807461738586e-02,3.996838778257370134e-02,1.449850760400295258e-02,1.274295579642057384e-02,2.234459680039435625e-05,2.234459680039435625e-05
1.975401997566223145e+00,1.954421091079711958e+00,1.975424289703369141e+00,1.954443383216857955e+00,8.805140256881713867e-01,8.775898456573486550e-01,9.126857519149780273e-01,9.065133869647979958e-01,1.386336535215377808e-01,1.249265894293785095e-01,3.650557622313499451e-02,3.743797726929187775e-02,7.063012104481458664e-03,7.953234529122710922e-03,2.234476232843007892e-05,2.234476232843007892e-05
1.956369400024414062e+00,1.954304993152618408e+00,1.956391692161560059e+00,1.954327285289764404e+00,8.874238133430480957e-01,8.820529997348784956e-01,9.004185199737548828e-01,9.009639799594879594e-01,1.108384504914283752e-01,1.207139179110527094e-01,4.740355908870697021e-02,3.864526487886905948e-02,1.028510555624961853e-02,1.192884789779782330e-02,2.234410567325539887e-05,2.234410567325539887e-05
1.968562602996826172e+00,1.945280623435974077e+00,1.968584895133972168e+00,1.945302915573120073e+00,8.876631259918212891e-01,8.825136125087738037e-01,9.089652299880981445e-01,8.972177684307098833e-01,1.280513107776641846e-01,1.189647302031517084e-01,3.811280429363250732e-02,4.116391725838184495e-02,5.770192015916109085e-03,5.420633452013134609e-03,2.234433850389905274e-05,2.234433850389905274e-05
1.877470135688781738e+00,1.946688878536224410e+00,1.877492427825927734e+00,1.946711170673370406e+00,8.584123253822326660e-01,8.857038497924805132e-01,8.735777139663696289e-01,9.033341765403747337e-01,1.051556393504142761e-01,1.127804830670356695e-01,3.295920789241790771e-02,3.758606202900409421e-02,7.365210447460412979e-03,7.284294068813324148e-03,2.234498970210552216e-05,2.234498970210552216e-05
2.030474901199340820e+00,1.945297622680663974e+00,2.030497312545776367e+00,1.945319914817809970e+00,9.222769737243652344e-01,8.779653489589691606e-01,9.344546794891357422e-01,9.030873596668242964e-01,1.193734705448150635e-01,1.106144376099109650e-01,4.249681532382965088e-02,4.126940108835697174e-02,1.187310181558132172e-02,1.236101500689983437e-02,2.234533167211338878e-05,2.234533167211338878e-05
1.909793138504028320e+00,1.941977190971374556e+00,1.909815430641174316e+00,1.941999483108520552e+00,8.497689962387084961e-01,8.888467013835906760e-01,8.736698627471923828e-01,8.981991648674011453e-01,1.343214362859725952e-01,1.061279766261577634e-01,4.358356446027755737e-02,3.906354866921901703e-02,8.449348621070384979e-03,9.739786200225353935e-03,2.234369821962900460e-05,2.234369821962900460e-05
2.012919425964355469e+00,1.980337572097778276e+00,2.012941837310791016e+00,1.980359864234924272e+00,9.182322025299072266e-01,9.037186741828918679e-01,9.234004020690917969e-01,9.068005621433258279e-01,9.902322292327880859e-02,1.033000588417053167e-01,5.366275832056999207e-02,3.962454758584499359e-02,1.860078610479831696e-02,2.689375579357147078e-02,2.234349631180521101e-05,2.234349631180521101e-05
1.938067078590393066e+00,1.944945204257965132e+00,1.938089370727539062e+00,1.944967496395111128e+00,8.774011135101318359e-01,8.797831177711487038e-01,8.987042903900146484e-01,9.059896886348723921e-01,1.002145484089851379e-01,1.005804896354675348e-01,4.632097110152244568e-02,4.350966997444629530e-02,1.542611233890056610e-02,1.508222911506891181e-02,2.234355633845552802e-05,2.234355633845552802e-05
1.856074333190917969e+00,1.930865776538848833e+00,1.856096625328063965e+00,1.930888068675994829e+00,8.391468524932861328e-01,8.794035911560058594e-01,8.660202026367187500e-01,9.022904634475708008e-01,1.035030037164688110e-01,9.873767420649529059e-02,3.669294714927673340e-02,3.985070884227752408e-02,1.071126200258731842e-02,1.058332156389951706e-02,2.234422572655603290e-05,2.234422572655603290e-05
1.848149180412292480e+00,1.925308895111083940e+00,1.848171472549438477e+00,1.925331187248229936e+00,8.422535061836242676e-01,8.768877863883972612e-01,8.686055541038513184e-01,9.000231325626373291e-01,9.166888147592544556e-02,9.480873420834541598e-02,3.497696667909622192e-02,4.325505532324314117e-02,1.064428500831127167e-02,1.033415999263525079e-02,2.234467683592811227e-05,2.234467683592811227e-05
1.894274711608886719e+00,1.911575746536254838e+00,1.894297003746032715e+00,1.911598038673400834e+00,8.761023879051208496e-01,8.784885704517364502e-01,8.900205492973327637e-01,8.958690166473388672e-01,8.494368195533752441e-02,9.200871363282203674e-02,3.691983595490455627e-02,3.870015740394592424e-02,6.288243923336267471e-03,6.509308470413088799e-03,2.234648854937404394e-05,2.234648854937404394e-05
1.881622672080993652e+00,1.908798217773437500e+00,1.881644964218139648e+00,1.908820509910583496e+00,8.642296791076660156e-01,8.722333669662475364e-01,8.852491974830627441e-01,8.952157914638518843e-01,8.289851248264312744e-02,8.874444067478179377e-02,4.064561054110527039e-02,4.361830912530421933e-02,8.599731139838695526e-03,8.986312989145517002e-03,2.234874227724503726e-05,2.234874227724503726e-05
2.012956142425537109e+00,1.909583628177642822e+00,2.012978553771972656e+00,1.909605920314788818e+00,9.224647283554077148e-01,8.780760765075683594e-01,9.313101172447204590e-01,8.915378153324127197e-01,9.867049008607864380e-02,8.764157742261886874e-02,5.118117108941078186e-02,4.172799624502658566e-02,9.329711087048053741e-03,1.060017729178070953e-02,2.234874955320265144e-05,2.234874955320265144e-05
1.841770172119140625e+00,1.891053998470306308e+00,1.841792464256286621e+00,1.891076290607452304e+00,8.498309850692749023e-01,8.725057423114777055e-01,8.738610744476318359e-01,8.906774282455444114e-01,6.928389519453048706e-02,8.289057537913321894e-02,4.464397206902503967e-02,4.005958288908004900e-02,4.150267690420150757e-03,4.920665081590414394e-03,2.235159445262979716e-05,2.235159445262979716e-05
1.927218556404113770e+00,1.922237896919250399e+00,1.927240848541259766e+00,1.922260189056396396e+00,9.010770320892333984e-01,8.867380797863007036e-01,9.065210223197937012e-01,8.989388883113861306e-01,6.318587809801101685e-02,8.057901710271835050e-02,4.154791682958602905e-02,4.271534085273742676e-02,1.488664560019969940e-02,1.326657719910144875e-02,2.235089777968823910e-05,2.235089777968823910e-05
1.759780764579772949e+00,1.904551291465759189e+00,1.759803056716918945e+00,1.904573583602905185e+00,8.110261559486389160e-01,8.769490718841552734e-01,8.343132734298706055e-01,8.984138727188110130e-01,6.463047116994857788e-02,7.668867632746696750e-02,3.691139817237854004e-02,4.140332750976085524e-02,1.289942953735589981e-02,1.109637217596173321e-02,2.235085412394255400e-05,2.235085412394255400e-05
1.941655635833740234e+00,1.893398046493530273e+00,1.941677927970886230e+00,1.893420338630676270e+00,8.994113802909851074e-01,8.785939395427704302e-01,9.089132547378540039e-01,8.905925631523132768e-01,8.601142466068267822e-02,7.408029511570930759e-02,3.951418772339820862e-02,4.230247810482978821e-02,7.805448025465011597e-03,7.828811137005686066e-03,2.235151623608544469e-05,2.235151623608544469e-05
1.893649220466613770e+00,1.881650090217590332e+00,1.893671512603759766e+00,1.881672382354736328e+00,8.800125718116760254e-01,8.736005604267120805e-01,8.960870504379272461e-01,8.893870472908019797e-01,7.105638086795806885e-02,7.171958833932876032e-02,4.169540852308273315e-02,4.087186492979526242e-02,4.797770641744136810e-03,6.071013119071722204e-03,2.235094689240213484e-05,2.235094689240213484e-05
1.898903846740722656e+00,1.888146638870239258e+00,1.898926138877868652e+00,1.888168931007385254e+00,8.872057795524597168e-01,8.769718050956726296e-01,9.045208692550659180e-01,8.931266188621520552e-01,6.122524291276931763e-02,7.090783268213271540e-02,4.091776534914970398e-02,4.087382145226001878e-02,5.034215748310089111e-03,6.266568414866923939e-03,2.235173633380327374e-05,2.235173633380327374e-05
1.912618875503540039e+00,1.892444026470184282e+00,1.912641167640686035e+00,1.892466318607330278e+00,8.888399004936218262e-01,8.812642276287079302e-01,8.995085358619689941e-01,8.908496022224425825e-01,7.154025882482528687e-02,6.861246228218079168e-02,4.256327450275421143e-02,4.106222540140151700e-02,1.016682758927345276e-02,1.065548928454518318e-02,2.235093415947631001e-05,2.235093415947631001e-05
1.759725809097290039e+00,1.888376736640930087e+00,1.759748101234436035e+00,1.888399028778076083e+00,8.224222660064697266e-01,8.791836678981781450e-01,8.318835496902465820e-01,8.872252345085144265e-01,5.967069417238235474e-02,7.063572704792023260e-02,3.884983435273170471e-02,4.473124668002128462e-02,6.899483501911163330e-03,6.600901857018471111e-03,2.235154897789470851e-05,2.235154897789470851e-05
1.957486271858215332e+00,1.894819855690002441e+00,1.957508563995361328e+00,1.894842147827148438e+00,8.899374008178710938e-01,8.721651315689087358e-01,9.129526019096374512e-01,8.923058867454528587e-01,9.392743557691574097e-02,6.760668084025382718e-02,4.380555078387260437e-02,4.581138305366039276e-02,1.686323806643486023e-02,1.693075057119131088e-02,2.234928797406610101e-05,2.234928797406610101e-05
1.922904372215270996e+00,1.882886505126953214e+00,1.922926664352416992e+00,1.882908797264099210e+00,9.053711891174316406e-01,8.781867921352386475e-01,9.172084331512451172e-01,8.908705115318298340e-01,4.312036558985710144e-02,6.202222295105457028e-02,4.765519127249717712e-02,4.111982136964797974e-02,9.549177251756191254e-03,1.068719001486897503e-02,2.234679413959383965e-05,2.234679413959383965e-05
1.817416667938232422e+00,1.866934335231781095e+00,1.817438960075378418e+00,1.866956627368927091e+00,8.484438061714172363e-01,8.738666951656341997e-01,8.687803149223327637e-01,8.893644452095031960e-01,5.771371349692344666e-02,5.711483918130397935e-02,3.528596460819244385e-02,3.958945348858833313e-02,7.192869205027818680e-03,6.998868286609649311e-03,2.234363273601047695e-05,2.234363273601047695e-05
1.952305078506469727e+00,1.889350247383117631e+00,1.952327370643615723e+00,1.889372539520263627e+00,9.064407348632812500e-01,8.812844991683960183e-01,9.183959960937500000e-01,8.951642811298370361e-01,5.632643401622772217e-02,5.424089133739471574e-02,5.338307470083236694e-02,4.078252241015434265e-02,1.775882206857204437e-02,1.787808071821928024e-02,2.234079511254094541e-05,2.234079511254094541e-05
1.861438512802124023e+00,1.866376113891601518e+00,1.861460804939270020e+00,1.866398406028747514e+00,8.684962987899780273e-01,8.679968297481537309e-01,8.892223834991455078e-01,8.938029348850250466e-01,5.815915018320083618e-02,5.266373306512832364e-02,3.594228252768516541e-02,4.033317156136036197e-02,9.618446230888366699e-03,1.157941482961177826e-02,2.233915802207775414e-05,2.233915802207775414e-05
1.895916461944580078e+00,1.846657681465148970e+00,1.895938754081726074e+00,1.846679973602294966e+00,8.904783725738525391e-01,8.627255022525787131e-01,9.165999889373779297e-01,8.867182135581970215e-01,4.436377063393592834e-02,5.030784532427787920e-02,3.872151300311088562e-02,4.065779894590378085e-02,5.752797238528728485e-03,6.248327624052763159e-03,2.233701161458157003e-05,2.233701161458157003e-05
1.813804745674133301e+00,1.849479782581329390e+00,1.813827037811279297e+00,1.849502074718475386e+00,8.475356698036193848e-01,8.685629427433013694e-01,8.730459809303283691e-01,8.898343205451965110e-01,5.299288779497146606e-02,4.674895852804183960e-02,3.310223668813705444e-02,3.659986890852451324e-02,7.127939257770776749e-03,7.733669457957148205e-03,2.233303166576661170e-05,2.233303166576661170e-05
1.989361405372619629e+00,1.966578471660614058e+00,1.989383697509765625e+00,1.966600763797760054e+00,9.100479483604431152e-01,9.003981232643127885e-01,9.343122839927673340e-01,9.228211820125580278e-01,4.017712548375129700e-02,4.647370129823684415e-02,3.384047746658325195e-02,3.851709216833114346e-02,7.098356634378433228e-02,5.836835429072380343e-02,2.233298437204211950e-05,2.233298437204211950e-05
1.783609986305236816e+00,1.843988251686096147e+00,1.783632278442382812e+00,1.844010543823242143e+00,8.327430486679077148e-01,8.698829770088195579e-01,8.472042083740234375e-01,8.803107142448425293e-01,4.725928977131843567e-02,4.555222652852534970e-02,4.463421925902366638e-02,3.949842005968094011e-02,1.176913920789957047e-02,8.743910212069749485e-03,2.233126178907696158e-05,2.233126178907696158e-05
1.842289090156555176e+00,1.864468646049499467e+00,1.842311382293701172e+00,1.864490938186645463e+00,8.724234104156494141e-01,8.814876496791839156e-01,8.763784766197204590e-01,8.874312818050384966e-01,3.956592082977294922e-02,4.266912639141082902e-02,3.895571455359458923e-02,3.692080825567245483e-02,1.496550161391496658e-02,1.595976240932941298e-02,2.232894257758744061e-05,2.232894257758744061e-05
1.841220498085021973e+00,1.851953315734863326e+00,1.841242790222167969e+00,1.851975607872009322e+00,8.540287613868713379e-01,8.662048816680908425e-01,8.820168972015380859e-01,8.872586250305175559e-01,4.195482283830642700e-02,4.117262847721576968e-02,4.087444767355918884e-02,3.742551356554031650e-02,2.234550565481185913e-02,1.989164873957633903e-02,2.232770930277183652e-05,2.232770930277183652e-05
1.840726256370544434e+00,1.837496256828308194e+00,1.840748548507690430e+00,1.837518548965454190e+00,8.799517750740051270e-01,8.711315929889679177e-01,8.804881572723388672e-01,8.784625649452209029e-01,3.227863088250160217e-02,3.893729336559772353e-02,3.882685676217079163e-02,3.801016546785831313e-02,9.180865250527858734e-03,1.095463419333100354e-02,2.232619226560927927e-05,2.232619226560927927e-05
1.836377382278442383e+00,1.817165803909301713e+00,1.836399674415588379e+00,1.817188096046447709e+00,8.680921792984008789e-01,8.595035493373870406e-01,8.843237161636352539e-01,8.769379615783691184e-01,4.509459808468818665e-02,3.762729465961456299e-02,3.241684287786483765e-02,3.698556050658226291e-02,6.450008600950241089e-03,6.111457245424389839e-03,2.232085171272046864e-05,2.232085171272046864e-05
1.737263560295104980e+00,1.819042670726776167e+00,1.737285852432250977e+00,1.819064962863922164e+00,8.146000504493713379e-01,8.603523433208465354e-01,8.459150791168212891e-01,8.776044309139251487e-01,3.855817764997482300e-02,3.702817261219024797e-02,3.218847140669822693e-02,3.831487558782100539e-02,6.001990754157304764e-03,5.742826219648122961e-03,2.231948019471019506e-05,2.231948019471019506e-05
1.858921527862548828e+00,1.821783936023712247e+00,1.858943819999694824e+00,1.821806228160858243e+00,8.819438815116882324e-01,8.660796105861663374e-01,8.971345424652099609e-01,8.772023677825927512e-01,3.902607783675193787e-02,3.454883098602294644e-02,3.516244888305664062e-02,3.743680827319621762e-02,5.654599051922559738e-03,6.516321236267686237e-03,2.231941834907047451e-05,2.231941834907047451e-05
1.705549120903015137e+00,1.808989477157592729e+00,1.705571413040161133e+00,1.809011769294738725e+00,8.112204074859619141e-01,8.593534111976623979e-01,8.253616094589233398e-01,8.732677698135375977e-01,3.148666396737098694e-02,3.338696993887424469e-02,2.943475171923637390e-02,3.522264771163463593e-02,8.045651949942111969e-03,7.758655864745378321e-03,2.231964936072472483e-05,2.231964936072472483e-05
1.801037549972534180e+00,1.820213115215301602e+00,1.801059842109680176e+00,1.820235407352447599e+00,8.532001376152038574e-01,8.616668224334717019e-01,8.679007887840270996e-01,8.737396240234375222e-01,3.095993772149085999e-02,3.237755224108695984e-02,3.358948603272438049e-02,3.717232272028923173e-02,1.538712531328201294e-02,1.525679258629679749e-02,2.231847429357003421e-05,2.231847429357003421e-05
1.818546652793884277e+00,1.820672035217285156e+00,1.818568944931030273e+00,1.820694327354431152e+00,8.561998009681701660e-01,8.594078660011291726e-01,8.703913092613220215e-01,8.785435020923614280e-01,3.919236734509468079e-02,3.316467739641666690e-02,4.388712719082832336e-02,4.042112864553928236e-02,8.876078762114048004e-03,9.134854655712842941e-03,2.231813414255157113e-05,2.231813414255157113e-05
1.879699707031250000e+00,1.842719292640686124e+00,1.879721999168395996e+00,1.842741584777832120e+00,8.774272799491882324e-01,8.591723799705505149e-01,9.024758934974670410e-01,8.853073477745055930e-01,3.801670297980308533e-02,3.255030401051044187e-02,4.040567576885223389e-02,3.666570745408535142e-02,2.137425355613231659e-02,2.902354598045349052e-02,2.231525832030456513e-05,2.231525832030456513e-05
1.954497575759887695e+00,1.965299010276794434e+00,1.954519867897033691e+00,1.965321302413940430e+00,9.260565042495727539e-01,9.192873597145080344e-01,9.123784899711608887e-01,9.123254776000976340e-01,2.722657658159732819e-02,3.840281032025814195e-02,5.142358690500259399e-02,5.140804648399353166e-02,3.741257637739181519e-02,4.387533627450466295e-02,2.231506368843838573e-05,2.231506368843838573e-05
1.810114860534667969e+00,1.856156826019287109e+00,1.810137152671813965e+00,1.856179118156433105e+00,8.471741080284118652e-01,8.721081912517547607e-01,8.589024543762207031e-01,8.885023295879364014e-01,3.844575211405754089e-02,3.314416371285915097e-02,4.065599292516708374e-02,4.091118685901164870e-02,2.493658661842346191e-02,2.149094864726066451e-02,2.231505095551256090e-05,2.231505095551256090e-05
1.863383769989013672e+00,1.813698422908782915e+00,1.863406062126159668e+00,1.813720715045928911e+00,8.899791836738586426e-01,8.633704543113708274e-01,8.984538316726684570e-01,8.735297143459319624e-01,3.368603065609931946e-02,3.003900758922100137e-02,3.394179418683052063e-02,3.697086498141288757e-02,7.322889752686023712e-03,9.788373857736587871e-03,2.231270264019258320e-05,2.231270264019258320e-05
1.818243622779846191e+00,1.816565668582916349e+00,1.818265914916992188e+00,1.816587960720062345e+00,8.635512590408325195e-01,8.603050112724304199e-01,8.738985657691955566e-01,8.707097053527832475e-01,3.365204855799674988e-02,2.907133772969245841e-02,3.445927798748016357e-02,3.860902413725852966e-02,1.268238574266433716e-02,1.787059009075164795e-02,2.231205689895432442e-05,2.231205689895432442e-05
1.832489371299743652e+00,1.792591834068298251e+00,1.832511663436889648e+00,1.792614126205444247e+00,8.761423230171203613e-01,8.521702766418457475e-01,8.828007578849792480e-01,8.678305566310882124e-01,2.693108096718788147e-02,2.848687581717967987e-02,4.096924513578414917e-02,3.664607964456081252e-02,5.646016448736190796e-03,7.458049943670630802e-03,2.231218059023376554e-05,2.231218059023376554e-05
1.931074023246765137e+00,1.849568474292755171e+00,1.931096315383911133e+00,1.849590766429901167e+00,9.082682132720947266e-01,8.669336855411529097e-01,9.064335823059082031e-01,8.687209963798523393e-01,2.306478843092918396e-02,2.771728169173002382e-02,5.940292030572891235e-02,4.232471436262130737e-02,3.390458971261978149e-02,4.387176558375358720e-02,2.231336475233547390e-05,2.231336475233547390e-05
1.921234488487243652e+00,1.860192394256591886e+00,1.921256780624389648e+00,1.860214686393737882e+00,9.124022722244262695e-01,8.598502278327941895e-01,9.165527820587158203e-01,8.890324175357818826e-01,2.410667389631271362e-02,2.779970746487379213e-02,4.615965113043785095e-02,4.175190739333629886e-02,2.201316133141517639e-02,4.175814725458622256e-02,2.231439066235907376e-05,2.231439066235907376e-05
1.908941507339477539e+00,1.882247793674469039e+00,1.908963799476623535e+00,1.882270085811615035e+00,8.888106346130371094e-01,8.725223779678344949e-01,9.057880640029907227e-01,8.974763691425323708e-01,2.756739594042301178e-02,2.709772977977991174e-02,5.165603011846542358e-02,4.194796457886695862e-02,3.511947393417358398e-02,4.320334643125534058e-02,2.231393227702938020e-05,2.231393227702938020e-05
1.822218298912048340e+00,1.799923658370971680e+00,1.822240591049194336e+00,1.799945950508117676e+00,8.644778728485107422e-01,8.557805180549621360e-01,8.713299632072448730e-01,8.685398459434509055e-01,2.571356296539306641e-02,2.698635272681713243e-02,5.231641605496406555e-02,3.992518186569214006e-02,8.380390703678131104e-03,8.691739477217196724e-03,2.231368671345990151e-05,2.231368671345990151e-05
1.859633684158325195e+00,1.813371229171752974e+00,1.859655976295471191e+00,1.813393521308898970e+00,8.805023431777954102e-01,8.549243092536926714e-01,9.012210369110107422e-01,8.756519496440887673e-01,2.475113794207572937e-02,2.530965171754360338e-02,3.682876750826835632e-02,4.092738851904868802e-02,1.633034832775592804e-02,1.655793171375989983e-02,2.231297185062430799e-05,2.231297185062430799e-05
1.739549756050109863e+00,1.786561489105224609e+00,1.739572048187255859e+00,1.786583781242370605e+00,8.144454360008239746e-01,8.507270276546478049e-01,8.545069694519042969e-01,8.639691054821014848e-01,2.991921268403530121e-02,2.517018951475620200e-02,3.468181937932968140e-02,3.983376212418079237e-02,5.996171385049819946e-03,6.861357856541872371e-03,2.231096004834398627e-05,2.231096004834398627e-05
1.705110192298889160e+00,1.778942131996154696e+00,1.705132484436035156e+00,1.778964424133300692e+00,8.072896003723144531e-01,8.431892096996307373e-01,8.200451731681823730e-01,8.634510695934295432e-01,3.216154128313064575e-02,2.396234013140201638e-02,3.861207887530326843e-02,4.075542911887168607e-02,7.001691963523626328e-03,7.584048435091972351e-03,2.231022153864614666e-05,2.231022153864614666e-05
1.796343564987182617e+00,1.854604768753051802e+00,1.796365857124328613e+00,1.854627060890197798e+00,8.544055223464965820e-01,8.779240667819976363e-01,8.597893714904785156e-01,8.824004828929901123e-01,2.798913978040218353e-02,2.450981941074132850e-02,2.633537910878658295e-02,4.061776921153068681e-02,2.782415412366390228e-02,2.915262226015329430e-02,2.230989048257470131e-05,2.230989048257470131e-05
1.832031846046447754e+00,1.841208958625793368e+00,1.832054138183593750e+00,1.841231250762939364e+00,8.705821037292480469e-01,8.733978986740111861e-01,8.640196323394775391e-01,8.767147004604339822e-01,2.196993120014667511e-02,2.380142658948898246e-02,4.702031239867210388e-02,3.897920027375221391e-02,2.843984961509704590e-02,2.831572704017162184e-02,2.231033431598916650e-05,2.231033431598916650e-05
1.777327537536621094e+00,1.814761126041412265e+00,1.777349829673767090e+00,1.814783418178558261e+00,8.453947305679321289e-01,8.616651713848113570e-01,8.499602675437927246e-01,8.683162987232208030e-01,2.592788636684417725e-02,2.335795722901821275e-02,3.372793272137641907e-02,4.130406938493251523e-02,2.231677062809467316e-02,2.011761274188756873e-02,2.230945210612844676e-05,2.230945210612844676e-05
1.824301362037658691e+00,1.792758452892303511e+00,1.824323654174804688e+00,1.792780745029449507e+00,8.681287765502929688e-01,8.512979984283447488e-01,8.849713206291198730e-01,8.676615536212921587e-01,2.242573536932468414e-02,2.229118049144744942e-02,3.644161298871040344e-02,3.951297029852866849e-02,1.233383268117904663e-02,1.199472723528742860e-02,2.230902464361861348e-05,2.230902464361861348e-05
1.675235986709594727e+00,1.773154807090759233e+00,1.675258278846740723e+00,1.773177099227905229e+00,8.041058182716369629e-01,8.465595901012420432e-01,8.080120682716369629e-01,8.562651336193084495e-01,1.750926300883293152e-02,2.173040360212325980e-02,3.691404312849044800e-02,4.070661775767803192e-02,8.694858290255069733e-03,7.893068762496114471e-03,2.231045800726860762e-05,2.231045800726860762e-05
1.720583200454711914e+00,1.764980328083038286e+00,1.720605492591857910e+00,1.765002620220184282e+00,8.319339156150817871e-01,8.432929039001464400e-01,8.367743492126464844e-01,8.551130175590515581e-01,1.734360493719577789e-02,2.200553491711616447e-02,2.658504433929920197e-02,3.856917247176170488e-02,7.946116849780082703e-03,5.999668827280401837e-03,2.231115286122076213e-05,2.231115286122076213e-05
1.799583435058593750e+00,1.771209669113159135e+00,1.799605727195739746e+00,1.771231961250305131e+00,8.588829636573791504e-01,8.456180512905120406e-01,8.633286952972412109e-01,8.577169299125670943e-01,2.748753502964973450e-02,2.180515360087156157e-02,4.281347990036010742e-02,3.881859518587589541e-02,7.070769090205430984e-03,7.250971626490354538e-03,2.231100370408967137e-05,2.231100370408967137e-05
1.878148317337036133e+00,1.847329497337341309e+00,1.878170609474182129e+00,1.847351789474487305e+00,8.910401463508605957e-01,8.751120328903198020e-01,8.887001872062683105e-01,8.749993205070495383e-01,1.710547693073749542e-02,2.093186043202877045e-02,4.915675893425941467e-02,4.041612781584262570e-02,3.214571624994277954e-02,3.587015904486179352e-02,2.231148209830280393e-05,2.231148209830280393e-05
1.920804977416992188e+00,1.845561921596527100e+00,1.920827269554138184e+00,1.845584213733673096e+00,9.092903137207031250e-01,8.640133380889892800e-01,9.185397624969482422e-01,8.791051983833313432e-01,1.592452824115753174e-02,2.388285249471664567e-02,4.416525736451148987e-02,3.885077983140945712e-02,3.288501873612403870e-02,3.970980681478977065e-02,2.230919926660135388e-05,2.230919926660135388e-05
1.797001838684082031e+00,1.765452516078948930e+00,1.797024130821228027e+00,1.765474808216094926e+00,8.624604344367980957e-01,8.417215645313262939e-01,8.663281202316284180e-01,8.559876084327697754e-01,1.800517365336418152e-02,2.112920694053172996e-02,4.656144231557846069e-02,4.061347171664238254e-02,3.646662225946784019e-03,6.000663479790091168e-03,2.231090729765128344e-05,2.231090729765128344e-05
1.809193253517150879e+00,1.806074833869934171e+00,1.809215545654296875e+00,1.806097126007080167e+00,8.726041316986083984e-01,8.644299745559692605e-01,8.694283962249755859e-01,8.674119174480438010e-01,1.568146236240863800e-02,1.991263423115014961e-02,3.599347919225692749e-02,3.912557736039161405e-02,1.548573747277259827e-02,1.519474368542432854e-02,2.231236430816352367e-05,2.231236430816352367e-05
1.765670299530029297e+00,1.789019298553466752e+00,1.765692591667175293e+00,1.789041590690612749e+00,8.490190505981445312e-01,8.525069773197173628e-01,8.502771854400634766e-01,8.660031914710998313e-01,1.938110403716564178e-02,2.232840992510318895e-02,3.831038624048233032e-02,3.963511139154433927e-02,8.682658895850181580e-03,8.545592706650496223e-03,2.231065445812419057e-05,2.231065445812419057e-05
1.835296273231506348e+00,1.834220027923584073e+00,1.835318565368652344e+00,1.834242320060730069e+00,8.723677992820739746e-01,8.620466887950897217e-01,8.768266439437866211e-01,8.832649469375610796e-01,1.642223633825778961e-02,2.088614255189895699e-02,5.592850595712661743e-02,4.527047052979469438e-02,1.375110447406768799e-02,2.275174036622047355e-02,2.231357211712747812e-05,2.231357211712747812e-05
1.759579062461853027e+00,1.785454189777374356e+00,1.759601354598999023e+00,1.785476481914520352e+00,8.412767052650451660e-01,8.499068260192871316e-01,8.489785194396972656e-01,8.605300724506378396e-01,2.116280049085617065e-02,2.119296565651893755e-02,4.080229997634887695e-02,4.471459314227103909e-02,7.358917966485023499e-03,9.109693765640258095e-03,2.231468897662125528e-05,2.231468897662125528e-05
1.989715218544006348e+00,1.928343319892883212e+00,1.989737510681152344e+00,1.928365612030029208e+00,9.008858799934387207e-01,8.965329587459563987e-01,9.465316534042358398e-01,9.151585936546325906e-01,4.778863862156867981e-02,2.119972240179777284e-02,4.423972591757774353e-02,4.724307507276535173e-02,5.026927217841148376e-02,4.820896498858928680e-02,2.231449252576567233e-05,2.231449252576567233e-05
1.798140645027160645e+00,1.789957976341247647e+00,1.798162937164306641e+00,1.789980268478393644e+00,8.640316724777221680e-01,8.533722877502440962e-01,8.669994473457336426e-01,8.644295275211334451e-01,1.583499461412429810e-02,2.206743061542510917e-02,3.946555778384208679e-02,3.833696022629737993e-02,1.180888619273900986e-02,1.175180934369563987e-02,2.231408143416047096e-05,2.231408143416047096e-05
1.794872045516967773e+00,1.859069633483886763e+00,1.794894337654113770e+00,1.859091925621032759e+00,8.305987119674682617e-01,8.680707514286041260e-01,8.473321795463562012e-01,8.834106802940369096e-01,1.652402430772781372e-02,2.166425548493862083e-02,3.495879843831062317e-02,4.052347801625728885e-02,6.545823812484741211e-02,4.540043398737907132e-02,2.231446342193521559e-05,2.231446342193521559e-05
1.704285383224487305e+00,1.824963247776031583e+00,1.704307675361633301e+00,1.824985539913177579e+00,8.117445111274719238e-01,8.595006644725800005e-01,8.064923286437988281e-01,8.693293929100036621e-01,1.608318462967872620e-02,2.106551043689251085e-02,3.412022441625595093e-02,4.617198929190635681e-02,3.584518283605575562e-02,2.889568377286195686e-02,2.231605503766331822e-05,2.231605503766331822e-05
1.871244549751281738e+00,1.813281106948852583e+00,1.871266841888427734e+00,1.813303399085998580e+00,8.787750005722045898e-01,8.529360175132751909e-01,8.882647156715393066e-01,8.664071619510650413e-01,2.115746214985847473e-02,1.976025104522705078e-02,5.262819305062294006e-02,4.334889836609363833e-02,3.041905723512172699e-02,3.082881495356559753e-02,2.231718281109351665e-05,2.231718281109351665e-05
1.719147682189941406e+00,1.813201558589935258e+00,1.719169974327087402e+00,1.813223850727081254e+00,7.978927493095397949e-01,8.561918616294861284e-01,8.234884738922119141e-01,8.703231811523437500e-01,2.463672123849391937e-02,1.912736427038908005e-02,4.893056675791740417e-02,4.499254301190376559e-02,2.419912070035934448e-02,2.256661504507064681e-02,2.231880353065207601e-05,2.231880353065207601e-05
1.831888794898986816e+00,1.796344721317291171e+00,1.831911087036132812e+00,1.796367013454437167e+00,8.716724514961242676e-01,8.548750042915344016e-01,8.780692815780639648e-01,8.645692050457001177e-01,1.781889051198959351e-02,1.818353682756423950e-02,5.303360149264335632e-02,4.347426891326904019e-02,1.129452884197235107e-02,1.524271182715892722e-02,2.231946928077377379e-05,2.231946928077377379e-05
1.760262608528137207e+00,1.776364803314208984e+00,1.760284900665283203e+00,1.776387095451354980e+00,8.471217155456542969e-01,8.478843569755554199e-01,8.506535291671752930e-01,8.532307147979736328e-01,1.699947379529476166e-02,1.926510613411664893e-02,2.822029031813144684e-02,3.851603269577026645e-02,1.726760528981685638e-02,1.746861562132835319e-02,2.231922007922548801e-05,2.231922007922548801e-05
1.678143858909606934e+00,1.776353085041046054e+00,1.678166151046752930e+00,1.776375377178192050e+00,7.960258126258850098e-01,8.429794788360596147e-01,8.106443285942077637e-01,8.548771500587463157e-01,1.294156536459922791e-02,1.774826068431139062e-02,3.194693848490715027e-02,4.240946918725967130e-02,2.658516354858875275e-02,1.833866853266954283e-02,2.232131009805016220e-05,2.232131009805016220e-05
1.737054109573364258e+00,1.781166183948516890e+00,1.737076401710510254e+00,1.781188476085662886e+00,8.256177902221679688e-01,8.485810697078705056e-01,8.344971537590026855e-01,8.581517696380615012e-01,1.494156569242477417e-02,1.754690818488597800e-02,4.517678171396255493e-02,4.353145807981491366e-02,1.682076789438724518e-02,1.335495095700025593e-02,2.232308361271861941e-05,2.232308361271861941e-05
1.805489659309387207e+00,1.759106218814849854e+00,1.805511951446533203e+00,1.759128510951995850e+00,8.643905520439147949e-01,8.438722193241119385e-01,8.680494427680969238e-01,8.487486898899078147e-01,1.443230453878641129e-02,1.725633163005113602e-02,4.811092466115951538e-02,4.060964360833167752e-02,1.050643902271986008e-02,8.619327191263436924e-03,2.232372571597807109e-05,2.232372571597807109e-05
1.731303453445434570e+00,1.766601943969726474e+00,1.731325745582580566e+00,1.766624236106872470e+00,8.326120376586914062e-01,8.491504371166229692e-01,8.304117321968078613e-01,8.534765183925628884e-01,1.467783749103546143e-02,1.668114848434925149e-02,4.873117431998252869e-02,4.122396707534790178e-02,4.870669916272163391e-03,6.069875927641988148e-03,2.232494807685725391e-05,2.232494807685725391e-05
1.827911138534545898e+00,1.784212255477905185e+00,1.827933430671691895e+00,1.784234547615051181e+00,8.657510876655578613e-01,8.532287895679473433e-01,8.907706737518310547e-01,8.640764951705932617e-01,1.850738748908042908e-02,1.664728112518787384e-02,4.400119930505752563e-02,4.070645570755004883e-02,8.880891837179660797e-03,9.553222637623547814e-03,2.232522274425718933e-05,2.232522274425718933e-05
1.757898926734924316e+00,1.914622509479522616e+00,1.757921218872070312e+00,1.914644801616668612e+00,8.364149928092956543e-01,8.874652266502380815e-01,8.392755985260009766e-01,9.015030801296234353e-01,1.579490676522254944e-02,2.034535333514213631e-02,3.237771615386009216e-02,3.549432680010795871e-02,3.403571248054504395e-02,6.981455311179160517e-02,2.232458427897654474e-05,2.232458427897654474e-05
1.799136638641357422e+00,1.784582102298736483e+00,1.799158930778503418e+00,1.784604394435882480e+00,8.585574626922607422e-01,8.499016225337981956e-01,8.679811954498291016e-01,8.640831470489501731e-01,2.049877122044563293e-02,1.718486901372671266e-02,4.523356631398200989e-02,4.179586544632911405e-02,6.865574512630701065e-03,1.161659844219684566e-02,2.232953193015418947e-05,2.232953193015418947e-05
1.735352516174316406e+00,1.780348742008209140e+00,1.735374808311462402e+00,1.780371034145355136e+00,8.359682559967041016e-01,8.485177874565124068e-01,8.365049958229064941e-01,8.537742793560028076e-01,1.361295673996210098e-02,1.636478267610073228e-02,3.501120209693908691e-02,4.061996042728423933e-02,1.425521820783615112e-02,2.107192650437355111e-02,2.233105988125316799e-05,2.233105988125316799e-05
1.728478670120239258e+00,1.751453018188476651e+00,1.728500962257385254e+00,1.751475310325622647e+00,8.334254026412963867e-01,8.408579528331756592e-01,8.423178195953369141e-01,8.483533859252929688e-01,1.222323905676603317e-02,1.578831374645233224e-02,3.134678676724433899e-02,3.875263817608356337e-02,9.165350347757339478e-03,7.700718706473708153e-03,2.233198392787016928e-05,2.233198392787016928e-05
1.954385161399841309e+00,1.851300704479217574e+00,1.954407453536987305e+00,1.851322996616363570e+00,9.243676662445068359e-01,8.815551221370696577e-01,9.204180240631103516e-01,8.728758811950683150e-01,1.702993549406528473e-02,1.529951114207506180e-02,3.357442468404769897e-02,3.887321799993515015e-02,5.899508297443389893e-02,4.269695580005646030e-02,2.233180566690862179e-05,2.233180566690862179e-05
1.770895123481750488e+00,1.780082988739013716e+00,1.770917415618896484e+00,1.780105280876159712e+00,8.461452722549438477e-01,8.528524756431579146e-01,8.453153967857360840e-01,8.534298479557037576e-01,1.672489754855632782e-02,1.556954402476549114e-02,4.127843305468559265e-02,3.867115192115307132e-02,2.143109962344169617e-02,1.955997757613658905e-02,2.233315171906724572e-05,2.233315171906724572e-05
1.843669295310974121e+00,1.762087333202362105e+00,1.843691587448120117e+00,1.762109625339508101e+00,8.850549459457397461e-01,8.443280637264252153e-01,8.909223079681396484e-01,8.522697806358336958e-01,1.313416287302970886e-02,1.588490875437855582e-02,4.727446287870407104e-02,4.155091829597949704e-02,7.283419836312532425e-03,8.053635200485586426e-03,2.233621671621222049e-05,2.233621671621222049e-05
1.703246355056762695e+00,1.756836092472076505e+00,1.703268647193908691e+00,1.756858384609222501e+00,8.203818202018737793e-01,8.439260542392730269e-01,8.236010074615478516e-01,8.513995647430420144e-01,1.390919275581836700e-02,1.571208918467164109e-02,3.725228458642959595e-02,3.837333247065544128e-02,8.101939223706722260e-03,7.425082148984074593e-03,2.233741906820796430e-05,2.233741906820796430e-05
1.756808280944824219e+00,1.750617039203643754e+00,1.756830573081970215e+00,1.750639331340789751e+00,8.517403602600097656e-01,8.419080913066864236e-01,8.543089032173156738e-01,8.484052598476410356e-01,1.143691316246986389e-02,1.509417416527867283e-02,3.248614817857742310e-02,3.795835748314857483e-02,6.835961248725652695e-03,7.251157471910118883e-03,2.233836130471900105e-05,2.233836130471900105e-05
1.640839934349060059e+00,1.744911086559295610e+00,1.640862226486206055e+00,1.744933378696441606e+00,7.854899168014526367e-01,8.395106196403503418e-01,7.871646285057067871e-01,8.429994702339171919e-01,1.702441647648811340e-02,1.499342890456318786e-02,3.383299335837364197e-02,3.827972412109374722e-02,1.732804812490940094e-02,9.127801936119794152e-03,2.233843042631633580e-05,2.233843042631633580e-05
1.838819861412048340e+00,1.925605046749115035e+00,1.838842153549194336e+00,1.925627338886261031e+00,8.615368008613586426e-01,8.903684318065643311e-01,8.572960495948791504e-01,8.833361566066741943e-01,1.315914746373891830e-02,1.467542927712202003e-02,3.774578496813774109e-02,3.776810914278030257e-02,6.908202916383743286e-02,9.945696368813514154e-02,2.233913255622610450e-05,2.233913255622610450e-05
1.705524206161499023e+00,1.738428723812103227e+00,1.705546498298645020e+00,1.738451015949249223e+00,8.219778537750244141e-01,8.367593944072723167e-01,8.260746598243713379e-01,8.425480723381042480e-01,1.294922921806573868e-02,1.472905250266194274e-02,3.425787761807441711e-02,3.665070831775665144e-02,1.026462670415639877e-02,7.741456991061568607e-03,2.234019484603777528e-05,2.234019484603777528e-05
1.659379839897155762e+00,1.749111592769622803e+00,1.659402132034301758e+00,1.749133884906768799e+00,7.989338040351867676e-01,8.403056621551513450e-01,8.018707036972045898e-01,8.443561315536498579e-01,1.137578114867210388e-02,1.445527756586670841e-02,3.508469462394714355e-02,3.857600092887878557e-02,1.211477816104888916e-02,1.141852056607603992e-02,2.234152270830236375e-05,2.234152270830236375e-05
1.750440716743469238e+00,1.741798174381256059e+00,1.750463008880615234e+00,1.741820466518402055e+00,8.394488096237182617e-01,8.373602569103241189e-01,8.468492627143859863e-01,8.432674169540405051e-01,1.570147834718227386e-02,1.392313903197646072e-02,3.756025433540344238e-02,3.812614865601062636e-02,1.088086515665054321e-02,9.121258091181517341e-03,2.234310522908344865e-05,2.234310522908344865e-05
1.756985068321228027e+00,1.742424166202545255e+00,1.757007360458374023e+00,1.742446458339691251e+00,8.394489884376525879e-01,8.374219298362731712e-01,8.422530889511108398e-01,8.470353901386260542e-01,1.929016970098018646e-02,1.403781324625015189e-02,4.842833057045936584e-02,3.717890717089176317e-02,7.564420346170663834e-03,6.750124273821711540e-03,2.234390012745279819e-05,2.234390012745279819e-05
1.731283307075500488e+00,1.886329102516174361e+00,1.731305599212646484e+00,1.886351394653320357e+00,8.254177570343017578e-01,8.830140888690948264e-01,8.288409709930419922e-01,8.992330193519592063e-01,2.309109643101692200e-02,1.681676190346479555e-02,3.843977302312850952e-02,4.094966948032378873e-02,1.549379527568817139e-02,4.631552323698997359e-02,2.234352541563566774e-05,2.234352541563566774e-05
1.731600761413574219e+00,1.821677529811859042e+00,1.731623053550720215e+00,1.821699821949005038e+00,8.348474502563476562e-01,8.703503787517548052e-01,8.310405015945434570e-01,8.764206111431122048e-01,1.306787692010402679e-02,1.654356513172388146e-02,3.893401473760604858e-02,4.667515866458415985e-02,1.371094956994056702e-02,1.168778622522950207e-02,2.234728890471160412e-05,2.234728890471160412e-05
1.739581704139709473e+00,1.750497782230377108e+00,1.739603996276855469e+00,1.750520074367523105e+00,8.330459594726562500e-01,8.394157230854034646e-01,8.401113152503967285e-01,8.472576439380645752e-01,1.587023772299289703e-02,1.471238667145371472e-02,4.167710244655609131e-02,4.127054102718830109e-02,8.877191692590713501e-03,7.841470139101146958e-03,2.234882776974700391e-05,2.234882776974700391e-05
1.661501169204711914e+00,1.740643835067749112e+00,1.661523461341857910e+00,1.740666127204895108e+00,7.970265150070190430e-01,8.397951304912567583e-01,8.039752840995788574e-01,8.441158711910248247e-01,1.565068960189819336e-02,1.408511660993099282e-02,3.909764066338539124e-02,3.672271110117435178e-02,5.750986747443675995e-03,5.925025092437863350e-03,2.234962448710575700e-05,2.234962448710575700e-05
1.652577400207519531e+00,1.749468505382537842e+00,1.652599692344665527e+00,1.749490797519683838e+00,7.997738718986511230e-01,8.421188294887542725e-01,7.977163195610046387e-01,8.484797298908233198e-01,1.002028957009315491e-02,1.415237598121166229e-02,3.707555308938026428e-02,3.624157272279262404e-02,7.991468533873558044e-03,8.475987613201141704e-03,2.234970452263951302e-05,2.234970452263951302e-05
1.889659285545349121e+00,1.870215189456939653e+00,1.889681696891784668e+00,1.870237600803375200e+00,8.971344232559204102e-01,8.843859493732452171e-01,8.685576915740966797e-01,8.752795457839965820e-01,1.268323138356208801e-02,1.334677701815962722e-02,3.768580034375190735e-02,3.921411558985710144e-02,7.359812408685684204e-02,5.798881947994231900e-02,2.235240572190377861e-05,2.235240572190377861e-05
1.730103731155395508e+00,1.754270374774932861e+00,1.730126142501831055e+00,1.754292786121368408e+00,8.268355727195739746e-01,8.432584643363952859e-01,8.360295295715332031e-01,8.512409448623656782e-01,1.705935411155223846e-02,1.495062485337257316e-02,4.254122450947761536e-02,3.789852969348430495e-02,7.638024166226387024e-03,6.921756314113736153e-03,2.235308784293010831e-05,2.235308784293010831e-05
1.822689056396484375e+00,1.769281232357025058e+00,1.822711467742919922e+00,1.769303643703460605e+00,8.765599727630615234e-01,8.499671638011931929e-01,8.798075914382934570e-01,8.548852086067200151e-01,1.529737934470176697e-02,1.392727894708514248e-02,4.475758224725723267e-02,3.944545499980449399e-02,6.266432814300060272e-03,1.105616111308336223e-02,2.235509236925281584e-05,2.235509236925281584e-05
1.790958881378173828e+00,1.751344943046569735e+00,1.790981292724609375e+00,1.751367354393005282e+00,8.660135269165039062e-01,8.434382855892181841e-01,8.653747439384460449e-01,8.477145195007323997e-01,1.126036141067743301e-02,1.295963479205966030e-02,3.989374265074729919e-02,3.792093060910702029e-02,8.416431024670600891e-03,9.311566222459077488e-03,2.235602732980623841e-05,2.235602732980623841e-05
1.806633591651916504e+00,1.898956120014190674e+00,1.806656002998352051e+00,1.898978531360626221e+00,8.279479742050170898e-01,8.886931359767913374e-01,7.898274064064025879e-01,8.827272474765777144e-01,9.012809954583644867e-03,1.317051621153950657e-02,3.959648311138153076e-02,3.724163360893726488e-02,1.402488648891448975e-01,7.712357342243195135e-02,2.235650390502996743e-05,2.235650390502996743e-05
1.801277637481689453e+00,1.806180238723754883e+00,1.801300048828125000e+00,1.806202650070190430e+00,8.523619174957275391e-01,8.493550658226013406e-01,8.583101034164428711e-01,8.646261334419250710e-01,1.377152930945158005e-02,1.359819248318672180e-02,3.838908299803733826e-02,4.235581494867801666e-02,3.844502940773963928e-02,3.624509163200854978e-02,2.235890860902145505e-05,2.235890860902145505e-05
1.679512739181518555e+00,1.744265055656433194e+00,1.679535150527954102e+00,1.744287467002868741e+00,7.999455928802490234e-01,8.393554210662841353e-01,8.089110851287841797e-01,8.458970069885254350e-01,1.427916716784238815e-02,1.352040711790323223e-02,5.026117339730262756e-02,3.915381394326686998e-02,6.115837022662162781e-03,6.338377436622977430e-03,2.235944521089550108e-05,2.235944521089550108e-05
1.709204316139221191e+00,1.744050836563110440e+00,1.709226727485656738e+00,1.744073247909545987e+00,8.186920881271362305e-01,8.386472225189208762e-01,8.257927894592285156e-01,8.463558971881866011e-01,1.397569850087165833e-02,1.328226979821920360e-02,4.460316151380538940e-02,4.002034179866313657e-02,6.140533834695816040e-03,5.745077598839997898e-03,2.236033833469264209e-05,2.236033833469264209e-05
1.816986203193664551e+00,1.727844595909118652e+00,1.817008614540100098e+00,1.727867007255554199e+00,8.793364763259887695e-01,8.312947511672973411e-01,8.863015174865722656e-01,8.401845097541809082e-01,1.332804746925830841e-02,1.267970893532037804e-02,3.140621632337570190e-02,3.657237030565738817e-02,6.614003330469131470e-03,7.113251695409416805e-03,2.236077671113889664e-05,2.236077671113889664e-05
1.779391765594482422e+00,1.749616217613220170e+00,1.779414176940917969e+00,1.749638628959655717e+00,8.520035147666931152e-01,8.399121940135956255e-01,8.579093217849731445e-01,8.447318494319915327e-01,1.216642744839191437e-02,1.263639312237501214e-02,4.309474676847457886e-02,3.655211031436920305e-02,1.421782001852989197e-02,1.578367846086621215e-02,2.236105137853883207e-05,2.236105137853883207e-05
1.709398984909057617e+00,1.765623819828033403e+00,1.709421396255493164e+00,1.765646231174468950e+00,8.194618225097656250e-01,8.463622629642486572e-01,8.337663412094116211e-01,8.556334674358367920e-01,1.100057363510131836e-02,1.262515801936387946e-02,3.253689408302307129e-02,3.554811365902423720e-02,1.263343077152967453e-02,1.545483628287911380e-02,2.236050568171776831e-05,2.236050568171776831e-05
1.850074410438537598e+00,1.768802213668823287e+00,1.850096821784973145e+00,1.768824625015258833e+00,8.908318281173706055e-01,8.482641935348510520e-01,9.022009968757629395e-01,8.557517707347870317e-01,1.365952473133802414e-02,1.303984522819518974e-02,3.619359806180000305e-02,4.247796908020973206e-02,7.188403513282537460e-03,9.268458653241395256e-03,2.236268846900202334e-05,2.236268846900202334e-05
1.780812263488769531e+00,1.746673488616943271e+00,1.780834674835205078e+00,1.746695899963378817e+00,8.563249111175537109e-01,8.411976516246795210e-01,8.575889468193054199e-01,8.449922978878021684e-01,1.353869214653968811e-02,1.247471915557980468e-02,4.590790346264839172e-02,3.890092633664608140e-02,7.451776880770921707e-03,9.107882250100373875e-03,2.236269210698083043e-05,2.236269210698083043e-05
1.725496053695678711e+00,1.730919206142425448e+00,1.725518465042114258e+00,1.730941617488860995e+00,8.257229924201965332e-01,8.330410599708557573e-01,8.296642899513244629e-01,8.386769413948058638e-01,9.957290254533290863e-03,1.274957964196801220e-02,5.034290999174118042e-02,3.807981871068477631e-02,9.808575734496116638e-03,8.371772710233926773e-03,2.236398722743615508e-05,2.236398722743615508e-05
1.754017591476440430e+00,1.725936198234558017e+00,1.754040002822875977e+00,1.725958609580993564e+00,8.449807763099670410e-01,8.325821161270141602e-01,8.479245901107788086e-01,8.401354193687439187e-01,1.030741166323423386e-02,1.191763998940587044e-02,4.694045335054397583e-02,3.748033456504344663e-02,3.864312311634421349e-03,3.820679383352398872e-03,2.236653745057992637e-05,2.236653745057992637e-05
1.711747169494628906e+00,1.752259397506713778e+00,1.711769580841064453e+00,1.752281808853149325e+00,7.996210455894470215e-01,8.336159646511077659e-01,8.184384703636169434e-01,8.409430205821990523e-01,1.161761581897735596e-02,1.302272677421569859e-02,4.122363775968551636e-02,4.278912059962749342e-02,4.084639623761177063e-02,2.188859246671199729e-02,2.236930049548391253e-05,2.236930049548391253e-05
1.862533092498779297e+00,1.794843792915344238e+00,1.862555503845214844e+00,1.794866204261779785e+00,8.920913338661193848e-01,8.484680593013763650e-01,8.958715796470642090e-01,8.593178987503051758e-01,1.097787730395793915e-02,1.347138462588190998e-02,4.145886749029159546e-02,4.316675364971160611e-02,2.213347889482975006e-02,3.041971083730459283e-02,2.237265471194405109e-05,2.237265471194405109e-05
1.769422173500061035e+00,1.775454127788543612e+00,1.769444584846496582e+00,1.775476539134979159e+00,8.558405041694641113e-01,8.524915635585784690e-01,8.591618537902832031e-01,8.572230935096740723e-01,9.831290692090988159e-03,1.310540344566106866e-02,3.816071525216102600e-02,4.334277324378490309e-02,6.427908781915903091e-03,9.291282948106526982e-03,2.237353146483656019e-05,2.237353146483656019e-05
1.654684185981750488e+00,1.732459473609924361e+00,1.654706597328186035e+00,1.732481884956359908e+00,7.955009341239929199e-01,8.340241730213164839e-01,8.017191886901855469e-01,8.410893976688385010e-01,1.426170300692319870e-02,1.384731372818350827e-02,3.956091031432151794e-02,3.938277289271354537e-02,3.641357645392417908e-03,4.115819255821407188e-03,2.237545777461491525e-05,2.237545777461491525e-05
1.753740787506103516e+00,1.737511146068573042e+00,1.753763198852539062e+00,1.737533557415008589e+00,8.421816229820251465e-01,8.345610320568084273e-01,8.558483719825744629e-01,8.423700153827666792e-01,1.378716994076967239e-02,1.346274884417653084e-02,3.388317301869392395e-02,4.018679335713386258e-02,8.040394634008407593e-03,6.930556148290634155e-03,2.237632725154981017e-05,2.237632725154981017e-05
1.749188065528869629e+00,1.778852796554565519e+00,1.749210476875305176e+00,1.778875207901001065e+00,8.376489281654357910e-01,8.481101691722869873e-01,8.497006297111511230e-01,8.609620213508606401e-01,1.234896015375852585e-02,1.235898155719041859e-02,3.714018315076828003e-02,3.891946487128734866e-02,1.234941743314266205e-02,1.850212942808866431e-02,2.237920307379681617e-05,2.237920307379681617e-05
1.708403229713439941e+00,1.725771260261535600e+00,1.708425641059875488e+00,1.725793671607971147e+00,8.274049758911132812e-01,8.324946582317351851e-01,8.309010863304138184e-01,8.369693934917450395e-01,1.303789485245943069e-02,1.206934070214629208e-02,3.096000850200653076e-02,3.850614391267299930e-02,6.099171470850706100e-03,5.731707019731402224e-03,2.237985609099268913e-05,2.237985609099268913e-05
1.843446850776672363e+00,1.751894772052764893e+00,1.843469262123107910e+00,1.751917183399200439e+00,8.875116109848022461e-01,8.401125907897949441e-01,8.924787640571594238e-01,8.473170638084411843e-01,1.136954408138990402e-02,1.234173411503434147e-02,4.474014416337013245e-02,3.632688298821449419e-02,7.346659433096647263e-03,1.579651460051536421e-02,2.237916487501934171e-05,2.237916487501934171e-05
1.830460190773010254e+00,1.761954557895660356e+00,1.830482602119445801e+00,1.761976969242095903e+00,8.716346025466918945e-01,8.390797853469849077e-01,8.796122670173645020e-01,8.493087112903594527e-01,1.176123507320880890e-02,1.214984506368637154e-02,4.077231138944625854e-02,3.651258535683155060e-02,2.667978219687938690e-02,2.490361407399177551e-02,2.237981607322581112e-05,2.237981607322581112e-05
1.765452384948730469e+00,1.771225106716155961e+00,1.765474796295166016e+00,1.771247518062591508e+00,8.511977791786193848e-01,8.494989752769470659e-01,8.543148040771484375e-01,8.484014391899108443e-01,9.028329513967037201e-03,1.130360355600714718e-02,3.335651010274887085e-02,3.798572011291980605e-02,1.755503192543983459e-02,2.403539754450321336e-02,2.238171327917370945e-05,2.238171327917370945e-05
1.844231009483337402e+00,1.801691043376922652e+00,1.844253420829772949e+00,1.801713454723358199e+00,8.682379722595214844e-01,8.555355906486511453e-01,8.881700634956359863e-01,8.623457729816437212e-01,1.406038366258144379e-02,1.278784852474927972e-02,4.443648830056190491e-02,4.325036518275737762e-02,2.932619117200374603e-02,2.777143735438585351e-02,2.238366505480371416e-05,2.238366505480371416e-05
1.867602944374084473e+00,1.962940740585327193e+00,1.867625355720520020e+00,1.962963151931762740e+00,8.674492835998535156e-01,9.046738386154175027e-01,8.781943321228027344e-01,9.153615117073059526e-01,1.486359909176826477e-02,1.417744038626551559e-02,5.126391723752021790e-02,5.001805387437343459e-02,5.583176016807556152e-02,7.870992198586464206e-02,2.238620800198987126e-05,2.238620800198987126e-05
1.936867594718933105e+00,1.889767861366272061e+00,1.936890006065368652e+00,1.889790272712707608e+00,9.214771389961242676e-01,8.890568554401397927e-01,9.185342192649841309e-01,8.936694443225861040e-01,1.884186267852783203e-02,1.425551930442452500e-02,4.127465188503265381e-02,4.128472097218036790e-02,3.673974052071571350e-02,5.150131843984127183e-02,2.238484012195840478e-05,2.238484012195840478e-05
1.848629355430603027e+00,1.808293056488037065e+00,1.848651766777038574e+00,1.808315467834472612e+00,8.812605738639831543e-01,8.633494436740875022e-01,8.896400928497314453e-01,8.724952101707458274e-01,1.576963998377323151e-02,1.409891545772552421e-02,4.891581088304519653e-02,4.127895347774028501e-02,1.304313912987709045e-02,1.707052029669284959e-02,2.238661909359507263e-05,2.238661909359507263e-05
1.622932314872741699e+00,1.757552957534790128e+00,1.622954726219177246e+00,1.757575368881225675e+00,7.816093564033508301e-01,8.411812186241149902e-01,7.865906357765197754e-01,8.485605657100677712e-01,7.710564415901899338e-03,1.282878611236810615e-02,3.533258289098739624e-02,4.281936772167682648e-02,1.168921776115894318e-02,1.216302365064620902e-02,2.238806700916029513e-05,2.238806700916029513e-05
1.832707047462463379e+00,1.750425958633422763e+00,1.832729458808898926e+00,1.750448369979858310e+00,8.841257095336914062e-01,8.439518511295318604e-01,8.832762241363525391e-01,8.461723327636718750e-01,1.284367311745882034e-02,1.192925982177257468e-02,4.553589969873428345e-02,3.851830102503299436e-02,6.925408262759447098e-03,9.854245558381080280e-03,2.239036984974518418e-05,2.239036984974518418e-05
1.813021659851074219e+00,1.753417706489563077e+00,1.813044071197509766e+00,1.753440117835998624e+00,8.734231591224670410e-01,8.353940546512603760e-01,8.826683163642883301e-01,8.516129672527312788e-01,1.327634416520595551e-02,1.470498535782098840e-02,3.585214167833328247e-02,3.696707189083099643e-02,7.801603991538286209e-03,1.473866943269968102e-02,2.239040259155444801e-05,2.239040259155444801e-05
1.648886322975158691e+00,1.744142842292785600e+00,1.648908734321594238e+00,1.744165253639221147e+00,7.949656844139099121e-01,8.413986504077911599e-01,8.020036816596984863e-01,8.462179660797118919e-01,1.065777987241744995e-02,1.206202022731304134e-02,3.474234417080879211e-02,3.915317691862583299e-02,6.516816560178995132e-03,5.311079975217580969e-03,2.239438617834821343e-05,2.239438617834821343e-05
1.758477807044982910e+00,1.806587827205657915e+00,1.758500218391418457e+00,1.806610238552093461e+00,8.474508523941040039e-01,8.611049354076385498e-01,8.442937731742858887e-01,8.614252209663391113e-01,7.386822719126939774e-03,1.193975256755947997e-02,3.639015555381774902e-02,4.330179840326309204e-02,2.295623719692230225e-02,2.881607674062252114e-02,2.239697641925886273e-05,2.239697641925886273e-05
1.882017612457275391e+00,1.761306190490722567e+00,1.882040023803710938e+00,1.761328601837158114e+00,8.941925764083862305e-01,8.410194933414458784e-01,9.105167984962463379e-01,8.523119926452636941e-01,1.623200066387653351e-02,1.143032982945442130e-02,4.715805500745773315e-02,4.070625379681587497e-02,1.391815207898616791e-02,1.583811650052666803e-02,2.239643072243779898e-05,2.239643072243779898e-05
1.716967463493347168e+00,1.728333401679992720e+00,1.716989874839782715e+00,1.728355813026428267e+00,8.245576620101928711e-01,8.340790510177612527e-01,8.314113616943359375e-01,8.405149042606353538e-01,1.076469197869300842e-02,1.138448361307382514e-02,4.346077889204025269e-02,3.757902793586254120e-02,6.773003377020359039e-03,4.775926237925887108e-03,2.239677633042447269e-05,2.239677633042447269e-05
1.730153441429138184e+00,1.733861994743347124e+00,1.730175852775573730e+00,1.733884406089782670e+00,8.387753963470458984e-01,8.364851295948028120e-01,8.399470448493957520e-01,8.408622086048126443e-01,1.192336995154619217e-02,1.111140158027410473e-02,3.049834258854389191e-02,3.546056374907493453e-02,9.009407833218574524e-03,9.942705277353525162e-03,2.239752029709052294e-05,2.239752029709052294e-05
1.740654826164245605e+00,1.767538070678710938e+00,1.740677237510681152e+00,1.767560482025146484e+00,8.361059427261352539e-01,8.490318834781647173e-01,8.464023470878601074e-01,8.607409298419952393e-01,1.158131659030914307e-02,1.240893658250570228e-02,3.873610496520996094e-02,3.769155479967593869e-02,7.829149253666400909e-03,7.664731564000248562e-03,2.239840614493004978e-05,2.239840614493004978e-05
1.747357249259948730e+00,1.741622352600097567e+00,1.747379660606384277e+00,1.741644763946533114e+00,8.464361429214477539e-01,8.368330538272857888e-01,8.497687578201293945e-01,8.416162133216857910e-01,1.034454908221960068e-02,1.114116646349430119e-02,3.050688281655311584e-02,4.021500386297702928e-02,1.030103582888841629e-02,1.181689715012907912e-02,2.240106914541684091e-05,2.240106914541684091e-05
1.835795998573303223e+00,1.720654594898223921e+00,1.835818409919738770e+00,1.720677006244659468e+00,8.786119818687438965e-01,8.304592013359070046e-01,8.908374309539794922e-01,8.371089279651642290e-01,1.254936680197715759e-02,1.093990169465541840e-02,5.024282261729240417e-02,3.812371976673602919e-02,3.554355818778276443e-03,4.022840713150799448e-03,2.240091089333873242e-05,2.240091089333873242e-05
1.766082882881164551e+00,1.726808929443359286e+00,1.766105294227600098e+00,1.726831340789794833e+00,8.487193584442138672e-01,8.321373939514160600e-01,8.558862805366516113e-01,8.387232720851898193e-01,9.670075960457324982e-03,1.069985730573535035e-02,4.040804505348205566e-02,3.604106158018112460e-02,1.139930915087461472e-02,9.207382705062628139e-03,2.240176036139018834e-05,2.240176036139018834e-05
1.680012822151184082e+00,1.725387036800384521e+00,1.680035233497619629e+00,1.725409448146820068e+00,8.150175213813781738e-01,8.329123675823211226e-01,8.164852261543273926e-01,8.373750567436217818e-01,7.534318603575229645e-03,1.045329896733164857e-02,3.479856625199317932e-02,3.727320767939090729e-02,6.177143193781375885e-03,7.373085524886846369e-03,2.240289177279919386e-05,2.240289177279919386e-05
1.740941286087036133e+00,1.742597126960754306e+00,1.740963697433471680e+00,1.742619538307189853e+00,8.405215740203857422e-01,8.406772553920746072e-01,8.448751568794250488e-01,8.473705470561980757e-01,9.114756248891353607e-03,1.027742214500904083e-02,4.135083034634590149e-02,3.560598231852054457e-02,5.078973248600959778e-03,8.665914833545684121e-03,2.240324283775407821e-05,2.240324283775407821e-05
1.692108035087585449e+00,1.718619287014007568e+00,1.692130446434020996e+00,1.718641698360443115e+00,8.135290145874023438e-01,8.308405816555023415e-01,8.197103142738342285e-01,8.360295951366424339e-01,1.211431436240673065e-02,1.021379921585321461e-02,3.820658102631568909e-02,3.516938388347625594e-02,8.547952398657798767e-03,6.365897692739963185e-03,2.240375033579766750e-05,2.240375033579766750e-05
1.748021721839904785e+00,1.736293137073516846e+00,1.748044133186340332e+00,1.736315548419952393e+00,8.347725272178649902e-01,8.358067870140075684e-01,8.384596109390258789e-01,8.422081828117370383e-01,1.356951240450143814e-02,1.022412115707993507e-02,5.392977595329284668e-02,3.472778387367725372e-02,7.290329784154891968e-03,1.332624182105064323e-02,2.240481080661993474e-05,2.240481080661993474e-05
1.798148512840270996e+00,1.773625838756561324e+00,1.798170924186706543e+00,1.773648250102996871e+00,8.633041381835937500e-01,8.497524440288544145e-01,8.763435482978820801e-01,8.591675102710724099e-01,1.053649652749300003e-02,1.014622086659073760e-02,2.616292610764503479e-02,3.723426684737205644e-02,2.180133759975433350e-02,1.732546035200357298e-02,2.240655157947912812e-05,2.240655157947912812e-05
1.784884929656982422e+00,1.731914615631103604e+00,1.784907341003417969e+00,1.731937026977539151e+00,8.594934344291687012e-01,8.334977984428405540e-01,8.651103973388671875e-01,8.432081222534180132e-01,1.241180673241615295e-02,1.037780279293656384e-02,4.253343120217323303e-02,3.660172782838344574e-02,5.335824098438024521e-03,8.229163195937871239e-03,2.240651156171225011e-05,2.240651156171225011e-05
1.738152980804443359e+00,1.735378348827361972e+00,1.738175392150878906e+00,1.735400760173797519e+00,8.376757502555847168e-01,8.353271365165710893e-01,8.427549004554748535e-01,8.406768918037414995e-01,5.656725727021694183e-03,9.914379008114338268e-03,4.301958903670310974e-02,3.651858381927013120e-02,9.046078659594058990e-03,1.294137230142950942e-02,2.240746653114911169e-05,2.240746653114911169e-05
1.657730460166931152e+00,1.758515417575836182e+00,1.657752871513366699e+00,1.758537828922271729e+00,7.925897240638732910e-01,8.423118293285369873e-01,8.034093976020812988e-01,8.516318261623382346e-01,1.752743311226367950e-02,1.035717297345399926e-02,2.517483942210674286e-02,3.938255906105041226e-02,1.902899518609046936e-02,1.483203032985329697e-02,2.240937465103343129e-05,2.240937465103343129e-05
2.000002145767211914e+00,1.904977691173553422e+00,2.000024557113647461e+00,1.905000102519988969e+00,9.185641407966613770e-01,8.832353472709655318e-01,9.514801502227783203e-01,8.950500905513762984e-01,1.380929723381996155e-02,1.058959905058145558e-02,4.331872984766960144e-02,3.996199034154414992e-02,7.282993942499160767e-02,7.614065185189247686e-02,2.240998583147302270e-05,2.240998583147302270e-05
1.764109611511230469e+00,1.795583033561706454e+00,1.764132022857666016e+00,1.795605444908142001e+00,8.357245326042175293e-01,8.569547057151793990e-01,8.464276194572448730e-01,8.641524791717529741e-01,8.596530184149742126e-03,1.082969661802053382e-02,4.764600843191146851e-02,3.956129215657711029e-02,2.571485936641693115e-02,2.408484108746051719e-02,2.241197762486990541e-05,2.241197762486990541e-05
1.851255416870117188e+00,1.826814186573028520e+00,1.851277828216552734e+00,1.826836597919464067e+00,8.851887583732604980e-01,8.653124749660492387e-01,8.869388699531555176e-01,8.713627696037292703e-01,9.505580179393291473e-03,1.110546998679637874e-02,3.750659152865409851e-02,3.773943632841110507e-02,3.211551904678344727e-02,4.129401594400405884e-02,2.241444417450111359e-05,2.241444417450111359e-05
1.727930068969726562e+00,1.742572200298309282e+00,1.727952480316162109e+00,1.742594611644744829e+00,8.327088952064514160e-01,8.363521277904510942e-01,8.344032168388366699e-01,8.454705774784088135e-01,1.204748172312974930e-02,1.111317509785294567e-02,4.214163869619369507e-02,4.245469681918621202e-02,6.628805305808782578e-03,7.181661901995539665e-03,2.241702168248593807e-05,2.241702168248593807e-05
1.741960167884826660e+00,1.734248304367065341e+00,1.741982579231262207e+00,1.734270715713500888e+00,8.389150500297546387e-01,8.343292534351348655e-01,8.463687896728515625e-01,8.441116809844970703e-01,9.465085342526435852e-03,1.100493278354406322e-02,4.146592691540718079e-02,3.918850161135196963e-02,5.745328497141599655e-03,5.613913713023066694e-03,2.241770926048047841e-05,2.241770926048047841e-05
1.742119073867797852e+00,1.763362848758697421e+00,1.742141485214233398e+00,1.763385260105132968e+00,8.366914391517639160e-01,8.447023570537567361e-01,8.421906232833862305e-01,8.581339895725250688e-01,1.121396292001008987e-02,1.064035240560770069e-02,4.144176468253135681e-02,3.882555067539215227e-02,1.058117207139730453e-02,1.106062373146414826e-02,2.241848414996638894e-05,2.241848414996638894e-05
1.756235361099243164e+00,1.729692196846008390e+00,1.756257772445678711e+00,1.729714608192443936e+00,8.493227362632751465e-01,8.345430076122284380e-01,8.545896410942077637e-01,8.421226084232330544e-01,1.598483882844448090e-02,1.235341746360063553e-02,2.911769412457942963e-02,3.498552925884723663e-02,7.220330182462930679e-03,5.687593575567006718e-03,2.241552283521741629e-05,2.241552283521741629e-05
1.746067643165588379e+00,1.747432386875152677e+00,1.746090054512023926e+00,1.747454798221588224e+00,8.525070548057556152e-01,8.434821248054504839e-01,8.528460860252380371e-01,8.484858512878418191e-01,8.306554518640041351e-03,1.038021696731448139e-02,2.646122314035892487e-02,3.775696493685245375e-02,5.946808494627475739e-03,7.327195629477501262e-03,2.241695256088860333e-05,2.241695256088860333e-05
1.728793621063232422e+00,1.734360408782958940e+00,1.728816032409667969e+00,1.734382820129394487e+00,8.253393173217773438e-01,8.329275369644164595e-01,8.380829691886901855e-01,8.423132240772247536e-01,1.054669916629791260e-02,9.778193011879921653e-03,3.774050995707511902e-02,3.798425681889057437e-02,1.708409190177917480e-02,1.135717472061514854e-02,2.241675974801182747e-05,2.241675974801182747e-05
1.677422523498535156e+00,1.743301439285278365e+00,1.677444934844970703e+00,1.743323850631713912e+00,8.061035871505737305e-01,8.381651043891906738e-01,8.165366649627685547e-01,8.470493614673614280e-01,1.110116299241781235e-02,1.020177127793431282e-02,2.940669469535350800e-02,3.777519203722477098e-02,1.427453756332397461e-02,1.011001495644450222e-02,2.241626862087287009e-05,2.241626862087287009e-05
1.701227188110351562e+00,1.734603381156921476e+00,1.701249599456787109e+00,1.734625792503357022e+00,8.219929337501525879e-01,8.333363533020019531e-01,8.278536200523376465e-01,8.401799857616424339e-01,1.052781194448471069e-02,1.031127935275435482e-02,3.220663219690322876e-02,3.715218305587768277e-02,8.646175265312194824e-03,1.362359859049320186e-02,2.241640868305694312e-05,2.241640868305694312e-05
1.779396653175354004e+00,1.795837163925170898e+00,1.779419064521789551e+00,1.795859575271606445e+00,8.513862490653991699e-01,8.571726679801940918e-01,8.507917523384094238e-01,8.592723846435547097e-01,1.164220739156007767e-02,1.016696048900484969e-02,2.919355407357215881e-02,3.922997973859310150e-02,3.638294339179992676e-02,2.999514583498239656e-02,2.241741458419710398e-05,2.241741458419710398e-05
1.737226963043212891e+00,1.764335238933563144e+00,1.737249374389648438e+00,1.764357650279998690e+00,8.383182287216186523e-01,8.475769281387328657e-01,8.426992893218994141e-01,8.555993616580963579e-01,9.736938402056694031e-03,9.785869903862477043e-03,3.860205039381980896e-02,3.855007402598857602e-02,7.870514877140522003e-03,1.282303417101502384e-02,2.241792753920890391e-05,2.241792753920890391e-05
1.782888889312744141e+00,1.773378252983093262e+00,1.782911300659179688e+00,1.773400664329528809e+00,8.452183008193969727e-01,8.457897305488586426e-01,8.530976772308349609e-01,8.613736808300018755e-01,9.574920870363712311e-03,9.975480847060680389e-03,5.408395826816558838e-02,3.951609730720519881e-02,2.091403491795063019e-02,1.672323904931545188e-02,2.241961374238599092e-05,2.241961374238599092e-05
1.821864008903503418e+00,1.894561278820037886e+00,1.821886420249938965e+00,1.894583690166473433e+00,8.638933897018432617e-01,8.915029466152191162e-01,8.561193943023681641e-01,8.903414905071258545e-01,9.367676451802253723e-03,1.071835579350590741e-02,3.669867292046546936e-02,4.186606816947460036e-02,5.578485131263732910e-02,6.013239547610282898e-02,2.242089249193668365e-05,2.242089249193668365e-05
1.737907290458679199e+00,1.751189506053924649e+00,1.737929701805114746e+00,1.751211917400360196e+00,8.374978899955749512e-01,8.402039051055908425e-01,8.355263471603393555e-01,8.450146317481994629e-01,8.835662156343460083e-03,1.148048155009746482e-02,4.684766009449958801e-02,4.458062313497066637e-02,9.199778549373149872e-03,9.909883607178926468e-03,2.242141636088490486e-05,2.242141636088490486e-05
1.748493313789367676e+00,1.743214559555053667e+00,1.748515725135803223e+00,1.743236970901489213e+00,8.326246738433837891e-01,8.355465888977050559e-01,8.529837131500244141e-01,8.472139179706573708e-01,1.377901807427406311e-02,1.076577277854084969e-02,4.113018140196800232e-02,3.999575078487396101e-02,7.975676096975803375e-03,9.692571777850388787e-03,2.242226037196815014e-05,2.242226037196815014e-05
1.694874644279479980e+00,1.719800949096679688e+00,1.694897055625915527e+00,1.719823360443115234e+00,8.218957781791687012e-01,8.309501469135284202e-01,8.248512744903564453e-01,8.365837514400482622e-01,7.882446050643920898e-03,9.996801707893609654e-03,3.610587865114212036e-02,3.848880603909492215e-02,4.139127209782600403e-03,3.781475755386054342e-03,2.242240225314162672e-05,2.242240225314162672e-05
1.673353791236877441e+00,1.714448904991149991e+00,1.673376202583312988e+00,1.714471316337585538e+00,8.083729743957519531e-01,8.268744707107543723e-01,8.168751597404479980e-01,8.355116605758666770e-01,1.059564948081970215e-02,9.930637944489718177e-03,3.220308944582939148e-02,3.805578202009200772e-02,5.306897684931755066e-03,4.076366382651031191e-03,2.242322079837322235e-05,2.242322079837322235e-05
1.642300367355346680e+00,1.728306376934051425e+00,1.642322778701782227e+00,1.728328788280486972e+00,7.858281731605529785e-01,8.314021408557892290e-01,8.058122992515563965e-01,8.404360353946686013e-01,8.475942537188529968e-03,9.606599621474743583e-03,3.186022862792015076e-02,3.858360312879085402e-02,1.032376196235418320e-02,8.277976326644420971e-03,2.242464142909739166e-05,2.242464142909739166e-05
1.812956094741821289e+00,1.799860846996307329e+00,1.812978506088256836e+00,1.799883258342742876e+00,8.647285103797912598e-01,8.582139492034912553e-01,8.772730827331542969e-01,8.689143896102905495e-01,8.847342804074287415e-03,9.665363002568483353e-03,4.177757352590560913e-02,3.791317082941532413e-02,2.032964117825031281e-02,2.515399400144815306e-02,2.242487244075164199e-05,2.242487244075164199e-05
1.657628893852233887e+00,1.750240182876587003e+00,1.657651305198669434e+00,1.750262594223022550e+00,7.915444970130920410e-01,8.383351802825927956e-01,7.968142032623291016e-01,8.444358706474304199e-01,8.978494442999362946e-03,9.784939605742693294e-03,3.393979370594024658e-02,4.088714122772216936e-02,2.635198645293712616e-02,1.679703891277313163e-02,2.242644768557511270e-05,2.242644768557511270e-05
1.662760138511657715e+00,1.742175173759460405e+00,1.662782549858093262e+00,1.742197585105895952e+00,8.004454970359802246e-01,8.386370003223418967e-01,8.107781410217285156e-01,8.463962256908417192e-01,7.074346300214529037e-03,9.721671603620052685e-03,3.279474750161170959e-02,3.816240057349205156e-02,1.166742667555809021e-02,9.257857501506806114e-03,2.242751361336559057e-05,2.242751361336559057e-05
1.597276568412780762e+00,1.723888540267944247e+00,1.597298979759216309e+00,1.723910951614379794e+00,7.698983550071716309e-01,8.321264088153839111e-01,7.706550359725952148e-01,8.373618781566619651e-01,6.038661580532789230e-03,9.767016395926475525e-03,4.481253772974014282e-02,3.843464925885200362e-02,5.871983245015144348e-03,6.198610877618193626e-03,2.242839582322631031e-05,2.242839582322631031e-05
1.761733770370483398e+00,1.713729596138000577e+00,1.761756181716918945e+00,1.713752007484436124e+00,8.588885068893432617e-01,8.283868789672851340e-01,8.622592091560363770e-01,8.354387223720550759e-01,7.048293016850948334e-03,9.769874624907970428e-03,3.048927709460258484e-02,3.677616007626056949e-02,3.048385959118604660e-03,3.357970854267477989e-03,2.242963273602072150e-05,2.242963273602072150e-05
1.704822659492492676e+00,1.762068915367126509e+00,1.704845070838928223e+00,1.762091326713562056e+00,8.175740242004394531e-01,8.439827024936675803e-01,8.243675827980041504e-01,8.513049244880676047e-01,1.145972963422536850e-02,9.355712588876486172e-03,3.112269006669521332e-02,3.785625211894512454e-02,2.029866352677345276e-02,1.956933755427598884e-02,2.243117523903492838e-05,2.243117523903492838e-05
1.593479156494140625e+00,1.734707546234130815e+00,1.593501567840576172e+00,1.734729957580566362e+00,7.749772667884826660e-01,8.375091075897216353e-01,7.763476371765136719e-01,8.428250074386596236e-01,4.473692737519741058e-03,9.172096569091080925e-03,3.061673417687416077e-02,3.730383180081844191e-02,7.063844706863164902e-03,7.897517643868923187e-03,2.243169365101493895e-05,2.243169365101493895e-05
1.728156208992004395e+00,1.716882538795471147e+00,1.728178620338439941e+00,1.716904950141906694e+00,8.254957199096679688e-01,8.283848583698272261e-01,8.426761031150817871e-01,8.324434340000153032e-01,1.041491050273180008e-02,9.395248815417289387e-03,3.175354376435279846e-02,3.551082275807857652e-02,1.781586930155754089e-02,1.114816600456833805e-02,2.243255585199221969e-05,2.243255585199221969e-05
1.660407066345214844e+00,1.718735218048095703e+00,1.660429477691650391e+00,1.718757629394531250e+00,7.998210787773132324e-01,8.307934463024139182e-01,8.027417063713073730e-01,8.340669929981231467e-01,7.147565484046936035e-03,9.250361099839210163e-03,4.167730361223220825e-02,3.646445050835609575e-02,9.019348770380020142e-03,8.159992331638932922e-03,2.243436028948053718e-05,2.243436028948053718e-05
1.653935432434082031e+00,1.740554881095886186e+00,1.653957843780517578e+00,1.740577292442321733e+00,7.964080572128295898e-01,8.400830030441284180e-01,8.044312000274658203e-01,8.473999261856078880e-01,1.163127645850181580e-02,9.310602210462093353e-03,3.318450972437858582e-02,3.443733789026737213e-02,8.280413225293159485e-03,9.324033837765454899e-03,2.243540257040876895e-05,2.243540257040876895e-05
1.822688460350036621e+00,1.780294859409332187e+00,1.822710871696472168e+00,1.780317270755767733e+00,8.743063211441040039e-01,8.500830173492431863e-01,8.833389282226562500e-01,8.537399232387542503e-01,1.329777669161558151e-02,9.021494910120964397e-03,2.708634920418262482e-02,3.557202965021133423e-02,2.465900406241416931e-02,3.187838811427354951e-02,2.243591916339937598e-05,2.243591916339937598e-05
1.899448513984680176e+00,1.771958732604980380e+00,1.899470925331115723e+00,1.771981143951415927e+00,9.133174419403076172e-01,8.476142168045044389e-01,9.176844954490661621e-01,8.545102536678313987e-01,7.336065638810396194e-03,9.003086667507886193e-03,4.547870531678199768e-02,3.557095341384410719e-02,1.563177630305290222e-02,2.526017576456069877e-02,2.243753988295793533e-05,2.243753988295793533e-05
1.692023634910583496e+00,1.738134634494781450e+00,1.692046046257019043e+00,1.738157045841216997e+00,8.173373341560363770e-01,8.376499116420745850e-01,8.178549408912658691e-01,8.409551799297332320e-01,9.506916627287864685e-03,9.377655293792485497e-03,3.384139388799667358e-02,3.870933167636394362e-02,1.348304469138383865e-02,1.144253676757216523e-02,2.244017923658248037e-05,2.244017923658248037e-05
1.635393142700195312e+00,1.709652483463287354e+00,1.635415554046630859e+00,1.709674894809722900e+00,7.923293709754943848e-01,8.250927686691283958e-01,7.941229939460754395e-01,8.319456756114960161e-01,1.097615435719490051e-02,9.073786903172731400e-03,3.257252275943756104e-02,3.828234449028968672e-02,5.392091348767280579e-03,5.257918033748865128e-03,2.244082133984193206e-05,2.244082133984193206e-05
1.758382081985473633e+00,1.772980737686157271e+00,1.758404493331909180e+00,1.773003149032592818e+00,8.481639027595520020e-01,8.566995680332183394e-01,8.537514209747314453e-01,8.608253359794616477e-01,7.970821112394332886e-03,8.766112290322780956e-03,4.137482494115829468e-02,3.638033382594585419e-02,7.121195551007986069e-03,1.030941512435674598e-02,2.244107781734783202e-05,2.244107781734783202e-05
1.616153836250305176e+00,1.716967487335204989e+00,1.616176247596740723e+00,1.716989898681640536e+00,7.788393497467041016e-01,8.288700699806212935e-01,7.866026163101196289e-01,8.342899262905121294e-01,9.993486106395721436e-03,9.044330473989248623e-03,3.406504169106483459e-02,3.970855474472045898e-02,6.653441116213798523e-03,5.054619396105408669e-03,2.244245479232631624e-05,2.244245479232631624e-05
1.753709435462951660e+00,1.722823858261108398e+00,1.753731846809387207e+00,1.722846269607543945e+00,8.473355174064636230e-01,8.336451590061187966e-01,8.531365990638732910e-01,8.398070752620696577e-01,8.071498945355415344e-03,9.032706171274185528e-03,4.135977476835250854e-02,3.482350036501884183e-02,3.805970074608922005e-03,5.515430541709065611e-03,2.244321512989699841e-05,2.244321512989699841e-05
1.697219491004943848e+00,1.708795034885406405e+00,1.697241902351379395e+00,1.708817446231841952e+00,8.151817321777343750e-01,8.282626211643219216e-01,8.210031986236572266e-01,8.325602352619171365e-01,8.286519907414913177e-03,9.046297241002320549e-03,4.869464784860610962e-02,3.537003472447395463e-02,4.053501877933740616e-03,3.555864770896732894e-03,2.244522693217732012e-05,2.244522693217732012e-05
1.689333558082580566e+00,1.731351625919341997e+00,1.689355969429016113e+00,1.731374037265777543e+00,8.200014233589172363e-01,8.350325703620911089e-01,8.227659463882446289e-01,8.395651042461395042e-01,7.662357296794652939e-03,8.553981874138116490e-03,3.203062340617179871e-02,3.581281974911689620e-02,6.873157806694507599e-03,1.238713208585977624e-02,2.244557254016399384e-05,2.244557254016399384e-05
1.698543071746826172e+00,1.726725339889526367e+00,1.698565483093261719e+00,1.726747751235961914e+00,8.173252344131469727e-01,8.328210532665252241e-01,8.224704265594482422e-01,8.359986484050750954e-01,8.670904673635959625e-03,8.340482087805866501e-03,3.877286985516548157e-02,3.579440861940384050e-02,1.130363438278436661e-02,1.377073163166642189e-02,2.244674215035047382e-05,2.244674215035047382e-05
1.763095259666442871e+00,1.738294768333435103e+00,1.763117671012878418e+00,1.738317179679870650e+00,8.452119231224060059e-01,8.343217313289642556e-01,8.462089300155639648e-01,8.392036855220794678e-01,9.392152540385723114e-03,8.471582690253854145e-03,3.917828947305679321e-02,3.729929998517036299e-02,2.310409769415855408e-02,1.899843979626893858e-02,2.244717143184971064e-05,2.244717143184971064e-05
1.699311256408691406e+00,1.751871180534362749e+00,1.699333667755126953e+00,1.751893591880798295e+00,8.223991990089416504e-01,8.431226134300231490e-01,8.239526152610778809e-01,8.476067662239075151e-01,6.058698985725641251e-03,8.639466203749179146e-03,2.864766120910644531e-02,3.590334057807922225e-02,1.825313270092010498e-02,1.659898515790701051e-02,2.244768984382972121e-05,2.244768984382972121e-05
1.744584918022155762e+00,1.768806743621826216e+00,1.744607329368591309e+00,1.768829154968261763e+00,8.464765548706054688e-01,8.507356464862823042e-01,8.450977802276611328e-01,8.547973871231079324e-01,6.071001756936311722e-03,8.919032569974661567e-03,2.891645021736621857e-02,3.916235044598579546e-02,1.802307739853858948e-02,1.519236126914620330e-02,2.244940696982666850e-05,2.244940696982666850e-05
1.703774571418762207e+00,1.731777274608611972e+00,1.703796982765197754e+00,1.731799685955047519e+00,8.166192173957824707e-01,8.366192162036896196e-01,8.182890415191650391e-01,8.410519182682036909e-01,1.111588068306446075e-02,8.763126749545335076e-03,4.721507430076599121e-02,3.757567740976810317e-02,1.053539663553237915e-02,7.767347386106848717e-03,2.245092400698922575e-05,2.245092400698922575e-05
1.738619923591613770e+00,1.724503743648529097e+00,1.738642334938049316e+00,1.724526154994964644e+00,8.415043950080871582e-01,8.314507603645324707e-01,8.464543223381042480e-01,8.393305659294127974e-01,6.806021556258201599e-03,8.882835600525140415e-03,3.515627235174179077e-02,3.544541969895362993e-02,8.698901161551475525e-03,9.394178260117768894e-03,2.245167888759169728e-05,2.245167888759169728e-05
1.661047101020812988e+00,1.735495424270629972e+00,1.661069512367248535e+00,1.735517835617065519e+00,7.987800240516662598e-01,8.381834745407104048e-01,8.037840127944946289e-01,8.403472065925597922e-01,9.636512026190757751e-03,8.044506516307592045e-03,3.885441645979881287e-02,3.659315407276153564e-02,9.992164559662342072e-03,1.232711374759674038e-02,2.245313589810393751e-05,2.245313589810393751e-05
1.668379902839660645e+00,1.699495315551757812e+00,1.668402314186096191e+00,1.699517726898193359e+00,8.096093535423278809e-01,8.224627912044525369e-01,8.106746673583984375e-01,8.293232977390289085e-01,6.505611818283796310e-03,8.262522052973508835e-03,3.786893188953399658e-02,3.554478138685226302e-02,3.721198998391628265e-03,3.901907848194241437e-03,2.245342329842969775e-05,2.245342329842969775e-05
1.639765262603759766e+00,1.711606907844543501e+00,1.639787673950195312e+00,1.711629319190979048e+00,7.895097732543945312e-01,8.258347451686859353e-01,7.975835204124450684e-01,8.328705787658691184e-01,8.175705559551715851e-03,8.331365650519728661e-03,3.348276764154434204e-02,3.676731847226619859e-02,1.101343333721160889e-02,7.802913617342710668e-03,2.245391442556865513e-05,2.245391442556865513e-05
1.741316199302673340e+00,1.711768794059753462e+00,1.741338610649108887e+00,1.711791205406189009e+00,8.486023545265197754e-01,8.286937117576599343e-01,8.479611277580261230e-01,8.328209161758423074e-01,8.205109275877475739e-03,8.004029653966427196e-03,3.228427469730377197e-02,3.725490570068359236e-02,4.263374488800764084e-03,4.995240736752748836e-03,2.245571886305697262e-05,2.245571886305697262e-05
1.790470480918884277e+00,1.701760709285736084e+00,1.790492892265319824e+00,1.701783120632171631e+00,8.656550645828247070e-01,8.238415837287902388e-01,8.691869974136352539e-01,8.302594780921935813e-01,8.474527858197689056e-03,7.950631249696017006e-03,4.167715832591056824e-02,3.495297878980636874e-02,5.476801190525293350e-03,4.756103456020355398e-03,2.245713767479173839e-05,2.245713767479173839e-05
1.838518500328063965e+00,1.718434131145477384e+00,1.838540911674499512e+00,1.718456542491912931e+00,8.889597058296203613e-01,8.309413731098175271e-01,8.960884809494018555e-01,8.375042855739593950e-01,6.301896646618843079e-03,7.859233999624848366e-03,4.142199456691741943e-02,3.666081279516220093e-02,5.746362730860710144e-03,5.468442663550376545e-03,2.245784708065912127e-05,2.245784708065912127e-05
1.759356379508972168e+00,1.746271133422851562e+00,1.759378790855407715e+00,1.746293544769287109e+00,8.497638106346130371e-01,8.360374987125396284e-01,8.507439494132995605e-01,8.410187363624572754e-01,6.595758255571126938e-03,8.238913537934423187e-03,3.471329808235168457e-02,3.414756357669830600e-02,1.753965392708778381e-02,2.682843785732984612e-02,2.245657378807663918e-05,2.245657378807663918e-05
1.732082605361938477e+00,1.758728790283203169e+00,1.732105016708374023e+00,1.758751201629638716e+00,8.427601456642150879e-01,8.497348070144653542e-01,8.430044651031494141e-01,8.512835621833800825e-01,4.976381082087755203e-03,7.523136446252465248e-03,3.374330326914787292e-02,3.614231720566749712e-02,7.598378695547580719e-03,1.404496543109417031e-02,2.245713221782352775e-05,2.245713221782352775e-05
1.678575992584228516e+00,1.708718764781951949e+00,1.678598403930664062e+00,1.708741176128387496e+00,8.146392107009887695e-01,8.249751687049865501e-01,8.174092173576354980e-01,8.317115783691406694e-01,6.247679237276315689e-03,7.924774335697293628e-03,3.335574641823768616e-02,3.748351410031318387e-02,6.924279034137725830e-03,6.623736629262566393e-03,2.245778159704059362e-05,2.245778159704059362e-05
1.606575608253479004e+00,1.699385452270507857e+00,1.606598019599914551e+00,1.699407863616943404e+00,7.796869277954101562e-01,8.231934249401092751e-01,7.840405106544494629e-01,8.282950103282928911e-01,7.415001280605792999e-03,8.146207965910434029e-03,2.790880203247070312e-02,3.456168882548808774e-02,7.524355780333280563e-03,5.189113412052392613e-03,2.245808354928158224e-05,2.245808354928158224e-05
1.858158349990844727e+00,1.697287690639495805e+00,1.858180761337280273e+00,1.697310101985931352e+00,9.020100235939025879e-01,8.202352583408355491e-01,9.079241752624511719e-01,8.276978731155395508e-01,7.467909250408411026e-03,7.580775022506714041e-03,3.582250699400901794e-02,3.639669455587864200e-02,4.933790769428014755e-03,5.377106089144945318e-03,2.245974974357523024e-05,2.245974974357523024e-05
1.812496662139892578e+00,1.725235784053802401e+00,1.812519073486328125e+00,1.725258195400237948e+00,8.749862313270568848e-01,8.337370693683624490e-01,8.784699440002441406e-01,8.410649120807647261e-01,9.381719864904880524e-03,7.754276785999536341e-03,4.518068581819534302e-02,3.325085565447807173e-02,4.478137474507093430e-03,9.428698197007178913e-03,2.246049007226247340e-05,2.246049007226247340e-05
1.783993005752563477e+00,1.724484968185424849e+00,1.784015417098999023e+00,1.724507379531860396e+00,8.570151925086975098e-01,8.331906974315643755e-01,8.626797199249267578e-01,8.380373179912566917e-01,7.194337900727987289e-03,7.661897316575050007e-03,5.188530683517456055e-02,3.925852850079536438e-02,5.218495149165391922e-03,6.336566805839538401e-03,2.246190160803962499e-05,2.246190160803962499e-05
1.886685609817504883e+00,1.859826397895812944e+00,1.886708021163940430e+00,1.859848809242248491e+00,8.968036174774169922e-01,8.772632896900176558e-01,8.896666765213012695e-01,8.786090791225433794e-01,1.213851105421781540e-02,8.160990150645374558e-03,3.987281769514083862e-02,3.999780714511871199e-02,4.820402339100837708e-02,5.579520501196384707e-02,2.246512485726270825e-05,2.246512485726270825e-05
1.793637752532958984e+00,1.751132082939147905e+00,1.793660163879394531e+00,1.751154494285583452e+00,8.512440919876098633e-01,8.356569707393646240e-01,8.615695238113403320e-01,8.461754977703094260e-01,1.022780872881412506e-02,8.529498800635337483e-03,5.030316486954689026e-02,3.838091716170310974e-02,2.029315195977687836e-02,2.238920368254184584e-02,2.246647272841073573e-05,2.246647272841073573e-05
1.638732552528381348e+00,1.725649738311767489e+00,1.638754963874816895e+00,1.725672149658203036e+00,7.847491502761840820e-01,8.309227228164672852e-01,7.938373088836669922e-01,8.344759047031402588e-01,8.174962364137172699e-03,9.044073894619942058e-03,2.747986279428005219e-02,3.693424351513385773e-02,2.449115552008152008e-02,1.427282067015767097e-02,2.246703661512583494e-05,2.246703661512583494e-05
1.679571390151977539e+00,1.725805842876434237e+00,1.679593801498413086e+00,1.725828254222869784e+00,8.085247278213500977e-01,8.290170371532440408e-01,8.136715888977050781e-01,8.349631726741790771e-01,7.901106029748916626e-03,8.302595652639865181e-03,3.584146127104759216e-02,3.802588172256946702e-02,1.363259181380271912e-02,1.549712382256984711e-02,2.246750045742373914e-05,2.246750045742373914e-05
1.747813344001770020e+00,1.732394731044769376e+00,1.747835755348205566e+00,1.732417142391204923e+00,8.459674715995788574e-01,8.338970959186553511e-01,8.511968255043029785e-01,8.411553561687469260e-01,5.580562632530927658e-03,7.820325437933206558e-03,3.324785828590393066e-02,3.705088980495929718e-02,1.182066462934017181e-02,1.247105393558740546e-02,2.246832445962354541e-05,2.246832445962354541e-05
1.733903050422668457e+00,1.738419008255004838e+00,1.733925461769104004e+00,1.738441419601440385e+00,8.246891498565673828e-01,8.332968652248382568e-01,8.355595469474792480e-01,8.444020807743072288e-01,8.319715969264507294e-03,7.836961606517433426e-03,4.852782562375068665e-02,3.658062368631363054e-02,1.680670492351055145e-02,1.630248762667179177e-02,2.246833173558115959e-05,2.246833173558115959e-05
1.728985190391540527e+00,1.712389051914215088e+00,1.729007601737976074e+00,1.712411463260650635e+00,8.371630907058715820e-01,8.283976435661315474e-01,8.396399617195129395e-01,8.337588131427764448e-01,1.054007653146982193e-02,8.268375694751740196e-03,3.583460301160812378e-02,3.701497912406921664e-02,5.807426758110523224e-03,4.949246160686015736e-03,2.246867552457842976e-05,2.246867552457842976e-05
1.764549016952514648e+00,1.751051914691925004e+00,1.764571428298950195e+00,1.751074326038360551e+00,8.564479351043701172e-01,8.482820868492126909e-01,8.553952574729919434e-01,8.507294595241546853e-01,1.068270672112703323e-02,7.756777573376893997e-03,3.776840120553970337e-02,3.570467494428157529e-02,4.254720639437437057e-03,8.578884974122047077e-03,2.246861913590691984e-05,2.246861913590691984e-05
1.873616099357604980e+00,1.740358650684356689e+00,1.873638510704040527e+00,1.740381062030792236e+00,8.992150425910949707e-01,8.361106514930725098e-01,9.037432670593261719e-01,8.417559087276458296e-01,7.966986857354640961e-03,7.704326696693897074e-03,5.157408118247985840e-02,3.735535293817519864e-02,1.111679896712303162e-02,1.743240486830472877e-02,2.246640906378161162e-05,2.246640906378161162e-05
1.824158787727355957e+00,1.754974603652954102e+00,1.824181199073791504e+00,1.754997014999389648e+00,8.668506741523742676e-01,8.404175996780395286e-01,8.774027824401855469e-01,8.498954951763153520e-01,9.129992686212062836e-03,7.507953047752380545e-03,4.031589627265930176e-02,3.706335239112377306e-02,3.045957721769809723e-02,2.009022999554872443e-02,2.246712756459601223e-05,2.246712756459601223e-05
1.761422514915466309e+00,1.709151279926300004e+00,1.761444926261901855e+00,1.709173691272735551e+00,8.506329059600830078e-01,8.244992733001709206e-01,8.603764176368713379e-01,8.332044124603271706e-01,7.557134609669446945e-03,7.786144316196441477e-03,3.511727973818778992e-02,3.645590059459209720e-02,7.738825865089893341e-03,7.205539522692561497e-03,2.246859548904467374e-05,2.246859548904467374e-05
1.640988469123840332e+00,1.740410804748535156e+00,1.641010880470275879e+00,1.740433216094970703e+00,7.780556082725524902e-01,8.324186861515044944e-01,7.863995432853698730e-01,8.394020378589630571e-01,6.564732640981674194e-03,7.892856141552329063e-03,2.996089681982994080e-02,3.704705014824867526e-02,4.000766202807426453e-02,2.365014590322971413e-02,2.246983058284968138e-05,2.246983058284968138e-05
1.676013350486755371e+00,1.735183799266815097e+00,1.676035761833190918e+00,1.735206210613250644e+00,8.081095814704895020e-01,8.355552792549133523e-01,8.104166388511657715e-01,8.390885591506958008e-01,6.309791468083858490e-03,7.525001466274261301e-03,3.868678584694862366e-02,3.772973231971264024e-02,1.249058917164802551e-02,1.528524374589323997e-02,2.247043448733165860e-05,2.247043448733165860e-05
1.727866291999816895e+00,1.772590684890747115e+00,1.727888703346252441e+00,1.772613096237182662e+00,8.233293294906616211e-01,8.482893705368041992e-01,8.330141305923461914e-01,8.529806256294250044e-01,7.089931052178144455e-03,7.771116122603416790e-03,3.662868216633796692e-02,3.680576458573341092e-02,2.780416421592235565e-02,2.674380149692296912e-02,2.247053635073825717e-05,2.247053635073825717e-05
1.898676514625549316e+00,1.905477893352508501e+00,1.898699045181274414e+00,1.905500423908233598e+00,8.767108321189880371e-01,8.797674477100372314e-01,8.691567182540893555e-01,8.775846123695373313e-01,8.055022917687892914e-03,7.880846271291375160e-03,3.229856118559837341e-02,4.094563424587249756e-02,1.124555021524429321e-01,9.929935038089751642e-02,2.247286829515360296e-05,2.247286829515360296e-05
1.797178387641906738e+00,1.747935295104980469e+00,1.797200918197631836e+00,1.747957825660705566e+00,8.421656489372253418e-01,8.342115223407745583e-01,8.776199221611022949e-01,8.452063441276550515e-01,1.262863166630268097e-02,9.137671533972024571e-03,4.664894938468933105e-02,4.430718459188938418e-02,1.811512745916843414e-02,1.507256338372826507e-02,2.247606607852503657e-05,2.247606607852503657e-05
1.689498782157897949e+00,1.725655186176300093e+00,1.689521312713623047e+00,1.725677716732025191e+00,8.141785264015197754e-01,8.284827888011931929e-01,8.238126635551452637e-01,8.379544794559479204e-01,7.603997830301523209e-03,8.800628315657376549e-03,3.782325237989425659e-02,4.517561495304107944e-02,6.080402527004480362e-03,5.241666501387953585e-03,2.247752127004787326e-05,2.247752127004787326e-05
1.759510159492492676e+00,1.796685719490051181e+00,1.759532690048217773e+00,1.796708250045776278e+00,8.454152941703796387e-01,8.520251989364624468e-01,8.491696119308471680e-01,8.648500442504882812e-01,8.044950664043426514e-03,8.624856732785702099e-03,3.247234225273132324e-02,3.975648805499076843e-02,2.440800704061985016e-02,3.142915572971105576e-02,2.247784141218289733e-05,2.247784141218289733e-05
1.717002511024475098e+00,1.715518426895141557e+00,1.717025041580200195e+00,1.715540957450866655e+00,8.230643272399902344e-01,8.258066236972808616e-01,8.341475129127502441e-01,8.370755553245544656e-01,9.579352103173732758e-03,8.204629551619291652e-03,4.358205944299697876e-02,3.919249735772609849e-02,6.629302632063627243e-03,5.239112209528684963e-03,2.247955126222223043e-05,2.247955126222223043e-05
1.827692031860351562e+00,1.747935903072357133e+00,1.827714562416076660e+00,1.747958433628082231e+00,8.810507655143737793e-01,8.404279351234436035e-01,8.842734694480895996e-01,8.428820490837096724e-01,7.941756397485733032e-03,8.007972920313476822e-03,4.233965277671813965e-02,3.774306699633598466e-02,1.208637189120054245e-02,1.887492816895246575e-02,2.247788870590738952e-05,2.247788870590738952e-05
1.692177057266235352e+00,1.745873236656188876e+00,1.692199587821960449e+00,1.745895767211913974e+00,8.175260424613952637e-01,8.398033022880554421e-01,8.242031335830688477e-01,8.453135430812835915e-01,7.891081273555755615e-03,8.339059539139270782e-03,2.718564122915267944e-02,3.715206310153007507e-02,1.537124812602996826e-02,1.526522645726799930e-02,2.247733209514990449e-05,2.247733209514990449e-05
1.746257662773132324e+00,1.710412454605102495e+00,1.746280193328857422e+00,1.710434985160827592e+00,8.412260413169860840e-01,8.263431012630462202e-01,8.458976149559020996e-01,8.340639889240264448e-01,6.620505359023809433e-03,7.180627714842557734e-03,4.578700289130210876e-02,3.682548515498638292e-02,6.726481020450592041e-03,5.999291688203811992e-03,2.247941301902756095e-05,2.247941301902756095e-05
1.738644480705261230e+00,1.714748334884643510e+00,1.738667011260986328e+00,1.714770865440368608e+00,8.412052392959594727e-01,8.261571943759917769e-01,8.484649658203125000e-01,8.390745162963867410e-01,8.203714154660701752e-03,7.313689216971397400e-03,3.526418656110763550e-02,3.620889708399772922e-02,5.506454501301050186e-03,5.993996514007449150e-03,2.247940574306994677e-05,2.247940574306994677e-05
1.754791378974914551e+00,1.714529013633728116e+00,1.754813909530639648e+00,1.714551544189453214e+00,8.477937579154968262e-01,8.287236034870147927e-01,8.561277985572814941e-01,8.347135484218597412e-01,7.583532016724348068e-03,7.919732993468642929e-03,3.820471093058586121e-02,3.722568713128567019e-02,5.081674549728631973e-03,5.946428561583161181e-03,2.248003329441417009e-05,2.248003329441417009e-05
1.623606204986572266e+00,1.715066885948181241e+00,1.623628735542297363e+00,1.715089416503906339e+00,7.824380993843078613e-01,8.280650615692138894e-01,7.904900908470153809e-01,8.350551605224609819e-01,8.776994422078132629e-03,7.266822084784507578e-03,3.122605383396148682e-02,3.540043830871582309e-02,1.067489851266145706e-02,9.279382694512606361e-03,2.248176497232634574e-05,2.248176497232634574e-05
1.660076498985290527e+00,1.700479590892791659e+00,1.660099029541015625e+00,1.700502121448516757e+00,8.039107918739318848e-01,8.219671726226807085e-01,8.082832098007202148e-01,8.277007162570952925e-01,5.753021221607923508e-03,6.957601383328437458e-03,3.509590402245521545e-02,3.758805990219116211e-02,7.033474277704954147e-03,6.266053393483161579e-03,2.248292730655521154e-05,2.248292730655521154e-05
1.727997899055480957e+00,1.839586806297302202e+00,1.728020429611206055e+00,1.839609336853027299e+00,8.195063471794128418e-01,8.682550489902496338e-01,8.198217749595642090e-01,8.719262003898620161e-01,5.535326432436704636e-03,7.450429815798997532e-03,3.056525439023971558e-02,3.677809424698352814e-02,5.256916955113410950e-02,5.517702586948871474e-02,2.248314558528363705e-05,2.248314558528363705e-05
1.757404804229736328e+00,1.735985517501831055e+00,1.757427334785461426e+00,1.736008048057556152e+00,8.508028388023376465e-01,8.361206471920012984e-01,8.533360362052917480e-01,8.387136936187744585e-01,7.310172077268362045e-03,7.155444845557213177e-03,3.026401437819004059e-02,3.638530746102332930e-02,1.569173485040664673e-02,1.761045213788747787e-02,2.248447162855882198e-05,2.248447162855882198e-05
1.809724092483520508e+00,1.704538679122924894e+00,1.809746623039245605e+00,1.704561209678649991e+00,8.725894689559936523e-01,8.220853507518768311e-01,8.774806261062622070e-01,8.303959071636199951e-01,6.200256291776895523e-03,7.362331030890345573e-03,4.891638085246086121e-02,3.904431425035000125e-02,4.537391476333141327e-03,5.650776717811822718e-03,2.248697819595690817e-05,2.248697819595690817e-05
1.788727045059204102e+00,1.706081950664520175e+00,1.788749575614929199e+00,1.706104481220245273e+00,8.642778396606445312e-01,8.250566124916076660e-01,8.718081116676330566e-01,8.304939389228820357e-01,9.177603758871555328e-03,7.683507539331913341e-03,3.647550940513610840e-02,3.360004797577857694e-02,6.988041568547487259e-03,9.247830323874949715e-03,2.248719829367473722e-05,2.248719829367473722e-05
1.787690401077270508e+00,1.748037374019622892e+00,1.787712931632995605e+00,1.748059904575347989e+00,8.551468253135681152e-01,8.338208913803100142e-01,8.608012199401855469e-01,8.423226952552795854e-01,8.658511564135551453e-03,7.565326709300279791e-03,3.688101097941398621e-02,3.809589184820651869e-02,2.620282210409641266e-02,2.623255886137485643e-02,2.248527744086459279e-05,2.248527744086459279e-05
1.983639121055603027e+00,1.917447507381439209e+00,1.983661651611328125e+00,1.917470037937164307e+00,8.831588029861450195e-01,8.803498089313507302e-01,9.044772386550903320e-01,8.908805489540100320e-01,6.130502093583345413e-03,8.009389927610754273e-03,4.051545262336730957e-02,4.488263130187988142e-02,1.493572294712066650e-01,9.332515969872474948e-02,2.248662713100202382e-05,2.248662713100202382e-05
2.014567375183105469e+00,2.311923456192016779e+00,2.014589786529541016e+00,2.311945867538452326e+00,9.251172542572021484e-01,1.025939977169036954e+00,9.321730136871337891e-01,1.058551847934722900e+00,1.305923238396644592e-02,9.566410910338163376e-03,5.273131281137466431e-02,5.000255629420280457e-02,9.148649126291275024e-02,1.678627878427505493e-01,2.248731107101775706e-05,2.248731107101775706e-05
1.796395301818847656e+00,1.757636427879333496e+00,1.796417832374572754e+00,1.757658958435058594e+00,8.566134572029113770e-01,8.400788426399230513e-01,8.664466738700866699e-01,8.465681612491607888e-01,1.114415097981691360e-02,1.159078711643815075e-02,4.285699129104614258e-02,4.454517960548400740e-02,1.933405734598636627e-02,1.485346816480159760e-02,2.249237695650663227e-05,2.249237695650663227e-05
1.691257476806640625e+00,1.768867635726928622e+00,1.691280007362365723e+00,1.768890166282653720e+00,8.039993643760681152e-01,8.436853289604187012e-01,7.972761392593383789e-01,8.452458739280700462e-01,1.366640068590641022e-02,9.215442556887864720e-03,4.638113081455230713e-02,4.391649477183819095e-02,2.993450686335563660e-02,2.680449802428484102e-02,2.249518365715630352e-05,2.249518365715630352e-05
1.752086520195007324e+00,1.729190206527710050e+00,1.752109050750732422e+00,1.729212737083435147e+00,8.480139374732971191e-01,8.339652955532074197e-01,8.511569499969482422e-01,8.387671053409576638e-01,6.359141785651445389e-03,8.868815377354621887e-03,3.977248817682266235e-02,4.106983765959739546e-02,6.784080993384122849e-03,6.519156415015459408e-03,2.249580938951112330e-05,2.249580938951112330e-05
1.694785714149475098e+00,1.721171450614929155e+00,1.694808244705200195e+00,1.721193981170654252e+00,8.218356966972351074e-01,8.303364276885986106e-01,8.209363818168640137e-01,8.353135466575623003e-01,5.772212520241737366e-03,8.025762997567654003e-03,3.886447101831436157e-02,4.023795537650585313e-02,7.376883644610643387e-03,7.257775729522108685e-03,2.249708813906181604e-05,2.249708813906181604e-05
1.844966292381286621e+00,1.725053668022155762e+00,1.844988822937011719e+00,1.725076198577880859e+00,8.804505467414855957e-01,8.281785845756530762e-01,8.973549604415893555e-01,8.355219781398772749e-01,1.080493535846471786e-02,7.672278443351387978e-03,4.049113392829895020e-02,3.799212127923965593e-02,1.586468517780303955e-02,1.568872751668095450e-02,2.249659883091226220e-05,2.249659883091226220e-05
1.683973312377929688e+00,1.739513015747070401e+00,1.683995842933654785e+00,1.739535546302795499e+00,8.163287639617919922e-01,8.383588731288910134e-01,8.169034719467163086e-01,8.417216300964355247e-01,5.934226792305707932e-03,7.590267201885580670e-03,3.420543670654296875e-02,3.653888069093227248e-02,1.060140132904052734e-02,1.530338292941451142e-02,2.249747558380477130e-05,2.249747558380477130e-05
2.423239946365356445e+00,2.171242570877075284e+00,2.423262357711791992e+00,2.171264982223510831e+00,1.061545014381408691e+00,9.614689767360686812e-01,1.053466200828552246e+00,9.667892515659332053e-01,7.458669599145650864e-03,7.550142426043749029e-03,3.939775004982948303e-02,4.094445630908012668e-02,2.613722980022430420e-01,1.944897413253784124e-01,2.249850876978598535e-05,2.249850876978598535e-05
1.891813516616821289e+00,1.814932012557983310e+00,1.891836047172546387e+00,1.814954543113708407e+00,8.911834955215454102e-01,8.592337012290954812e-01,8.966326117515563965e-01,8.657618701457977517e-01,1.229736395180225372e-02,1.019729031249880756e-02,6.930645555257797241e-02,4.999244175851345201e-02,2.239357493817806244e-02,2.974669001996517112e-02,2.250098987133242190e-05,2.250098987133242190e-05
1.727114081382751465e+00,1.723967564105987504e+00,1.727136611938476562e+00,1.723990094661712602e+00,8.305259346961975098e-01,8.292908012866974099e-01,8.395113348960876465e-01,8.388314247131347656e-01,9.679393842816352844e-03,1.007283311337232520e-02,4.109967127442359924e-02,4.065365381538867812e-02,6.297765765339136124e-03,5.118844378739595240e-03,2.250371471745893359e-05,2.250371471745893359e-05
1.762909889221191406e+00,1.743407666683197021e+00,1.762932419776916504e+00,1.743430197238922119e+00,8.485742211341857910e-01,8.366289854049682173e-01,8.607189059257507324e-01,8.443918108940124956e-01,8.866998367011547089e-03,9.197026118636130940e-03,3.426191955804824829e-02,4.086994640529155454e-02,1.048782560974359512e-02,1.231990391388535465e-02,2.250459147035144269e-05,2.250459147035144269e-05
1.777362465858459473e+00,1.722481596469879195e+00,1.777384996414184570e+00,1.722504127025604292e+00,8.567973971366882324e-01,8.311587512493133767e-01,8.647101521492004395e-01,8.377325594425201194e-01,8.471897803246974945e-03,7.764716446399688547e-03,4.223996400833129883e-02,4.049632698297500610e-02,5.143044516444206238e-03,5.329225631430745298e-03,2.250530451419763267e-05,2.250530451419763267e-05
1.701120853424072266e+00,1.712021279335022017e+00,1.701143383979797363e+00,1.712043809890747115e+00,8.197613358497619629e-01,8.248794972896575928e-01,8.290231823921203613e-01,8.334828913211822510e-01,7.120092399418354034e-03,7.764182891696691860e-03,4.157845303416252136e-02,4.121874719858169278e-02,3.637788584455847740e-03,4.675944754853844816e-03,2.250522084068506956e-05,2.250522084068506956e-05
1.689919233322143555e+00,1.707258701324462891e+00,1.689941763877868652e+00,1.707281231880187988e+00,8.205128312110900879e-01,8.241780638694763406e-01,8.261440992355346680e-01,8.325679838657379372e-01,9.427355602383613586e-03,7.592195831239223654e-03,2.868212945759296417e-02,3.795658834278583388e-02,5.152871832251548767e-03,4.963848693296313459e-03,2.250444231322035193e-05,2.250444231322035193e-05
1.662626385688781738e+00,1.695782876014709561e+00,1.662648916244506836e+00,1.695805406570434659e+00,8.080084323883056641e-01,8.200599431991577593e-01,8.120262026786804199e-01,8.264306306838988814e-01,5.048695020377635956e-03,7.316567283123731440e-03,3.086335770785808563e-02,3.749810643494129458e-02,6.679540034383535385e-03,4.477647272869944919e-03,2.250490069855004549e-05,2.250490069855004549e-05
1.653441548347473145e+00,1.710022079944610640e+00,1.653464078903198242e+00,1.710044610500335738e+00,7.981587648391723633e-01,8.256999075412749800e-01,7.997776865959167480e-01,8.316397488117217573e-01,6.227301899343729019e-03,7.664069440215826381e-03,3.700612485408782959e-02,3.712454251945018768e-02,1.227174419909715652e-02,7.893818523734807621e-03,2.250470788567326963e-05,2.250470788567326963e-05
1.675885200500488281e+00,1.700104439258575351e+00,1.675907731056213379e+00,1.700126969814300448e+00,8.135753870010375977e-01,8.208475887775421587e-01,8.241941928863525391e-01,8.285537123680114524e-01,6.504774559289216995e-03,7.014424027875065977e-03,2.704987488687038422e-02,3.850517049431800842e-02,4.560909699648618698e-03,5.183572322130203594e-03,2.250465149700175971e-05,2.250465149700175971e-05
1.666819334030151367e+00,1.706284213066101119e+00,1.666841864585876465e+00,1.706306743621826216e+00,8.068545460700988770e-01,8.246639788150786909e-01,8.104752898216247559e-01,8.302226841449737993e-01,4.554301500320434570e-03,6.851159641519189228e-03,3.973311185836791992e-02,3.711326792836189270e-02,5.202030297368764877e-03,7.433146145194769253e-03,2.250450779683887959e-05,2.250450779683887959e-05
1.764641761779785156e+00,1.694269025325775058e+00,1.764664292335510254e+00,1.694291555881500155e+00,8.524007797241210938e-01,8.190947473049163818e-01,8.604897260665893555e-01,8.259955465793609175e-01,7.797237019985914230e-03,6.840784754604101355e-03,3.968914225697517395e-02,3.812258094549179216e-02,4.264875780791044235e-03,4.215409699827432806e-03,2.250534453196451068e-05,2.250534453196451068e-05
1.706517219543457031e+00,1.753831958770752042e+00,1.706539750099182129e+00,1.753854489326477140e+00,8.246239423751831055e-01,8.433496654033660889e-01,8.313341736793518066e-01,8.550913214683533159e-01,7.875361479818820953e-03,6.786528741940855980e-03,3.077768720686435699e-02,3.669813610613346239e-02,1.190598215907812119e-02,1.190624507144093583e-02,2.250715260743163526e-05,2.250715260743163526e-05
1.811002731323242188e+00,1.736435246467590288e+00,1.811025261878967285e+00,1.736457777023315385e+00,8.767923712730407715e-01,8.370726048946380837e-01,8.834199309349060059e-01,8.417805552482604536e-01,7.263580802828073502e-03,6.583319045603275299e-03,3.338265046477317810e-02,3.599602840840816775e-02,1.014420762658119202e-02,1.500273104757070611e-02,2.250798934255726635e-05,2.250798934255726635e-05
1.682108759880065918e+00,1.709025144577026367e+00,1.682131290435791016e+00,1.709047675132751465e+00,8.105224370956420898e-01,8.201881527900696245e-01,8.209511041641235352e-01,8.287361621856689231e-01,8.470221422612667084e-03,6.564855342730879784e-03,3.331192210316658020e-02,4.018147885799407820e-02,8.853089064359664917e-03,1.335451053455471992e-02,2.250982106488663703e-05,2.250982106488663703e-05
1.625291705131530762e+00,1.703457200527191073e+00,1.625314235687255859e+00,1.703479731082916171e+00,7.857508063316345215e-01,8.217640042304992232e-01,7.988324761390686035e-01,8.290893673896789773e-01,9.805178269743919373e-03,7.242722855880856687e-03,2.645867876708507538e-02,3.817687854170799533e-02,4.444641061127185822e-03,7.184237893670797521e-03,2.251007026643492281e-05,2.251007026643492281e-05
1.772315144538879395e+00,1.705048429965972945e+00,1.772337675094604492e+00,1.705070960521698042e+00,8.482932448387145996e-01,8.228136420249938521e-01,8.639787435531616211e-01,8.261295616626739280e-01,9.412217885255813599e-03,6.273630633950233113e-03,4.200847446918487549e-02,3.837766051292419711e-02,8.622548542916774750e-03,1.145391473546624253e-02,2.251161276944912970e-05,2.251161276944912970e-05
1.601891517639160156e+00,1.707491517066955566e+00,1.601914048194885254e+00,1.707514047622680664e+00,7.724156975746154785e-01,8.251326799392699751e-01,7.808692455291748047e-01,8.309987723827362283e-01,7.165648974478244781e-03,7.719044154509901827e-03,2.986341901123523712e-02,3.531173653900623183e-02,1.157750468701124191e-02,8.329271199181675564e-03,2.251272235298529267e-05,2.251272235298529267e-05
1.753631591796875000e+00,1.720551228523254483e+00,1.753654122352600098e+00,1.720573759078979581e+00,8.384614586830139160e-01,8.262380838394165483e-01,8.463088274002075195e-01,8.296632349491119829e-01,6.097172386944293976e-03,6.366221420466900045e-03,2.650651521980762482e-02,3.831757158041000644e-02,3.625748679041862488e-02,1.996610462665558000e-02,2.251332989544607699e-05,2.251332989544607699e-05
1.758191466331481934e+00,1.740952050685882657e+00,1.758213996887207031e+00,1.740974581241607755e+00,8.365780115127563477e-01,8.377149343490600808e-01,8.421042561531066895e-01,8.383030712604522261e-01,8.469070307910442352e-03,6.365531217306851994e-03,4.496594518423080444e-02,3.898857720196247101e-02,2.607404999434947968e-02,1.957993470132350991e-02,2.251240221085026860e-05,2.251240221085026860e-05
1.730741262435913086e+00,1.720543968677520796e+00,1.730763792991638184e+00,1.720566499233245894e+00,8.358228206634521484e-01,8.257264912128448042e-01,8.481945991516113281e-01,8.379374742507934570e-01,7.295709103345870972e-03,6.437495397403836077e-03,3.138962015509605408e-02,4.270682409405708591e-02,8.038556203246116638e-03,7.735688844695687641e-03,2.251493060612119734e-05,2.251493060612119734e-05
1.762663602828979492e+00,1.743816113471984952e+00,1.762686133384704590e+00,1.743838644027710050e+00,8.368673324584960938e-01,8.322485029697418435e-01,8.451421856880187988e-01,8.375470459461211714e-01,7.423002738505601883e-03,7.882439810782671669e-03,5.172484368085861206e-02,4.652144350111484666e-02,2.150636725127696991e-02,1.961669847369194170e-02,2.251777368655893952e-05,2.251777368655893952e-05
1.867619752883911133e+00,1.846133232116699219e+00,1.867642283439636230e+00,1.846155762672424316e+00,8.753859400749206543e-01,8.636011838912963645e-01,8.862430453300476074e-01,8.748745679855346458e-01,1.024026889353990555e-02,8.251438336446880600e-03,4.200809448957443237e-02,4.579971246421336850e-02,5.374243855476379395e-02,5.360630899667739868e-02,2.251833211630582809e-05,2.251833211630582809e-05
1.742750048637390137e+00,1.830628216266632080e+00,1.742772579193115234e+00,1.830650746822357178e+00,8.237925767898559570e-01,8.548575639724731445e-01,8.297696113586425781e-01,8.723278045654296875e-01,6.024899892508983612e-03,8.067913213744759213e-03,5.258139595389366150e-02,4.619378075003623824e-02,3.058150224387645721e-02,4.918116778135299405e-02,2.251967998745385557e-05,2.251967998745385557e-05
1.795441985130310059e+00,1.718850529193878263e+00,1.795464515686035156e+00,1.718873059749603360e+00,8.585053086280822754e-01,8.269506275653839555e-01,8.660053014755249023e-01,8.315371215343475564e-01,7.405666168779134750e-03,7.696355832740664829e-03,5.640924721956253052e-02,4.432529844343661984e-02,7.116411812603473663e-03,8.341086190193891178e-03,2.251966725452803075e-05,2.251966725452803075e-05
1.698461771011352539e+00,1.734821081161499023e+00,1.698484301567077637e+00,1.734843611717224121e+00,8.218328952789306641e-01,8.374876677989959717e-01,8.229591250419616699e-01,8.397593200206756592e-01,6.438690703362226486e-03,7.709863875061273401e-03,3.817597404122352600e-02,4.005212709307670593e-02,9.055075235664844513e-03,9.812110383063555458e-03,2.251872683700639755e-05,2.251872683700639755e-05
1.657384276390075684e+00,1.712776505947112948e+00,1.657406806945800781e+00,1.712799036502838046e+00,7.964943051338195801e-01,8.250177502632141113e-01,8.056147694587707520e-01,8.317277491092681663e-01,1.099782902747392654e-02,7.207865174859762018e-03,3.452264145016670227e-02,3.978002108633518080e-02,9.754738770425319672e-03,9.043085295706987728e-03,2.251920159324072301e-05,2.251920159324072301e-05
1.641154050827026367e+00,1.708723092079162509e+00,1.641176581382751465e+00,1.708745622634887606e+00,7.896560430526733398e-01,8.245310187339782715e-01,7.968780398368835449e-01,8.298331320285796675e-01,9.470528922975063324e-03,6.964943557977676565e-03,3.762387111783027649e-02,4.133483022451400757e-02,7.525576744228601456e-03,6.059185834601521492e-03,2.251947444165125489e-05,2.251947444165125489e-05
1.636231422424316406e+00,1.705361032485961825e+00,1.636253952980041504e+00,1.705383563041686923e+00,7.907403111457824707e-01,8.222300112247467041e-01,7.939815521240234375e-01,8.281042933464050071e-01,5.925913807004690170e-03,6.800883775576948773e-03,3.838031738996505737e-02,4.156826697289943418e-02,7.203421555459499359e-03,6.657601427286862980e-03,2.251885052828583866e-05,2.251885052828583866e-05
1.731897115707397461e+00,1.766056811809539884e+00,1.731919646263122559e+00,1.766079342365264981e+00,8.253643512725830078e-01,8.462752699851989746e-01,8.240474462509155273e-01,8.501592218875885232e-01,7.788674440234899521e-03,6.802827119827270508e-03,3.866074979305267334e-02,3.899051584303379198e-02,3.603590279817581177e-02,2.382893711328506331e-02,2.251924524898640811e-05,2.251924524898640811e-05
1.787506937980651855e+00,1.707673823833465665e+00,1.787529468536376953e+00,1.707696354389190763e+00,8.590416908264160156e-01,8.227375805377959983e-01,8.655831217765808105e-01,8.310582697391509788e-01,5.548385437577962875e-03,6.667352281510829926e-03,5.183622986078262329e-02,3.957751989364623885e-02,5.497470963746309280e-03,7.633103895932436336e-03,2.252020203741267323e-05,2.252020203741267323e-05
1.622630476951599121e+00,1.717421424388885454e+00,1.622653007507324219e+00,1.717443954944610551e+00,7.774350643157958984e-01,8.274942696094512717e-01,7.920031547546386719e-01,8.334960222244263139e-01,8.053838275372982025e-03,6.558626377955079252e-03,3.630994260311126709e-02,3.960719406604766568e-02,8.828524500131607056e-03,1.026530200615525211e-02,2.252121521451044828e-05,2.252121521451044828e-05
1.677505373954772949e+00,1.699017834663391069e+00,1.677527904510498047e+00,1.699040365219116167e+00,8.148768544197082520e-01,8.203331589698791282e-01,8.188974857330322266e-01,8.266543805599212424e-01,5.790811497718095779e-03,6.983665004372596914e-03,3.096341900527477264e-02,3.743261732161044797e-02,6.976829841732978821e-03,7.614020258188247681e-03,2.252064587082713842e-05,2.252064587082713842e-05
1.759858369827270508e+00,1.688975238800048739e+00,1.759880900382995605e+00,1.688997769355773837e+00,8.502978086471557617e-01,8.158113062381744385e-01,8.498480916023254395e-01,8.217612504959106445e-01,7.844411768019199371e-03,6.791535625234245907e-03,4.706679657101631165e-02,3.842334114015102248e-02,4.801162518560886383e-03,6.187786255031824459e-03,2.252036756544839591e-05,2.252036756544839591e-05
1.714229702949523926e+00,1.697685277462005704e+00,1.714252233505249023e+00,1.697707808017730802e+00,8.315120935440063477e-01,8.200240075588226540e-01,8.341268897056579590e-01,8.244720935821533425e-01,6.732344627380371094e-03,7.521079154685139656e-03,3.380233049392700195e-02,3.695378974080085893e-02,8.056037127971649170e-03,8.714312780648469578e-03,2.252016201964579523e-05,2.252016201964579523e-05
1.745184183120727539e+00,1.686288547515869096e+00,1.745206713676452637e+00,1.686311078071594194e+00,8.378771543502807617e-01,8.120819568634033425e-01,8.454993963241577148e-01,8.222859978675842729e-01,1.064496394246816635e-02,6.779373949393629681e-03,4.718597233295440674e-02,3.973926194012165208e-02,3.976677078753709793e-03,5.401967698708176960e-03,2.252028934890404344e-05,2.252028934890404344e-05
1.558899521827697754e+00,1.705752301216125533e+00,1.558922052383422852e+00,1.705774831771850630e+00,7.573786973953247070e-01,8.222977817058563232e-01,7.597165703773498535e-01,8.300305426120757613e-01,5.649772007018327713e-03,6.592020764946937908e-03,2.956738695502281189e-02,3.762310706079006334e-02,6.587074138224124908e-03,9.208860993385314248e-03,2.252095146104693413e-05,2.252095146104693413e-05
1.649959206581115723e+00,1.702192044258117765e+00,1.649981737136840820e+00,1.702214574813842862e+00,7.984591722488403320e-01,8.220661342144012229e-01,8.020774126052856445e-01,8.305457055568694624e-01,6.884800735861063004e-03,6.063894229009747158e-03,3.689707443118095398e-02,3.740716762840747694e-02,5.640782415866851807e-03,6.109138624742627491e-03,2.252145714010111988e-05,2.252145714010111988e-05
1.734222650527954102e+00,1.694140160083770663e+00,1.734245181083679199e+00,1.694162690639495761e+00,8.391982913017272949e-01,8.145146846771240678e-01,8.423737883567810059e-01,8.234147727489471436e-01,6.885705981403589249e-03,6.682230206206440752e-03,3.530982136726379395e-02,3.734221644699573656e-02,1.045515481382608414e-02,1.218624310567975079e-02,2.252317608508747071e-05,2.252317608508747071e-05
1.774695515632629395e+00,1.716321778297424272e+00,1.774718046188354492e+00,1.716344308853149370e+00,8.533295392990112305e-01,8.215809881687163863e-01,8.593845367431640625e-01,8.350431680679321067e-01,5.397926084697246552e-03,6.418712856248021299e-03,4.465829953551292419e-02,4.269234016537666598e-02,1.192526239901781082e-02,1.058658417314290931e-02,2.252611375297419727e-05,2.252611375297419727e-05
1.885610103607177734e+00,1.973671126365661666e+00,1.885632634162902832e+00,1.973693656921386763e+00,8.793983459472656250e-01,8.937252998352051003e-01,8.846560120582580566e-01,9.089369475841522217e-01,6.016533356159925461e-03,7.946392707526683113e-03,3.484660014510154724e-02,5.000810809433460513e-02,8.069273829460144043e-02,1.130543939769268064e-01,2.252882768516428769e-05,2.252882768516428769e-05
1.687308430671691895e+00,1.735697591304778964e+00,1.687330961227416992e+00,1.735720121860504062e+00,8.108869194984436035e-01,8.297705292701721413e-01,8.192200660705566406e-01,8.429796993732452393e-01,1.120004709810018539e-02,7.595181930810213089e-03,3.654194995760917664e-02,4.736712351441383501e-02,9.459502063691616058e-03,7.985052559524774898e-03,2.253323509648907930e-05,2.253323509648907930e-05
1.746956944465637207e+00,1.719442164897918790e+00,1.746979475021362305e+00,1.719464695453643888e+00,8.439196944236755371e-01,8.253327310085296631e-01,8.468756079673767090e-01,8.385922014713287354e-01,6.801303476095199585e-03,7.808498805388808250e-03,4.521788656711578369e-02,4.264595471322536746e-02,4.142509307712316513e-03,5.062746303156018431e-03,2.253532329632434994e-05,2.253532329632434994e-05
1.677651286125183105e+00,1.712935090065002441e+00,1.677673816680908203e+00,1.712957620620727539e+00,8.121266961097717285e-01,8.234053134918213335e-01,8.165829181671142578e-01,8.361444711685180886e-01,6.394235882908105850e-03,7.450966956093907009e-03,3.677760809659957886e-02,4.182832427322864810e-02,5.769823677837848663e-03,4.106004443019628698e-03,2.253573620691895485e-05,2.253573620691895485e-05
1.707582592964172363e+00,1.715696263313293501e+00,1.707605123519897461e+00,1.715718793869018599e+00,8.046188354492187500e-01,8.246161222457886186e-01,8.392277359962463379e-01,8.340284287929534690e-01,1.680932752788066864e-02,8.997187670320271752e-03,4.049132019281387329e-02,4.147282131016254147e-02,6.435339804738759995e-03,6.581684388220310038e-03,2.253503589599858969e-05,2.253503589599858969e-05
1.658314943313598633e+00,1.703675043582916215e+00,1.658337473869323730e+00,1.703697574138641313e+00,8.029162883758544922e-01,8.244862139225006548e-01,8.074033260345458984e-01,8.302669644355773482e-01,4.140830133110284805e-03,6.600175611674785267e-03,3.848041966557502747e-02,3.829867243766784529e-02,5.374079104512929916e-03,4.023025301285088409e-03,2.253533966722898185e-05,2.253533966722898185e-05
1.803700804710388184e+00,1.722190904617309615e+00,1.803723335266113281e+00,1.722213435173034712e+00,8.716601133346557617e-01,8.288175702095031960e-01,8.727498054504394531e-01,8.367022156715393510e-01,8.183216676115989685e-03,7.339674560353159731e-03,4.302537813782691956e-02,3.783031031489372115e-02,8.082294836640357971e-03,1.150111192837357556e-02,2.253567072330042720e-05,2.253567072330042720e-05
1.779641151428222656e+00,1.725742125511169345e+00,1.779663681983947754e+00,1.725764656066894442e+00,8.609526157379150391e-01,8.326439917087554710e-01,8.613521456718444824e-01,8.390657424926757368e-01,4.361019469797611237e-03,6.926682870835065495e-03,4.486650228500366211e-02,3.624782226979732236e-02,8.108809590339660645e-03,1.085789408534765244e-02,2.253565617138519883e-05,2.253565617138519883e-05
1.771330952644348145e+00,1.760646426677703769e+00,1.771353483200073242e+00,1.760668957233428866e+00,8.547080755233764648e-01,8.473401486873626265e-01,8.601219058036804199e-01,8.540566146373749223e-01,6.533910986036062241e-03,6.184154748916625630e-03,3.403141349554061890e-02,3.728681690990924558e-02,1.593583077192306519e-02,1.577870976179838319e-02,2.253627098980359733e-05,2.253627098980359733e-05
1.746671080589294434e+00,1.728258693218231112e+00,1.746693611145019531e+00,1.728281223773956210e+00,8.369390368461608887e-01,8.287367284297942893e-01,8.475132584571838379e-01,8.350360870361328569e-01,7.545005995780229568e-03,6.230504577979445111e-03,4.237085208296775818e-02,3.851150907576084137e-02,1.230300497263669968e-02,1.974384430795907835e-02,2.253701313748024404e-05,2.253701313748024404e-05
1.752142548561096191e+00,1.703832221031188920e+00,1.752165079116821289e+00,1.703854751586914018e+00,8.516012430191040039e-01,8.245872378349303755e-01,8.525900244712829590e-01,8.296753764152526855e-01,4.174534697085618973e-03,6.278064521029591734e-03,3.696470707654953003e-02,3.647568710148334226e-02,6.812137085944414139e-03,6.815846497192979032e-03,2.253690763609483838e-05,2.253690763609483838e-05
1.655901193618774414e+00,1.711520898342132613e+00,1.655923724174499512e+00,1.711543428897857710e+00,8.036248683929443359e-01,8.246572196483612505e-01,8.070920705795288086e-01,8.322569787502288596e-01,7.863034494221210480e-03,6.385230878368020231e-03,2.846450917422771454e-02,3.675285950303077559e-02,8.856674656271934509e-03,1.146860001608729362e-02,2.253782076877541840e-05,2.253782076877541840e-05
1.662410378456115723e+00,1.710826539993286044e+00,1.662432909011840820e+00,1.710849070549011142e+00,8.019511103630065918e-01,8.243004262447357622e-01,8.100277781486511230e-01,8.308144986629486528e-01,6.044756621122360229e-03,6.203903583809733391e-03,3.367953747510910034e-02,3.577658496797084947e-02,1.070729549974203110e-02,1.373112574219703674e-02,2.253803540952503681e-05,2.253803540952503681e-05
1.561889290809631348e+00,1.683732151985168457e+00,1.561911821365356445e+00,1.683754682540893555e+00,7.539903521537780762e-01,8.134792447090148926e-01,7.601307034492492676e-01,8.200200438499450906e-01,6.021733861416578293e-03,6.207149662077427084e-03,3.377306088805198669e-02,3.627597726881504059e-02,7.973399013280868530e-03,7.749729324132204056e-03,2.253825368825346231e-05,2.253825368825346231e-05
1.614987254142761230e+00,1.712405872344970659e+00,1.615009784698486328e+00,1.712428402900695756e+00,7.799409031867980957e-01,8.242356300354003462e-01,7.826423048973083496e-01,8.299849212169647661e-01,6.868091877549886703e-03,6.193680316209792744e-03,2.877576649188995361e-02,3.709061741828918735e-02,1.676015369594097137e-02,1.490098573267459835e-02,2.253878665214870125e-05,2.253878665214870125e-05
1.716594338417053223e+00,1.713888525962829590e+00,1.716616868972778320e+00,1.713911056518554688e+00,8.263099789619445801e-01,8.254938602447510210e-01,8.255493640899658203e-01,8.302317082881927046e-01,8.387630805373191833e-03,6.117680156603455370e-03,4.422793164849281311e-02,3.740216456353664259e-02,1.211946643888950348e-02,1.464313408359885216e-02,2.253982711408752948e-05,2.253982711408752948e-05
1.823122143745422363e+00,1.731545746326446533e+00,1.823144674301147461e+00,1.731568276882171631e+00,8.750267624855041504e-01,8.314084887504578081e-01,8.817223310470581055e-01,8.408876240253448930e-01,8.221944794058799744e-03,6.204742239788174629e-03,4.639029875397682190e-02,3.820580244064331055e-02,1.176076289266347885e-02,1.483907736837863922e-02,2.254070932394824922e-05,2.254070932394824922e-05
1.659174084663391113e+00,1.726370191574096769e+00,1.659196615219116211e+00,1.726392722129821866e+00,7.947724461555480957e-01,8.294103205204009788e-01,8.006352782249450684e-01,8.340553820133209673e-01,4.804953001439571381e-03,5.765596590936184103e-03,3.710431233048439026e-02,3.654626570641994476e-02,2.185702510178089142e-02,2.059258520603179932e-02,2.254326318507082760e-05,2.254326318507082760e-05
1.799489378929138184e+00,1.722820043563842773e+00,1.799511909484863281e+00,1.722842574119567871e+00,8.646210432052612305e-01,8.283435225486754927e-01,8.673800826072692871e-01,8.307877480983734131e-01,4.504430107772350311e-03,5.928514758124947548e-03,4.645141959190368652e-02,4.004978463053703031e-02,1.653241179883480072e-02,1.771046556532383104e-02,2.254642640764359385e-05,2.254642640764359385e-05
1.739990949630737305e+00,1.756300675868988082e+00,1.740013480186462402e+00,1.756323206424713179e+00,8.423940539360046387e-01,8.416854619979858843e-01,8.417922854423522949e-01,8.465140521526336448e-01,6.768634077161550522e-03,6.876922817900777210e-03,3.508746623992919922e-02,3.868308551609515866e-02,1.394860539585351944e-02,2.254116199910640578e-02,2.254669743706472218e-05,2.254669743706472218e-05
1.681462287902832031e+00,1.755741989612579435e+00,1.681484818458557129e+00,1.755764520168304532e+00,8.136177062988281250e-01,8.384275615215301958e-01,8.156866431236267090e-01,8.490449607372283491e-01,8.017941378057003021e-03,6.345329340547323227e-03,2.797704376280307770e-02,3.980405479669570784e-02,1.616299897432327271e-02,2.212005443871021410e-02,2.254742139484733343e-05,2.254742139484733343e-05
1.670070052146911621e+00,1.694401657581329435e+00,1.670092582702636719e+00,1.694424188137054532e+00,8.085817694664001465e-01,8.174568414688110352e-01,8.098480701446533203e-01,8.264564514160156472e-01,5.910879466682672501e-03,5.833494197577238256e-03,3.964496776461601257e-02,3.826524801552295962e-02,6.084362510591745377e-03,6.389630492776632309e-03,2.254988794447854161e-05,2.254988794447854161e-05
1.732556462287902832e+00,1.700266230106353804e+00,1.732578992843627930e+00,1.700288760662078902e+00,8.288662433624267578e-01,8.143063306808471236e-01,8.389474749565124512e-01,8.311070561408996360e-01,4.915570374578237534e-03,6.036639539524912487e-03,4.835202544927597046e-02,3.923244476318359097e-02,1.147514209151268005e-02,9.583767130970954548e-03,2.255314757348969579e-05,2.255314757348969579e-05
1.653369307518005371e+00,1.728839874267578125e+00,1.653391838073730469e+00,1.728862404823303223e+00,7.964890599250793457e-01,8.288418292999267800e-01,8.043252825736999512e-01,8.363081455230713113e-01,6.724144797772169113e-03,6.116907205432653080e-03,3.066076897084712982e-02,3.774682953953743120e-02,1.517006009817123413e-02,1.982618980109691550e-02,2.255330218758899719e-05,2.255330218758899719e-05
1.595409750938415527e+00,1.720743417739868164e+00,1.595432281494140625e+00,1.720765948295593262e+00,7.716341018676757812e-01,8.255862057209014671e-01,7.746094465255737305e-01,8.334902107715607134e-01,6.472997367382049561e-03,6.335607264190912247e-03,3.397382795810699463e-02,3.748221881687641144e-02,8.719473145902156830e-03,1.784920487552881310e-02,2.255355138913728297e-05,2.255355138913728297e-05
1.651986122131347656e+00,1.700465428829193160e+00,1.652008652687072754e+00,1.700487959384918257e+00,7.906253933906555176e-01,8.212192595005035622e-01,8.101876974105834961e-01,8.281156122684478760e-01,6.290874443948268890e-03,6.491596624255180185e-03,3.737585991621017456e-02,3.818624131381511549e-02,7.506236899644136429e-03,6.452710926532745014e-03,2.255383151350542903e-05,2.255383151350542903e-05
1.685774087905883789e+00,1.691811895370483487e+00,1.685796618461608887e+00,1.691834425926208585e+00,8.127164840698242188e-01,8.147634923458099143e-01,8.233485221862792969e-01,8.252868592739105447e-01,6.577264051884412766e-03,6.184605741873383175e-03,3.493988141417503357e-02,3.799641318619251251e-02,8.191972039639949799e-03,7.580523798242211515e-03,2.255559229524806142e-05,2.255559229524806142e-05
1.812124490737915039e+00,1.776749956607818648e+00,1.812147021293640137e+00,1.776772487163543746e+00,8.461175560951232910e-01,8.396553516387939009e-01,8.651713728904724121e-01,8.490217089653014915e-01,1.110126543790102005e-02,6.220813049003482212e-03,3.595131635665893555e-02,3.969496116042137146e-02,5.378288775682449341e-02,4.215715453028678894e-02,2.255682920804247260e-05,2.255682920804247260e-05
1.787953734397888184e+00,1.731452524662017822e+00,1.787976264953613281e+00,1.731475055217742920e+00,8.564169406890869141e-01,8.304466664791106956e-01,8.601930737495422363e-01,8.400227427482604980e-01,7.114564999938011169e-03,6.572411116212606604e-03,5.447591096162796021e-02,4.379304982721805850e-02,9.753384627401828766e-03,1.061768336221575668e-02,2.255756044178269804e-05,2.255756044178269804e-05
1.709037542343139648e+00,1.691476285457611084e+00,1.709060072898864746e+00,1.691498816013336182e+00,8.177124261856079102e-01,8.134278953075408936e-01,8.299781084060668945e-01,8.212178945541381836e-01,6.780214142054319382e-03,6.629916978999972690e-03,4.432489722967147827e-02,4.105867370963096896e-02,1.024184934794902802e-02,9.141900949180126537e-03,2.255827530461829156e-05,2.255827530461829156e-05
1.631942033767700195e+00,1.694532191753387540e+00,1.631964564323425293e+00,1.694554722309112638e+00,7.933256030082702637e-01,8.199710428714752641e-01,8.033882975578308105e-01,8.260323464870452659e-01,5.432563833892345428e-03,6.254941970109939402e-03,2.427072450518608093e-02,3.721139617264270644e-02,5.524773150682449341e-03,5.062414519488811666e-03,2.255835352116264403e-05,2.255835352116264403e-05
1.713786959648132324e+00,1.699102914333343595e+00,1.713809490203857422e+00,1.699125444889068692e+00,8.327680826187133789e-01,8.216158270835876021e-01,8.374238610267639160e-01,8.285064756870269553e-01,7.255719043314456940e-03,6.483460310846567154e-03,3.138980269432067871e-02,3.737151138484477719e-02,4.949413705617189407e-03,5.125611135736107653e-03,2.255945037177298218e-05,2.255945037177298218e-05
1.714003801345825195e+00,1.682457602024078458e+00,1.714026331901550293e+00,1.682480132579803556e+00,8.242658972740173340e-01,8.135262429714202881e-01,8.281065225601196289e-01,8.196767270565032959e-01,8.368059992790222168e-03,6.175739225000143051e-03,4.564683511853218079e-02,3.760813549160957336e-02,7.616611663252115250e-03,5.470775673165917743e-03,2.255975050502456725e-05,2.255975050502456725e-05
1.678696393966674805e+00,1.678572940826416060e+00,1.678718924522399902e+00,1.678595471382141158e+00,8.021644949913024902e-01,8.102097868919372337e-01,8.080198764801025391e-01,8.182336866855621782e-01,5.020358599722385406e-03,6.456804042682051485e-03,5.800874903798103333e-02,3.919786475598811826e-02,5.482840817421674728e-03,4.474791092798113476e-03,2.255980143672786653e-05,2.255980143672786653e-05
1.752588987350463867e+00,1.704400897026062012e+00,1.752611517906188965e+00,1.704423427581787109e+00,8.511081933975219727e-01,8.195393323898315652e-01,8.509632945060729980e-01,8.262249767780304177e-01,7.021273951977491379e-03,5.753816105425357819e-03,3.106510639190673828e-02,3.670491799712181230e-02,1.243119593709707260e-02,1.617785394191741805e-02,2.256000152556225657e-05,2.256000152556225657e-05
1.715382933616638184e+00,1.716333663463592618e+00,1.715405464172363281e+00,1.716356194019317716e+00,8.247307538986206055e-01,8.252594232559203880e-01,8.327525258064270020e-01,8.347387552261352761e-01,7.805855013430118561e-03,6.648102402687072407e-03,3.775557503104209900e-02,3.943910710513591489e-02,1.233819313347339630e-02,1.024820478633046116e-02,2.255970321130007505e-05,2.255970321130007505e-05
1.676272630691528320e+00,1.669885110855102495e+00,1.676295161247253418e+00,1.669907641410827592e+00,8.123089075088500977e-01,8.066050112247467041e-01,8.167230486869812012e-01,8.144885897636413574e-01,7.330466527491807938e-03,5.728552490472793926e-03,3.475165739655494690e-02,3.788990788161754331e-02,5.158704705536365509e-03,5.173031101003288876e-03,2.256171137560158968e-05,2.256171137560158968e-05
1.737439751625061035e+00,1.707919025421142489e+00,1.737462282180786133e+00,1.707941555976867587e+00,8.215250968933105469e-01,8.176388382911682351e-01,8.229836225509643555e-01,8.244766175746918169e-01,1.276599708944559097e-02,7.203024439513682972e-03,5.662236362695693970e-02,3.934787064790725569e-02,2.354267053306102753e-02,1.925266180187463691e-02,2.256116022181231529e-05,2.256116022181231529e-05
1.705750107765197754e+00,1.750384938716888383e+00,1.705772638320922852e+00,1.750407469272613481e+00,8.126863837242126465e-01,8.321569681167602095e-01,8.076316118240356445e-01,8.353442728519440141e-01,3.566001076251268387e-03,5.494417529553175319e-03,4.075701534748077393e-02,4.000310115516185483e-02,4.110912233591079712e-02,3.738619573414325714e-02,2.256136940559372306e-05,2.256136940559372306e-05
1.623704075813293457e+00,1.706821990013122514e+00,1.623726606369018555e+00,1.706844520568847612e+00,7.822523713111877441e-01,8.205910325050354004e-01,7.853186130523681641e-01,8.247968673706054243e-01,4.148938693106174469e-03,5.692673940211534153e-03,3.352488577365875244e-02,3.841605558991432329e-02,1.845931448042392731e-02,1.732533443719148566e-02,2.256405787193216383e-05,2.256405787193216383e-05
1.691278696060180664e+00,1.708172869682311967e+00,1.691301226615905762e+00,1.708195400238037065e+00,8.223271369934082031e-01,8.204166948795318381e-01,8.238462805747985840e-01,8.317268371582031694e-01,5.956806242465972900e-03,6.238116882741451263e-03,2.964042127132415771e-02,3.820494860410690585e-02,9.507973678410053253e-03,1.158627001568674972e-02,2.256597690575290471e-05,2.256597690575290471e-05
1.716362357139587402e+00,1.697435843944549605e+00,1.716384887695312500e+00,1.697458374500274703e+00,8.336912989616394043e-01,8.222700834274292436e-01,8.338136076927185059e-01,8.260234355926513450e-01,5.290626548230648041e-03,6.641493970528244625e-03,3.647943958640098572e-02,3.474034406244754652e-02,7.087372243404388428e-03,7.760528381913900722e-03,2.256808511447161436e-05,2.256808511447161436e-05
1.807546138763427734e+00,1.708529496192932040e+00,1.807568669319152832e+00,1.708552026748657138e+00,8.694214224815368652e-01,8.193789541721343550e-01,8.771718740463256836e-01,8.277242124080658181e-01,6.282838992774486542e-03,6.218474591150879860e-03,4.217698425054550171e-02,3.785131759941577634e-02,1.249317452311515808e-02,1.735654417425393919e-02,2.256876177852973342e-05,2.256876177852973342e-05
1.649983167648315430e+00,1.711400771141052157e+00,1.650005698204040527e+00,1.711423301696777255e+00,7.936118841171264648e-01,8.216294288635254128e-01,8.013090491294860840e-01,8.297944486141204390e-01,8.010091260075569153e-03,5.756417661905289043e-03,3.867227956652641296e-02,3.764106817543506900e-02,8.379806764423847198e-03,1.657947339117527008e-02,2.256887455587275326e-05,2.256887455587275326e-05
1.705978631973266602e+00,1.700597560405731290e+00,1.706001162528991699e+00,1.700620090961456388e+00,8.166553378105163574e-01,8.162652254104614258e-01,8.279017806053161621e-01,8.302639722824096680e-01,8.371585048735141754e-03,7.414529565721750259e-03,3.900489956140518188e-02,3.581217788159847537e-02,1.404502801597118378e-02,1.084167174994945561e-02,2.256743027828633785e-05,2.256743027828633785e-05
1.740331053733825684e+00,1.741949987411498979e+00,1.740353584289550781e+00,1.741972517967224077e+00,8.062280416488647461e-01,8.278999626636505127e-01,8.304884433746337891e-01,8.330016016960144487e-01,9.517115540802478790e-03,7.729124743491411209e-03,5.632511153817176819e-02,4.806364327669143677e-02,3.777238726615905762e-02,2.525565586984157562e-02,2.257066444144584239e-05,2.257066444144584239e-05
1.729825735092163086e+00,1.818420720100402788e+00,1.729848265647888184e+00,1.818443250656127885e+00,8.184387087821960449e-01,8.464753150939940962e-01,8.299726843833923340e-01,8.858667135238647017e-01,8.936847560107707977e-03,1.093818033114075591e-02,5.150158330798149109e-02,5.032760873436927657e-02,2.097577415406703949e-02,2.481292579323053291e-02,2.257201413158327341e-05,2.257201413158327341e-05
1.633714914321899414e+00,1.746604537963867276e+00,1.633737444877624512e+00,1.746627068519592374e+00,7.879807949066162109e-01,8.355100095272064431e-01,7.849930524826049805e-01,8.457457244396209273e-01,5.629882682114839554e-03,7.990928180515766838e-03,4.548759013414382935e-02,4.854033030569553098e-02,9.623546153306961060e-03,8.817567676305770180e-03,2.257287633256055415e-05,2.257287633256055415e-05
1.689391493797302246e+00,1.717852902412414506e+00,1.689414024353027344e+00,1.717875432968139604e+00,8.051839470863342285e-01,8.237541079521178977e-01,8.140971660614013672e-01,8.314641952514648660e-01,6.464687641710042953e-03,6.996257323771714817e-03,5.324085429310798645e-02,4.717059433460235596e-02,1.040480099618434906e-02,8.467718958854675293e-03,2.257480446132831275e-05,2.257480446132831275e-05
1.684277057647705078e+00,1.713856220245361328e+00,1.684299588203430176e+00,1.713878750801086426e+00,8.075305223464965820e-01,8.242227792739867942e-01,8.204509019851684570e-01,8.300592243671417458e-01,5.521468818187713623e-03,6.832350883632898678e-03,4.024082422256469727e-02,4.387845322489738326e-02,1.053333375602960587e-02,8.863370586186646721e-03,2.257485539303161204e-05,2.257485539303161204e-05
1.573417067527770996e+00,1.698788940906524658e+00,1.573439598083496094e+00,1.698811471462249756e+00,7.593013048171997070e-01,8.199729144573211226e-01,7.618963718414306641e-01,8.252613544464111328e-01,6.326701492071151733e-03,7.150872284546494831e-03,3.783939778804779053e-02,4.108036719262599806e-02,8.053308352828025818e-03,5.323435971513390194e-03,2.257343476230744272e-05,2.257343476230744272e-05
1.628092288970947266e+00,1.705087101459503263e+00,1.628114819526672363e+00,1.705109632015228360e+00,7.884064316749572754e-01,8.248847305774689165e-01,7.911201715469360352e-01,8.274104475975037065e-01,4.556806758046150208e-03,6.461061583831906145e-03,3.643316030502319336e-02,3.914488777518272677e-02,7.575693074613809586e-03,7.185951853170990770e-03,2.257351479784119874e-05,2.257351479784119874e-05
1.744491934776306152e+00,1.726075375080108554e+00,1.744514465332031250e+00,1.726097905635833651e+00,8.423219323158264160e-01,8.293919622898101585e-01,8.488689661026000977e-01,8.360942125320434126e-01,6.572470534592866898e-03,6.091527082026005138e-03,3.567853942513465881e-02,4.043801464140415330e-02,1.104993093758821487e-02,1.405968014150857891e-02,2.257388041471131146e-05,2.257388041471131146e-05
1.701391935348510742e+00,1.742445242404937700e+00,1.701414465904235840e+00,1.742467772960662797e+00,8.204912543296813965e-01,8.331674039363861084e-01,8.250524997711181641e-01,8.450470387935637984e-01,5.254746414721012115e-03,5.722314212471246372e-03,3.627454489469528198e-02,4.205674603581428805e-02,1.431887410581111908e-02,1.645172219723462989e-02,2.257449523312970996e-05,2.257449523312970996e-05
1.678986072540283203e+00,1.687584507465362593e+00,1.679008603096008301e+00,1.687607038021087691e+00,8.095738887786865234e-01,8.168182492256164107e-01,8.136153221130371094e-01,8.196810781955718994e-01,7.327024824917316437e-03,5.753450328484177589e-03,4.127217456698417664e-02,3.855513706803322116e-02,7.197651080787181854e-03,6.776570202782749783e-03,2.257555752294138074e-05,2.257555752294138074e-05
1.679779648780822754e+00,1.705810415744781539e+00,1.679802179336547852e+00,1.705832946300506636e+00,8.075900077819824219e-01,8.178390502929687722e-01,8.124172091484069824e-01,8.295928955078124556e-01,7.544965483248233795e-03,5.799883324652910059e-03,4.348541796207427979e-02,3.956827893853187561e-02,8.741982281208038330e-03,1.301026828587055137e-02,2.257511914649512619e-05,2.257511914649512619e-05
1.618843793869018555e+00,1.704008865356445357e+00,1.618866324424743652e+00,1.704031395912170455e+00,7.867358922958374023e-01,8.202738106250763161e-01,7.900485396385192871e-01,8.249379098415374756e-01,5.197454709559679031e-03,6.108798040077090437e-03,2.764576487243175507e-02,3.844251334667205672e-02,9.216316975653171539e-03,1.424582703039050172e-02,2.257520827697589993e-05,2.257520827697589993e-05
1.691949725151062012e+00,1.698587107658386275e+00,1.691972255706787109e+00,1.698609638214111373e+00,8.145173192024230957e-01,8.169143736362457497e-01,8.273577690124511719e-01,8.280287027359009011e-01,5.968079436570405960e-03,5.416392628103494471e-03,3.927801176905632019e-02,3.867135457694530210e-02,4.828560631722211838e-03,9.556305501610041012e-03,2.257537198602221906e-05,2.257537198602221906e-05
1.624413371086120605e+00,1.680274581909179776e+00,1.624435901641845703e+00,1.680297112464904874e+00,7.771938443183898926e-01,8.106521248817444292e-01,7.861399650573730469e-01,8.172265231609344704e-01,6.155948620289564133e-03,6.261081760749220501e-03,4.199245944619178772e-02,3.678433112800121030e-02,1.293117646127939224e-02,9.350495226681233146e-03,2.257824235130101442e-05,2.257824235130101442e-05
2.297087192535400391e+00,2.270898270606994451e+00,2.297109842300415039e+00,2.270920920372009100e+00,9.891955256462097168e-01,9.727412819862365501e-01,1.012233018875122070e+00,1.055823218822479204e+00,5.824999883770942688e-03,7.561746845021843563e-03,4.116452857851982117e-02,4.918508604168891907e-02,2.486688643693923950e-01,1.855869278311729487e-01,2.258442691527307034e-05,2.258442691527307034e-05
1.672522783279418945e+00,1.825597882270812988e+00,1.672545313835144043e+00,1.825620412826538086e+00,8.015872240066528320e-01,8.634150028228759766e-01,8.024874925613403320e-01,8.677012324333190918e-01,5.008251406252384186e-03,6.979496497660875147e-03,3.650872036814689636e-02,4.615052044391632080e-02,2.693118341267108917e-02,4.135161116719245772e-02,2.258436506963334978e-05,2.258436506963334978e-05
1.795639872550964355e+00,1.756003868579864458e+00,1.795662403106689453e+00,1.756026399135589555e+00,8.567212224006652832e-01,8.376894950866698997e-01,8.607051968574523926e-01,8.459640145301818848e-01,6.543150171637535095e-03,6.854981463402509516e-03,5.445272475481033325e-02,4.705641828477382521e-02,1.721751689910888672e-02,1.843896675854921410e-02,2.258461063320282847e-05,2.258461063320282847e-05
1.543553471565246582e+00,1.699314916133880526e+00,1.543576002120971680e+00,1.699337446689605624e+00,7.411002516746520996e-01,8.201992750167846902e-01,7.451078891754150391e-01,8.258440375328064409e-01,1.063553430140018463e-02,7.153744762763381178e-03,4.220388829708099365e-02,4.208556301891804019e-02,4.505872260779142380e-03,4.032308049499988382e-03,2.258588574477471411e-05,2.258588574477471411e-05
1.649683952331542969e+00,1.705055618286132724e+00,1.649706482887268066e+00,1.705078148841857821e+00,7.938557863235473633e-01,8.225472033023834006e-01,7.969521880149841309e-01,8.276055753231048584e-01,5.594227928668260574e-03,7.192223239690065731e-03,3.819792717695236206e-02,4.033948332071304183e-02,1.508396770805120468e-02,7.371148746460676367e-03,2.258553649880923331e-05,2.258553649880923331e-05
1.741498351097106934e+00,1.710672366619110152e+00,1.741520881652832031e+00,1.710694897174835249e+00,8.353735804557800293e-01,8.256974279880523460e-01,8.380439877510070801e-01,8.293811202049254927e-01,7.070932071655988693e-03,5.978245381265878330e-03,5.458043515682220459e-02,4.065160937607288638e-02,6.429389584809541702e-03,8.963998220860958793e-03,2.258457971038296819e-05,2.258457971038296819e-05
1.638144850730895996e+00,1.702581620216369718e+00,1.638167381286621094e+00,1.702604150772094815e+00,7.950269579887390137e-01,8.223171651363372359e-01,7.958346605300903320e-01,8.276594519615173562e-01,3.445666283369064331e-03,6.167027493938803326e-03,3.866542875766754150e-02,4.002103507518768588e-02,5.172288976609706879e-03,6.416935706511139870e-03,2.258381391584407538e-05,2.258381391584407538e-05
1.624897956848144531e+00,1.689190697669982866e+00,1.624920487403869629e+00,1.689213228225707963e+00,7.860185503959655762e-01,8.169221997261046919e-01,7.924218773841857910e-01,8.216257870197296587e-01,8.512257598340511322e-03,6.143934233114123691e-03,3.088211826980113983e-02,3.894882947206497470e-02,7.063154596835374832e-03,5.549975903704762459e-03,2.258348649775143713e-05,2.258348649775143713e-05
1.718284964561462402e+00,1.748403346538543790e+00,1.718307495117187500e+00,1.748425877094268888e+00,8.265310525894165039e-01,8.301543414592742476e-01,8.244216442108154297e-01,8.571962475776672141e-01,9.292467497289180756e-03,9.984638635069131504e-03,4.735005646944046021e-02,3.636179268360138078e-02,1.068970188498497009e-02,1.470632320269942353e-02,2.258566746604628861e-05,2.258566746604628861e-05
2.021161556243896484e+00,2.007328653335571200e+00,2.021184206008911133e+00,2.007351303100585849e+00,9.169654846191406250e-01,9.060858786106109619e-01,9.453124403953552246e-01,9.478294193744659646e-01,6.912804674357175827e-03,7.477666810154914509e-03,4.103793203830718994e-02,4.559954851865768294e-02,1.109327971935272217e-01,1.003361374139785794e-01,2.259517350466921926e-05,2.259517350466921926e-05
1.667348980903625488e+00,1.777106642723083496e+00,1.667371630668640137e+00,1.777129292488098145e+00,7.877431511878967285e-01,8.383729517459869163e-01,8.002100586891174316e-01,8.536737263202667236e-01,8.486930280923843384e-03,7.610932318493723522e-03,4.292888566851615906e-02,4.617250524461269379e-02,2.797982282936573029e-02,3.127654939889908114e-02,2.259778193547390401e-05,2.259778193547390401e-05
1.661866784095764160e+00,1.728247869014740035e+00,1.661889433860778809e+00,1.728270518779754683e+00,8.010049462318420410e-01,8.259625792503356712e-01,8.035016655921936035e-01,8.429303646087646928e-01,4.685495980083942413e-03,7.833773735910654068e-03,4.230139777064323425e-02,4.226198457181453566e-02,1.037324685603380203e-02,9.259176533669232975e-03,2.259987923025619239e-05,2.259987923025619239e-05
1.699883580207824707e+00,1.727217328548431352e+00,1.699906229972839355e+00,1.727239978313446001e+00,8.186554312705993652e-01,8.296332001686096413e-01,8.208705186843872070e-01,8.359819531440735307e-01,4.948012530803680420e-03,6.557634193450212132e-03,4.673393443226814270e-02,4.283889979124069075e-02,8.675732649862766266e-03,1.220560446381568909e-02,2.260143082821741700e-05,2.260143082821741700e-05
1.710295200347900391e+00,1.719420886039733976e+00,1.710317850112915039e+00,1.719443535804748624e+00,8.276037573814392090e-01,8.276595354080200639e-01,8.287141323089599609e-01,8.384036779403686301e-01,6.980400066822767258e-03,6.964505650103092194e-03,3.823317587375640869e-02,3.906057663261890134e-02,8.763710036873817444e-03,7.332610338926315655e-03,2.260103065054863691e-05,2.260103065054863691e-05
1.713601708412170410e+00,1.703862488269805908e+00,1.713624358177185059e+00,1.703885138034820557e+00,8.264333605766296387e-01,8.194081068038940874e-01,8.303835391998291016e-01,8.302866399288177934e-01,4.272244870662689209e-03,6.463909475132823164e-03,4.026031121611595154e-02,3.929878883063793460e-02,1.225218828767538071e-02,8.404999971389770508e-03,2.260152541566640139e-05,2.260152541566640139e-05
1.722371578216552734e+00,1.728155159950256259e+00,1.722394227981567383e+00,1.728177809715270907e+00,8.319044113159179688e-01,8.211731493473053423e-01,8.362655639648437500e-01,8.505386114120483398e-01,8.740758523344993591e-03,6.269197538495063435e-03,3.654132038354873657e-02,4.137237109243870059e-02,8.919503539800643921e-03,8.801802992820739746e-03,2.260184555780142546e-05,2.260184555780142546e-05
1.686598539352416992e+00,1.771037328243255660e+00,1.686621189117431641e+00,1.771059978008270308e+00,8.145892620086669922e-01,8.482172906398772749e-01,8.230234384536743164e-01,8.611430943012237105e-01,1.615144498646259308e-02,1.757940649986267090e-02,2.195512130856513977e-02,3.221134953200817386e-02,1.087928190827369690e-02,1.188619313761591842e-02,2.259948450955562294e-05,2.259948450955562294e-05
1.887468695640563965e+00,1.973692286014556929e+00,1.887491345405578613e+00,1.973714935779571578e+00,8.774250745773315430e-01,9.008899331092834473e-01,8.917828202247619629e-01,9.315293073654175027e-01,7.058492861688137054e-03,1.059270082041621243e-02,3.642962127923965454e-02,4.040737114846706252e-02,7.477261126041412354e-02,9.027297496795654019e-02,2.260142719023860991e-05,2.260142719023860991e-05
1.784768462181091309e+00,1.791011571884155273e+00,1.784791111946105957e+00,1.791034221649169922e+00,8.572434186935424805e-01,8.418626129627228005e-01,8.509452342987060547e-01,8.721304953098296675e-01,7.087037432938814163e-03,7.970389444380998611e-03,4.334055259823799133e-02,3.902412801980972151e-02,2.615221776068210602e-02,3.002398721873760293e-02,2.260143810417503119e-05,2.260143810417503119e-05
1.728636980056762695e+00,1.772686672210693315e+00,1.728659629821777344e+00,1.772709321975707963e+00,8.156626224517822266e-01,8.378328740596771018e-01,8.229424953460693359e-01,8.513701856136322021e-01,4.850005265325307846e-03,6.981163611635565411e-03,3.789365664124488831e-02,4.035863503813743453e-02,4.728821665048599243e-02,3.614384382963180264e-02,2.260312976432032883e-05,2.260312976432032883e-05
1.817129611968994141e+00,1.866673767566680908e+00,1.817152261734008789e+00,1.866696417331695557e+00,8.580375909805297852e-01,8.749070584774016890e-01,8.545511364936828613e-01,8.802856743335724099e-01,6.379048805683851242e-03,6.788129359483719219e-03,4.699844494462013245e-02,4.311908297240733823e-02,5.116328597068786621e-02,6.157380305230617662e-02,2.260277869936544448e-05,2.260277869936544448e-05
1.775092601776123047e+00,1.768120718002319292e+00,1.775115251541137695e+00,1.768143367767333940e+00,8.462685346603393555e-01,8.410320758819580522e-01,8.567140102386474609e-01,8.504220128059387651e-01,7.046344690024852753e-03,7.024357188493013035e-03,4.112042114138603210e-02,4.325729347765445987e-02,2.394332364201545715e-02,2.638494968414306641e-02,2.260665678477380425e-05,2.260665678477380425e-05
1.802682995796203613e+00,1.719321525096893399e+00,1.802705645561218262e+00,1.719344174861908048e+00,8.709643483161926270e-01,8.253931999206542969e-01,8.770961165428161621e-01,8.371884286403655784e-01,7.136306725442409515e-03,7.343037333339452570e-03,4.131175950169563293e-02,4.262687787413597246e-02,6.174420472234487534e-03,6.770002935081720179e-03,2.260942346765659750e-05,2.260942346765659750e-05
1.636585474014282227e+00,1.696321594715118453e+00,1.636608123779296875e+00,1.696344244480133101e+00,7.904240489006042480e-01,8.170619964599609153e-01,7.962945699691772461e-01,8.259469926357269065e-01,4.689004272222518921e-03,6.532818218693137516e-03,3.809558972716331482e-02,4.100284241139888486e-02,7.082309573888778687e-03,5.776975583285093134e-03,2.260960172861814499e-05,2.260960172861814499e-05
1.721712946891784668e+00,1.699371266365051314e+00,1.721735596656799316e+00,1.699393916130065962e+00,8.348866105079650879e-01,8.194127023220062478e-01,8.341758847236633301e-01,8.267988324165344016e-01,9.594266302883625031e-03,6.794216809794306755e-03,3.725862130522727966e-02,3.975205235183239261e-02,5.797475576400756836e-03,6.613477878272533243e-03,2.260927067254669964e-05,2.260927067254669964e-05
1.749074578285217285e+00,1.752920877933502153e+00,1.749097228050231934e+00,1.752943527698516801e+00,8.221766352653503418e-01,8.279649436473845991e-01,8.324796557426452637e-01,8.409792959690094438e-01,9.480024687945842743e-03,8.601506520062685707e-03,3.868596628308296204e-02,3.814553804695606370e-02,4.625232890248298645e-02,3.722957819700241366e-02,2.260845758428331465e-05,2.260845758428331465e-05
1.736136555671691895e+00,1.791656827926635831e+00,1.736159205436706543e+00,1.791679477691650479e+00,8.285606503486633301e-01,8.462728559970855713e-01,8.281741142272949219e-01,8.589452207088470459e-01,6.439899094402790070e-03,7.302592368796467434e-03,5.394456908106803894e-02,4.082976356148719510e-02,1.901730522513389587e-02,3.830641694366931915e-02,2.261167355754878372e-05,2.261167355754878372e-05
1.740927696228027344e+00,1.712351894378662198e+00,1.740950345993041992e+00,1.712374544143676847e+00,7.873945236206054688e-01,8.197965502738953081e-01,8.897162079811096191e-01,8.348907172679901345e-01,1.784878969192504883e-02,5.965299904346466064e-03,3.300751373171806335e-02,4.065138697624206404e-02,1.296073570847511292e-02,1.104789562523364986e-02,2.261446570628322661e-05,2.261446570628322661e-05
1.598515033721923828e+00,1.694760775566101163e+00,1.598537683486938477e+00,1.694783425331115811e+00,7.758026123046875000e-01,8.186265170574188454e-01,7.758188843727111816e-01,8.243251323699951616e-01,6.722050253301858902e-03,7.542487047612666910e-03,3.532853722572326660e-02,3.762402981519698958e-02,4.843016155064105988e-03,6.642576120793819254e-03,2.261228655697777867e-05,2.261228655697777867e-05
1.695035457611083984e+00,1.676838922500610396e+00,1.695058107376098633e+00,1.676861572265625044e+00,8.180909156799316406e-01,8.103626608848571999e-01,8.207873702049255371e-01,8.163108408451080766e-01,4.823239985853433609e-03,5.461533740162849600e-03,4.398274794220924377e-02,3.836030662059784074e-02,7.351162377744913101e-03,6.343549396842717951e-03,2.261156987515278161e-05,2.261156987515278161e-05
1.666002750396728516e+00,1.681041944026947066e+00,1.666025400161743164e+00,1.681064593791961714e+00,8.046211600303649902e-01,8.126295685768127885e-01,8.135030865669250488e-01,8.183832228183746116e-01,6.558777764439582825e-03,6.032318342477083206e-03,3.452292084693908691e-02,3.611855208873748779e-02,6.796852685511112213e-03,7.878242013975977204e-03,2.261140798509586602e-05,2.261140798509586602e-05
1.625259399414062500e+00,1.693698585033416748e+00,1.625282049179077148e+00,1.693721234798431396e+00,7.782120108604431152e-01,8.166116356849670854e-01,7.891151309013366699e-01,8.232856094837188721e-01,6.907595321536064148e-03,6.418119790032506336e-03,4.226405546069145203e-02,3.674895130097866058e-02,8.760589174926280975e-03,1.063427161425352027e-02,2.261113331769593060e-05,2.261113331769593060e-05
1.589863538742065430e+00,1.673448479175567716e+00,1.589886188507080078e+00,1.673471128940582364e+00,7.677250504493713379e-01,8.077329397201538086e-01,7.709840536117553711e-01,8.156567513942718506e-01,4.750947933644056320e-03,5.286432476714253773e-03,3.697801381349563599e-02,3.798301331698894501e-02,9.425414726138114929e-03,6.789347063750028957e-03,2.261206282128114253e-05,2.261206282128114253e-05
1.749850749969482422e+00,1.666705203056335405e+00,1.749873399734497070e+00,1.666727852821350053e+00,8.466532230377197266e-01,8.046058058738708718e-01,8.542324304580688477e-01,8.111373364925384966e-01,4.782393574714660645e-03,6.085054483264684677e-03,3.982003405690193176e-02,3.759054094552993774e-02,4.362551961094141006e-03,7.286442676559090614e-03,2.261129520775284618e-05,2.261129520775284618e-05
1.707794427871704102e+00,1.666179323196411044e+00,1.707817077636718750e+00,1.666201972961425692e+00,8.302699327468872070e-01,8.045029997825622337e-01,8.337954878807067871e-01,8.111454784870147927e-01,3.870189189910888672e-03,5.743781896308064114e-03,3.148436546325683594e-02,3.824519477784633914e-02,8.374480530619621277e-03,6.541914166882633816e-03,2.261168629047460854e-05,2.261168629047460854e-05
1.660320281982421875e+00,1.685300934314727828e+00,1.660342931747436523e+00,1.685323584079742476e+00,7.974199056625366211e-01,8.104648649692535178e-01,8.056400418281555176e-01,8.194988846778870073e-01,5.083844065666198730e-03,6.023878324776887547e-03,4.249616339802742004e-02,3.548280224204063138e-02,9.680265560746192932e-03,1.383047467097640003e-02,2.261035842821002007e-05,2.261035842821002007e-05
1.675170540809631348e+00,1.690002036094665483e+00,1.675193190574645996e+00,1.690024685859680131e+00,8.049970269203186035e-01,8.151973843574523704e-01,8.095411658287048340e-01,8.187153875827789529e-01,4.544425290077924728e-03,6.204279931262135159e-03,3.464515134692192078e-02,3.655572831630706648e-02,2.144274488091468811e-02,1.332925716415047680e-02,2.260967812617309391e-05,2.260967812617309391e-05
1.683951258659362793e+00,1.699568569660186768e+00,1.683973908424377441e+00,1.699591219425201416e+00,8.026477694511413574e-01,8.131904840469360574e-01,8.089827895164489746e-01,8.198569238185882124e-01,3.958047833293676376e-03,5.699398834258318294e-03,3.356256708502769470e-02,3.994593583047389984e-02,3.480001166462898254e-02,2.087583038955926826e-02,2.261003464809618890e-05,2.261003464809618890e-05
1.660365581512451172e+00,1.683117151260375977e+00,1.660388231277465820e+00,1.683139801025390625e+00,7.935640215873718262e-01,8.117577910423279253e-01,8.001296520233154297e-01,8.161413490772246870e-01,5.466831848025321960e-03,6.179872620850801641e-03,5.029695108532905579e-02,3.738145343959331512e-02,1.090816687792539597e-02,1.165670426562428509e-02,2.261055306007619947e-05,2.261055306007619947e-05
1.605813026428222656e+00,1.674712848663330034e+00,1.605835676193237305e+00,1.674735498428344682e+00,7.728767991065979004e-01,8.059426665306090865e-01,7.778375148773193359e-01,8.142236530780792014e-01,4.962485749274492264e-03,6.127998884767294104e-03,3.840040788054466248e-02,3.795682638883590698e-02,1.173591613769531250e-02,1.046171654015779461e-02,2.261209010612219572e-05,2.261209010612219572e-05
1.684315681457519531e+00,1.654569053649902255e+00,1.684338331222534180e+00,1.654591703414916903e+00,8.178331255912780762e-01,8.011006653308868630e-01,8.194873332977294922e-01,8.071999430656433550e-01,5.121334455907344818e-03,5.579986097291112120e-03,3.523115441203117371e-02,3.544698245823383470e-02,6.642700638622045517e-03,5.241464404389262026e-03,2.261325789731927216e-05,2.261325789731927216e-05
2.572917699813842773e+00,2.515391707420349121e+00,2.572940349578857422e+00,2.515414357185363770e+00,1.084343433380126953e+00,1.037807822227478027e+00,1.109143733978271484e+00,1.072533178329467818e+00,1.559871155768632889e-02,1.850459240376949380e-02,7.722697407007217407e-02,6.165632978081703186e-02,2.866047918796539307e-01,3.248898178339004739e-01,2.261972622363828123e-05,2.261972622363828123e-05
1.979331493377685547e+00,1.969981253147125244e+00,1.979354143142700195e+00,1.970003902912139893e+00,8.978952169418334961e-01,9.008800029754638894e-01,8.889198303222656250e-01,8.978398203849792258e-01,4.229268059134483337e-02,1.922287698835134506e-02,7.231379300355911255e-02,7.130799293518066961e-02,7.790993899106979370e-02,8.073054626584053040e-02,2.261710869788657874e-05,2.261710869788657874e-05
1.798232078552246094e+00,1.824854719638824507e+00,1.798254728317260742e+00,1.824877369403839156e+00,8.472625017166137695e-01,8.534099221229553001e-01,8.536159396171569824e-01,8.646933436393737793e-01,9.350076317787170410e-03,1.509874183684587444e-02,5.422320216894149780e-02,5.954714044928550998e-02,3.378046676516532898e-02,3.210557047277688703e-02,2.261366171296685934e-05,2.261366171296685934e-05
1.731223821640014648e+00,1.842159247398376554e+00,1.731246471405029297e+00,1.842181897163391202e+00,8.076608180999755859e-01,8.603605628013610840e-01,8.264148235321044922e-01,8.765340566635131392e-01,1.009987015277147293e-02,1.486414326354861329e-02,5.380654707551002502e-02,5.846142098307609281e-02,3.324174880981445312e-02,3.193906899541616717e-02,2.261517875012941658e-05,2.261517875012941658e-05
1.845518231391906738e+00,1.817990100383758634e+00,1.845540881156921387e+00,1.818012750148773282e+00,8.791246414184570312e-01,8.510089278221130149e-01,8.766688704490661621e-01,8.741463363170624001e-01,1.286671496927738190e-02,1.175439357757568359e-02,5.599918588995933533e-02,5.330795980989933014e-02,2.085881307721138000e-02,2.777251303195953439e-02,2.261681220261380076e-05,2.261681220261380076e-05
1.746386051177978516e+00,1.761389172077179044e+00,1.746408700942993164e+00,1.761411821842193692e+00,8.289152383804321289e-01,8.351447701454162154e-01,8.377668857574462891e-01,8.508821129798889160e-01,5.501677747815847397e-03,9.758849442005158165e-03,6.151956319808959961e-02,5.253408327698707442e-02,1.268266234546899796e-02,1.306935781612992252e-02,2.261719055240973830e-05,2.261719055240973830e-05
1.699012041091918945e+00,1.750960648059844971e+00,1.699034690856933594e+00,1.750983297824859619e+00,8.116586804389953613e-01,8.321001410484314409e-01,8.182647824287414551e-01,8.450341463088989480e-01,5.505414679646492004e-03,8.365094056352972637e-03,4.951071739196777344e-02,5.292907878756523271e-02,1.407244242727756500e-02,1.253220168873667682e-02,2.261828740302007645e-05,2.261828740302007645e-05
1.560953617095947266e+00,1.741916596889495850e+00,1.560976266860961914e+00,1.741939246654510498e+00,7.479144930839538574e-01,8.293477237224579079e-01,7.462648153305053711e-01,8.411207020282744917e-01,6.481245625764131546e-03,7.873681187629700401e-03,4.370507225394248962e-02,5.004756301641464372e-02,1.658793911337852478e-02,1.352693103253841365e-02,2.262093039462342858e-05,2.262093039462342858e-05
1.731747031211853027e+00,1.727636313438415616e+00,1.731769680976867676e+00,1.727658963203430265e+00,8.334529995918273926e-01,8.272896289825439897e-01,8.374611139297485352e-01,8.351563453674316628e-01,7.533943280577659607e-03,6.911226501688361341e-03,4.291259124875068665e-02,4.781090058386325975e-02,1.038637012243270874e-02,1.046825405210256507e-02,2.262358975713141263e-05,2.262358975713141263e-05
1.613109111785888672e+00,1.725796341896057129e+00,1.613131761550903320e+00,1.725818991661071777e+00,7.792241573333740234e-01,8.288563847541808860e-01,7.814328074455261230e-01,8.344225287437438965e-01,9.511602111160755157e-03,7.475462835282086979e-03,3.084971196949481964e-02,4.438392966985702653e-02,1.209077890962362289e-02,1.065808217972516979e-02,2.262527596030849963e-05,2.262527596030849963e-05
1.702705144882202148e+00,1.715573501586914018e+00,1.702727794647216797e+00,1.715596151351928667e+00,8.184810876846313477e-01,8.228436648845672829e-01,8.200517296791076660e-01,8.293507099151611328e-01,5.041684489697217941e-03,6.214705156162380825e-03,4.680325835943222046e-02,4.440266750752926150e-02,1.232730783522129059e-02,1.276175249367952381e-02,2.262729321955703199e-05,2.262729321955703199e-05
1.647113680839538574e+00,1.716422355175018399e+00,1.647136330604553223e+00,1.716445004940033048e+00,7.837451100349426270e-01,8.219727456569672075e-01,7.845785617828369141e-01,8.299392163753509521e-01,6.844817195087671280e-03,6.756805256009102215e-03,5.174649134278297424e-02,4.240156896412372589e-02,2.019886672496795654e-02,1.535200700163841248e-02,2.262949055875651538e-05,2.262949055875651538e-05
1.794553160667419434e+00,1.719045031070709273e+00,1.794575810432434082e+00,1.719067680835723921e+00,8.672845959663391113e-01,8.213798820972442183e-01,8.733375668525695801e-01,8.332283735275268777e-01,5.004836246371269226e-03,5.568394903093576431e-03,3.818860277533531189e-02,4.439031668007373949e-02,1.073758117854595184e-02,1.447802884504198993e-02,2.263287024106830359e-05,2.263287024106830359e-05
1.681454420089721680e+00,1.701740050315856845e+00,1.681477069854736328e+00,1.701762700080871493e+00,8.069140911102294922e-01,8.181705415248871072e-01,8.052526116371154785e-01,8.229296505451202393e-01,4.590013995766639709e-03,5.583565868437290365e-03,5.283546447753906250e-02,4.396483041346073428e-02,1.186227519065141678e-02,1.109145432710647618e-02,2.263358328491449356e-05,2.263358328491449356e-05
1.630265355110168457e+00,1.720357429981231645e+00,1.630288004875183105e+00,1.720380079746246293e+00,7.881281375885009766e-01,8.250126361846923384e-01,7.897186279296875000e-01,8.303496956825255904e-01,6.995639763772487640e-03,8.067007036879658352e-03,3.213192149996757507e-02,4.053030274808407107e-02,1.329098921269178391e-02,1.639779713004827638e-02,2.263596252305433154e-05,2.263596252305433154e-05
1.602541327476501465e+00,1.703256475925445601e+00,1.602563977241516113e+00,1.703279125690460249e+00,7.683434486389160156e-01,8.167682170867920366e-01,7.797402143478393555e-01,8.279458224773407204e-01,4.403208848088979721e-03,5.207220604643225496e-03,3.562626987695693970e-02,4.189208783209323606e-02,1.442817505449056625e-02,1.144309984520077740e-02,2.263941132696345448e-05,2.263941132696345448e-05
1.657335638999938965e+00,1.703414547443389937e+00,1.657358288764953613e+00,1.703437197208404585e+00,8.025923371315002441e-01,8.189755678176879883e-01,8.015185594558715820e-01,8.252721667289734109e-01,3.128798445686697960e-03,5.906631611287594188e-03,4.021090641617774963e-02,4.117452390491962294e-02,9.884946048259735107e-03,1.208565002307295834e-02,2.264190879941452295e-05,2.264190879941452295e-05
1.736926317214965820e+00,1.694555878639221191e+00,1.736948966979980469e+00,1.694578528404235840e+00,8.339056968688964844e-01,8.146863520145416482e-01,8.381194472312927246e-01,8.239807605743407759e-01,7.277135737240314484e-03,5.288179125636815678e-03,4.931802675127983093e-02,4.194669760763645311e-02,8.305929601192474365e-03,8.653895743191242912e-03,2.264456998091191053e-05,2.264456998091191053e-05
1.802167296409606934e+00,1.807865452766418413e+00,1.802189946174621582e+00,1.807888102531433061e+00,8.590520024299621582e-01,8.505743026733398882e-01,8.640809655189514160e-01,8.700110554695129617e-01,4.250347614288330078e-03,5.408557364717125893e-03,4.312185198068618774e-02,4.259478896856307845e-02,3.166212141513824463e-02,3.927674964070319852e-02,2.264772047055885196e-05,2.264772047055885196e-05
1.655516743659973145e+00,1.703744256496429355e+00,1.655539393424987793e+00,1.703766906261444003e+00,7.918394207954406738e-01,8.174440860748291016e-01,8.026106357574462891e-01,8.242881238460540994e-01,5.735424812883138657e-03,6.212356965988874435e-03,4.031788557767868042e-02,4.260683283209800581e-02,1.501346379518508911e-02,1.319285193458199536e-02,2.265035072923637927e-05,2.265035072923637927e-05
1.715612530708312988e+00,1.712015724182128995e+00,1.715635180473327637e+00,1.712038373947143644e+00,8.270632624626159668e-01,8.243957340717316118e-01,8.263387084007263184e-01,8.287700355052948220e-01,5.953909829258918762e-03,5.328141991049051632e-03,4.635799676179885864e-02,4.108053371310234347e-02,9.898620657622814178e-03,1.244128709658980439e-02,2.265236980747431517e-05,2.265236980747431517e-05
1.749009847640991211e+00,1.731067109107971236e+00,1.749032497406005859e+00,1.731089758872985884e+00,8.361257910728454590e-01,8.284077405929565208e-01,8.343734145164489746e-01,8.325467467308044212e-01,6.576221901923418045e-03,5.730753112584352320e-03,5.235096439719200134e-02,4.248237870633601865e-02,1.958345994353294373e-02,2.189950849860906532e-02,2.265501461806707084e-05,2.265501461806707084e-05
1.641911268234252930e+00,1.699476659297943115e+00,1.641933917999267578e+00,1.699499309062957764e+00,7.875742912292480469e-01,8.164213895797729492e-01,7.930349707603454590e-01,8.248856544494629350e-01,3.733643563464283943e-03,5.517542874440550631e-03,4.967596009373664856e-02,4.151646420359611511e-02,7.892333902418613434e-03,1.113560618832707370e-02,2.265743023599497974e-05,2.265743023599497974e-05
1.859371542930603027e+00,1.740911006927490234e+00,1.859394192695617676e+00,1.740933656692504883e+00,8.922107815742492676e-01,8.274771094322204146e-01,8.945738077163696289e-01,8.424087345600128618e-01,5.773740354925394058e-03,5.559182958677411079e-03,5.142688378691673279e-02,4.150791876018047194e-02,1.538618654012680054e-02,2.395805008709430556e-02,2.265787043143063784e-05,2.265787043143063784e-05
1.676421046257019043e+00,1.684251439571380571e+00,1.676443696022033691e+00,1.684274089336395219e+00,8.102765679359436035e-01,8.118102192878723367e-01,8.126285672187805176e-01,8.169593930244445357e-01,6.600507535040378571e-03,6.022685300558805119e-03,3.729143738746643066e-02,4.129574932157993594e-02,9.623957797884941101e-03,8.163360971957444798e-03,2.265887451358139515e-05,2.265887451358139515e-05
1.738020658493041992e+00,1.703924512863159269e+00,1.738043308258056641e+00,1.703947162628173917e+00,8.393907546997070312e-01,8.174677670001984087e-01,8.420344591140747070e-01,8.231613814830780473e-01,6.323236040771007538e-03,5.777607904747128487e-03,3.467971459031105042e-02,3.863994739949703355e-02,1.559248287230730057e-02,1.887781545519828796e-02,2.265999137307517231e-05,2.265999137307517231e-05
1.583708286285400391e+00,1.683111226558685392e+00,1.583730936050415039e+00,1.683133876323700040e+00,7.653323411941528320e-01,8.116559088230133057e-01,7.673150897026062012e-01,8.168480873107910600e-01,4.055033437907695770e-03,5.961438547819853176e-03,3.435560688376426697e-02,3.846679404377937456e-02,1.265026535838842392e-02,1.017901385203003918e-02,2.266051160404458642e-05,2.266051160404458642e-05
1.666824221611022949e+00,1.684127962589264005e+00,1.666846871376037598e+00,1.684150612354278653e+00,8.051707744598388672e-01,8.111019253730773482e-01,8.102535009384155273e-01,8.181023299694061279e-01,4.052807576954364777e-03,5.252254335209727634e-03,3.942476958036422729e-02,4.189950600266456604e-02,7.922369986772537231e-03,7.771932752802968025e-03,2.266190858790650964e-05,2.266190858790650964e-05
1.560632228851318359e+00,1.701992571353912354e+00,1.560654878616333008e+00,1.702015221118927002e+00,7.516490221023559570e-01,8.160336434841155562e-01,7.570806741714477539e-01,8.263238430023193137e-01,4.066206514835357666e-03,6.101023964583873402e-03,3.676745668053627014e-02,4.060269370675086836e-02,1.106885448098182678e-02,1.293138964101672207e-02,2.266442243126221001e-05,2.266442243126221001e-05
1.591559410095214844e+00,1.691742324829101474e+00,1.591582059860229492e+00,1.691764974594116122e+00,7.720711827278137207e-01,8.157114088535308838e-01,7.758818864822387695e-01,8.211505591869354692e-01,4.186103586107492447e-03,5.763942049816251148e-03,2.667765505611896515e-02,3.781411014497280260e-02,1.274245977401733398e-02,1.130227809771895339e-02,2.266729279654100537e-05,2.266729279654100537e-05
1.610962271690368652e+00,1.734245061874389648e+00,1.610984921455383301e+00,1.734267711639404297e+00,7.761012911796569824e-01,8.276926517486572488e-01,7.767800688743591309e-01,8.362600862979888694e-01,5.299104377627372742e-03,5.645003216341137713e-03,3.410721942782402039e-02,3.955683149397373061e-02,1.867458596825599670e-02,2.509048935025930474e-02,2.266874253109563142e-05,2.266874253109563142e-05
1.726048469543457031e+00,1.709511566162109419e+00,1.726071119308471680e+00,1.709534215927124068e+00,8.243411183357238770e-01,8.180252373218536155e-01,8.287805318832397461e-01,8.215394854545593484e-01,5.062548909336328506e-03,5.318411998450756420e-03,4.345802217721939087e-02,4.008077122271060805e-02,2.440621890127658844e-02,2.454767264425754617e-02,2.266987212351523340e-05,2.266987212351523340e-05
1.713959693908691406e+00,1.716536116600036577e+00,1.713982343673706055e+00,1.716558766365051225e+00,8.238090276718139648e-01,8.194405198097228782e-01,8.250293135643005371e-01,8.257743239402770552e-01,5.621020682156085968e-03,5.819472391158342708e-03,3.497677296400070190e-02,4.247763417661189894e-02,2.452363260090351105e-02,2.302418258041143487e-02,2.267150557599961758e-05,2.267150557599961758e-05
1.653671145439147949e+00,1.704890990257263095e+00,1.653693795204162598e+00,1.704913640022277743e+00,7.989465594291687012e-01,8.204755604267119917e-01,7.995488047599792480e-01,8.240254282951354758e-01,3.160905791446566582e-03,5.607473663985729218e-03,3.774134814739227295e-02,4.245482049882411818e-02,1.427356619387865067e-02,1.232768949121236871e-02,2.267192758154124022e-05,2.267192758154124022e-05
1.660411715507507324e+00,1.710830032825469971e+00,1.660434365272521973e+00,1.710852682590484619e+00,7.984044551849365234e-01,8.156102657318115012e-01,7.999484539031982422e-01,8.249204516410827415e-01,4.041854292154312134e-03,5.558068957179784428e-03,3.619414195418357849e-02,4.264737144112586836e-02,2.182284370064735413e-02,2.209390271455049376e-02,2.267348281748127192e-05,2.267348281748127192e-05
1.651372313499450684e+00,1.694938361644744873e+00,1.651394963264465332e+00,1.694961011409759521e+00,7.812341451644897461e-01,8.152014672756194846e-01,7.852537035942077637e-01,8.200503587722778320e-01,4.618137143552303314e-03,6.103353295475244696e-03,6.959708034992218018e-02,4.218261837959289690e-02,1.066926773637533188e-02,1.140055973082780907e-02,2.267420677526388317e-05,2.267420677526388317e-05
1.715054869651794434e+00,1.683052337169647306e+00,1.715077519416809082e+00,1.683074986934661954e+00,8.265351057052612305e-01,8.106300175189972146e-01,8.307315111160278320e-01,8.168997228145599143e-01,5.059672519564628601e-03,5.525554530322551727e-03,3.948605433106422424e-02,3.990053422749042372e-02,1.324245054274797440e-02,1.009654318913817336e-02,2.267501986352726817e-05,2.267501986352726817e-05
1.651978015899658203e+00,1.690769064426422164e+00,1.652000665664672852e+00,1.690791714191436812e+00,8.011032342910766602e-01,8.139697790145874468e-01,8.042446374893188477e-01,8.179890453815460427e-01,5.292683839797973633e-03,5.950546078383922750e-03,2.581667900085449219e-02,4.005551822483539859e-02,1.552085671573877335e-02,1.280420338734984328e-02,2.267521267640404403e-05,2.267521267640404403e-05
1.795705676078796387e+00,1.710739719867706343e+00,1.795728325843811035e+00,1.710762369632720992e+00,8.675597906112670898e-01,8.200055897235870583e-01,8.711630105972290039e-01,8.235508203506469727e-01,1.121446210891008377e-02,5.710643297061323946e-03,3.488942608237266541e-02,4.139134548604488095e-02,1.087890379130840302e-02,2.008129395544528892e-02,2.267549643875099719e-05,2.267549643875099719e-05
1.667775273323059082e+00,1.699886655807495206e+00,1.667797923088073730e+00,1.699909305572509854e+00,8.004132509231567383e-01,8.179597079753875288e-01,8.095618486404418945e-01,8.238587081432342529e-01,4.409735091030597687e-03,5.833784118294715881e-03,3.671905398368835449e-02,3.927327245473861972e-02,1.667125336825847626e-02,1.296118535101413796e-02,2.267555100843310356e-05,2.267555100843310356e-05
1.554774403572082520e+00,1.669253432750701815e+00,1.554797053337097168e+00,1.669276082515716464e+00,7.435001134872436523e-01,8.037182867527008501e-01,7.477223873138427734e-01,8.109991073608397993e-01,3.155826358124613762e-03,5.658029951155186046e-03,4.273789376020431519e-02,3.874242268502712389e-02,1.765821315348148346e-02,1.013557612895965576e-02,2.267706076963804662e-05,2.267706076963804662e-05
1.639828085899353027e+00,1.672491514682769687e+00,1.639850735664367676e+00,1.672514164447784335e+00,7.922850847244262695e-01,8.064480602741241899e-01,7.959030270576477051e-01,8.122261047363281694e-01,3.764410503208637238e-03,5.469453986734151840e-03,3.674164041876792908e-02,3.852789364755153378e-02,1.113393250852823257e-02,9.820009116083383560e-03,2.267845957248937339e-05,2.267845957248937339e-05
1.668810248374938965e+00,1.681635832786560147e+00,1.668832898139953613e+00,1.681658482551574796e+00,8.020101189613342285e-01,8.059159934520720991e-01,8.006449937820434570e-01,8.144903242588042991e-01,2.692046109586954117e-03,5.953043047338723963e-03,4.826862737536430359e-02,4.057332389056682309e-02,1.519430615007877350e-02,1.470317831262946129e-02,2.267928721266798675e-05,2.267928721266798675e-05
1.770416855812072754e+00,1.715630269050598233e+00,1.770439505577087402e+00,1.715652918815612882e+00,8.452174067497253418e-01,8.173835754394531694e-01,8.584093451499938965e-01,8.258652210235595259e-01,1.114233583211898804e-02,6.373052671551704580e-03,4.181709885597229004e-02,3.862759843468666077e-02,1.383066084235906601e-02,2.738079428672790527e-02,2.267922900500707328e-05,2.267922900500707328e-05
1.582775354385375977e+00,1.702403354644775435e+00,1.582798004150390625e+00,1.702426004409790083e+00,7.591524124145507812e-01,8.172753632068634477e-01,7.579925656318664551e-01,8.238120317459106667e-01,5.712932441383600235e-03,6.086065992712974201e-03,4.611338302493095398e-02,4.040693305432796478e-02,1.380410604178905487e-02,1.482295459136366914e-02,2.268057505716569722e-05,2.268057505716569722e-05
1.726366758346557617e+00,1.771548521518707231e+00,1.726389408111572266e+00,1.771571171283721879e+00,8.081445097923278809e-01,8.383202254772186279e-01,8.132063150405883789e-01,8.441958904266357866e-01,3.893150016665458679e-03,5.314067425206303770e-03,5.527533218264579773e-02,4.049227982759475569e-02,4.584754258394241333e-02,4.322610422968864441e-02,2.268245953018777072e-05,2.268245953018777072e-05
1.666782855987548828e+00,1.683065378665923983e+00,1.666805505752563477e+00,1.683088028430938632e+00,8.033427596092224121e-01,8.101182401180266890e-01,8.145149350166320801e-01,8.150038242340087447e-01,3.787910565733909607e-03,5.405534850433468472e-03,3.013253957033157349e-02,3.857249282300471982e-02,1.500477083027362823e-02,1.396529106423258747e-02,2.268293610541149974e-05,2.268293610541149974e-05
1.666396737098693848e+00,1.676073348522186368e+00,1.666419386863708496e+00,1.676095998287201017e+00,8.102275729179382324e-01,8.065164148807525413e-01,8.085501790046691895e-01,8.132297277450561968e-01,4.013670608401298523e-03,5.006410460919141596e-03,3.140492364764213562e-02,3.828795626759529114e-02,1.220037788152694702e-02,1.303283516317605903e-02,2.268483694933820516e-05,2.268483694933820516e-05
1.835338830947875977e+00,1.820327746868133589e+00,1.835361480712890625e+00,1.820350396633148238e+00,8.414031863212585449e-01,8.469087362289429155e-01,8.520469665527343750e-01,8.547282993793487993e-01,6.234829314053058624e-03,6.686907494440674782e-03,3.585195168852806091e-02,3.740278370678425113e-02,9.980180859565734863e-02,7.460101097822188776e-02,2.268457683385349810e-05,2.268457683385349810e-05
2.248003721237182617e+00,2.340111756324767978e+00,2.248026371002197266e+00,2.340134406089782626e+00,1.000081062316894531e+00,1.036239194869995162e+00,1.006538033485412598e+00,1.044298505783081144e+00,6.702974904328584671e-03,5.409546755254268299e-03,3.630832210183143616e-02,4.266490861773490628e-02,1.983735263347625732e-01,2.114995300769805797e-01,2.268570824526250362e-05,2.268570824526250362e-05
1.785468101501464844e+00,1.896643412113189653e+00,1.785490751266479492e+00,1.896666061878204301e+00,8.401533961296081543e-01,8.893213212490082009e-01,8.361495733261108398e-01,8.768183052539825217e-01,4.576805047690868378e-03,5.957145150750875820e-03,4.570830985903739929e-02,4.772291332483291626e-02,5.888010188937187195e-02,7.682375013828277033e-02,2.269138531119097024e-05,2.269138531119097024e-05
1.708416700363159180e+00,1.715653026103973300e+00,1.708439350128173828e+00,1.715675675868987948e+00,8.184332251548767090e-01,8.189800262451172319e-01,8.210285305976867676e-01,8.308408319950103538e-01,4.888889845460653305e-03,7.877395581454038273e-03,4.344615712761878967e-02,4.278880804777145108e-02,2.061985060572624207e-02,1.516598770394921372e-02,2.269298784085549414e-05,2.269298784085549414e-05
1.843386054039001465e+00,1.782003068923950106e+00,1.843408703804016113e+00,1.782025718688964755e+00,8.838244676589965820e-01,8.453583776950835960e-01,8.828099966049194336e-01,8.468802452087402788e-01,5.820988211780786514e-03,5.565625941380858074e-03,3.287472948431968689e-02,4.509826563298702240e-02,3.805593773722648621e-02,3.910054564476013461e-02,2.269694959977641702e-05,2.269694959977641702e-05
1.758719563484191895e+00,1.713043797016143843e+00,1.758742213249206543e+00,1.713066446781158492e+00,8.446956872940063477e-01,8.192429423332214800e-01,8.486208319664001465e-01,8.273347318172454834e-01,5.093335174024105072e-03,5.282176565378904690e-03,4.847159236669540405e-02,4.393975026905536790e-02,1.183819305151700974e-02,1.724417023360729287e-02,2.269752258143853396e-05,2.269752258143853396e-05
1.689400672912597656e+00,1.709529936313629150e+00,1.689423322677612305e+00,1.709552586078643799e+00,8.188503980636596680e-01,8.219390869140624778e-01,8.190181851387023926e-01,8.261659085750580056e-01,6.005244795233011246e-03,6.553199142217636108e-03,3.171705082058906555e-02,3.982612565159797391e-02,1.380968559533357620e-02,1.504560550674796139e-02,2.269782999064773321e-05,2.269782999064773321e-05
1.718792676925659180e+00,1.700325894355773970e+00,1.718815326690673828e+00,1.700348544120788619e+00,8.254256844520568848e-01,8.180186510086059348e-01,8.360353708267211914e-01,8.220482409000396951e-01,4.496674053370952606e-03,5.869561620056629007e-03,3.462160378694534302e-02,4.124856851994991580e-02,1.821321621537208557e-02,1.314083021134138107e-02,2.269943979626987129e-05,2.269943979626987129e-05
1.708229422569274902e+00,1.718693161010742099e+00,1.708252072334289551e+00,1.718715810775756747e+00,8.193897008895874023e-01,8.218650698661804643e-01,8.212337493896484375e-01,8.282609224319458230e-01,3.227768465876579285e-03,5.627633119001984423e-03,4.000569507479667664e-02,4.172202683985233584e-02,2.437252365052700043e-02,2.121749389916658540e-02,2.269998185511212796e-05,2.269998185511212796e-05
1.720308184623718262e+00,1.719139230251312211e+00,1.720330834388732910e+00,1.719161880016326860e+00,8.261657953262329102e-01,8.225807785987854226e-01,8.309740424156188965e-01,8.307145535945892334e-01,3.890483407303690910e-03,5.855704052373766552e-03,4.714455455541610718e-02,4.252768233418464938e-02,1.213330402970314026e-02,1.746051646769046853e-02,2.270070945087354630e-05,2.270070945087354630e-05
1.634574890136718750e+00,1.684912824630737216e+00,1.634597539901733398e+00,1.684935474395751864e+00,7.918837070465087891e-01,8.100655913352966531e-01,7.944356799125671387e-01,8.174187302589416282e-01,2.626553643494844437e-03,5.427342979237437595e-03,2.870333008468151093e-02,4.038242027163505693e-02,1.692556217312812805e-02,1.161871701478958165e-02,2.270182812935672700e-05,2.270182812935672700e-05
1.761723160743713379e+00,1.683350920677185059e+00,1.761745810508728027e+00,1.683373570442199707e+00,8.507508635520935059e-01,8.100623965263367143e-01,8.536482453346252441e-01,8.169611632823944314e-01,5.099288187921047211e-03,5.874557420611381531e-03,4.403253644704818726e-02,3.960879854857921739e-02,8.192150853574275970e-03,1.084395991638302872e-02,2.270297409268096089e-05,2.270297409268096089e-05
1.623947143554687500e+00,1.690703773498535067e+00,1.623969793319702148e+00,1.690726423263549716e+00,7.819975018501281738e-01,8.117426335811614990e-01,7.896984815597534180e-01,8.191956162452698198e-01,3.970826044678688049e-03,5.843324121087789536e-03,3.580028563737869263e-02,4.064125679433346072e-02,1.247991621494293213e-02,1.328090168535709346e-02,2.270295590278692544e-05,2.270295590278692544e-05
1.756383061408996582e+00,1.710518169403076216e+00,1.756405711174011230e+00,1.710540819168090865e+00,8.444267511367797852e-01,8.228926241397858110e-01,8.525716662406921387e-01,8.268809676170348899e-01,3.743492066860198975e-03,6.430114200338721102e-03,4.278206452727317810e-02,3.768216483294963698e-02,1.285908464342355728e-02,1.663228347897529463e-02,2.270483673783019185e-05,2.270483673783019185e-05
1.623814582824707031e+00,1.673900759220123380e+00,1.623837232589721680e+00,1.673923408985138028e+00,7.752486467361450195e-01,8.068308591842651145e-01,7.792102694511413574e-01,8.130994319915771928e-01,1.241139415651559830e-02,5.885847238823771130e-03,4.922274500131607056e-02,4.030951261520385881e-02,7.721640169620513916e-03,7.775108469650149692e-03,2.270663753733970225e-05,2.270663753733970225e-05
1.580204129219055176e+00,1.672308754920959428e+00,1.580226778984069824e+00,1.672331404685974077e+00,7.643629312515258789e-01,8.078929662704468218e-01,7.649183869361877441e-01,8.122869491577148215e-01,4.571615252643823624e-03,5.668582534417510380e-03,3.630625084042549133e-02,3.868845514953136305e-02,1.004488114267587662e-02,7.771749608218669544e-03,2.270701770612504333e-05,2.270701770612504333e-05
1.633609652519226074e+00,1.701644146442413241e+00,1.633632302284240723e+00,1.701666796207427890e+00,7.735026478767395020e-01,8.167083084583282027e-01,7.857307195663452148e-01,8.211615324020385964e-01,4.180055577307939529e-03,6.429294403642415827e-03,5.679183080792427063e-02,4.108678512275219102e-02,1.340442150831222534e-02,1.625815276056528230e-02,2.270610821142327040e-05,2.270610821142327040e-05
1.687141656875610352e+00,1.674464392662048384e+00,1.687164306640625000e+00,1.674487042427063033e+00,8.134624958038330078e-01,8.067329823970794678e-01,8.170431256294250488e-01,8.114658951759338157e-01,4.030421841889619827e-03,5.989654874429106886e-03,3.900825604796409607e-02,3.841474168002605161e-02,1.359731983393430710e-02,1.186113692820072243e-02,2.270614641020074487e-05,2.270614641020074487e-05
1.630189776420593262e+00,1.684569466114044234e+00,1.630212426185607910e+00,1.684592115879058882e+00,7.860976457595825195e-01,8.092502534389496294e-01,7.932611107826232910e-01,8.178513765335082564e-01,5.636814050376415253e-03,5.601146724075078964e-03,3.317673131823539734e-02,4.026425518095493039e-02,1.201732642948627472e-02,1.160243516787886654e-02,2.270704862894490361e-05,2.270704862894490361e-05
1.735794425010681152e+00,1.680512976646423295e+00,1.735817074775695801e+00,1.680535626411437944e+00,8.315896391868591309e-01,8.057271540164947510e-01,8.309260010719299316e-01,8.116645455360412820e-01,7.023930549621582031e-03,6.402098201215266834e-03,5.374345928430557251e-02,4.037020690739154954e-02,1.251141913235187531e-02,1.634896844625472953e-02,2.270706318086013198e-05,2.270706318086013198e-05
1.802969813346862793e+00,1.713365280628204257e+00,1.802992463111877441e+00,1.713387930393218905e+00,8.653804659843444824e-01,8.209378838539123091e-01,8.657435774803161621e-01,8.261779606342315452e-01,4.017747472971677780e-03,5.923524033278226852e-03,4.582915455102920532e-02,3.951364830136298856e-02,2.199885807931423187e-02,2.081227079033851762e-02,2.270607910759281367e-05,2.270607910759281367e-05
1.754284858703613281e+00,1.718866753578186080e+00,1.754307508468627930e+00,1.718889403343200728e+00,8.502723574638366699e-01,8.218417823314666526e-01,8.562529683113098145e-01,8.290222346782684104e-01,4.342956002801656723e-03,6.136663025245070457e-03,2.379941940307617188e-02,3.988711796700954160e-02,1.961725577712059021e-02,2.197900284081697603e-02,2.270723780384287238e-05,2.270723780384287238e-05
1.543051958084106445e+00,1.671337521076202481e+00,1.543074607849121094e+00,1.671360170841217130e+00,7.436255812644958496e-01,8.037577748298645464e-01,7.510240077972412109e-01,8.129270315170288308e-01,3.574431408196687698e-03,5.530602112412452524e-03,3.681994602084159851e-02,4.173577502369880954e-02,8.007864467799663544e-03,7.386337127536534916e-03,2.270864206366240978e-05,2.270864206366240978e-05
1.596679925918579102e+00,1.682963228225708097e+00,1.596702575683593750e+00,1.682985877990722745e+00,7.653781771659851074e-01,8.099783420562743919e-01,7.687336802482604980e-01,8.157998800277710405e-01,3.514450741931796074e-03,5.481559876352548252e-03,4.509661346673965454e-02,3.941389545798301697e-02,1.395704783499240875e-02,1.228957865387201275e-02,2.270806180604267865e-05,2.270806180604267865e-05
1.715468049049377441e+00,1.692883384227752641e+00,1.715490698814392090e+00,1.692906033992767290e+00,8.349998593330383301e-01,8.151600003242492898e-01,8.367764949798583984e-01,8.217203438282012495e-01,4.121261183172464371e-03,6.267202040180564100e-03,2.840133756399154663e-02,3.942646570503711978e-02,1.116903591901063919e-02,1.030936567112803424e-02,2.270876575494185090e-05,2.270876575494185090e-05
1.739653348922729492e+00,1.699569833278655961e+00,1.739675998687744141e+00,1.699592483043670610e+00,8.464540839195251465e-01,8.166445016860961470e-01,8.452009558677673340e-01,8.260567188262939453e-01,3.261079778894782066e-03,5.872415192425250834e-03,3.508024290204048157e-02,3.845317512750625472e-02,9.656987152993679047e-03,1.254297234117984772e-02,2.270872755616437644e-05,2.270872755616437644e-05
1.693142414093017578e+00,1.674152803421020463e+00,1.693165063858032227e+00,1.674175453186035112e+00,8.103742599487304688e-01,8.033169031143188032e-01,8.135273456573486328e-01,8.097848653793334739e-01,4.287305753678083420e-03,6.484632194042205637e-03,5.231876298785209656e-02,4.181802384555340091e-02,1.263458840548992157e-02,1.274837963283062016e-02,2.270910954393912107e-05,2.270910954393912107e-05
1.507440567016601562e+00,1.666129779815673784e+00,1.507463335990905762e+00,1.666152548789977983e+00,7.285319566726684570e-01,8.024579882621765137e-01,7.326551675796508789e-01,8.115746438503265159e-01,3.249301575124263763e-03,5.934842210263013666e-03,3.315768390893936157e-02,3.773907646536826810e-02,9.846425615251064301e-03,8.423222601413727154e-03,2.271055745950434357e-05,2.271055745950434357e-05
1.749365329742431641e+00,1.675848126411437988e+00,1.749388098716735840e+00,1.675870895385742188e+00,8.468143343925476074e-01,8.047622323036194292e-01,8.556848168373107910e-01,8.113851368427276167e-01,5.173359997570514679e-03,5.807143077254295696e-03,3.098119795322418213e-02,3.977510929107665877e-02,1.071161404252052307e-02,1.411851858720183407e-02,2.271264020237140357e-05,2.271264020237140357e-05
1.684574246406555176e+00,1.690211141109466464e+00,1.684597015380859375e+00,1.690233910083770663e+00,8.113662004470825195e-01,8.119438469409943071e-01,8.192059397697448730e-01,8.186739325523376687e-01,7.120236754417419434e-03,5.624623084440827196e-03,3.294065594673156738e-02,3.911409601569175443e-02,1.394127402454614639e-02,1.485460633412003482e-02,2.271202902193181217e-05,2.271202902193181217e-05
1.692302346229553223e+00,1.678831422328948886e+00,1.692325115203857422e+00,1.678854191303253085e+00,8.161460161209106445e-01,8.083482146263122337e-01,8.193192481994628906e-01,8.142518103122711182e-01,4.506799858063459396e-03,5.871561402454972094e-03,4.250229150056838989e-02,3.790148459374904910e-02,9.827948175370693207e-03,1.245834771543741226e-02,2.271155608468689024e-05,2.271155608468689024e-05
1.794900655746459961e+00,1.831592571735382036e+00,1.794923424720764160e+00,1.831615340709686235e+00,8.251252174377441406e-01,8.511430978775024192e-01,8.340324163436889648e-01,8.620034217834472434e-01,9.367353282868862152e-03,6.158729502931237394e-03,4.105190187692642212e-02,4.266115538775920590e-02,8.532385528087615967e-02,6.962617859244346619e-02,2.271125049446709454e-05,2.271125049446709454e-05
3.241187572479248047e+00,3.405932903289794922e+00,3.241210222244262695e+00,3.405955553054809570e+00,1.365118265151977539e+00,1.420254814624786421e+00,1.369315385818481445e+00,1.429621231555938676e+00,2.114129252731800079e-02,2.222449742257594923e-02,4.940733313560485840e-02,5.045273378491401534e-02,4.362055063247680664e-01,4.833795785903930442e-01,2.271014454890973866e-05,2.271014454890973866e-05
2.094665765762329102e+00,2.084144401550292791e+00,2.094688415527343750e+00,2.084167051315307440e+00,9.375793337821960449e-01,9.148136138916015403e-01,9.663472175598144531e-01,9.835555911064147727e-01,4.119537770748138428e-02,4.595110863447189609e-02,1.007463783025741577e-01,8.873279839754104337e-02,4.879741743206977844e-02,5.109126307070255280e-02,2.272852179885376245e-05,2.272852179885376245e-05
1.916353344917297363e+00,1.874320578575134233e+00,1.916376113891601562e+00,1.874343347549438432e+00,8.992532491683959961e-01,8.707382619380951150e-01,9.016254544258117676e-01,8.980652987957000732e-01,1.304300315678119659e-02,1.788832750171422820e-02,8.152204751968383789e-02,6.345038898289204199e-02,2.090944722294807434e-02,2.417829651385545661e-02,2.273221616633236408e-05,2.273221616633236408e-05
1.835113763809204102e+00,1.857972908020019576e+00,1.835136532783508301e+00,1.857995676994323775e+00,8.730432391166687012e-01,8.687642335891723189e-01,8.774456977844238281e-01,8.942476093769073930e-01,1.521778106689453125e-02,1.649287687614560058e-02,4.925964772701263428e-02,6.046851202845573287e-02,2.014728449285030365e-02,1.799969617277383943e-02,2.273316931677982211e-05,2.273316931677982211e-05
1.806128621101379395e+00,1.829398083686828658e+00,1.806151390075683594e+00,1.829420852661132857e+00,8.597440719604492188e-01,8.613231301307677779e-01,8.604212999343872070e-01,8.763767004013061079e-01,1.126438751816749573e-02,1.362166749313473667e-02,5.955641344189643860e-02,6.145385317504405837e-02,1.514246221631765366e-02,1.662274347618222098e-02,2.273306563438382000e-05,2.273306563438382000e-05
1.850945234298706055e+00,1.801536369323730513e+00,1.850968003273010254e+00,1.801559138298034712e+00,8.888943791389465332e-01,8.570288658142090066e-01,8.875591754913330078e-01,8.631959199905395730e-01,1.050508674234151840e-02,1.022510398179292748e-02,5.557522177696228027e-02,6.015511527657509128e-02,8.411431685090065002e-03,1.093138083815574715e-02,2.273255086038261652e-05,2.273255086038261652e-05
1.825892090797424316e+00,1.774653744697570756e+00,1.825914859771728516e+00,1.774676513671874956e+00,8.743480443954467773e-01,8.462326526641845703e-01,8.795147538185119629e-01,8.555377960205078347e-01,7.401335053145885468e-03,9.351674187928437493e-03,5.701745301485061646e-02,5.632195509970187863e-02,7.610399276018142700e-03,7.209659274667501623e-03,2.273077552672475576e-05,2.273077552672475576e-05
1.811487793922424316e+00,1.771931064128875688e+00,1.811510562896728516e+00,1.771953833103179887e+00,8.657109737396240234e-01,8.443392157554626687e-01,8.661148548126220703e-01,8.544527590274810791e-01,5.775072611868381500e-03,8.768420014530420997e-03,6.561513245105743408e-02,5.511701181530952176e-02,8.271670900285243988e-03,9.253668505698442806e-03,2.272910751344170421e-05,2.272910751344170421e-05
1.674992084503173828e+00,1.758079516887664839e+00,1.675014853477478027e+00,1.758102285861969039e+00,8.103922009468078613e-01,8.407055675983429177e-01,8.127819299697875977e-01,8.475687623023986372e-01,3.659952199086546898e-03,7.937608473002909920e-03,3.982738032937049866e-02,5.379446893930435458e-02,8.330556564033031464e-03,8.073109434917569160e-03,2.272872006869874895e-05,2.272872006869874895e-05
1.752065300941467285e+00,1.759953653812408536e+00,1.752088069915771484e+00,1.759976422786712735e+00,8.337002992630004883e-01,8.415435254573822021e-01,8.399619460105895996e-01,8.477752208709716797e-01,5.789357237517833710e-03,7.639244990423321377e-03,6.292098015546798706e-02,5.376854799687862119e-02,9.692825376987457275e-03,9.227095637470483780e-03,2.272827259730547667e-05,2.272827259730547667e-05
1.869723558425903320e+00,1.753707611560821444e+00,1.869746327400207520e+00,1.753730380535125644e+00,8.958098292350769043e-01,8.387615323066711648e-01,9.055494666099548340e-01,8.456213235855102317e-01,7.715676911175251007e-03,7.532786484807730068e-03,5.230713263154029846e-02,5.074557289481163025e-02,8.341422304511070251e-03,1.104643857106566394e-02,2.272946039738599211e-05,2.272946039738599211e-05
1.803790807723999023e+00,1.753180527687072665e+00,1.803813576698303223e+00,1.753203296661376864e+00,8.549482226371765137e-01,8.391956686973571777e-01,8.592617511749267578e-01,8.458681643009186013e-01,7.493280805647373199e-03,7.078083604574203838e-03,6.796011328697204590e-02,4.853492379188537736e-02,1.412741094827651978e-02,1.250366643071174587e-02,2.273011341458186507e-05,2.273011341458186507e-05
1.661014676094055176e+00,1.751796507835388095e+00,1.661037445068359375e+00,1.751819276809692294e+00,7.968694567680358887e-01,8.374147593975067583e-01,7.965164184570312500e-01,8.421035647392273171e-01,6.639010738581418991e-03,6.611141050234437336e-03,4.372103512287139893e-02,4.941792711615562717e-02,1.726866886019706726e-02,1.624911632388830254e-02,2.272912024636752903e-05,2.272912024636752903e-05
1.738522052764892578e+00,1.747108113765716508e+00,1.738544821739196777e+00,1.747130882740020708e+00,8.368999361991882324e-01,8.372138977050781472e-01,8.358989953994750977e-01,8.420315027236938699e-01,6.488258019089698792e-03,6.713256100192665707e-03,4.759132489562034607e-02,4.950078949332237244e-02,1.164360716938972473e-02,1.164864338934421505e-02,2.272887650178745389e-05,2.272887650178745389e-05
1.707182765007019043e+00,1.728296256065368741e+00,1.707205533981323242e+00,1.728319025039672940e+00,8.229139447212219238e-01,8.316814959049224631e-01,8.230910301208496094e-01,8.357320368289947732e-01,7.975093089044094086e-03,6.286183185875415629e-03,4.732729867100715637e-02,4.775910675525665144e-02,5.875441245734691620e-03,6.837422028183937073e-03,2.272813435411080718e-05,2.272813435411080718e-05
1.625671267509460449e+00,1.722041273117065341e+00,1.625694036483764648e+00,1.722064042091369540e+00,7.870731949806213379e-01,8.287218451499939187e-01,7.898128032684326172e-01,8.340158641338348833e-01,5.524003412574529648e-03,6.570201972499490131e-03,3.558460623025894165e-02,4.590824767947197099e-02,7.676778361201286316e-03,6.825140304863452564e-03,2.272841265948954970e-05,2.272841265948954970e-05
1.751687288284301758e+00,1.727451634407043413e+00,1.751710057258605957e+00,1.727474403381347612e+00,8.434398174285888672e-01,8.309782385826111062e-01,8.464620113372802734e-01,8.366124451160430464e-01,6.612103432416915894e-03,5.955854477360844439e-03,4.652489721775054932e-02,4.504802264273166656e-02,8.648534305393695831e-03,8.857087325304746281e-03,2.272927849844563752e-05,2.272927849844563752e-05
1.705024957656860352e+00,1.719402790069580078e+00,1.705047726631164551e+00,1.719425559043884277e+00,8.261898756027221680e-01,8.290461778640747514e-01,8.291511535644531250e-01,8.323271334171294944e-01,5.827641580253839493e-03,5.867413105443119656e-03,3.654738143086433411e-02,4.453238211572170535e-02,7.308863569051027298e-03,7.629699632525443684e-03,2.272920755785889924e-05,2.272920755785889924e-05
1.797265648841857910e+00,1.720847380161285356e+00,1.797288417816162109e+00,1.720870149135589555e+00,8.661630153656005859e-01,8.285549879074096680e-01,8.715995550155639648e-01,8.336081326007842573e-01,7.158059161156415939e-03,5.672973720356822361e-03,4.320199415087699890e-02,4.434823133051395139e-02,9.143025614321231842e-03,8.663045894354581139e-03,2.272921483381651342e-05,2.272921483381651342e-05
1.692874431610107422e+00,1.737668478488922030e+00,1.692897200584411621e+00,1.737691247463226230e+00,8.161863684654235840e-01,8.351773679256438987e-01,8.127492666244506836e-01,8.362927675247192605e-01,6.096071097999811172e-03,5.294022429734468287e-03,4.020988568663597107e-02,4.409491866827010970e-02,1.763286814093589783e-02,1.680939644575119019e-02,2.272905658173840493e-05,2.272905658173840493e-05
1.868634939193725586e+00,1.715918695926666349e+00,1.868657708168029785e+00,1.715941464900970548e+00,9.019425511360168457e-01,8.281017541885375977e-01,9.037666320800781250e-01,8.312234342098235862e-01,4.717431962490081787e-03,5.559263844043016087e-03,5.195889621973037720e-02,4.178980365395545959e-02,6.249474361538887024e-03,9.244455862790346493e-03,2.272958408866543323e-05,2.272958408866543323e-05
1.719938516616821289e+00,1.719106221199035556e+00,1.719961285591125488e+00,1.719128990173339755e+00,8.332694768905639648e-01,8.277465045452118142e-01,8.342344760894775391e-01,8.308249950408935769e-01,4.261759575456380844e-03,5.639034416526555668e-03,3.776449710130691528e-02,4.331781752407550673e-02,1.040833815932273865e-02,1.157785849645733868e-02,2.273008612974081188e-05,2.273008612974081188e-05
1.718588829040527344e+00,1.714951038360595703e+00,1.718611598014831543e+00,1.714973807334899902e+00,8.251454830169677734e-01,8.262971043586730957e-01,8.269175887107849121e-01,8.307808756828307661e-01,6.266536656767129898e-03,5.310702417045831507e-03,4.746322706341743469e-02,4.104518964886665067e-02,1.279596611857414246e-02,1.151712881401181256e-02,2.273002974106930196e-05,2.273002974106930196e-05
1.746014952659606934e+00,1.713500165939330966e+00,1.746037721633911133e+00,1.713522934913635165e+00,8.434454202651977539e-01,8.268993437290191872e-01,8.454331755638122559e-01,8.301804780960082564e-01,7.006479892879724503e-03,5.226388992741704161e-03,4.050804302096366882e-02,4.113071449100971083e-02,9.621875360608100891e-03,1.006321590393781731e-02,2.273018981213681400e-05,2.273018981213681400e-05
1.734598398208618164e+00,1.711730229854583785e+00,1.734621167182922363e+00,1.711752998828887984e+00,8.407793045043945312e-01,8.246442615985870583e-01,8.422863483428955078e-01,8.305587768554687500e-01,5.894685629755258560e-03,5.033426918089389801e-03,3.615406900644302368e-02,4.146482199430465837e-02,9.484059177339076996e-03,1.002894425764679943e-02,2.272979327244684100e-05,2.272979327244684100e-05
1.644281983375549316e+00,1.703396391868591264e+00,1.644304752349853516e+00,1.703419160842895463e+00,7.871683239936828613e-01,8.228463411331177202e-01,7.988288402557373047e-01,8.266403734683990256e-01,7.464604917913675308e-03,5.247309245169163097e-03,4.046511277556419373e-02,4.081053659319877625e-02,1.035505626350641251e-02,7.851854898035526276e-03,2.273045902256853878e-05,2.273045902256853878e-05
1.731462717056274414e+00,1.706346845626831144e+00,1.731485486030578613e+00,1.706369614601135343e+00,8.325642347335815430e-01,8.247339367866516335e-01,8.384556770324707031e-01,8.272627711296081099e-01,4.568066913634538651e-03,5.047461576759814869e-03,4.505535215139389038e-02,4.078908488154411177e-02,1.081926189363002777e-02,8.513618726283311844e-03,2.273056452395394444e-05,2.273056452395394444e-05
1.761686682701110840e+00,1.723868918418884233e+00,1.761709451675415039e+00,1.723891687393188432e+00,8.403534293174743652e-01,8.270252108573913352e-01,8.472436666488647461e-01,8.313839375972748025e-01,5.467955954372882843e-03,4.729397268965840687e-03,4.815792664885520935e-02,4.222226887941360474e-02,2.046374231576919556e-02,1.850813012570142607e-02,2.273053542012348771e-05,2.273053542012348771e-05
1.804222941398620605e+00,1.738183307647705123e+00,1.804245710372924805e+00,1.738206076622009322e+00,8.624780178070068359e-01,8.356522798538208452e-01,8.705502152442932129e-01,8.356745064258574995e-01,7.824921049177646637e-03,4.692546185106038700e-03,3.998434171080589294e-02,4.092988036572933058e-02,2.338548004627227783e-02,2.123413309454917977e-02,2.272991150675807148e-05,2.272991150675807148e-05
1.735751390457153320e+00,1.716204929351806685e+00,1.735774159431457520e+00,1.716227698326110884e+00,8.412106633186340332e-01,8.271887302398681641e-01,8.404821157455444336e-01,8.318407356739043745e-01,4.400175996124744415e-03,4.624540871009230787e-03,4.341616481542587280e-02,4.161899462342262546e-02,6.242271512746810913e-03,1.093195797875523567e-02,2.273123755003325641e-05,2.273123755003325641e-05
1.710431456565856934e+00,1.703585851192474410e+00,1.710454225540161133e+00,1.703608620166778609e+00,8.271912932395935059e-01,8.242321610450744629e-01,8.301244974136352539e-01,8.272245228290557861e-01,5.065881647169589996e-03,4.840384703129529953e-03,4.044468700885772705e-02,3.995653651654720168e-02,7.605110760778188705e-03,7.332257460802793503e-03,2.273247810080647469e-05,2.273247810080647469e-05
1.722648859024047852e+00,1.711466073989868164e+00,1.722671627998352051e+00,1.711488842964172363e+00,8.320915102958679199e-01,8.242532789707184282e-01,8.353520035743713379e-01,8.271409034729003684e-01,3.831047564744949341e-03,4.908856190741062338e-03,3.877788782119750977e-02,3.997369743883609494e-02,1.259639486670494080e-02,1.518930587917566299e-02,2.273309655720368028e-05,2.273309655720368028e-05
1.662477016448974609e+00,1.714202272891998335e+00,1.662499785423278809e+00,1.714225041866302535e+00,8.031156659126281738e-01,8.259852588176727073e-01,8.055186271667480469e-01,8.287981092929840310e-01,3.059375798329710960e-03,4.653232963755726467e-03,3.456040471792221069e-02,4.070565402507782260e-02,1.622290164232254028e-02,1.405995534732937778e-02,2.273332756885793060e-05,2.273332756885793060e-05
1.758180022239685059e+00,1.709450924396514804e+00,1.758202791213989258e+00,1.709473693370819003e+00,8.489727973937988281e-01,8.231145024299622026e-01,8.515932559967041016e-01,8.259118616580962691e-01,3.769234288483858109e-03,4.699873970821499825e-03,3.927921876311302185e-02,4.043720290064811707e-02,1.456542126834392548e-02,1.528747780248522828e-02,2.273330210300628096e-05,2.273330210300628096e-05
1.669394612312316895e+00,1.698314321041107133e+00,1.669417381286621094e+00,1.698337090015411333e+00,8.092122673988342285e-01,8.204868972301483376e-01,8.105182051658630371e-01,8.234728872776031494e-01,4.091282840818166733e-03,4.681879468262195414e-03,3.407342731952667236e-02,3.930014558136463165e-02,1.149935834109783173e-02,1.037251465022564004e-02,2.273344216519035399e-05,2.273344216519035399e-05
1.563950061798095703e+00,1.705044054985046298e+00,1.563972830772399902e+00,1.705066823959350497e+00,7.522427439689636230e-01,8.228021740913391557e-01,7.540118694305419922e-01,8.267557084560394065e-01,4.305533133447170258e-03,4.870116105303167950e-03,3.956738486886024475e-02,3.788045458495616774e-02,1.382257230579853058e-02,1.273557525128126214e-02,2.273390055052004755e-05,2.273390055052004755e-05
1.652237415313720703e+00,1.729292273521423340e+00,1.652260184288024902e+00,1.729315042495727539e+00,7.924695611000061035e-01,8.312365770339965598e-01,7.896068096160888672e-01,8.305382788181304710e-01,4.706259816884994507e-03,4.500206094235181808e-03,3.457188233733177185e-02,3.962159045040607175e-02,3.088299930095672607e-02,2.339560091495513847e-02,2.273495920235291123e-05,2.273495920235291123e-05
1.644078493118286133e+00,1.709851241111755460e+00,1.644101262092590332e+00,1.709874010086059659e+00,7.992324829101562500e-01,8.255319833755493386e-01,8.052569627761840820e-01,8.282444059848785844e-01,6.116160191595554352e-03,4.611200839281082327e-03,2.089688368141651154e-02,4.005391821265220920e-02,1.257595792412757874e-02,1.140970801934599807e-02,2.273498830618336797e-05,2.273498830618336797e-05
1.779152274131774902e+00,1.692568755149841397e+00,1.779175043106079102e+00,1.692591524124145597e+00,8.497865796089172363e-01,8.174001753330231157e-01,8.542727828025817871e-01,8.201402306556702104e-01,4.779134877026081085e-03,4.508665809407830065e-03,5.934216082096099854e-02,3.989451378583908081e-02,1.097163651138544083e-02,1.062514130026102031e-02,2.273493009852245450e-05,2.273493009852245450e-05
1.755445122718811035e+00,1.711428821086883545e+00,1.755467891693115234e+00,1.711451590061187744e+00,8.541027307510375977e-01,8.277059972286224809e-01,8.535831570625305176e-01,8.307624757289886475e-01,3.306710394099354744e-03,4.479152150452136993e-03,3.402696922421455383e-02,3.817941248416900635e-02,1.042545866221189499e-02,1.030181543901562656e-02,2.273530117236077785e-05,2.273530117236077785e-05
1.534979462623596191e+00,1.699869525432586626e+00,1.535002231597900391e+00,1.699892294406890825e+00,7.372896671295166016e-01,8.203192770481109175e-01,7.379713654518127441e-01,8.235536813735961914e-01,4.207484424114227295e-03,4.373906319960952152e-03,3.564988076686859131e-02,3.845025561749935289e-02,1.986111886799335480e-02,1.317243753001093830e-02,2.273585050716064870e-05,2.273585050716064870e-05
1.618711709976196289e+00,1.695237958431243808e+00,1.618734478950500488e+00,1.695260727405548007e+00,7.786987423896789551e-01,8.200720906257629172e-01,7.837106585502624512e-01,8.228323698043823464e-01,3.018845338374376297e-03,4.467066936194896351e-03,4.114568606019020081e-02,3.907894566655158858e-02,1.213778275996446609e-02,8.787484187632799842e-03,2.273674544994719326e-05,2.273674544994719326e-05
1.690993547439575195e+00,1.710376012325286910e+00,1.691016316413879395e+00,1.710398781299591109e+00,8.190004229545593262e-01,8.240924954414368120e-01,8.214539885520935059e-01,8.264925539493560569e-01,5.829114001244306564e-03,4.383096005767583847e-03,3.570174053311347961e-02,3.885729275643825392e-02,9.008307009935379028e-03,1.655059987679123948e-02,2.273612699354998767e-05,2.273612699354998767e-05
1.687463164329528809e+00,1.701892232894897550e+00,1.687485933303833008e+00,1.701915001869201749e+00,8.064788579940795898e-01,8.214200019836426225e-01,8.082861304283142090e-01,8.235972940921783003e-01,3.816352691501379013e-03,4.407937033101915966e-03,5.493117868900299072e-02,3.900426924228668490e-02,1.395065151154994965e-02,1.346271429210901295e-02,2.273597419844008982e-05,2.273597419844008982e-05
1.740060806274414062e+00,1.705085706710815385e+00,1.740083575248718262e+00,1.705108475685119584e+00,8.410233259201049805e-01,8.231652259826660600e-01,8.417404294013977051e-01,8.260154366493225320e-01,3.514378797262907028e-03,4.176442883908748974e-03,4.475156590342521667e-02,3.895504772663116455e-02,9.031112305819988251e-03,1.277357889339327847e-02,2.273670907015912235e-05,2.273670907015912235e-05
1.723216176033020020e+00,1.712366092205047652e+00,1.723238945007324219e+00,1.712388861179351851e+00,8.348253369331359863e-01,8.242789149284363015e-01,8.345468640327453613e-01,8.272328674793243408e-01,7.929018698632717133e-03,4.330337885767221798e-03,3.631774708628654480e-02,3.851988725364208221e-02,9.597279131412506104e-03,1.800408270210027833e-02,2.273733298352453858e-05,2.273733298352453858e-05
1.576222062110900879e+00,1.706052887439727828e+00,1.576244831085205078e+00,1.706075656414032027e+00,7.650342583656311035e-01,8.248354256153106467e-01,7.648617625236511230e-01,8.260647714138030784e-01,2.667899010702967644e-03,4.092304618097841740e-03,3.058813884854316711e-02,3.819759376347064972e-02,1.306999474763870239e-02,1.286281375214457477e-02,2.273841892019845545e-05,2.273841892019845545e-05
1.724400043487548828e+00,1.702201926708221347e+00,1.724422812461853027e+00,1.702224695682525546e+00,8.279949426651000977e-01,8.196897864341735618e-01,8.335345983505249023e-01,8.263083040714264138e-01,5.302423145622014999e-03,4.160038148984313185e-03,4.704869166016578674e-02,4.132667705416679521e-02,1.051936112344264984e-02,1.071712281554937363e-02,2.273999962199013680e-05,2.273999962199013680e-05
1.743512272834777832e+00,1.693846583366394043e+00,1.743535041809082031e+00,1.693869352340698242e+00,8.487768173217773438e-01,8.183552503585815874e-01,8.501308560371398926e-01,8.209404945373535156e-01,5.400819238275289536e-03,4.389169393107295036e-03,3.066348470747470856e-02,3.991236612200736722e-02,8.540424518287181854e-03,1.024930775165557896e-02,2.274347752972971648e-05,2.274347752972971648e-05
1.677169680595397949e+00,1.705883085727691650e+00,1.677192449569702148e+00,1.705905854701995850e+00,8.055565953254699707e-01,8.228669703006744607e-01,8.024761080741882324e-01,8.238477468490600364e-01,3.792904550209641457e-03,4.412022419273853302e-03,4.257636517286300659e-02,3.894835337996482849e-02,2.276774495840072632e-02,1.580801438540220191e-02,2.274634971399791539e-05,2.274634971399791539e-05
1.754497528076171875e+00,1.710917007923126176e+00,1.754520297050476074e+00,1.710939776897430376e+00,8.523011803627014160e-01,8.268825232982635054e-01,8.541476726531982422e-01,8.287778973579407182e-01,4.349550232291221619e-03,4.411443741992116321e-03,3.274466469883918762e-02,3.758573271334171573e-02,1.095451414585113525e-02,1.325942026451230014e-02,2.274980215588584542e-05,2.274980215588584542e-05
1.732219219207763672e+00,1.689820718765258745e+00,1.732241988182067871e+00,1.689843487739562944e+00,8.388911485671997070e-01,8.173443377017974854e-01,8.423453569412231445e-01,8.197237193584442361e-01,3.883331082761287689e-03,4.074280266650021076e-03,3.826228156685829163e-02,3.836660049855709215e-02,8.837046101689338684e-03,1.031176038086414372e-02,2.275139922858215868e-05,2.275139922858215868e-05
1.615284800529479980e+00,1.680664288997650191e+00,1.615307569503784180e+00,1.680687057971954390e+00,7.821229100227355957e-01,8.138346076011657715e-01,7.836998105049133301e-01,8.166289567947387917e-01,2.737440401688218117e-03,4.144020401872694839e-03,3.791908547282218933e-02,3.859690465033054074e-02,8.805656805634498596e-03,7.459811260923742901e-03,2.275418955832719803e-05,2.275418955832719803e-05
1.731184840202331543e+00,1.689566409587860196e+00,1.731207609176635742e+00,1.689589178562164395e+00,8.392928838729858398e-01,8.140129864215850386e-01,8.399021029472351074e-01,8.181831121444702593e-01,3.217234276235103607e-03,4.057598416693508625e-03,3.453023731708526611e-02,3.876274041831493516e-02,1.424240786582231522e-02,1.454996233806014026e-02,2.275566657772287726e-05,2.275566657772287726e-05
1.704242825508117676e+00,1.712085926532745273e+00,1.704265594482421875e+00,1.712108695507049472e+00,8.207755684852600098e-01,8.257448792457580122e-01,8.261308073997497559e-01,8.258334338665008767e-01,4.406449384987354279e-03,4.085113899782300342e-03,3.416720032691955566e-02,3.631492219865321835e-02,1.876286417245864868e-02,2.010754942893982003e-02,2.275811857543885708e-05,2.275811857543885708e-05
1.679826259613037109e+00,1.682120096683502153e+00,1.679849028587341309e+00,1.682142865657806352e+00,8.091554045677185059e-01,8.122364938259124534e-01,8.097983598709106445e-01,8.165265321731567383e-01,3.812752198427915573e-03,4.342002933844924320e-03,4.116510972380638123e-02,3.761357143521308621e-02,1.589463651180267334e-02,1.140148369595408474e-02,2.276084887853357941e-05,2.276084887853357941e-05
1.586043596267700195e+00,1.733842146396636918e+00,1.586066365242004395e+00,1.733864915370941118e+00,7.520383000373840332e-01,8.281603872776031050e-01,7.575378417968750000e-01,8.299720108509063277e-01,3.369667101651430130e-03,4.056395147927105427e-03,1.999229565262794495e-02,3.620314635336398940e-02,5.310542136430740356e-02,3.545018024742603580e-02,2.276350096508394927e-05,2.276350096508394927e-05
1.781404733657836914e+00,1.705046653747558594e+00,1.781427502632141113e+00,1.705069422721862793e+00,8.627873063087463379e-01,8.187722980976104292e-01,8.666394948959350586e-01,8.206793725490569846e-01,3.388966899365186691e-03,4.039116902276873589e-03,2.745473198592662811e-02,3.811408169567585130e-02,2.113413065671920776e-02,2.344180457293987274e-02,2.276659142808057368e-05,2.276659142808057368e-05
1.903357625007629395e+00,1.853006207942962558e+00,1.903380393981933594e+00,1.853028976917266757e+00,8.835371136665344238e-01,8.611770153045654741e-01,8.995982408523559570e-01,8.742562472820282204e-01,2.697831252589821815e-03,4.596900846809148962e-03,3.785140067338943481e-02,4.449128396809100966e-02,7.967293262481689453e-02,6.848471760749816339e-02,2.276913983223494142e-05,2.276913983223494142e-05
1.684820413589477539e+00,1.712990975379943936e+00,1.684843182563781738e+00,1.713013744354248136e+00,8.100202083587646484e-01,8.247984170913695845e-01,8.150752186775207520e-01,8.297784149646758589e-01,5.274495575577020645e-03,4.521326860412955284e-03,4.139080643653869629e-02,4.246213361620902738e-02,1.305977627635002136e-02,1.143066342920064961e-02,2.276988379890099168e-05,2.276988379890099168e-05
1.548127770423889160e+00,1.729780483245849654e+00,1.548150539398193359e+00,1.729803252220153853e+00,7.443916201591491699e-01,8.257398307323455811e-01,7.450847625732421875e-01,8.340406775474548118e-01,3.348146565258502960e-03,4.217412369325756853e-03,3.130049258470535278e-02,4.071518555283546587e-02,2.400271967053413391e-02,2.506735771894454817e-02,2.277189923916012049e-05,2.277189923916012049e-05
1.712065696716308594e+00,1.683110225200653121e+00,1.712088465690612793e+00,1.683132994174957320e+00,8.260738253593444824e-01,8.128747165203094038e-01,8.302394747734069824e-01,8.172921597957610862e-01,4.802994430065155029e-03,4.514227667823433703e-03,4.279049858450889587e-02,3.737099207937717715e-02,8.158958517014980316e-03,1.105815144255757262e-02,2.277124440297484398e-05,2.277124440297484398e-05
1.635706543922424316e+00,1.680899369716644332e+00,1.635729312896728516e+00,1.680922138690948531e+00,7.947919368743896484e-01,8.098379313945770486e-01,7.996118068695068359e-01,8.162231266498565230e-01,2.942394930869340897e-03,4.566123196855187590e-03,2.458709292113780975e-02,3.667218387126922746e-02,1.377333421260118484e-02,1.360000129789113929e-02,2.277138264616951346e-05,2.277138264616951346e-05
1.642675161361694336e+00,1.679938888549804776e+00,1.642697930335998535e+00,1.679961657524108976e+00,7.972374558448791504e-01,8.123761296272278276e-01,7.974110245704650879e-01,8.160692274570464644e-01,2.705648075789213181e-03,4.302274202927947044e-03,3.349784389138221741e-02,3.640026673674583158e-02,1.182319130748510361e-02,1.079097865149378742e-02,2.277154999319463968e-05,2.277154999319463968e-05
1.693762660026550293e+00,1.679376220703125089e+00,1.693785429000854492e+00,1.679398989677429288e+00,8.225698471069335938e-01,8.103837192058562788e-01,8.225824236869812012e-01,8.161105513572692871e-01,4.860280547291040421e-03,4.101309459656476974e-03,3.476114198565483093e-02,3.724226541817188263e-02,8.988852612674236298e-03,1.153839072212576797e-02,2.277281419083010405e-05,2.277281419083010405e-05
1.666591644287109375e+00,1.674212813377380371e+00,1.666614413261413574e+00,1.674235582351684570e+00,8.103868365287780762e-01,8.042728781700134721e-01,8.152528405189514160e-01,8.101751208305358887e-01,2.872517565265297890e-03,4.263857845216989517e-03,1.658457331359386444e-02,3.600889928638935367e-02,2.149498462677001953e-02,1.949202250689268182e-02,2.277377279824577272e-05,2.277377279824577272e-05
1.634003758430480957e+00,1.678554606437683061e+00,1.634026527404785156e+00,1.678577375411987260e+00,7.865878939628601074e-01,8.101390957832336204e-01,7.964643836021423340e-01,8.167576968669891802e-01,3.386089811101555824e-03,3.827263577841222373e-03,3.439223393797874451e-02,3.698589541018008908e-02,1.317305583506822586e-02,1.084467833861708572e-02,2.277555540786124766e-05,2.277555540786124766e-05
1.781693696975708008e+00,1.760702860355377153e+00,1.781716465950012207e+00,1.760725629329681352e+00,8.545587062835693359e-01,8.402487993240356223e-01,8.441908955574035645e-01,8.405364394187927468e-01,3.402915317565202713e-03,4.067183937877416611e-03,3.000948950648307800e-02,3.916304782032966475e-02,4.953175410628318787e-02,3.668740727007389207e-02,2.277856037835590541e-05,2.277856037835590541e-05
1.552284479141235352e+00,1.676800084114074663e+00,1.552307248115539551e+00,1.676822853088378862e+00,7.456788420677185059e-01,8.069678843021392822e-01,7.472006082534790039e-01,8.123634994029999001e-01,3.055220702663064003e-03,3.989941650070249687e-03,4.337313771247863770e-02,4.009242504835128923e-02,1.297675166279077530e-02,1.338630449026823044e-02,2.278278952871914953e-05,2.278278952871914953e-05
1.640275955200195312e+00,1.701181840896606401e+00,1.640298724174499512e+00,1.701204609870910600e+00,7.880281209945678711e-01,8.128774046897888628e-01,7.933509945869445801e-01,8.160487532615661177e-01,3.718995256349444389e-03,4.576010163873434067e-03,2.981938607990741730e-02,4.436552077531814853e-02,2.535844035446643829e-02,2.331414241343736718e-02,2.278624015161767602e-05,2.278624015161767602e-05
1.719653010368347168e+00,1.669168126583099321e+00,1.719675779342651367e+00,1.669190895557403520e+00,8.193235397338867188e-01,7.982341110706329124e-01,8.238322734832763672e-01,8.057177186012267622e-01,4.996391944587230682e-03,4.647550405934453011e-03,5.830157548189163208e-02,4.533732384443282803e-02,1.319920923560857773e-02,1.523144338279962609e-02,2.278972533531486988e-05,2.278972533531486988e-05
1.669726490974426270e+00,1.652756726741790860e+00,1.669749259948730469e+00,1.652779495716095060e+00,7.877113223075866699e-01,7.922124743461609331e-01,7.915819287300109863e-01,7.983600497245788574e-01,6.145469844341278076e-03,4.537424026057124311e-03,7.085113972425460815e-02,4.696291387081145963e-02,1.343672443181276321e-02,1.068391716107726028e-02,2.279764157719910145e-05,2.279764157719910145e-05
1.669349551200866699e+00,1.650812673568725630e+00,1.669372320175170898e+00,1.650835442543029830e+00,7.931154966354370117e-01,7.909266114234924094e-01,7.998790144920349121e-01,7.963259518146514893e-01,6.359900813549757004e-03,4.674656130373477762e-03,5.705998465418815613e-02,4.707681238651275496e-02,1.293510757386684418e-02,1.180864479392767022e-02,2.280282933497801423e-05,2.280282933497801423e-05
1.660692334175109863e+00,1.655378520488739014e+00,1.660715103149414062e+00,1.655401289463043213e+00,8.060575723648071289e-01,7.890976071357727051e-01,8.052893280982971191e-01,7.964100241661071777e-01,2.852467820048332214e-03,4.871400212869048466e-03,3.106992319226264954e-02,4.843093566596508304e-02,1.542311068624258041e-02,1.656857039779424667e-02,2.280230000906158239e-05,2.280230000906158239e-05
1.532732844352722168e+00,1.664257156848907515e+00,1.532755613327026367e+00,1.664279925823211714e+00,7.320136427879333496e-01,7.926868975162506548e-01,7.327142357826232910e-01,7.970652520656585915e-01,4.487196914851665497e-03,4.734069900587200772e-03,4.715213179588317871e-02,5.020084232091903687e-02,1.636568270623683929e-02,1.957014128565788200e-02,2.280426633660681546e-05,2.280426633660681546e-05
1.475967049598693848e+00,1.641478133201599077e+00,1.475989818572998047e+00,1.641500902175903276e+00,7.071693539619445801e-01,7.862203359603882058e-01,7.090961337089538574e-01,7.903136909008026123e-01,3.682817798107862473e-03,4.806840140372514551e-03,4.511621594429016113e-02,4.905914887785911560e-02,1.090256683528423309e-02,1.107812086120247771e-02,2.280466469528619200e-05,2.280466469528619200e-05
1.529909849166870117e+00,1.654187500476837158e+00,1.529932618141174316e+00,1.654210269451141357e+00,7.341933250427246094e-01,7.870122671127319780e-01,7.359054684638977051e-01,7.925707519054412398e-01,5.609105806797742844e-03,4.503411613404751171e-03,4.039810225367546082e-02,4.829935617744922360e-02,1.380388997495174408e-02,2.180168908089399199e-02,2.280843000335153192e-05,2.280843000335153192e-05
1.675777316093444824e+00,1.636477911472320468e+00,1.675800085067749023e+00,1.636500680446624667e+00,7.903726100921630859e-01,7.811156272888183372e-01,7.926467657089233398e-01,7.869143009185790572e-01,4.665796644985675812e-03,5.289118830114602696e-03,7.963790744543075562e-02,5.253059715032577792e-02,8.454206399619579315e-03,1.062829066067933967e-02,2.281054912600666285e-05,2.281054912600666285e-05
4.252734184265136719e+00,1.680074667930603027e+01,4.252757072448730469e+00,1.680076956748962402e+01,9.946197271347045898e-01,1.001573818922042891e+00,1.030696988105773926e+00,1.062441027164459317e+00,8.481333851814270020e-01,1.340823115110397268e+01,1.813284754753112793e-01,1.276590861380100250e-01,1.197955846786499023e+00,1.200841426849365234e+00,2.283422509208321571e-05,2.283422509208321571e-05
4.703488159179687500e+01,5.610277175903320312e+01,4.703490447998046875e+01,5.610279464721679688e+01,2.823521804809570312e+01,3.058576202392578125e+01,6.551758289337158203e+00,8.921514987945556641e+00,1.622267812490463257e-01,3.423310852050781339e+00,7.922664284706115723e-02,8.864891752600670416e-02,1.200645065307617188e+01,1.308353404998779368e+01,2.289817712153308094e-05,2.289817712153308094e-05
4.647438049316406250e+00,1.074834489822387695e+01,4.647460937500000000e+00,1.074836778640747070e+01,2.000805377960205078e+00,1.970760130882263095e+00,1.386034727096557617e+00,1.383575224876403720e+00,2.736584544181823730e-01,6.399332094192504705e+00,5.387888848781585693e-02,8.825871571898460943e-02,9.330605268478393555e-01,9.064186275005340354e-01,2.293474608450196683e-05,2.293474608450196683e-05
2.844478130340576172e+00,2.250890612602233887e+01,2.844501018524169922e+00,2.250892901420593262e+01,1.085424542427062988e+00,1.081180012226104825e+00,9.765687584877014160e-01,9.686021447181701882e-01,2.858578562736511230e-01,1.993709759712219309e+01,8.687139302492141724e-02,8.899239972233771723e-02,4.097554683685302734e-01,4.330340147018432728e-01,2.294406112923752517e-05,2.294406112923752517e-05
2.499999046325683594e+00,6.495159220695495783e+00,2.500021934509277344e+00,6.495182108879089533e+00,8.641833066940307617e-01,9.045701980590820090e-01,9.138671159744262695e-01,9.320258915424346480e-01,3.047930300235748291e-01,4.313709315657615839e+00,1.061653271317481995e-01,7.971102148294448297e-02,3.109900057315826416e-01,2.651428133249282837e-01,2.294827208970673382e-05,2.294827208970673382e-05
2.553482770919799805e+00,4.338783526420593617e+00,2.553505659103393555e+00,4.338806414604187367e+00,9.399389624595642090e-01,8.790218532085418701e-01,9.813009500503540039e-01,9.371111094951629639e-01,3.013680875301361084e-01,2.185978704690933139e+00,5.383031070232391357e-02,7.906231209635734836e-02,2.770444750785827637e-01,2.576096296310425027e-01,2.294872319907881320e-05,2.294872319907881320e-05
2.477616786956787109e+00,6.354016137123108088e+00,2.477639675140380859e+00,6.354039025306701838e+00,8.823809623718261719e-01,8.649679303169250932e-01,9.063843488693237305e-01,9.153762280941009077e-01,3.963826298713684082e-01,4.272708457708358942e+00,1.115749776363372803e-01,7.953268736600875577e-02,1.808938086032867432e-01,2.214307606220245472e-01,2.295254671480506659e-05,2.295254671480506659e-05
2.370825529098510742e+00,2.919449448585510254e+00,2.370848417282104492e+00,2.919472336769104004e+00,8.442373871803283691e-01,8.654011785984039307e-01,9.002949595451354980e-01,9.150362253189087136e-01,3.140657246112823486e-01,8.483582049608230369e-01,1.206547766923904419e-01,7.976467609405517301e-02,1.915727257728576660e-01,2.108891427516937367e-01,2.295627564308233559e-05,2.295627564308233559e-05
2.988371849060058594e+00,2.957841229438781916e+00,2.988394737243652344e+00,2.957864117622375666e+00,8.024820685386657715e-01,8.614481925964355691e-01,8.712746500968933105e-01,9.158740699291229026e-01,9.384645819664001465e-01,9.010254085063934548e-01,1.254438161849975586e-01,7.980322092771530151e-02,2.507067024707794189e-01,1.996903121471405029e-01,2.296079037478193641e-05,2.296079037478193641e-05
3.752310037612915039e+00,5.380094552040100453e+00,3.752332925796508789e+00,5.380117440223694203e+00,8.538501858711242676e-01,8.586095094680785689e-01,9.027592539787292480e-01,9.274573504924774614e-01,1.688893556594848633e+00,3.306643801927566351e+00,8.301452547311782837e-02,8.692227005958556851e-02,2.237925380468368530e-01,2.004616677761077992e-01,2.297260107297915965e-05,2.297260107297915965e-05
2.404436588287353516e+00,9.981107068061827903e+00,2.404459476470947266e+00,9.981129956245421653e+00,9.015918970108032227e-01,8.936519026756286621e-01,9.369983077049255371e-01,9.646101176738739458e-01,3.413290977478027344e-01,7.799850863218307673e+00,6.942449510097503662e-02,9.588309153914451044e-02,1.550928801298141479e-01,2.271108478307723999e-01,2.299626066815108061e-05,2.299626066815108061e-05
2.343593358993530273e+00,6.936818933486938121e+00,2.343616247177124023e+00,6.936841821670531871e+00,8.591043949127197266e-01,8.558138608932495117e-01,9.213320016860961914e-01,9.299534738063812700e-01,3.384648561477661133e-01,4.888579994440078735e+00,7.313999533653259277e-02,9.674070179462432306e-02,1.515521705150604248e-01,1.657307133078575190e-01,2.300394953635986894e-05,2.300394953635986894e-05
7.617589950561523438e+00,6.325677371025085094e+00,7.617612838745117188e+00,6.325700354576111017e+00,8.433570265769958496e-01,8.698905050754547341e-01,8.812779188156127930e-01,9.063613712787628174e-01,5.605015754699707031e+00,4.275542712211608531e+00,1.306693553924560547e-01,9.915870800614356995e-02,1.572696864604949951e-01,1.747242435812950134e-01,2.301098720636218786e-05,2.301098720636218786e-05
2.855365991592407227e+00,7.859236192703247248e+00,2.855389118194580078e+00,7.859259223937987926e+00,8.674024939537048340e-01,8.878884673118591087e-01,9.630874395370483398e-01,1.041469043493270963e+00,6.871759891510009766e-01,5.581675505638122203e+00,1.021577268838882446e-01,9.280423372983932773e-02,2.355422973632812500e-01,2.553992003202438243e-01,2.305036105099134147e-05,2.305036105099134147e-05
3.074428796768188477e+00,4.008726143836975453e+00,3.074451923370361328e+00,4.008749198913574396e+00,8.459374904632568359e-01,9.869850277900695801e-01,9.360970854759216309e-01,9.951840043067932129e-01,1.055871367454528809e+00,1.663538813591003418e+00,6.955975294113159180e-02,8.319586962461471280e-02,1.669631898403167725e-01,2.798224151134490745e-01,2.308277544216252863e-05,2.308277544216252863e-05
2.680150747299194336e+00,6.180758905410766779e+00,2.680173873901367188e+00,6.180781888961791815e+00,8.373783826828002930e-01,8.615301966667174849e-01,1.012780189514160156e+00,9.399453222751616988e-01,5.818066000938415527e-01,4.073656892776488903e+00,4.610269144177436829e-02,8.295507654547691623e-02,2.020828425884246826e-01,2.226714149117469677e-01,2.308490547875408083e-05,2.308490547875408083e-05
2.557997465133666992e+00,5.009437155723571955e+00,2.558020591735839844e+00,5.009460139274596990e+00,8.531079292297363281e-01,8.917853355407714400e-01,9.342347979545593262e-01,9.521957755088805708e-01,4.641184806823730469e-01,2.885408830642700373e+00,6.003338098526000977e-02,8.356112241744995117e-02,2.465027868747711182e-01,1.964860469102859553e-01,2.308830698893871158e-05,2.308830698893871158e-05
4.233918666839599609e+00,3.843538618087768644e+00,4.233941555023193359e+00,3.843561697006225408e+00,8.470811843872070312e-01,8.613119721412658691e-01,9.689309597015380859e-01,9.513430833816528542e-01,2.199700355529785156e+00,1.815262025594711393e+00,8.764396607875823975e-02,6.540025584399700165e-02,1.305620223283767700e-01,1.502212539315223583e-01,2.307335671503096819e-05,2.307335671503096819e-05
1.087591018676757812e+02,3.090559411048888983e+00,1.087591247558593750e+02,3.090582537651061834e+00,9.014702439308166504e-01,8.860313296318054199e-01,9.417202472686767578e-01,9.361876130104065385e-01,1.066854400634765625e+02,1.055705952644348189e+00,9.279298782348632812e-02,6.316780745983123502e-02,1.376724839210510254e-01,1.494667142629623469e-01,2.308365947101265192e-05,2.308365947101265192e-05
2.591778278350830078e+00,6.139743781089782360e+00,2.591801404953002930e+00,6.139766812324523926e+00,8.637313246726989746e-01,8.780909001827239546e-01,9.353765845298767090e-01,9.410862267017364724e-01,5.377079248428344727e-01,4.099751144647598267e+00,6.663187593221664429e-02,6.281571201980114261e-02,1.883305609226226807e-01,1.579997360706329457e-01,2.309317096660379320e-05,2.309317096660379320e-05
2.591272830963134766e+00,4.600618290901183904e+00,2.591295957565307617e+00,4.600641345977782848e+00,8.536621332168579102e-01,8.752313613891601340e-01,9.144502282142639160e-01,9.326808393001556619e-01,5.569766759872436523e-01,2.541301733255386441e+00,6.638244539499282837e-02,6.258284151554108221e-02,1.998013705015182495e-01,1.888214066624641363e-01,2.309862975380383432e-05,2.309862975380383432e-05
2.590379238128662109e+00,3.514502668380737216e+00,2.590402364730834961e+00,3.514525699615478338e+00,8.569150567054748535e-01,8.715649127960205522e-01,9.431996345520019531e-01,9.470490753650665505e-01,5.662174820899963379e-01,1.488799244165420532e+00,4.585162177681922913e-02,5.513467192649841586e-02,1.781954318284988403e-01,1.519548326730728038e-01,2.307735667272936553e-05,2.307735667272936553e-05
2.556879758834838867e+00,4.201685380935669123e+00,2.556902885437011719e+00,4.201708459854126332e+00,9.053626060485839844e-01,9.185585141181945579e-01,9.316624402999877930e-01,9.401398062705993430e-01,5.506476759910583496e-01,2.144568949937820435e+00,4.000586643815040588e-02,5.080337487161159377e-02,1.292010694742202759e-01,1.476146548986435048e-01,2.307579961779993027e-05,2.307579961779993027e-05
2.595229864120483398e+00,4.678598880767822266e+00,2.595252990722656250e+00,4.678621959686279475e+00,9.500765204429626465e-01,8.958834290504456010e-01,9.369371533393859863e-01,9.240274667739868386e-01,5.333136320114135742e-01,2.665007936954498113e+00,2.426409721374511719e-02,5.264190919697284837e-02,1.506385058164596558e-01,1.410381957888603155e-01,2.308393777639139444e-05,2.308393777639139444e-05
2.509346008300781250e+00,4.025343632698058727e+00,2.509369134902954102e+00,4.025366663932800293e+00,8.656222224235534668e-01,8.816772282123566118e-01,8.829420208930969238e-01,9.249254107475280984e-01,5.500027537345886230e-01,2.025877177715301514e+00,8.562007546424865723e-02,5.206835418939590593e-02,1.251587420701980591e-01,1.407954096794128418e-01,2.308991679456084967e-05,2.308991679456084967e-05
2.494606494903564453e+00,3.500219082832336515e+00,2.494629621505737305e+00,3.500242161750793279e+00,8.691146969795227051e-01,8.721719145774841087e-01,9.087741971015930176e-01,9.237761557102203147e-01,5.525103807449340820e-01,1.527954506874084517e+00,3.082630224525928497e-02,5.190924257040023526e-02,1.333808451890945435e-01,1.244073048233985956e-01,2.309157935087569058e-05,2.309157935087569058e-05
2.464458703994750977e+00,4.596716928482055486e+00,2.464481830596923828e+00,4.596739959716797053e+00,8.665633797645568848e-01,8.645799040794373003e-01,9.064567685127258301e-01,9.196994841098785622e-01,5.702965259552001953e-01,2.661373692750930608e+00,5.026589706540107727e-02,4.997307881712913236e-02,7.087646424770355225e-02,1.010907441377639771e-01,2.309347109985537827e-05,2.309347109985537827e-05
2.447281360626220703e+00,4.141830182075500133e+00,2.447304487228393555e+00,4.141853237152099965e+00,8.409228324890136719e-01,8.765727758407593218e-01,9.007074832916259766e-01,9.203617990016936812e-01,5.604802966117858887e-01,2.194132459163665949e+00,3.968852758407592773e-02,4.888634309172630588e-02,1.054821461439132690e-01,1.018768541514873532e-01,2.309748924744781107e-05,2.309748924744781107e-05
2.702913999557495117e+00,3.848179817199707031e+00,2.702937126159667969e+00,3.848202872276305975e+00,9.482654333114624023e-01,9.008869111537933794e-01,9.375315904617309570e-01,9.291256070137023926e-01,5.677190423011779785e-01,1.825993549823760942e+00,7.773704081773757935e-02,4.704801440238952359e-02,1.716608852148056030e-01,1.451257690787315369e-01,2.310178024345077574e-05,2.310178024345077574e-05
2.825375795364379883e+00,4.202425861358642933e+00,2.825398921966552734e+00,4.202448868751526234e+00,9.256812930107116699e-01,8.712743699550629106e-01,9.483290910720825195e-01,9.209038138389586958e-01,8.460901975631713867e-01,2.278888189792632968e+00,5.393113940954208374e-02,4.766412228345871110e-02,5.134404823184013367e-02,8.369536474347114008e-02,2.311240314156748354e-05,2.311240314156748354e-05
2.437883138656616211e+00,3.177919626235961914e+00,2.437906265258789062e+00,3.177942728996276944e+00,8.112824559211730957e-01,8.824909567832946999e-01,8.878660798072814941e-01,9.262653827667236550e-01,5.740282535552978516e-01,1.230493438243865922e+00,8.612340688705444336e-02,4.816810525953769961e-02,7.858297973871231079e-02,9.050176441669463556e-02,2.311685966560617089e-05,2.311685966560617089e-05
2.488272190093994141e+00,3.166673302650451660e+00,2.488295316696166992e+00,3.166696381568908869e+00,8.544726371765136719e-01,8.776220977306365967e-01,9.039356708526611328e-01,9.200698971748352273e-01,5.726307630538940430e-01,1.212729907035827726e+00,6.410247087478637695e-02,4.846777059137821059e-02,9.313074499368667603e-02,1.077837117016315488e-01,2.311760545126162469e-05,2.311760545126162469e-05
2.529727220535278320e+00,3.348529267311096014e+00,2.529750347137451172e+00,3.348552346229553223e+00,8.765332698822021484e-01,9.166349232196807639e-01,9.327266812324523926e-01,9.262163996696471946e-01,5.821127891540527344e-01,1.358175069093704224e+00,6.579230725765228271e-02,5.073349811136722287e-02,7.256224751472473145e-02,9.676947221159934442e-02,2.312103970325551927e-05,2.312103970325551927e-05
2.756315708160400391e+00,3.620401883125305087e+00,2.756338834762573242e+00,3.620424938201904475e+00,8.532467484474182129e-01,8.599222540855407937e-01,9.057153463363647461e-01,9.167306423187255859e-01,8.574666976928710938e-01,1.702175033092498735e+00,4.861069843173027039e-02,5.138757042586803575e-02,9.127617627382278442e-02,9.018642231822013300e-02,2.312376091140322387e-05,2.312376091140322387e-05
2.698446273803710938e+00,3.897063922882080256e+00,2.698469400405883789e+00,3.897087001800537021e+00,8.040183782577514648e-01,8.467746794223784956e-01,8.693641424179077148e-01,9.149593055248260720e-01,8.871092796325683594e-01,2.011077368259429843e+00,6.776814907789230347e-02,5.149511359632015506e-02,7.018641382455825806e-02,7.275740727782249728e-02,2.312604920007288456e-05,2.312604920007288456e-05
2.519667148590087891e+00,3.267959713935852051e+00,2.519690275192260742e+00,3.267982792854309260e+00,8.985464572906494141e-01,8.517998993396759255e-01,9.426557421684265137e-01,9.138191223144531694e-01,5.912530422210693359e-01,1.380835014581680342e+00,1.660650968551635742e-02,5.141712911427021027e-02,7.060523331165313721e-02,7.008850872516632358e-02,2.312547076144255698e-05,2.312547076144255698e-05
3.174447774887084961e+00,4.736115264892577947e+00,3.174470901489257812e+00,4.736138606071472523e+00,9.759512543678283691e-01,1.144562077522277788e+00,9.496355652809143066e-01,9.447035968303680864e-01,6.019199490547180176e-01,1.525156468152999878e+00,5.536356195807456970e-02,5.440694093704223633e-02,5.915772318840026855e-01,1.067286086082458452e+00,2.314223456778563559e-05,2.314223456778563559e-05
2.545233964920043945e+00,3.421080446243286222e+00,2.545257091522216797e+00,3.421103620529174716e+00,8.712433576583862305e-01,8.807510912418365923e-01,9.241583943367004395e-01,9.234144687652587891e-01,5.903721451759338379e-01,1.427263402938842685e+00,3.088005632162094116e-02,5.165360607206821719e-02,1.285801231861114502e-01,1.379979237914085444e-01,2.315643723704852164e-05,2.315643723704852164e-05
2.437203168869018555e+00,4.417827987670898793e+00,2.437226295471191406e+00,4.417851114273071644e+00,8.128966689109802246e-01,8.503714084625244585e-01,9.201682806015014648e-01,9.198454856872558816e-01,5.896477699279785156e-01,2.523534119129180908e+00,4.093280434608459473e-02,5.145077295601367673e-02,7.355754822492599487e-02,7.262623980641365329e-02,2.315939127583988011e-05,2.315939127583988011e-05
2.705418586730957031e+00,4.743438196182251154e+00,2.705441713333129883e+00,4.743461322784424006e+00,8.602436780929565430e-01,8.632637917995452659e-01,9.072371721267700195e-01,9.188789725303649902e-01,7.841827869415283203e-01,2.849263769388199030e+00,8.126938343048095703e-02,5.115002728998661180e-02,7.248535007238388062e-02,6.088160611689090451e-02,2.316000973223708570e-05,2.316000973223708570e-05
3.048443317413330078e+00,3.887203264236450018e+00,3.048466444015502930e+00,3.887226390838622869e+00,9.084938168525695801e-01,9.090619683265686035e-01,8.943170309066772461e-01,9.127984046936035156e-01,1.046189308166503906e+00,1.884890168905258179e+00,4.763489216566085815e-02,5.111456364393233975e-02,1.518082171678543091e-01,1.293381676077842712e-01,2.316126301593612880e-05,2.316126301593612880e-05
2.850073814392089844e+00,3.693958449363708318e+00,2.850096940994262695e+00,3.693981623649597257e+00,1.017748713493347168e+00,1.073527920246124312e+00,9.529546499252319336e-01,9.446083426475524458e-01,5.890473127365112305e-01,1.261350166797637895e+00,4.796810075640678406e-02,5.146812908351421079e-02,2.423550635576248169e-01,3.630039185285568459e-01,2.316123573109507561e-05,2.316123573109507561e-05
9.393088340759277344e+00,9.647528648376464844e+00,9.393111228942871094e+00,9.647551536560058594e+00,1.989830136299133301e+00,1.908459329605102450e+00,1.523885965347290039e+00,1.081346607208252042e+00,6.254464387893676758e-01,1.621170043945312500e+00,2.946968004107475281e-02,6.309233643114567358e-02,5.224456310272216797e+00,4.973460483551025213e+00,2.316688915016129613e-05,2.316688915016129613e-05
3.873004198074340820e+00,7.155262708663940430e+00,3.873027324676513672e+00,7.155286002159118475e+00,9.997667670249938965e-01,1.061791217327118009e+00,1.000838994979858398e+00,1.025277686119079545e+00,1.163481593132019043e+00,4.366386979818344116e+00,1.440700590610504150e-01,9.980772212147712152e-02,5.648466944694519043e-01,6.019993960857391579e-01,2.318231054232455790e-05,2.318231054232455790e-05
2.917632818222045898e+00,3.649122738838195712e+00,2.917655944824218750e+00,3.649145936965942472e+00,9.348413348197937012e-01,9.205811023712158203e-01,9.662800431251525879e-01,9.646993935108184592e-01,6.545224785804748535e-01,1.420903557538986117e+00,1.082216277718544006e-01,1.115762159228324835e-01,2.537674009799957275e-01,2.313623875379562378e-01,2.318465703865513206e-05,2.318465703865513206e-05
2.701498031616210938e+00,6.257376241683959783e+00,2.701521158218383789e+00,6.257399463653564808e+00,8.132506608963012695e-01,8.658344328403473344e-01,9.106552004814147949e-01,9.475030303001403809e-01,6.687355041503906250e-01,4.131925964355469105e+00,1.216434389352798462e-01,1.130640260875225012e-01,1.872132271528244019e-01,1.990487694740295521e-01,2.318597398698329926e-05,2.318597398698329926e-05
1.007975578308105469e+01,1.262833933830261302e+01,1.007977867126464844e+01,1.262836246490478587e+01,8.771867156028747559e-01,9.030815720558166282e-01,9.283559918403625488e-01,9.439227283000946045e-01,7.692244529724121094e+00,1.027118682861328125e+01,2.062495797872543335e-01,1.677251979708671570e-01,3.757187426090240479e-01,3.424230486154556385e-01,2.318888437002897263e-05,2.318888437002897263e-05
3.748531818389892578e+00,1.147011957168579066e+01,3.748554944992065430e+00,1.147014260292053223e+01,9.041117429733276367e-01,8.969254493713378906e-01,9.709301590919494629e-01,9.712362885475158691e-01,1.444310307502746582e+00,9.140984749794005992e+00,1.678098589181900024e-01,1.730444118380546625e-01,2.613696753978729248e-01,2.879287034273147472e-01,2.318350016139447689e-05,2.318350016139447689e-05
6.149493217468261719e+00,5.516919255256652832e+00,6.149516582489013672e+00,5.516942548751830877e+00,9.305828213691711426e-01,8.866898834705352339e-01,9.368582963943481445e-01,9.379687607288360596e-01,3.988605499267578125e+00,3.414271628856659024e+00,1.562899053096771240e-01,1.330199599266052302e-01,1.371566802263259888e-01,1.449689090251922718e-01,2.317754479008726776e-05,2.317754479008726776e-05
4.068529605865478516e+00,9.691937351226806996e+00,4.068552970886230469e+00,9.691960382461548562e+00,9.791561961174011230e-01,1.028259599208831698e+00,9.446659684181213379e-01,9.574401021003723367e-01,6.882699728012084961e-01,6.144376504421233953e+00,1.432264745235443115e-01,1.545407518744468800e-01,1.313211321830749512e+00,1.407320404052734286e+00,2.318732367712073028e-05,2.318732367712073028e-05
4.276989459991455078e+00,9.880131292343140359e+00,4.277012825012207031e+00,9.880154228210448863e+00,1.047323226928710938e+00,1.110938215255737216e+00,9.555552005767822266e-01,9.619025349617004172e-01,8.407838940620422363e-01,6.068340444564819691e+00,5.560415387153625488e-01,6.665648221969604492e-01,8.772856593132019043e-01,1.072385406494140714e+00,2.319617487955838442e-05,2.319617487955838442e-05
4.803335189819335938e+00,5.424772596359252574e+00,4.803358554840087891e+00,5.424795961380004528e+00,1.014143466949462891e+00,1.019510459899902299e+00,9.894261360168457031e-01,9.909602463245391624e-01,1.064991831779479980e+00,1.705470842123031572e+00,6.120690107345581055e-01,5.990345656871796098e-01,1.122704505920410156e+00,1.109796512126922652e+00,2.319596751476638019e-05,2.319596751476638019e-05
8.488863945007324219e+00,8.654875278472900391e+00,8.488886833190917969e+00,8.654898166656494141e+00,2.734431266784667969e+00,2.452205729484558283e+00,1.134359836578369141e+00,1.070543611049652011e+00,7.573712468147277832e-01,1.638596451282501310e+00,5.520147681236267090e-01,5.792604088783264160e-01,3.310686588287353516e+00,2.914269185066223233e+00,2.318991028005257249e-05,2.318991028005257249e-05
4.659169673919677734e+00,4.909741115570068537e+00,4.659193038940429688e+00,4.909764480590820490e+00,1.022669196128845215e+00,9.441612482070922407e-01,9.995995163917541504e-01,9.839039623737335649e-01,7.632131576538085938e-01,1.408086794614791915e+00,5.666249990463256836e-01,5.706640958786011186e-01,1.307062506675720215e+00,1.002925103902816861e+00,2.318920815014280379e-05,2.318920815014280379e-05
4.017850875854492188e+00,7.638101267814636053e+00,4.017874240875244141e+00,7.638124561309814098e+00,8.832640647888183594e-01,9.315354406833649126e-01,9.428138136863708496e-01,9.629317402839661089e-01,1.247086286544799805e+00,4.850390446186065851e+00,5.542749762535095215e-01,5.566357135772704856e-01,3.904114961624145508e-01,3.366076648235321045e-01,2.319272607564926147e-05,2.319272607564926147e-05
3.473925113677978516e+00,5.028436994552611949e+00,3.473948240280151367e+00,5.028460359573363903e+00,8.891352415084838867e-01,9.096330344676971658e-01,9.518420696258544922e-01,9.572326362133025679e-01,8.241624832153320312e-01,2.295125436782837092e+00,5.227742195129394531e-01,5.560737133026123491e-01,2.860112190246582031e-01,3.103721290826797485e-01,2.319297345820814371e-05,2.319297345820814371e-05
3.399458408355712891e+00,5.039070105552672985e+00,3.399481534957885742e+00,5.039093446731567560e+00,8.592337965965270996e-01,8.770477116107940896e-01,9.524835348129272461e-01,9.506799340248107688e-01,8.185226321220397949e-01,2.452887403964996160e+00,5.582682490348815918e-01,5.528522491455077903e-01,2.109501212835311890e-01,2.056029528379440252e-01,2.319264785910490900e-05,2.319264785910490900e-05
3.332936525344848633e+00,4.470331215858459828e+00,3.332959651947021484e+00,4.470354509353637873e+00,8.333669900894165039e-01,8.758920252323150191e-01,9.413806200027465820e-01,9.438729524612426980e-01,7.807661890983581543e-01,1.923187696933746249e+00,5.946694612503051758e-01,5.522484302520751509e-01,1.827532500028610229e-01,1.751300618052482605e-01,2.319293525943066925e-05,2.319293525943066925e-05
4.603914737701416016e+00,5.292867755889892223e+00,4.603938102722167969e+00,5.292891097068786799e+00,8.575971722602844238e-01,8.460621595382690208e-01,9.379417300224304199e-01,9.436066925525665727e-01,2.031916141510009766e+00,2.791563904285430997e+00,6.224159598350524902e-01,5.555488705635071023e-01,1.540437042713165283e-01,1.560860767960548512e-01,2.319317172805313021e-05,2.319317172805313021e-05
3.310541629791259766e+00,6.638950157165527166e+00,3.310564756393432617e+00,6.638973426818847834e+00,8.163810968399047852e-01,8.547277212142944114e-01,9.399654269218444824e-01,9.391006231307983398e-01,8.301696777343750000e-01,4.068871188163757147e+00,5.156801939010620117e-01,5.493750274181365967e-01,2.083454579114913940e-01,2.268757179379463085e-01,2.319794657523743808e-05,2.319794657523743808e-05
3.489645719528198242e+00,4.039979529380798517e+00,3.489668846130371094e+00,4.040002751350402654e+00,8.886959552764892578e-01,8.554985344409942183e-01,9.644149541854858398e-01,9.477857708930969016e-01,8.943882584571838379e-01,1.572278761863708407e+00,5.999166965484619141e-01,5.351496279239654763e-01,1.422297954559326172e-01,1.292669028043746948e-01,2.319904160685837269e-05,2.319904160685837269e-05
3.203348636627197266e+00,4.798275184631347834e+00,3.203371763229370117e+00,4.798298430442810236e+00,8.862360715866088867e-01,8.438670277595520242e-01,9.418694972991943359e-01,9.426726639270782693e-01,7.616831064224243164e-01,2.368412333726882757e+00,5.215772390365600586e-01,5.302938878536224143e-01,9.198280423879623413e-02,1.130291752517223330e-01,2.319931627425830811e-05,2.319931627425830811e-05
3.265222549438476562e+00,4.246504831314086736e+00,3.265245676040649414e+00,4.246528100967407404e+00,8.802153468132019043e-01,8.438260793685913308e-01,9.487538933753967285e-01,9.445458054542541504e-01,7.718607783317565918e-01,1.817989480495452836e+00,5.646349191665649414e-01,5.283340454101562722e-01,9.975766390562057495e-02,1.118094459176063593e-01,2.320026578672695905e-05,2.320026578672695905e-05
3.183752298355102539e+00,4.447754240036010387e+00,3.183775424957275391e+00,4.447777533531189320e+00,8.020949363708496094e-01,8.574738025665282759e-01,9.208452701568603516e-01,9.413240432739258257e-01,8.508183956146240234e-01,1.973846089839935258e+00,4.896489977836608887e-01,5.323579728603362593e-01,1.203447058796882629e-01,1.427523180842399653e-01,2.320078237971756607e-05,2.320078237971756607e-05
3.955507040023803711e+00,6.677533674240112127e+00,3.955530166625976562e+00,6.677556943893432795e+00,8.496521711349487305e-01,8.260348916053772417e-01,9.302597641944885254e-01,9.347233593463897261e-01,1.508076548576354980e+00,4.225226998329162598e+00,5.277338027954101562e-01,5.391960024833679643e-01,1.397846639156341553e-01,1.523525327444076594e-01,2.320315252291038632e-05,2.320315252291038632e-05
3.745796918869018555e+00,7.219858455657958807e+00,3.745820045471191406e+00,7.219881725311279475e+00,8.627514839172363281e-01,8.252432405948638694e-01,9.403054714202880859e-01,9.329834997653960738e-01,1.218239665031433105e+00,4.771923661231994629e+00,5.785936713218688965e-01,5.382181346416473611e-01,1.459067761898040771e-01,1.514899730682373047e-01,2.320339808647986501e-05,2.320339808647986501e-05
3.168564558029174805e+00,5.204782581329345348e+00,3.168587684631347656e+00,5.204805946350097301e+00,7.883172631263732910e-01,8.272483825683594194e-01,9.372723102569580078e-01,9.455294251441955788e-01,7.817942500114440918e-01,2.718357324600219727e+00,4.914273619651794434e-01,5.507134735584259255e-01,1.697532236576080322e-01,1.629339709877967723e-01,2.320111161679960787e-05,2.320111161679960787e-05
3.304726839065551758e+00,3.761111760139465243e+00,3.304749965667724609e+00,3.761134934425354182e+00,8.726870417594909668e-01,8.580783009529113770e-01,9.534007310867309570e-01,9.476250231266021284e-01,7.839938402175903320e-01,1.260680246353149458e+00,5.191307663917541504e-01,5.416031599044799361e-01,1.755144447088241577e-01,1.531250044703483526e-01,2.320072599104605615e-05,2.320072599104605615e-05
3.209855556488037109e+00,3.962943911552429199e+00,3.209878683090209961e+00,3.962967085838317693e+00,8.663330078125000000e-01,8.563652753829955611e-01,9.599221944808959961e-01,9.466105580329895464e-01,7.828167080879211426e-01,1.516174918413162320e+00,5.146709084510803223e-01,5.361175119876862016e-01,8.611285686492919922e-02,1.076756283640861456e-01,2.320047497050836682e-05,2.320047497050836682e-05
3.297911643981933594e+00,3.679138278961181729e+00,3.297934770584106445e+00,3.679161429405212402e+00,8.962346315383911133e-01,8.477444291114807351e-01,9.557724595069885254e-01,9.441708326339721680e-01,7.714691162109375000e-01,1.252521097660064697e+00,5.875029563903808594e-01,5.346846222877502663e-01,8.693237602710723877e-02,1.000173002481460627e-01,2.320149906154256314e-05,2.320149906154256314e-05
3.307014703750610352e+00,3.695074367523193182e+00,3.307037830352783203e+00,3.695097517967224299e+00,8.475684523582458496e-01,8.577827632427215132e-01,9.384989738464355469e-01,9.430416464805603249e-01,8.793447613716125488e-01,1.261290794610977262e+00,5.484461784362792969e-01,5.312058448791503462e-01,9.315634518861770630e-02,1.017533548176288577e-01,2.320044586667791009e-05,2.320044586667791009e-05
3.218959808349609375e+00,3.615036225318908780e+00,3.218982934951782227e+00,3.615059399604797274e+00,8.505503535270690918e-01,8.527075767517089400e-01,9.338259100914001465e-01,9.503708243370055930e-01,7.880830168724060059e-01,1.188271331787109419e+00,5.447760820388793945e-01,5.295693993568419966e-01,1.017246991395950317e-01,9.411710426211357394e-02,2.320012572454288602e-05,2.320012572454288602e-05
3.173456668853759766e+00,3.935927534103393466e+00,3.173479795455932617e+00,3.935950756072998047e+00,8.012362718582153320e-01,8.436448156833649126e-01,9.261340498924255371e-01,9.443094551563262495e-01,8.729403614997863770e-01,1.540247297286987394e+00,4.996894896030426025e-01,5.208720207214355691e-01,7.345657795667648315e-02,8.685387745499610623e-02,2.320113162568304688e-05,2.320113162568304688e-05
3.170049667358398438e+00,3.407776331901550382e+00,3.170072793960571289e+00,3.407799458503723233e+00,8.608134984970092773e-01,8.505100607872009277e-01,9.381520748138427734e-01,9.457113742828369141e-01,7.753571867942810059e-01,1.006812882423400834e+00,5.209876894950866699e-01,5.232648015022277610e-01,7.473933696746826172e-02,8.147721812129020413e-02,2.320039857295341790e-05,2.320039857295341790e-05
3.262330532073974609e+00,3.619589281082153498e+00,3.262353658676147461e+00,3.619612455368041992e+00,8.791822791099548340e-01,8.507028341293334517e-01,9.236564636230468750e-01,9.431071460247040239e-01,7.826380729675292969e-01,1.227346307039260953e+00,5.879648923873901367e-01,5.211129963397980180e-01,8.888868987560272217e-02,7.732003033161163885e-02,2.320047133252955973e-05,2.320047133252955973e-05
3.173211812973022461e+00,3.617763638496398926e+00,3.173234939575195312e+00,3.617786788940429599e+00,8.454161882400512695e-01,8.479921936988830122e-01,9.135665893554687500e-01,9.436094164848327637e-01,7.795848846435546875e-01,1.220278412103652954e+00,5.478153228759765625e-01,5.200944542884826660e-01,8.682890236377716064e-02,8.578907698392868042e-02,2.320023850188590586e-05,2.320023850188590586e-05
4.999787807464599609e+00,6.122633934020996094e+00,4.999811172485351562e+00,6.122657203674316762e+00,8.531239032745361328e-01,8.685853838920593040e-01,9.208111763000488281e-01,9.436882078647613747e-01,2.196181058883666992e+00,3.270310151576995672e+00,4.613043963909149170e-01,4.895091712474822776e-01,5.683675408363342285e-01,5.505408942699432373e-01,2.319823397556319833e-05,2.319823397556319833e-05
3.714943885803222656e+00,2.539169068336486745e+01,3.714967012405395508e+00,2.539171471595764018e+01,8.920347690582275391e-01,9.335476160049438477e-01,9.381785392761230469e-01,9.522441685199737327e-01,7.832424044609069824e-01,2.215304675102233745e+01,5.025667548179626465e-01,4.687614798545837180e-01,5.989212989807128906e-01,8.840907394886017290e-01,2.320213025086559355e-05,2.320213025086559355e-05
1.230420684814453125e+01,1.833241434097289968e+01,1.230422973632812500e+01,1.833243722915649343e+01,2.457263708114624023e+00,2.180673861503600985e+00,9.581272602081298828e-01,1.031187450885772794e+00,2.100070714950561523e+00,9.276321887969970703e+00,3.005742132663726807e-01,3.189422428607940896e-01,6.488170623779296875e+00,5.525289297103881836e+00,2.321287138329353184e-05,2.321287138329353184e-05
8.078084945678710938e+00,7.560367107391357422e+00,8.078107833862304688e+00,7.560390377044678090e+00,2.229147195816040039e+00,1.922654581069946245e+00,1.023180365562438965e+00,1.018498635292053311e+00,8.179681897163391113e-01,1.480240607261657626e+00,6.020034477114677429e-02,7.388295829296112616e-02,3.947589159011840820e+00,3.065090274810791104e+00,2.324872912140563130e-05,2.324872912140563130e-05
1.233527565002441406e+01,1.717801570892333984e+01,1.233529853820800781e+01,1.717803859710693359e+01,5.048748016357421875e+00,6.860022068023681641e+00,1.035186052322387695e+00,1.051295316219329923e+00,8.183469772338867188e-01,1.641248732805252075e+00,7.883404940366744995e-02,7.313627675175667087e-02,5.354160308837890625e+00,7.552313232421875355e+00,2.325828791072126478e-05,2.325828791072126478e-05
4.404991626739501953e+00,7.977810049057007191e+00,4.405014991760253906e+00,7.977833366394042613e+00,1.314492464065551758e+00,1.170960617065429643e+00,9.838317632675170898e-01,9.971510112285614236e-01,8.308749198913574219e-01,4.814072686433791937e+00,6.933209300041198730e-02,7.498864158987998685e-02,1.206460595130920410e+00,9.206371068954467551e-01,2.325832247151993215e-05,2.325832247151993215e-05
3.339091777801513672e+00,5.450555586814880726e+00,3.339115142822265625e+00,5.450578904151916149e+00,9.331699609756469727e-01,9.202339053153991699e-01,9.616014361381530762e-01,9.807405114173889382e-01,8.298166990280151367e-01,2.933831423521041870e+00,6.941614300012588501e-02,7.652493715286254328e-02,5.450879335403442383e-01,5.392247319221497026e-01,2.325853711226955056e-05,2.325853711226955056e-05
3.108981370925903320e+00,3.762923121452331543e+00,3.109004735946655273e+00,3.762946486473083496e+00,8.642417788505554199e-01,8.880771338939666970e-01,9.575409889221191406e-01,9.734102249145507590e-01,8.248103857040405273e-01,1.379231762886047319e+00,7.791260629892349243e-02,7.703897580504417975e-02,3.844756186008453369e-01,4.451650500297546498e-01,2.326060712221078575e-05,2.326060712221078575e-05
3.130414724349975586e+00,5.707594370841979625e+00,3.130438089370727539e+00,5.707617688179015936e+00,8.874625563621520996e-01,8.848532617092133012e-01,9.838842153549194336e-01,9.694768071174622026e-01,8.211106061935424805e-01,3.364137667417526067e+00,7.062101364135742188e-02,7.713360935449600775e-02,3.673365116119384766e-01,4.119931668043136375e-01,2.326353933312930167e-05,2.326353933312930167e-05
3.129464149475097656e+00,7.465357899665832520e+00,3.129487514495849609e+00,7.465381169319153187e+00,9.083615541458129883e-01,8.779331505298614280e-01,9.587538838386535645e-01,9.628715217113494873e-01,8.182971477508544922e-01,5.153414541482925770e+00,6.782560795545578003e-02,7.709605246782302856e-02,3.762258589267730713e-01,3.940426886081695446e-01,2.326463618373963982e-05,2.326463618373963982e-05
3.150000333786010742e+00,3.768296504020690829e+00,3.150023698806762695e+00,3.768319869041442782e+00,8.382762074470520020e-01,8.864115178585052490e-01,9.510599374771118164e-01,9.666574478149414507e-01,8.352545499801635742e-01,1.407846146821975619e+00,7.376316189765930176e-02,7.363014593720436374e-02,4.516463577747344971e-01,4.337512135505676159e-01,2.327067886653821915e-05,2.327067886653821915e-05
7.169847011566162109e+00,3.758916807174682795e+00,7.169870376586914062e+00,3.758940172195434748e+00,1.276486396789550781e+00,1.173198759555816650e+00,9.399635791778564453e-01,9.607458174228667991e-01,4.056147098541259766e+00,9.229852914810180442e-01,1.101231649518013000e-01,7.303300574421882352e-02,7.871264815330505371e-01,6.289539396762847678e-01,2.327551555936224759e-05,2.327551555936224759e-05
7.791831207275390625e+01,4.945343093872070028e+01,7.791833496093750000e+01,4.945345382690429403e+01,3.753014373779296875e+01,2.308011627197265625e+01,1.734266519546508789e+00,1.291084408760070801e+00,8.242896795272827148e-01,2.141200387477874667e+00,6.099361181259155273e-02,7.336862310767174045e-02,3.776861572265625000e+01,2.286766109466552876e+01,2.327947913727257401e-05,2.327947913727257401e-05
1.912989997863769531e+01,1.631546916961669780e+01,1.912992286682128906e+01,1.631549205780029155e+01,6.896811008453369141e+00,5.774029874801636097e+00,1.144186615943908691e+00,1.090412354469299405e+00,8.186455368995666504e-01,1.202390670776367188e+00,4.922037571668624878e-02,7.307517826557159701e-02,1.022103691101074219e+01,8.175561237335205789e+00,2.328192931599915028e-05,2.328192931599915028e-05
1.519314002990722656e+01,1.309861507415771520e+01,1.519316291809082031e+01,1.309863796234130895e+01,5.887768745422363281e+00,4.896359157562256037e+00,1.124926924705505371e+00,1.072045254707336470e+00,8.217375874519348145e-01,9.978541016578674760e-01,6.648762524127960205e-02,7.512342482805252353e-02,7.292218208312988281e+00,6.057233190536498668e+00,2.328552000108174980e-05,2.328552000108174980e-05
9.374155044555664062e+00,7.754625511169433771e+00,9.374177932739257812e+00,7.754648780822753551e+00,3.875649213790893555e+00,3.016799736022949041e+00,1.006934165954589844e+00,9.819199204444885032e-01,8.209918737411499023e-01,1.085618102550506503e+00,9.410996735095977783e-02,7.626697421073913574e-02,3.576469659805297852e+00,2.594020795822143732e+00,2.329078051843680441e-05,2.329078051843680441e-05
4.061185359954833984e+00,4.536405491828918279e+00,4.061208724975585938e+00,4.536428856849670233e+00,1.155270576477050781e+00,1.170240211486816451e+00,1.000229954719543457e+00,9.896322369575500932e-01,1.225805282592773438e+00,1.589756411314010576e+00,7.609230279922485352e-02,7.668025791645050049e-02,6.037873029708862305e-01,7.100963532924652322e-01,2.329325434402562678e-05,2.329325434402562678e-05
3.059892177581787109e+00,4.283033919334411799e+00,3.059915542602539062e+00,4.283057236671448109e+00,9.015939831733703613e-01,9.013159334659576194e-01,9.809820055961608887e-01,9.753274679183959739e-01,8.177452683448791504e-01,1.977093565464019820e+00,5.802799388766288757e-02,7.701677381992340365e-02,3.015431165695190430e-01,3.522801995277404785e-01,2.329611743334680796e-05,2.329611743334680796e-05
2.972613573074340820e+00,3.259114933013916193e+00,2.972636938095092773e+00,3.259138298034668146e+00,9.109981060028076172e-01,8.913307905197143111e-01,9.665380120277404785e-01,9.651275992393493208e-01,8.183386325836181641e-01,1.067467373609542802e+00,1.099557057023048401e-01,7.745229527354240140e-02,1.667830944061279297e-01,2.577369123697280662e-01,2.329681956325657666e-05,2.329681956325657666e-05
3.107401609420776367e+00,4.037121248245239435e+00,3.107424974441528320e+00,4.037144565582275746e+00,9.116967916488647461e-01,8.891651570796966775e-01,9.726297855377197266e-01,9.655102968215942827e-01,8.429815769195556641e-01,1.877723395824432373e+00,5.808169394731521606e-02,7.746838927268981378e-02,3.220117986202239990e-01,2.272540062665939220e-01,2.329725248273462057e-05,2.329725248273462057e-05
2.914849281311035156e+00,3.248509716987610041e+00,2.914872646331787109e+00,3.248533082008361994e+00,8.111866712570190430e-01,8.546978473663330300e-01,9.462667703628540039e-01,9.631832182407379372e-01,8.176717758178710938e-01,1.151910763978958085e+00,7.886222004890441895e-02,7.758456170558929166e-02,2.608619630336761475e-01,2.011333391070365961e-01,2.329804920009337366e-05,2.329804920009337366e-05
2.845946073532104492e+00,4.846543860435486017e+00,2.845969438552856445e+00,4.846567177772522328e+00,8.196995258331298828e-01,8.601882278919219527e-01,9.565202593803405762e-01,9.611638009548186812e-01,8.166940212249755859e-01,2.751545417308807195e+00,7.915283739566802979e-02,7.766642197966575067e-02,1.738794296979904175e-01,1.959798246622085627e-01,2.329872404516208917e-05,2.329872404516208917e-05
2.899065971374511719e+00,3.709123134613037109e+00,2.899089336395263672e+00,3.709146499633789062e+00,8.139936327934265137e-01,8.497991800308227761e-01,9.651418924331665039e-01,9.616313457489014116e-01,8.302847743034362793e-01,1.641578853130340576e+00,7.302194833755493164e-02,7.802596092224120539e-02,2.166237384080886841e-01,1.780878394842147772e-01,2.329948983970098197e-05,2.329948983970098197e-05
2.830162525177001953e+00,3.273911714553833008e+00,2.830185890197753906e+00,3.273935079574584961e+00,8.359465599060058594e-01,8.419709086418152300e-01,9.454552531242370605e-01,9.608961939811706543e-01,8.200111389160156250e-01,1.228420758247375399e+00,7.995311915874481201e-02,7.802585065364837924e-02,1.487962007522583008e-01,1.645980551838874817e-01,2.330038660147693008e-05,2.330038660147693008e-05
3.500091075897216797e+00,3.282954406738281428e+00,3.500114440917968750e+00,3.282977771759033381e+00,8.429799079895019531e-01,8.439217388629913774e-01,9.455523490905761719e-01,9.613077759742736372e-01,1.484301924705505371e+00,1.241444748640060380e+00,8.963719755411148071e-02,7.808983325958251953e-02,1.376196146011352539e-01,1.581904381513595526e-01,2.330138522665947676e-05,2.330138522665947676e-05
2.909904956817626953e+00,3.250650477409362971e+00,2.909928321838378906e+00,3.250673842430114924e+00,8.706352114677429199e-01,8.382634460926056130e-01,9.745913743972778320e-01,9.609064519405364768e-01,8.156626820564270020e-01,1.221042734384536699e+00,5.401520803570747375e-02,7.808004841208457392e-02,1.950007379055023193e-01,1.523577958345413152e-01,2.330191273358650506e-05,2.330191273358650506e-05
2.814688444137573242e+00,3.563333988189697266e+00,2.814711809158325195e+00,3.563357353210449219e+00,7.811293005943298340e-01,8.340863406658172163e-01,9.525513648986816406e-01,9.605117321014404741e-01,8.202118277549743652e-01,1.545945334434509322e+00,1.007968857884407043e-01,7.804510295391083041e-02,1.599988341331481934e-01,1.447455123066902216e-01,2.330205643374938518e-05,2.330205643374938518e-05
2.798502445220947266e+00,3.398181271553039728e+00,2.798525810241699219e+00,3.398204636573791682e+00,8.218436837196350098e-01,8.300864040851593240e-01,9.392481446266174316e-01,9.591063261032104492e-01,8.360204696655273438e-01,1.390106678009033203e+00,6.114079803228378296e-02,7.843260392546654025e-02,1.402493864297866821e-01,1.404492408037185669e-01,2.330272400286048651e-05,2.330272400286048651e-05
2.916594982147216797e+00,3.164291095733642756e+00,2.916618347167968750e+00,3.164314460754394709e+00,8.656401038169860840e-01,8.341730475425720437e-01,9.636780619621276855e-01,9.588229715824126975e-01,8.206262588500976562e-01,1.153235763311386108e+00,8.789039403200149536e-02,7.866338565945625583e-02,1.787602603435516357e-01,1.393960267305374146e-01,2.330366260139271617e-05,2.330366260139271617e-05
2.788715362548828125e+00,2.969237327575683594e+00,2.788738727569580078e+00,2.969260692596435547e+00,8.315555453300476074e-01,8.334363520145415816e-01,9.612338542938232422e-01,9.570410192012787087e-01,8.249997496604919434e-01,9.667051196098327415e-01,6.266602128744125366e-02,7.859474271535873968e-02,1.082601472735404968e-01,1.334600582718849238e-01,2.330341339984443039e-05,2.330341339984443039e-05
3.653776168823242188e+00,3.835370659828186035e+00,3.653799533843994141e+00,3.835393977165222346e+00,9.106075763702392578e-01,9.067816555500030073e-01,9.598075747489929199e-01,9.613003551959991011e-01,1.485824823379516602e+00,1.683575093746185303e+00,1.139151379466056824e-01,7.639580443501473028e-02,1.836208701133728027e-01,2.073177352547645458e-01,2.330772076675202698e-05,2.330772076675202698e-05
2.824465513229370117e+00,4.972406792640685858e+00,2.824488878250122070e+00,4.972430109977722168e+00,8.399763107299804688e-01,8.534683227539062722e-01,9.582251906394958496e-01,9.634547770023346169e-01,8.247466683387756348e-01,2.930664366483688443e+00,6.682714074850082397e-02,7.564961984753608426e-02,1.346901953220367432e-01,1.491697996854782216e-01,2.331112045794725418e-05,2.331112045794725418e-05
2.841978549957275391e+00,4.251462817192077637e+00,2.842001914978027344e+00,4.251486134529113947e+00,8.484180569648742676e-01,8.441725194454192671e-01,9.653010368347167969e-01,9.603351831436157671e-01,8.168344497680664062e-01,2.217200833559036077e+00,7.828850299119949341e-02,7.843233123421669561e-02,1.331366300582885742e-01,1.513218283653259277e-01,2.330009010620415211e-05,2.330009010620415211e-05
2.938298225402832031e+00,3.723664259910583585e+00,2.938321590423583984e+00,3.723687624931335538e+00,8.271893262863159180e-01,8.326662302017211470e-01,9.755616784095764160e-01,9.587750613689423052e-01,9.313018321990966797e-01,1.734346747398376465e+00,6.782215833663940430e-02,7.863026410341263095e-02,1.364230215549468994e-01,1.192460186779498998e-01,2.329826202185358852e-05,2.329826202185358852e-05
2.856555700302124023e+00,3.540551948547363104e+00,2.856579065322875977e+00,3.540575313568115057e+00,8.292445540428161621e-01,8.389580905437469260e-01,9.817139506340026855e-01,9.607225477695464644e-01,8.490843176841735840e-01,1.554273355007171675e+00,7.601177692413330078e-02,7.863151505589485724e-02,1.205013468861579895e-01,1.079664684832096072e-01,2.329624294361565262e-05,2.329624294361565262e-05
2.817287921905517578e+00,3.278981781005859464e+00,2.817311286926269531e+00,3.279005146026611417e+00,8.616713881492614746e-01,8.309001564979553445e-01,9.726860523223876953e-01,9.586148798465728982e-01,8.183152675628662109e-01,1.308412706851959317e+00,7.727544754743576050e-02,7.863756567239761630e-02,8.733963221311569214e-02,1.024164587259292630e-01,2.329595554328989238e-05,2.329595554328989238e-05
2.818598031997680664e+00,3.385111451148986816e+00,2.818621397018432617e+00,3.385134816169738770e+00,8.570901751518249512e-01,8.388552844524383989e-01,9.651102423667907715e-01,9.586356580257415771e-01,8.222725391387939453e-01,1.409390813112259000e+00,6.388425081968307495e-02,7.857773303985596258e-02,1.102407425642013550e-01,9.965199455618858893e-02,2.329517519683577120e-05,2.329517519683577120e-05
2.833133697509765625e+00,5.928828787803650080e+00,2.833157062530517578e+00,5.928852057456969860e+00,8.356419801712036133e-01,8.284652888774871604e-01,9.533648490905761719e-01,9.576779186725616899e-01,8.239667415618896484e-01,3.970026379823684781e+00,9.339648485183715820e-02,7.855406329035759250e-02,1.267635822296142578e-01,9.410497471690178195e-02,2.329498965991660953e-05,2.329498965991660953e-05
2.788731098175048828e+00,3.251212406158447088e+00,2.788754463195800781e+00,3.251235771179199041e+00,8.294709324836730957e-01,8.448145508766173872e-01,9.518713355064392090e-01,9.566155374050140381e-01,8.233888149261474609e-01,1.276717722415924072e+00,8.361013978719711304e-02,7.847033888101577481e-02,1.003898903727531433e-01,9.459416568279266357e-02,2.329444578208494931e-05,2.329444578208494931e-05
2.810221672058105469e+00,3.868692159652709961e+00,2.810245037078857422e+00,3.868715476989746271e+00,8.309891819953918457e-01,8.323243081569671187e-01,9.605799317359924316e-01,9.572748243808746338e-01,8.237403035163879395e-01,1.908502203226089433e+00,6.539396941661834717e-02,7.851915284991264898e-02,1.295181661844253540e-01,9.207169935107231695e-02,2.329426206415519118e-05,2.329426206415519118e-05
2.741487741470336914e+00,3.100975871086120605e+00,2.741511106491088867e+00,3.100999236106872559e+00,8.070079088211059570e-01,8.364983081817627397e-01,9.598133563995361328e-01,9.598846435546875000e-01,8.348498344421386719e-01,1.136121541261672974e+00,7.198024541139602661e-02,7.846672832965850830e-02,6.783618032932281494e-02,9.000468552112579623e-02,2.329395101696718484e-05,2.329395101696718484e-05
3.727688789367675781e+00,4.590618681907653986e+00,3.727712154388427734e+00,4.590641999244690297e+00,8.231655359268188477e-01,8.340628683567047341e-01,9.479686021804809570e-01,9.552943170070647971e-01,1.082587957382202148e+00,2.068977826833724887e+00,9.145572036504745483e-02,7.754154577851295194e-02,7.825109362602233887e-01,6.547421336174010786e-01,2.329565904801711440e-05,2.329565904801711440e-05
2.759822130203247070e+00,3.721494603157043279e+00,2.759845495223999023e+00,3.721517968177795233e+00,7.899320721626281738e-01,8.161525547504424605e-01,9.296619296073913574e-01,9.557509481906890647e-01,8.238112330436706543e-01,1.724372017383575484e+00,7.404494285583496094e-02,7.471853867173194885e-02,1.423717886209487915e-01,1.505005985498428234e-01,2.330366987735033035e-05,2.330366987735033035e-05
2.728897571563720703e+00,3.394496202468872070e+00,2.728920936584472656e+00,3.394519567489624023e+00,7.245982885360717773e-01,8.104594290256500466e-01,9.329626560211181641e-01,9.561288774013518843e-01,8.204371929168701172e-01,1.447481518983841031e+00,1.159775331616401672e-01,7.459641247987747192e-02,1.349217593669891357e-01,1.058299548923969241e-01,2.330508687009569257e-05,2.330508687009569257e-05
2.776496887207031250e+00,3.249396467208862216e+00,2.776520252227783203e+00,3.249419832229614169e+00,8.095150589942932129e-01,8.110560834407806174e-01,9.395433664321899414e-01,9.569071650505065474e-01,8.564797043800354004e-01,1.331226587295532227e+00,9.099280834197998047e-02,7.449898868799209595e-02,7.996615022420883179e-02,7.570772841572762091e-02,2.330368988623376936e-05,2.330368988623376936e-05
2.817364692687988281e+00,2.996776747703552068e+00,2.817388057708740234e+00,2.996800112724304022e+00,8.306286334991455078e-01,8.368882715702057329e-01,9.693249464035034180e-01,9.614996969699859397e-01,8.251797556877136230e-01,9.932397842407226785e-01,6.124150380492210388e-02,7.470469996333121976e-02,1.309900581836700439e-01,1.304443091154098566e-01,2.330353163415566087e-05,2.330353163415566087e-05
2.975688457489013672e+00,3.090766620635986506e+00,2.975711822509765625e+00,3.090789985656738459e+00,8.444623947143554688e-01,8.283207893371582475e-01,9.587548971176147461e-01,9.576311230659484419e-01,1.013824939727783203e+00,1.128052949905395508e+00,5.618447437882423401e-02,7.555581480264664251e-02,1.024615541100502014e-01,1.012059889733791379e-01,2.330393181182444096e-05,2.330393181182444096e-05
2.837445259094238281e+00,2.897751164436340510e+00,2.837468624114990234e+00,2.897774529457092463e+00,8.713991045951843262e-01,8.384619712829589622e-01,9.635099768638610840e-01,9.547052145004272239e-01,8.520796895027160645e-01,9.512172818183899370e-01,6.968406587839126587e-02,7.557467520236968439e-02,8.077237755060195923e-02,7.779201418161392489e-02,2.330311326659284532e-05,2.330311326659284532e-05
2.853778600692749023e+00,3.995394682884216397e+00,2.853801965713500977e+00,3.995418000221252264e+00,8.867515325546264648e-01,8.576803267002105491e-01,9.599530696868896484e-01,9.584986865520477295e-01,8.343312144279479980e-01,1.993618971109390348e+00,5.812522396445274353e-02,7.556593269109726507e-02,1.146175563335418701e-01,1.100307576358318384e-01,2.330212373635731637e-05,2.330212373635731637e-05
2.810418844223022461e+00,3.446927618980407892e+00,2.810442209243774414e+00,3.446950936317443759e+00,8.491094112396240234e-01,8.444619178771972656e-01,9.558089971542358398e-01,9.586177587509154829e-01,8.242640495300292969e-01,1.468261700868606523e+00,7.898931205272674561e-02,7.551569640636443537e-02,1.022471636533737183e-01,1.000704839825630188e-01,2.330170354980509728e-05,2.330170354980509728e-05
2.770362377166748047e+00,3.054486894607543856e+00,2.770385742187500000e+00,3.054510259628295810e+00,8.544935584068298340e-01,8.296954929828643799e-01,9.479266405105590820e-01,9.544663846492766890e-01,8.215548992156982422e-01,1.132708501815795854e+00,7.081620395183563232e-02,7.556636407971381586e-02,7.557104527950286865e-02,6.205016039311885695e-02,2.330075585632584989e-05,2.330075585632584989e-05
2.751557826995849609e+00,3.073058009147644043e+00,2.751581192016601562e+00,3.073081374168395996e+00,7.914510369300842285e-01,8.309314548969268799e-01,9.670793414115905762e-01,9.580194771289824995e-01,8.285994529724121094e-01,1.125355941057205156e+00,8.645838499069213867e-02,7.548452690243720453e-02,7.796963304281234741e-02,8.326667919754981995e-02,2.329980998183600605e-05,2.329980998183600605e-05
2.771827936172485352e+00,3.231312775611877353e+00,2.771851301193237305e+00,3.231336140632629306e+00,7.791432142257690430e-01,8.289622366428375244e-01,9.354590773582458496e-01,9.533602535724640115e-01,9.002053737640380859e-01,1.307012987136840776e+00,7.938548922538757324e-02,7.540685385465621671e-02,7.763476669788360596e-02,6.657054349780082425e-02,2.329831295355688781e-05,2.329831295355688781e-05
2.677420377731323242e+00,3.485589265823364258e+00,2.677443742752075195e+00,3.485612630844116211e+00,7.746828198432922363e-01,8.260043978691100630e-01,9.365872144699096680e-01,9.562225997447967307e-01,8.228605389595031738e-01,1.551287925243377774e+00,5.645680800080299377e-02,7.531721293926238459e-02,8.683291822671890259e-02,7.675713226199150363e-02,2.329728522454388440e-05,2.329728522454388440e-05
2.739080429077148438e+00,3.185125660896301447e+00,2.739103794097900391e+00,3.185149025917053400e+00,7.656312584877014160e-01,8.362794101238251177e-01,9.288644194602966309e-01,9.533795952796936257e-01,8.424497246742248535e-01,1.239010220766067594e+00,8.646608144044876099e-02,7.537228763103484552e-02,1.156688928604125977e-01,8.108410984277725220e-02,2.329653216293081641e-05,2.329653216293081641e-05
3.456297397613525391e+00,6.401643419265747426e+00,3.456320762634277344e+00,6.401666736602782848e+00,8.451864719390869141e-01,8.252384841442108598e-01,9.586039781570434570e-01,9.549545824527740923e-01,1.505459666252136230e+00,4.493405950069427668e+00,9.031993895769119263e-02,7.533692568540573120e-02,5.672730505466461182e-02,5.270757339894771576e-02,2.329552444280125201e-05,2.329552444280125201e-05
2.714357137680053711e+00,5.916628456115722301e+00,2.714380502700805664e+00,5.916651725769042969e+00,7.856153845787048340e-01,8.323078632354736772e-01,9.507368206977844238e-01,9.560072779655456321e-01,8.273380994796752930e-01,3.987770241498947321e+00,7.499022036790847778e-02,7.526277229189873297e-02,7.567673921585083008e-02,6.528018973767757416e-02,2.329430935787968338e-05,2.329430935787968338e-05
2.744488716125488281e+00,3.506207299232483088e+00,2.744512081146240234e+00,3.506230664253235041e+00,8.255269527435302734e-01,8.230760633945465310e-01,9.541195631027221680e-01,9.533573210239409956e-01,8.456350564956665039e-01,1.597467964887619107e+00,5.408279597759246826e-02,7.522256895899773199e-02,6.512426584959030151e-02,5.708329342305660387e-02,2.329335620743222535e-05,2.329335620743222535e-05
2.755713462829589844e+00,3.514050269126892001e+00,2.755736827850341797e+00,3.514073634147643954e+00,8.116866946220397949e-01,8.329693734645843284e-01,9.414166212081909180e-01,9.572870492935180442e-01,8.293302655220031738e-01,1.576273959875106767e+00,8.777734637260437012e-02,7.512265294790268499e-02,8.550256490707397461e-02,7.239725142717361173e-02,2.329256858502048999e-05,2.329256858502048999e-05
2.719972133636474609e+00,3.721082663536071866e+00,2.719995498657226562e+00,3.721105980873107733e+00,7.977028489112854004e-01,8.238838255405426247e-01,9.470320343971252441e-01,9.561749339103698953e-01,8.321698307991027832e-01,1.813034301996231168e+00,9.343843907117843628e-02,7.517596706748008728e-02,4.962888732552528381e-02,5.281358249485492568e-02,2.329234303033445030e-05,2.329234303033445030e-05
2.683267116546630859e+00,3.040680527687072754e+00,2.683290481567382812e+00,3.040703892707824707e+00,7.807141542434692383e-01,8.169423520565033403e-01,9.547116160392761230e-01,9.548948049545288308e-01,8.218193650245666504e-01,1.124813753366470381e+00,7.399857044219970703e-02,7.507350966334343234e-02,5.202333629131317139e-02,6.895607709884643555e-02,2.329173730686306953e-05,2.329173730686306953e-05
2.740344047546386719e+00,3.444413852691650568e+00,2.740367412567138672e+00,3.444437217712402521e+00,8.353996872901916504e-01,8.322150170803069846e-01,9.552623033523559570e-01,9.529788911342620406e-01,8.331469297409057617e-01,1.528020453453063920e+00,7.104818522930145264e-02,7.497249990701675137e-02,4.548700526356697083e-02,5.622699931263923367e-02,2.329179915250279009e-05,2.329179915250279009e-05
2.830343008041381836e+00,2.963700222969054998e+00,2.830366373062133789e+00,2.963723587989806951e+00,8.544540405273437500e-01,8.565642237663269043e-01,9.637528061866760254e-01,9.545602083206177202e-01,8.272782564163208008e-01,1.005672800540924117e+00,1.193550154566764832e-01,7.474963292479515353e-02,6.550323218107223511e-02,7.215336039662360867e-02,2.329215567442588508e-05,2.329215567442588508e-05
2.728849411010742188e+00,3.054978442192077814e+00,2.728872776031494141e+00,3.055001807212829767e+00,8.131194710731506348e-01,8.391486942768097146e-01,9.650781750679016113e-01,9.573214173316955122e-01,8.214430212974548340e-01,1.119924795627593950e+00,6.522295624017715454e-02,7.460112720727921087e-02,6.398584693670272827e-02,6.398240104317665100e-02,2.329117342014797032e-05,2.329117342014797032e-05
2.922319650650024414e+00,3.793576598167419434e+00,2.922343015670776367e+00,3.793599915504455744e+00,8.288585543632507324e-01,8.346852123737334983e-01,9.599563479423522949e-01,9.574999034404754195e-01,1.006599903106689453e+00,1.864390486478805453e+00,6.340578198432922363e-02,7.455269545316696445e-02,6.349892914295196533e-02,6.244837082922458787e-02,2.329045491933356971e-05,2.329045491933356971e-05
2.791952371597290039e+00,3.810242009162903010e+00,2.791975736618041992e+00,3.810265326499938876e+00,8.022387027740478516e-01,8.461273968219756858e-01,9.598644375801086426e-01,9.568310379981994629e-01,8.984912633895874023e-01,1.865758347511291548e+00,6.967126578092575073e-02,7.450346350669860562e-02,6.168678775429725647e-02,6.702172085642814359e-02,2.328935443074442446e-05,2.328935443074442446e-05
2.744497299194335938e+00,3.409929370880127042e+00,2.744520664215087891e+00,3.409952735900878995e+00,8.539992570877075195e-01,8.405695676803588423e-01,9.460551738739013672e-01,9.575468182563782182e-01,8.243022561073303223e-01,1.486643981933593706e+00,6.644362956285476685e-02,7.439644336700439176e-02,5.369692295789718628e-02,5.077250339090823988e-02,2.328830305486917496e-05,2.328830305486917496e-05
2.657419681549072266e+00,3.764775681495666326e+00,2.657443046569824219e+00,3.764798998832702637e+00,7.798107862472534180e-01,8.238973915576934814e-01,9.384294152259826660e-01,9.546991944313049094e-01,8.282372355461120605e-01,1.866270303726196289e+00,6.305515766143798828e-02,7.439812347292899808e-02,4.788685962557792664e-02,4.551067166030407091e-02,2.328763184777926654e-05,2.328763184777926654e-05
2.740863084793090820e+00,3.285243082046508611e+00,2.740886449813842773e+00,3.285266447067260565e+00,8.592379689216613770e-01,8.317581474781036155e-01,9.586980342864990234e-01,9.544886946678161621e-01,8.189573287963867188e-01,1.372526997327804477e+00,4.922894015908241272e-02,7.433968707919121066e-02,5.474092066287994385e-02,5.212955772876739363e-02,2.328684058738872409e-05,2.328684058738872409e-05
2.824934959411621094e+00,3.320684885978698819e+00,2.824958324432373047e+00,3.320708250999450772e+00,8.987083435058593750e-01,8.675939202308654563e-01,9.741992354393005371e-01,9.559874355792998823e-01,8.225599527359008789e-01,1.362617361545562789e+00,6.140464916825294495e-02,7.434048801660537997e-02,6.806278973817825317e-02,6.014574989676475802e-02,2.328651316929608583e-05,2.328651316929608583e-05
2.743295192718505859e+00,3.280041718482971103e+00,2.743318557739257812e+00,3.280065083503723056e+00,8.436742424964904785e-01,8.483043015003204346e-01,9.575513601303100586e-01,9.534680366516112837e-01,8.231084346771240234e-01,1.343221038579940796e+00,7.007830590009689331e-02,7.463595420122146051e-02,4.888265207409858704e-02,6.041244193911552568e-02,2.328724622202571481e-05,2.328724622202571481e-05
2.755023241043090820e+00,2.908820533752441317e+00,2.755046606063842773e+00,2.908843898773193271e+00,8.029294610023498535e-01,8.442252576351165771e-01,9.658815264701843262e-01,9.538186609745025191e-01,8.530058264732360840e-01,9.842889606952667236e-01,9.075733274221420288e-02,7.466304898262024481e-02,4.244905337691307068e-02,5.182462967932224135e-02,2.328622758795972914e-05,2.328622758795972914e-05
2.793791294097900391e+00,3.010895729064941406e+00,2.793814659118652344e+00,3.010919094085693359e+00,9.073268771171569824e-01,8.478164136409759299e-01,9.708969593048095703e-01,9.612175345420836958e-01,8.218849897384643555e-01,1.071847659349441484e+00,4.320102185010910034e-02,7.464955225586891729e-02,5.048133060336112976e-02,5.536465086042881290e-02,2.328497794223949313e-05,2.328497794223949313e-05
2.795564174652099609e+00,5.707825684547424672e+00,2.795587539672851562e+00,5.707848954200744451e+00,8.445450067520141602e-01,8.204188108444213645e-01,9.640800356864929199e-01,9.573491811752319336e-01,8.798390626907348633e-01,3.805937159061431707e+00,6.917928904294967651e-02,7.466021701693534296e-02,3.792078047990798950e-02,4.946020320057868680e-02,2.328386472072452307e-05,2.328386472072452307e-05
2.719258069992065430e+00,4.201336121559142711e+00,2.719281435012817383e+00,4.201359438896179022e+00,8.010055422782897949e-01,8.171063184738158736e-01,9.468898773193359375e-01,9.545445859432220015e-01,8.282371163368225098e-01,2.313978648185730069e+00,1.009820699691772461e-01,7.452615648508072177e-02,4.214353114366531372e-02,4.118055664002895355e-02,2.328279879293404520e-05,2.328279879293404520e-05
2.855955839157104492e+00,3.309959578514098943e+00,2.855979204177856445e+00,3.309982943534850897e+00,8.738832473754882812e-01,9.237343430519103782e-01,9.599437117576599121e-01,9.508526325225830078e-01,8.245811462402343750e-01,1.202688175439834639e+00,6.425948441028594971e-02,7.426354363560676297e-02,1.332882046699523926e-01,1.584209337830543574e-01,2.328186383238062263e-05,2.328186383238062263e-05
3.023668050765991211e+00,4.141929125785827281e+00,3.023691415786743164e+00,4.141952443122863592e+00,9.573633074760437012e-01,9.751304447650909202e-01,9.792396426200866699e-01,9.501569986343383345e-01,8.369730710983276367e-01,1.887660777568817227e+00,6.149831041693687439e-02,7.404753416776657660e-02,1.885935962200164795e-01,2.549335047602653281e-01,2.328113623661920428e-05,2.328113623661920428e-05
4.831803321838378906e+00,4.288356351852416815e+00,4.831826686859130859e+00,4.288379716873168768e+00,1.671463131904602051e+00,1.326507925987243652e+00,9.490838050842285156e-01,9.534643232822418435e-01,8.588199615478515625e-01,1.187970697879791260e+00,5.739026889204978943e-02,7.352319806814193448e-02,1.295046329498291016e+00,7.468901991844176802e-01,2.328006303287111223e-05,2.328006303287111223e-05
2.793392181396484375e+00,4.438791155815124512e+00,2.793415546417236328e+00,4.438814473152160822e+00,7.754246592521667480e-01,8.390956521034240723e-01,9.592487812042236328e-01,9.565638780593872514e-01,8.389285206794738770e-01,2.392425286769866766e+00,7.789397239685058594e-02,7.313935384154320041e-02,1.418962329626083374e-01,1.775670543313026539e-01,2.328081245650537312e-05,2.328081245650537312e-05
2.855725049972534180e+00,3.139240908622741522e+00,2.855748414993286133e+00,3.139264273643493475e+00,8.215986490249633789e-01,8.651624202728271928e-01,9.592845439910888672e-01,9.535131394863128884e-01,8.304311037063598633e-01,1.097211146354675204e+00,8.251073211431503296e-02,7.318219467997551242e-02,1.618999391794204712e-01,1.501720294356346241e-01,2.328072696400340647e-05,2.328072696400340647e-05
5.106293678283691406e+00,3.067135167121887385e+00,5.106317043304443359e+00,3.067158532142639338e+00,8.416528701782226562e-01,8.542620778083801492e-01,9.498116970062255859e-01,9.594648420810699685e-01,3.123271226882934570e+00,1.096346837282180742e+00,8.934101462364196777e-02,7.324858456850051602e-02,1.022168174386024475e-01,8.381289616227149963e-02,2.327990296180360019e-05,2.327990296180360019e-05
2.843556165695190430e+00,4.636157751083374023e+00,2.843579530715942383e+00,4.636181068420410334e+00,8.924263119697570801e-01,8.803376197814941628e-01,9.603935480117797852e-01,9.528184354305266890e-01,8.365386724472045898e-01,2.633463633060455500e+00,8.490480482578277588e-02,7.326017990708351413e-02,6.929248571395874023e-02,9.627799987792969028e-02,2.327926267753355205e-05,2.327926267753355205e-05
2.818193674087524414e+00,3.132857489585876287e+00,2.818217039108276367e+00,3.132880854606628240e+00,8.365617394447326660e-01,8.540981471538543479e-01,9.516816735267639160e-01,9.596918106079102007e-01,8.280035257339477539e-01,1.141086238622665450e+00,9.299889951944351196e-02,7.315046042203902921e-02,1.089476794004440308e-01,1.048308737576007788e-01,2.327858601347543299e-05,2.327858601347543299e-05
2.758565664291381836e+00,3.026501464843749822e+00,2.758589029312133789e+00,3.026524829864501775e+00,8.314364552497863770e-01,8.188043653964995894e-01,9.549511671066284180e-01,9.537072300910949263e-01,8.321145176887512207e-01,1.127300637960434004e+00,9.780739992856979370e-02,7.336194887757301053e-02,4.225607961416244507e-02,5.332731045782566209e-02,2.327787478861864656e-05,2.327787478861864656e-05
2.700694322586059570e+00,3.163075518608093439e+00,2.700717687606811523e+00,3.163098883628845392e+00,8.330541849136352539e-01,8.146792888641357644e-01,9.519001841545104980e-01,9.559734284877776656e-01,8.279870152473449707e-01,1.272619569301605136e+00,5.358222872018814087e-02,7.340649515390396118e-02,3.417088091373443604e-02,4.639669284224510332e-02,2.327672700630500913e-05,2.327672700630500913e-05
2.661772727966308594e+00,3.102652215957641513e+00,2.661796092987060547e+00,3.102675580978393466e+00,7.671921849250793457e-01,8.242380797863007036e-01,9.420707821846008301e-01,9.585528016090393288e-01,8.297236561775207520e-01,1.199539262056350752e+00,8.686123788356781006e-02,7.337001338601112366e-02,3.592494130134582520e-02,4.695208966732025008e-02,2.327551737835165113e-05,2.327551737835165113e-05
2.734319686889648438e+00,3.272409248352050604e+00,2.734343051910400391e+00,3.272432613372802557e+00,8.013558983802795410e-01,8.495227634906769021e-01,9.424257874488830566e-01,9.551752626895904097e-01,8.262696862220764160e-01,1.345291596651077226e+00,1.193106397986412048e-01,7.327307164669036310e-02,4.495765268802642822e-02,4.914654791355133057e-02,2.327554102521389723e-05,2.327554102521389723e-05
2.661024570465087891e+00,2.895063996315002441e+00,2.661047935485839844e+00,2.895087361335754395e+00,7.518304586410522461e-01,8.287619709968566672e-01,9.269919395446777344e-01,9.521942913532257524e-01,8.263384699821472168e-01,9.926186323165893111e-01,1.041007488965988159e-01,7.306281179189681729e-02,5.176305398344993591e-02,4.842623621225357333e-02,2.327601032448001206e-05,2.327601032448001206e-05
2.842630386352539062e+00,3.241715693473815829e+00,2.842653751373291016e+00,3.241739058494567782e+00,8.599603176116943359e-01,8.718024909496306929e-01,9.497721791267395020e-01,9.613840579986572266e-01,8.256072998046875000e-01,1.226258742809295699e+00,8.279039710760116577e-02,7.299004346132278997e-02,1.245002150535583496e-01,1.092803373932838412e-01,2.327563925064168870e-05,2.327563925064168870e-05
2.782358884811401367e+00,2.899759101867675604e+00,2.782382249832153320e+00,2.899782466888427557e+00,8.520113825798034668e-01,8.230078756809234841e-01,9.556530714035034180e-01,9.584665238857269509e-01,8.388708233833312988e-01,9.915321350097656694e-01,7.435722649097442627e-02,7.308837622404099066e-02,6.146654486656188965e-02,5.366420000791549683e-02,2.327560105186421424e-05,2.327560105186421424e-05
2.731694698333740234e+00,2.958245635032653809e+00,2.731718063354492188e+00,2.958269000053405762e+00,8.184953331947326660e-01,8.181715428829192671e-01,9.469831585884094238e-01,9.545473992824554665e-01,8.280048966407775879e-01,1.065851855278015181e+00,8.907203376293182373e-02,7.291959300637244901e-02,4.913932830095291138e-02,4.675522856414317946e-02,2.327509901078883559e-05,2.327509901078883559e-05
2.667592048645019531e+00,2.965890169143676758e+00,2.667615413665771484e+00,2.965913534164428711e+00,7.980740070343017578e-01,8.171444773674011453e-01,9.223261475563049316e-01,9.542002975940704346e-01,8.250150084495544434e-01,1.078142797946930020e+00,7.258782535791397095e-02,7.290693446993827542e-02,4.958916082978248596e-02,4.349561631679534773e-02,2.327419133507646620e-05,2.327419133507646620e-05
2.724332094192504883e+00,3.393391108512878507e+00,2.724355459213256836e+00,3.393414473533630460e+00,8.321729302406311035e-01,8.282492220401763694e-01,9.518678188323974609e-01,9.562909185886383501e-01,8.273182511329650879e-01,1.490716910362243741e+00,6.606476008892059326e-02,7.291854992508887967e-02,4.690826684236526489e-02,4.521553590893745422e-02,2.327313268324360251e-05,2.327313268324360251e-05
5.139209270477294922e+00,6.500042486190795721e+00,5.139232635498046875e+00,6.500065803527832031e+00,9.963791966438293457e-01,1.056306838989257812e+00,9.527154564857482910e-01,9.662217259407043235e-01,8.328593969345092773e-01,2.342034441232681452e+00,8.750020712614059448e-02,7.186675891280173978e-02,2.269755125045776367e+00,2.063612663745880038e+00,2.327186120965052396e-05,2.327186120965052396e-05
5.399545669555664062e+00,7.035020542144775568e+00,5.399569034576416016e+00,7.035043811798095348e+00,1.479748010635375977e+00,1.456712925434112460e+00,9.851055145263671875e-01,1.002363336086273149e+00,1.504330992698669434e+00,3.135403823852539240e+00,1.845613867044448853e-01,1.535688042640686035e-01,1.245800256729125977e+00,1.286971580982208208e+00,2.328854861843865365e-05,2.328854861843865365e-05
3.753128051757812500e+00,8.621477079391478782e+00,3.753151416778564453e+00,8.621500110626220348e+00,8.904479742050170898e-01,9.349488198757172075e-01,9.371711015701293945e-01,9.592171072959899680e-01,1.053582549095153809e+00,5.914224338531494318e+00,2.245946377515792847e-01,1.745413497090339550e-01,6.473317146301269531e-01,6.385455369949341042e-01,2.329432027181610465e-05,2.329432027181610465e-05
5.757424831390380859e+00,8.899729871749878285e+00,5.757448196411132812e+00,8.899752998352051137e+00,9.093370437622070312e-01,8.652545928955077681e-01,9.511470794677734375e-01,9.501910865306854026e-01,3.461433887481689453e+00,6.618223500251770197e+00,1.717469096183776855e-01,1.733900666236877497e-01,2.637600004673004150e-01,2.926707029342651145e-01,2.329728886252269149e-05,2.329728886252269149e-05
3.070270538330078125e+00,5.764647912979126154e+00,3.070293903350830078e+00,5.764671230316162465e+00,8.071154356002807617e-01,8.107412099838257058e-01,9.433015584945678711e-01,9.483150124549866167e-01,9.258782863616943359e-01,3.654843413829803378e+00,1.719830781221389771e-01,1.739807203412055969e-01,2.219923287630081177e-01,1.767676353454589733e-01,2.329639755771495402e-05,2.329639755771495402e-05
3.065588235855102539e+00,9.053248500823974254e+00,3.065611600875854492e+00,9.053271627426147106e+00,7.810597419738769531e-01,7.954260408878326416e-01,9.540372490882873535e-01,9.468928515911102517e-01,1.029024839401245117e+00,6.994084286689758123e+00,1.605459898710250854e-01,1.737691953778267018e-01,1.409203559160232544e-01,1.430763632059097179e-01,2.329601738892961293e-05,2.329601738892961293e-05
2.943703174591064453e+00,7.364971685409545721e+00,2.943726539611816406e+00,7.364994859695434215e+00,7.721887230873107910e-01,7.991273105144500732e-01,9.338417649269104004e-01,9.452557444572449175e-01,9.464787840843200684e-01,5.311181616783142267e+00,1.604139655828475952e-01,1.728846192359924372e-01,1.307798773050308228e-01,1.365223169326782171e-01,2.329615381313487887e-05,2.329615381313487887e-05
3.946319341659545898e+00,7.838228440284728649e+00,3.946342706680297852e+00,7.838251662254333674e+00,7.903645634651184082e-01,8.229043066501617876e-01,9.384542107582092285e-01,9.509673178195953147e-01,1.912400960922241211e+00,5.746660137176514027e+00,1.302865743637084961e-01,1.486264660954475514e-01,1.748131215572357178e-01,1.690701127052307018e-01,2.330918141524307430e-05,2.330918141524307430e-05
3.454725027084350586e+00,6.497310757637023926e+00,3.454748392105102539e+00,6.497334074974060236e+00,8.041131496429443359e-01,8.096257269382476363e-01,9.478078484535217285e-01,9.488614559173583762e-01,1.485830545425415039e+00,4.482324385643005726e+00,9.115793555974960327e-02,1.439966976642608754e-01,1.258157044649124146e-01,1.125024147331714630e-01,2.331407813471741974e-05,2.331407813471741974e-05
2.868312597274780273e+00,6.282346796989441096e+00,2.868335962295532227e+00,6.282370066642760875e+00,7.855939865112304688e-01,8.052386283874511941e-01,9.459844231605529785e-01,9.516197860240935835e-01,9.077787399291992188e-01,4.293631935119629262e+00,1.323821842670440674e-01,1.440376937389373779e-01,9.657343477010726929e-02,8.781876936554908197e-02,2.331388714083004743e-05,2.331388714083004743e-05
2.863722801208496094e+00,8.082062411308289285e+00,2.863746166229248047e+00,8.082085680961608176e+00,8.187462091445922852e-01,8.047643661499023215e-01,9.547344446182250977e-01,9.465436160564422163e-01,8.460708260536193848e-01,6.108051228523254217e+00,1.835652738809585571e-01,1.438282951712608337e-01,6.060597300529479980e-02,7.887501195073128024e-02,2.331323048565536737e-05,2.331323048565536737e-05
2.841425895690917969e+00,6.087078237533569691e+00,2.841449260711669922e+00,6.087101507186889471e+00,8.603799939155578613e-01,8.070755720138549361e-01,9.523949623107910156e-01,9.495761692523956299e-01,8.400219678878784180e-01,4.112903547286987482e+00,1.279305517673492432e-01,1.433715060353279169e-01,6.069857627153396606e-02,7.415137812495231628e-02,2.331232462893240154e-05,2.331232462893240154e-05
4.019464969635009766e+00,7.927041363716125666e+00,4.019488334655761719e+00,7.927064538002014160e+00,7.962145209312438965e-01,8.068130970001220481e-01,9.304506778717041016e-01,9.484945178031921609e-01,2.017151832580566406e+00,5.962255156040191295e+00,1.770121455192565918e-01,1.429839551448822133e-01,9.863574802875518799e-02,6.649459376931191046e-02,2.331136420252732933e-05,2.331136420252732933e-05
2.737280130386352539e+00,4.645438766479491832e+00,2.737303495407104492e+00,4.645462131500243785e+00,7.696949243545532227e-01,8.010569453239441140e-01,9.409213066101074219e-01,9.469528079032898393e-01,8.396958112716674805e-01,2.691022312641143888e+00,1.259042173624038696e-01,1.421423152089119069e-01,6.106380373239517212e-02,6.426437832415103635e-02,2.331024734303355217e-05,2.331024734303355217e-05
2.807116270065307617e+00,5.580621647834777654e+00,2.807139635086059570e+00,5.580644917488098322e+00,7.775260210037231445e-01,8.018148720264435259e-01,9.331363439559936523e-01,9.485246956348418745e-01,8.848040699958801270e-01,3.630559873580932795e+00,1.507187336683273315e-01,1.403145313262939564e-01,6.093122065067291260e-02,5.940756909549236436e-02,2.330962161067873240e-05,2.330962161067873240e-05
2.931443929672241211e+00,6.552963161468506215e+00,2.931467294692993164e+00,6.552986431121825994e+00,8.149649500846862793e-01,8.037619292736053467e-01,9.402963519096374512e-01,9.463597953319549116e-01,9.918823838233947754e-01,4.594950509071350275e+00,1.245894879102706909e-01,1.453879043459892217e-01,5.971073731780052185e-02,6.250301226973534185e-02,2.330719325982499868e-05,2.330719325982499868e-05
2.842662572860717773e+00,7.276870203018188654e+00,2.842685937881469727e+00,7.276893424987792791e+00,7.818866968154907227e-01,8.022833406925201638e-01,9.525078535079956055e-01,9.463105559349059837e-01,8.795934319496154785e-01,5.319432580471039174e+00,1.544597744941711426e-01,1.483845517039298900e-01,7.421484589576721191e-02,6.045926287770271579e-02,2.330719325982499868e-05,2.330719325982499868e-05
2.937147140502929688e+00,7.060055685043335139e+00,2.937170505523681641e+00,7.060078907012939275e+00,8.512097001075744629e-01,8.013686299324035422e-01,9.403353929519653320e-01,9.497840881347656694e-01,8.859903812408447266e-01,5.040352725982666371e+00,1.236691474914550781e-01,1.470912590622902028e-01,1.359424144029617310e-01,1.214588463306427030e-01,2.330773895664606243e-05,2.330773895664606243e-05
2.800045728683471680e+00,5.270145320892334340e+00,2.800069093704223633e+00,5.270168638229369762e+00,7.900316715240478516e-01,8.147481918334961160e-01,9.356293678283691406e-01,9.489236235618591087e-01,8.704090714454650879e-01,3.297086584568023504e+00,1.116751208901405334e-01,1.307827293872833307e-01,9.230072051286697388e-02,7.860413566231727600e-02,2.330986353626940399e-05,2.330986353626940399e-05
2.852426528930664062e+00,6.500839328765868785e+00,2.852449893951416016e+00,6.500862550735473810e+00,8.145024776458740234e-01,8.012227892875671831e-01,9.335313439369201660e-01,9.494734704494476318e-01,8.991072773933410645e-01,4.569660556316375910e+00,1.473760753870010376e-01,1.288572445511818043e-01,5.790950357913970947e-02,5.162529535591602048e-02,2.330892675672657788e-05,2.330892675672657788e-05
2.808481216430664062e+00,4.775515103340149281e+00,2.808504581451416016e+00,4.775538468360901234e+00,8.149988651275634766e-01,7.979509890079498069e-01,9.545753598213195801e-01,9.503352940082550049e-01,8.642411828041076660e-01,2.854373848438263028e+00,1.230038776993751526e-01,1.261789619922638050e-01,5.166204646229743958e-02,4.667604416608810147e-02,2.330843017261940986e-05,2.330843017261940986e-05
2.720247745513916016e+00,7.957888889312743963e+00,2.720271110534667969e+00,7.957912111282348988e+00,7.868876457214355469e-01,8.020677506923675759e-01,9.452587962150573730e-01,9.494639813899994341e-01,8.580294847488403320e-01,6.031557345390320179e+00,8.705124258995056152e-02,1.254922315478324835e-01,4.302037879824638367e-02,4.930762276053428372e-02,2.330873576283920556e-05,2.330873576283920556e-05
3.071183681488037109e+00,1.065954918861389089e+01,3.071207046508789062e+00,1.065957241058349680e+01,7.803250551223754883e-01,8.037443280220031294e-01,9.603448510169982910e-01,9.531892180442810281e-01,1.155498981475830078e+00,8.729944455623627420e+00,1.289396435022354126e-01,1.255188763141631969e-01,4.607499763369560242e-02,4.715274572372436801e-02,2.330772440473083407e-05,2.330772440473083407e-05
2.922514438629150391e+00,5.951075673103332520e+00,2.922537803649902344e+00,5.951098942756653187e+00,8.316445350646972656e-01,8.070580363273620605e-01,9.376524090766906738e-01,9.499136328697204146e-01,9.909110069274902344e-01,4.013527679443359197e+00,1.073354557156562805e-01,1.240843579173088046e-01,5.497097969055175781e-02,5.649192221462726732e-02,2.330697316210716963e-05,2.330697316210716963e-05
2.780410289764404297e+00,4.436349105834961115e+00,2.780433654785156250e+00,4.436372470855713068e+00,7.867764234542846680e-01,8.135151207447052224e-01,9.614492058753967285e-01,9.562483012676239458e-01,8.765545487403869629e-01,2.503456759452819647e+00,1.055202484130859375e-01,1.103801578283309937e-01,5.010995268821716309e-02,5.274886675179004530e-02,2.331373980268836021e-05,2.331373980268836021e-05
2.785520553588867188e+00,4.834508728981018244e+00,2.785543918609619141e+00,4.834532046318054554e+00,8.560509681701660156e-01,8.033976733684540239e-01,9.520660638809204102e-01,9.509895980358124001e-01,8.481599092483520508e-01,2.929652929306030273e+00,8.607526868581771851e-02,1.066515177488327054e-01,4.316830262541770935e-02,4.381703883409500400e-02,2.331512405362445861e-05,2.331512405362445861e-05
2.865352630615234375e+00,4.899079084396362305e+00,2.865375995635986328e+00,4.899102401733398615e+00,8.111492395401000977e-01,7.999855041503906028e-01,9.509786963462829590e-01,9.512326598167419878e-01,9.659286141395568848e-01,2.998748385906219394e+00,9.282703697681427002e-02,1.062776900827884646e-01,4.446907714009284973e-02,4.283481314778327803e-02,2.331481118744704872e-05,2.331481118744704872e-05
2.667561292648315430e+00,1.052648694515228200e+01,2.667584657669067383e+00,1.052651016712188792e+01,7.561410069465637207e-01,7.978002429008483887e-01,9.360479712486267090e-01,9.539177596569061723e-01,8.419266343116760254e-01,8.628103458881378529e+00,9.190393239259719849e-02,1.059382826089858981e-01,4.154185578227043152e-02,4.072721078991890092e-02,2.331402720301412046e-05,2.331402720301412046e-05
2.810418367385864258e+00,5.388783693313598633e+00,2.810441732406616211e+00,5.388807010650634943e+00,7.818682789802551270e-01,8.062335014343261497e-01,9.680382013320922852e-01,9.648285567760467307e-01,9.198204874992370605e-01,3.469838845729827703e+00,1.027302667498588562e-01,1.058454267680644934e-01,3.796099871397018433e-02,4.203733839094638686e-02,2.331306495761964470e-05,2.331306495761964470e-05
2.775752782821655273e+00,3.817325162887573065e+00,2.775776147842407227e+00,3.817348527908325018e+00,8.360571861267089844e-01,8.029812514781952126e-01,9.479606151580810547e-01,9.506489574909210427e-01,8.560886979103088379e-01,1.920589029788970947e+00,1.031600758433341980e-01,1.055680915713310269e-01,3.248614445328712463e-02,3.753790892660617551e-02,2.331242285436019301e-05,2.331242285436019301e-05
2.961640596389770508e+00,3.794446754455566229e+00,2.961663961410522461e+00,3.794470119476318182e+00,7.796546816825866699e-01,7.987844169139861616e-01,9.393278360366821289e-01,9.514366567134857622e-01,1.118107676506042480e+00,1.901577079296111972e+00,9.330341964960098267e-02,1.051724784076213809e-01,3.124706819653511047e-02,3.747620545327663699e-02,2.331108771613799036e-05,2.331108771613799036e-05
2.645936965942382812e+00,4.073479485511779963e+00,2.645960330963134766e+00,4.073502850532531916e+00,7.237126231193542480e-01,7.946827590465546098e-01,9.346238970756530762e-01,9.514478921890259233e-01,8.596568703651428223e-01,2.188834357261657537e+00,9.327098727226257324e-02,1.047889597713947268e-01,3.467261046171188354e-02,3.372555784881114960e-02,2.331005453015677631e-05,2.331005453015677631e-05
2.755849123001098633e+00,6.674011707305908203e+00,2.755872488021850586e+00,6.674034929275512340e+00,8.014752864837646484e-01,7.942874848842620406e-01,9.614487290382385254e-01,9.516629993915557417e-01,8.745487928390502930e-01,4.792981410026550648e+00,8.797341585159301758e-02,1.023574702441692325e-01,3.040310367941856384e-02,3.272242620587349077e-02,2.330864663235843182e-05,2.330864663235843182e-05
2.690038204193115234e+00,6.808566236495972035e+00,2.690061569213867188e+00,6.808589506149291815e+00,7.860640883445739746e-01,8.035206854343414085e-01,9.375893473625183105e-01,9.559772908687591553e-01,8.486127257347106934e-01,4.911336016654968439e+00,6.743571162223815918e-02,9.833273291587829590e-02,5.033637210726737976e-02,3.939953260123729706e-02,2.331339419470168650e-05,2.331339419470168650e-05
3.008759737014770508e+00,5.956270813941955566e+00,3.008783102035522461e+00,5.956294131278991877e+00,7.798650860786437988e-01,8.052069306373595969e-01,9.462766051292419434e-01,9.533849298954010232e-01,1.145675182342529297e+00,4.062163531780242920e+00,9.831128269433975220e-02,9.719465300440788269e-02,3.863172978162765503e-02,3.832079209387302676e-02,2.331408722966443747e-05,2.331408722966443747e-05
4.305845260620117188e+00,5.029752612113952637e+00,4.305868625640869141e+00,5.029775929450988947e+00,7.820336818695068359e-01,8.025830924510956033e-01,9.537529945373535156e-01,9.512711286544799361e-01,2.434447526931762695e+00,3.139165544509887606e+00,9.711915254592895508e-02,9.692483693361282626e-02,3.849171102046966553e-02,3.980793133378028592e-02,2.331321775272954255e-05,2.331321775272954255e-05
2.775315761566162109e+00,4.909952163696289062e+00,2.775339126586914062e+00,4.909975481033325373e+00,8.416813611984252930e-01,8.000597715377807395e-01,9.634482860565185547e-01,9.526449680328369363e-01,8.576622605323791504e-01,3.026445901393890470e+00,8.121192455291748047e-02,9.698705226182938177e-02,3.131202980875968933e-02,3.381460346281528473e-02,2.331281939405016601e-05,2.331281939405016601e-05
2.773201465606689453e+00,4.466166639328003285e+00,2.773224830627441406e+00,4.466190004348755238e+00,7.780187129974365234e-01,8.026129484176636186e-01,9.723132848739624023e-01,9.511202514171600564e-01,8.879770636558532715e-01,2.582686674594879328e+00,1.037749946117401123e-01,9.703211262822150629e-02,3.111739642918109894e-02,3.271475955843925615e-02,2.331164250790607184e-05,2.331164250790607184e-05
2.681747436523437500e+00,6.363141560554504750e+00,2.681770801544189453e+00,6.363164877891540172e+00,7.353941798210144043e-01,8.105689108371734175e-01,9.497634768486022949e-01,9.522329449653625932e-01,8.664469122886657715e-01,4.470856690406799672e+00,1.007745712995529175e-01,9.739201813936233798e-02,2.936833724379539490e-02,3.209105618298054019e-02,2.331027644686400890e-05,2.331027644686400890e-05
2.706457614898681641e+00,6.325083446502685725e+00,2.706480979919433594e+00,6.325106668472289861e+00,7.569692134857177734e-01,7.977511048316955344e-01,9.381406307220458984e-01,9.509374201297760010e-01,8.617445826530456543e-01,4.447991704940795543e+00,1.158746182918548584e-01,9.778289124369621277e-02,3.372862935066223145e-02,3.062033597379922728e-02,2.330946517759002745e-05,2.330946517759002745e-05
2.812444210052490234e+00,5.480736708641051891e+00,2.812467575073242188e+00,5.480760025978088201e+00,8.186375498771667480e-01,8.030107319355010986e-01,9.617437720298767090e-01,9.509008228778839111e-01,8.680775761604309082e-01,3.597075521945953369e+00,1.353714019060134888e-01,9.780269712209702093e-02,2.861382439732551575e-02,3.194681815803050717e-02,2.330854840693064034e-05,2.330854840693064034e-05
2.829410314559936523e+00,5.104586958885192871e+00,2.829433679580688477e+00,5.104610276222229182e+00,8.364939689636230469e-01,8.170341908931731956e-01,9.458054900169372559e-01,9.481771409511565718e-01,9.138253331184387207e-01,3.199564301967620761e+00,8.686540275812149048e-02,9.751487523317337036e-02,4.642009362578392029e-02,4.229645133018493375e-02,2.330735696887131780e-05,2.330735696887131780e-05
2.745118618011474609e+00,4.552477788925171076e+00,2.745141983032226562e+00,4.552501106262207387e+00,8.166996240615844727e-01,8.068928718566894531e-01,9.472836256027221680e-01,9.523699760437012163e-01,8.470371961593627930e-01,2.664911311864853083e+00,9.761908650398254395e-02,9.540680944919585627e-02,3.647909313440322876e-02,3.289685063064098219e-02,2.330621282453648746e-05,2.330621282453648746e-05
2.716908931732177734e+00,3.916653919219970525e+00,2.716932296752929688e+00,3.916677284240722479e+00,8.276144266128540039e-01,8.083247065544127974e-01,9.591055512428283691e-01,9.554450690746307817e-01,8.522914052009582520e-01,2.028710603713989258e+00,5.132755264639854431e-02,9.395369589328765592e-02,2.657014876604080200e-02,3.021981287747621536e-02,2.330513598280958831e-05,2.330513598280958831e-05
2.723656654357910156e+00,3.762137484550476252e+00,2.723680019378662109e+00,3.762160849571228205e+00,8.289690017700195312e-01,8.074242293834685835e-01,9.496214389801025391e-01,9.529956579208374023e-01,8.504223227500915527e-01,1.880878144502639682e+00,7.099703699350357056e-02,9.366147294640540799e-02,2.364674955606460571e-02,2.717791758477687905e-02,2.330382267246022820e-05,2.330382267246022820e-05
2.708583354949951172e+00,3.975902104377746493e+00,2.708606719970703125e+00,3.975925469398498446e+00,7.995064854621887207e-01,8.004629731178283247e-01,9.438817501068115234e-01,9.530292212963104026e-01,8.596219420433044434e-01,2.101603734493255438e+00,7.782331854104995728e-02,9.393288940191268921e-02,2.774974331259727478e-02,2.687323428690433641e-02,2.330276220163796097e-05,2.330276220163796097e-05
2.770642042160034180e+00,5.979411530494689764e+00,2.770665407180786133e+00,5.979434800148010432e+00,8.227381706237792969e-01,8.120258092880249245e-01,9.451653957366943359e-01,9.517222702503204124e-01,8.682658076286315918e-01,4.093211495876312611e+00,1.069139316678047180e-01,9.411324188113212585e-02,2.755854092538356781e-02,2.833875361829996109e-02,2.330241477466188371e-05,2.330241477466188371e-05
2.796573877334594727e+00,3.919307851791381747e+00,2.796597242355346680e+00,3.919331216812133700e+00,8.475874066352844238e-01,8.162389338016510232e-01,9.502882957458496094e-01,9.540856420993805154e-01,8.721787333488464355e-01,2.009124875068664551e+00,8.243831992149353027e-02,9.488990828394890109e-02,4.408118128776550293e-02,4.496843069791793546e-02,2.330110692128073424e-05,2.330110692128073424e-05
2.722283840179443359e+00,5.350877904891968129e+00,2.722307205200195312e+00,5.350901174545287908e+00,8.304336667060852051e-01,7.947067022323608398e-01,9.550108313560485840e-01,9.520784020423889160e-01,8.491852879524230957e-01,3.479227805137634189e+00,6.295785307884216309e-02,9.835231229662895480e-02,2.469629794359207153e-02,2.651275936514139314e-02,2.330145798623561859e-05,2.330145798623561859e-05
2.778594255447387695e+00,5.099832940101623358e+00,2.778617620468139648e+00,5.099856257438659668e+00,8.392239212989807129e-01,8.104313611984252930e-01,9.617774486541748047e-01,9.565763711929321511e-01,8.591312766075134277e-01,3.205107104778289973e+00,9.131020307540893555e-02,9.884533062577247065e-02,2.715133689343929291e-02,2.887271940708160262e-02,2.330095412617083639e-05,2.330095412617083639e-05
2.781830072402954102e+00,4.664339566230774281e+00,2.781853437423706055e+00,4.664362883567809703e+00,7.757489085197448730e-01,8.037908971309661865e-01,9.400542378425598145e-01,9.485986351966857466e-01,9.268432259559631348e-01,2.782107108831405551e+00,1.074982658028602600e-01,9.887143298983573636e-02,3.168565034866333008e-02,3.097146712243557115e-02,2.329998460481874645e-05,2.329998460481874645e-05
2.862071990966796875e+00,4.437959051132201793e+00,2.862095355987548828e+00,4.437982368469238104e+00,8.351280093193054199e-01,7.985600054264068159e-01,9.441974759101867676e-01,9.520972847938538042e-01,9.212383627891540527e-01,2.563229560852050781e+00,1.370802372694015503e-01,9.882405921816825312e-02,2.442799136042594910e-02,2.524823658168316026e-02,2.329880771867465228e-05,2.329880771867465228e-05
2.751612901687622070e+00,4.744821977615356623e+00,2.751636266708374023e+00,4.744845294952392933e+00,7.689086794853210449e-01,7.953713953495025191e-01,9.525797963142395020e-01,9.514048218727111372e-01,9.061257839202880859e-01,2.875342249870300293e+00,1.007143631577491760e-01,9.905503094196319025e-02,2.328413352370262146e-02,2.364852186292409897e-02,2.329723793081939220e-05,2.329723793081939220e-05
2.640979528427124023e+00,4.109774947166442871e+00,2.641002893447875977e+00,4.109798312187194824e+00,7.338433265686035156e-01,7.997023522853851096e-01,9.373351335525512695e-01,9.524123549461365190e-01,8.549686074256896973e-01,2.230705952644348233e+00,9.286837279796600342e-02,1.014005921781063052e-01,2.196402847766876221e-02,2.555375657975673606e-02,2.329453855054453015e-05,2.329453855054453015e-05
2.679810523986816406e+00,4.888585901260375621e+00,2.679833889007568359e+00,4.888609170913696289e+00,7.670013308525085449e-01,7.991114854812622070e-01,9.328308105468750000e-01,9.513291656970978005e-01,8.703975677490234375e-01,3.008659392595291138e+00,8.263418078422546387e-02,1.017784886062145233e-01,2.694651484489440918e-02,2.770731840282678743e-02,2.329246126464568079e-05,2.329246126464568079e-05
2.748768806457519531e+00,3.898895359039306729e+00,2.748792171478271484e+00,3.898918724060058683e+00,8.330016732215881348e-01,8.019330799579620361e-01,9.584206938743591309e-01,9.514209389686584251e-01,8.494789004325866699e-01,2.019454306364059537e+00,8.507549762725830078e-02,1.020480811595916720e-01,2.279181405901908875e-02,2.403899244964122911e-02,2.329090239072684199e-05,2.329090239072684199e-05
2.740570545196533203e+00,4.257094717025756481e+00,2.740593910217285156e+00,4.257118082046508434e+00,8.101407289505004883e-01,7.992068588733672874e-01,9.622882008552551270e-01,9.519583702087401900e-01,8.893700838088989258e-01,2.378460156917571844e+00,5.108011513948440552e-02,1.020639367401599829e-01,2.769132144749164581e-02,2.540544029325246880e-02,2.329036942683160305e-05,2.329036942683160305e-05
2.714794874191284180e+00,3.538942933082580566e+00,2.714818239212036133e+00,3.538966298103332520e+00,7.990951538085937500e-01,7.967413187026977095e-01,9.445379376411437988e-01,9.497137546539307085e-01,8.589216470718383789e-01,1.667716872692108110e+00,9.277347475290298462e-02,1.018831953406333923e-01,1.946662366390228271e-02,2.288779746741056303e-02,2.328889422642532736e-05,2.328889422642532736e-05
2.743971586227416992e+00,3.867628359794616610e+00,2.743994951248168945e+00,3.867651724815368564e+00,8.229925036430358887e-01,8.030663371086120828e-01,9.592122435569763184e-01,9.522130846977233665e-01,8.587167263031005859e-01,1.987067580223083496e+00,8.497868478298187256e-02,1.018672704696655246e-01,1.807139441370964050e-02,2.341409362852573534e-02,2.328752088942565024e-05,2.328752088942565024e-05
2.847567081451416016e+00,4.525766921043396174e+00,2.847590446472167969e+00,4.525790238380432484e+00,8.749182224273681641e-01,8.085205614566802756e-01,9.688448309898376465e-01,9.509512364864349809e-01,8.733449578285217285e-01,2.638674342632293612e+00,1.078440546989440918e-01,1.031723268330097254e-01,2.261501178145408630e-02,2.444852739572524886e-02,2.328754271729849279e-05,2.328754271729849279e-05
2.755355119705200195e+00,4.977380084991454900e+00,2.755378484725952148e+00,4.977403402328491211e+00,8.137573599815368652e-01,8.000441372394562212e-01,9.649085998535156250e-01,9.490300834178924116e-01,8.668699264526367188e-01,3.096821737289428889e+00,8.531676232814788818e-02,1.034550197422504370e-01,2.450261823832988739e-02,2.802915181964635988e-02,2.328718437638599426e-05,2.328718437638599426e-05
2.753618717193603516e+00,3.910601139068603516e+00,2.753642082214355469e+00,3.910624504089355469e+00,8.049585223197937012e-01,8.011335968971252663e-01,9.477664232254028320e-01,9.495952963829040749e-01,8.758218288421630859e-01,2.031412589550018133e+00,1.038673818111419678e-01,1.040591664612293271e-01,2.120477706193923950e-02,2.440045028924942017e-02,2.328273512830492109e-05,2.328273512830492109e-05
2.632929086685180664e+00,5.749550366401672719e+00,2.632952451705932617e+00,5.749573636054992498e+00,7.371166944503784180e-01,7.957636475563049094e-01,9.289875626564025879e-01,9.513524532318115012e-01,8.535086512565612793e-01,3.875945186614990323e+00,9.212076663970947266e-02,1.041895441710948972e-01,2.119515649974346161e-02,2.229930553585290909e-02,2.328095069970004261e-05,2.328095069970004261e-05
4.273800849914550781e+00,5.382718586921692250e+00,4.273824214935302734e+00,5.382741904258727672e+00,7.313241362571716309e-01,7.958706915378570557e-01,9.300211071968078613e-01,9.516770601272582786e-01,2.482480287551879883e+00,3.508203256130218328e+00,1.068232357501983643e-01,1.040662921965122278e-01,2.315185964107513428e-02,2.290124017745256285e-02,2.327990296180360019e-05,2.327990296180360019e-05
2.779045343399047852e+00,6.664297819137573242e+00,2.779068708419799805e+00,6.664321088790893910e+00,8.041478395462036133e-01,7.956584334373474343e-01,9.534770250320434570e-01,9.512759566307067427e-01,9.113135933876037598e-01,4.794466280937195179e+00,8.718439936637878418e-02,1.019213654100894900e-01,2.292245067656040192e-02,2.097585033625364373e-02,2.327932088519446552e-05,2.327932088519446552e-05
2.769274950027465820e+00,3.811152696609497070e+00,2.769298315048217773e+00,3.811176061630249023e+00,8.232477307319641113e-01,7.956960201263427734e-01,9.645935297012329102e-01,9.514090418815612793e-01,8.630039095878601074e-01,1.944832921028137207e+00,9.861150383949279785e-02,9.892855882644653598e-02,1.981798186898231506e-02,2.028619498014450073e-02,2.327937909285537899e-05,2.327937909285537899e-05
2.818037509918212891e+00,3.530792450904846280e+00,2.818060874938964844e+00,3.530815815925598233e+00,8.086592555046081543e-01,8.063399493694305420e-01,9.518461823463439941e-01,9.513921618461609331e-01,9.272655844688415527e-01,1.651771366596221924e+00,1.050425916910171509e-01,9.862732216715812406e-02,2.522361278533935547e-02,2.266171649098396371e-02,2.327910624444484711e-05,2.327910624444484711e-05
2.766209840774536133e+00,6.082755303382873180e+00,2.766233205795288086e+00,6.082778620719909490e+00,8.554039597511291504e-01,8.003306031227112038e-01,9.730848670005798340e-01,9.514128029346465842e-01,8.515110015869140625e-01,4.207538354396819891e+00,6.959410011768341064e-02,9.893368482589721957e-02,1.661587320268154144e-02,2.453985325992107461e-02,2.327753645658958703e-05,2.327753645658958703e-05
2.814663887023925781e+00,4.413653373718261719e+00,2.814687252044677734e+00,4.413676691055298029e+00,7.575867772102355957e-01,7.985455453395843284e-01,9.330809116363525391e-01,9.508167445659637673e-01,9.971791505813598633e-01,2.542212259769439875e+00,1.061410456895828247e-01,9.921968355774879456e-02,2.067623473703861237e-02,2.285918891429901054e-02,2.327657784917391837e-05,2.327657784917391837e-05
2.688196659088134766e+00,3.825798153877258301e+00,2.688220024108886719e+00,3.825821518898010254e+00,7.558836936950683594e-01,7.973739147186279519e-01,9.443582296371459961e-01,9.536554455757141335e-01,8.566303253173828125e-01,1.954258584976196200e+00,1.095019802451133728e-01,1.004782877862453461e-01,2.182213217020034790e-02,2.003196142613887856e-02,2.327504444110672921e-05,2.327504444110672921e-05
2.724090099334716797e+00,4.917398619651794256e+00,2.724113464355468750e+00,4.917421936988830566e+00,7.867507338523864746e-01,8.077794909477233887e-01,9.500228762626647949e-01,9.534262061119079812e-01,8.568664193153381348e-01,3.029859423637390137e+00,1.008816510438919067e-01,1.016159772872924777e-01,2.956852316856384277e-02,2.471764944493770599e-02,2.327403490198776126e-05,2.327403490198776126e-05
2.796318531036376953e+00,4.707778859138488592e+00,2.796341896057128906e+00,4.707802176475524902e+00,8.419442772865295410e-01,7.980257749557495561e-01,9.508206248283386230e-01,9.519106209278106467e-01,8.660039901733398438e-01,2.834873628616333185e+00,1.109291091561317444e-01,9.920907095074653348e-02,2.662055194377899170e-02,2.375964689999818941e-02,2.327394031453877687e-05,2.327394031453877687e-05
2.737468242645263672e+00,5.559140253067016424e+00,2.737491607666015625e+00,5.559163570404052734e+00,7.989455461502075195e-01,7.943603396415710449e-01,9.602028131484985352e-01,9.528223216533661111e-01,8.708894848823547363e-01,3.693007230758666992e+00,9.068696945905685425e-02,9.861523285508155823e-02,1.674331724643707275e-02,2.033504918217659066e-02,2.327296897419728339e-05,2.327296897419728339e-05
2.760872364044189453e+00,4.569668245315551935e+00,2.760895729064941406e+00,4.569691610336303889e+00,8.046717047691345215e-01,7.990412652492523415e-01,9.524471163749694824e-01,9.524698078632354292e-01,8.877872824668884277e-01,2.699642717838287354e+00,9.331406652927398682e-02,9.833694249391555786e-02,2.265205606818199158e-02,2.017743177711963515e-02,2.327183938177768141e-05,2.327183938177768141e-05
2.805108547210693359e+00,4.411130762100219371e+00,2.805131912231445312e+00,4.411154079437255682e+00,8.262009024620056152e-01,8.018771409988403320e-01,9.499933719635009766e-01,9.537881970405578391e-01,9.232048392295837402e-01,2.537226688861847101e+00,7.284405827522277832e-02,9.712351039052009860e-02,3.286535665392875671e-02,2.111515086144209047e-02,2.327080437680706382e-05,2.327080437680706382e-05
3.190193891525268555e+00,4.167264485359192250e+00,3.190217256546020508e+00,4.167287850379944203e+00,7.716792821884155273e-01,7.971467792987823042e-01,9.398245215415954590e-01,9.537227809429168479e-01,1.369137406349182129e+00,2.303165555000305176e+00,8.596625924110412598e-02,9.523235335946082791e-02,2.358621917665004730e-02,1.799691747874021530e-02,2.327063339180313051e-05,2.327063339180313051e-05
2.710790872573852539e+00,3.998481488227844327e+00,2.710814237594604492e+00,3.998504805564880193e+00,7.986256480216979980e-01,7.973152875900268999e-01,9.483577609062194824e-01,9.504878103733063188e-01,8.559102416038513184e-01,2.136737811565398992e+00,9.288587421178817749e-02,9.502407088875770846e-02,1.501142047345638275e-02,1.891644094139337609e-02,2.327033871551975608e-05,2.327033871551975608e-05
2.812861919403076172e+00,3.668720889091491522e+00,2.812885284423828125e+00,3.668744254112243475e+00,8.278612494468688965e-01,8.016999065876007080e-01,9.619911313056945801e-01,9.516836524009704146e-01,9.024686813354492188e-01,1.801287716627121060e+00,1.008903309702873230e-01,9.454286396503448764e-02,1.965048536658287048e-02,1.950682532042264869e-02,2.326868525415193290e-05,2.326868525415193290e-05
2.743769884109497070e+00,4.008784842491150080e+00,2.743793249130249023e+00,4.008808159828186390e+00,8.062105178833007812e-01,8.039036035537719949e-01,9.616774916648864746e-01,9.516368031501769575e-01,8.575366139411926270e-01,2.139908397197723300e+00,1.003946065902709961e-01,9.461271837353706082e-02,1.795066148042678833e-02,1.872339602559804778e-02,2.326759567949920893e-05,2.326759567949920893e-05
2.829663038253784180e+00,3.790021133422851740e+00,2.829686403274536133e+00,3.790044498443603693e+00,7.574788331985473633e-01,8.042982816696166992e-01,9.369113445281982422e-01,9.507726073265075906e-01,1.000716805458068848e+00,1.922856760025024370e+00,1.145612373948097229e-01,9.444772228598594110e-02,1.999472826719284058e-02,1.764576155692338874e-02,2.326651156181469560e-05,2.326651156181469560e-05
3.553814172744750977e+00,3.576209425926208496e+00,3.553837537765502930e+00,3.576232790946960449e+00,8.073483705520629883e-01,7.959469199180603249e-01,9.326431155204772949e-01,9.509401619434356689e-01,1.719475626945495605e+00,1.717858421802520796e+00,7.915422320365905762e-02,9.444236457347869595e-02,1.519308704882860184e-02,1.702143959701061388e-02,2.326542926311958581e-05,2.326542926311958581e-05
2.765139579772949219e+00,7.556032395362853649e+00,2.765162944793701172e+00,7.556055665016174316e+00,8.145516514778137207e-01,8.162409901618957742e-01,9.612770676612854004e-01,9.519766330718993919e-01,8.768258690834045410e-01,5.673614573478698908e+00,9.092920273542404175e-02,9.444409534335136691e-02,2.155555225908756256e-02,1.975595038384199073e-02,2.326488174730911851e-05,2.326488174730911851e-05
2.656971931457519531e+00,3.907883644104003906e+00,2.656995296478271484e+00,3.907907009124755859e+00,7.518762350082397461e-01,8.014140844345092329e-01,9.409645795822143555e-01,9.519428253173828347e-01,8.575545549392700195e-01,2.041085314750671564e+00,8.716259151697158813e-02,9.421062022447586337e-02,1.941385678946971893e-02,1.923076529055833817e-02,2.326364483451470733e-05,2.326364483451470733e-05
2.769515275955200195e+00,4.440966486930847168e+00,2.769538640975952148e+00,4.440989851951599121e+00,8.200749158859252930e-01,8.033312141895294634e-01,9.609617590904235840e-01,9.540945529937744363e-01,8.603621721267700195e-01,2.564896035194396795e+00,1.042830124497413635e-01,9.057753607630729398e-02,2.383321709930896759e-02,2.806720379739999910e-02,2.326161484234035015e-05,2.326161484234035015e-05
2.652737617492675781e+00,3.618101239204406738e+00,2.652760982513427734e+00,3.618124604225158691e+00,7.476915121078491211e-01,8.026761710643768311e-01,9.156280755996704102e-01,9.533522069454193337e-01,8.566695451736450195e-01,1.750207126140594482e+00,1.045714616775512695e-01,8.970563411712646762e-02,2.817736193537712097e-02,2.216003332287073274e-02,2.326066169189289212e-05,2.326066169189289212e-05
2.647801160812377930e+00,3.589218854904174805e+00,2.647824525833129883e+00,3.589242219924926758e+00,7.522885203361511230e-01,8.042509794235229714e-01,8.974347710609436035e-01,9.522616922855376975e-01,8.645091056823730469e-01,1.714467811584472701e+00,8.819273114204406738e-02,8.950514867901801508e-02,4.537595063447952271e-02,2.873329892754554818e-02,2.325957393622957170e-05,2.325957393622957170e-05
2.755382537841796875e+00,3.472642731666565119e+00,2.755405902862548828e+00,3.472666096687317072e+00,8.182713389396667480e-01,8.108946025371551736e-01,9.485666155815124512e-01,9.521830618381500466e-01,8.562456965446472168e-01,1.597760617733001709e+00,1.096785515546798706e-01,8.945244029164314825e-02,2.262055128812789917e-02,2.235206011682748864e-02,2.325910827494226396e-05,2.325910827494226396e-05
2.816319465637207031e+00,4.386907076835631969e+00,2.816342830657958984e+00,4.386930441856383922e+00,8.310841321945190430e-01,8.094135999679565874e-01,9.626560807228088379e-01,9.539550602436065452e-01,8.944756984710693359e-01,2.517477619647979559e+00,1.119494140148162842e-01,8.801152482628822604e-02,1.615395024418830872e-02,1.804943904280662675e-02,2.326098910998553038e-05,2.326098910998553038e-05
2.718501329421997070e+00,3.912616038322448642e+00,2.718524694442749023e+00,3.912639403343200595e+00,7.897189855575561523e-01,8.040707528591155562e-01,9.661843776702880859e-01,9.570799529552459495e-01,8.653744459152221680e-01,2.044584339857101529e+00,7.939826697111129761e-02,8.676195666193961542e-02,1.782532036304473877e-02,2.011907342821359773e-02,2.326298636035062373e-05,2.326298636035062373e-05
2.815140247344970703e+00,3.943853211402893244e+00,2.815163612365722656e+00,3.943876576423645197e+00,8.666747808456420898e-01,8.381994009017944558e-01,9.638236165046691895e-01,9.505675137042999268e-01,8.774525523185729980e-01,2.024841505289077581e+00,7.310033589601516724e-02,8.633078858256340582e-02,3.408885747194290161e-02,4.391396194696426530e-02,2.326257163076661527e-05,2.326257163076661527e-05
3.589276790618896484e+00,3.939700913429260432e+00,3.589300155639648438e+00,3.939724278450012385e+00,8.779181838035583496e-01,9.077406227588653564e-01,9.730870127677917480e-01,9.588077843189239946e-01,1.289958119392395020e+00,1.451521098613739014e+00,7.877628505229949951e-02,8.423523828387260992e-02,3.695371747016906738e-01,5.373962521553039551e-01,2.326202047697734088e-05,2.326202047697734088e-05
1.093014907836914062e+01,8.480502843856811523e+00,1.093017196655273438e+01,8.480526065826415660e+00,4.050951957702636719e+00,3.489005422592163175e+00,1.083930253982543945e+00,1.027966141700744629e+00,3.317058563232421875e+00,1.921581143140792758e+00,7.473567128181457520e-02,6.126032806932926039e-02,2.403473138809204102e+00,1.980689811706543013e+00,2.327384390810038894e-05,2.327384390810038894e-05
1.585438919067382812e+01,1.626490268707275533e+01,1.585441207885742188e+01,1.626492557525634908e+01,5.100996017456054688e+00,4.444390344619750799e+00,1.046782612800598145e+00,1.054326343536376998e+00,1.077416539192199707e+00,3.538311028480529696e+00,3.434172645211219788e-02,6.159927509725093842e-02,8.594852447509765625e+00,7.166275453567505060e+00,2.327607580809853971e-05,2.327607580809853971e-05
4.463803768157958984e+00,6.595489645004272816e+00,4.463827133178710938e+00,6.595512962341308238e+00,1.707360029220581055e+00,1.765575993061065718e+00,9.978098869323730469e-01,9.995047628879547563e-01,8.732509613037109375e-01,2.942087709903717041e+00,7.013467699289321899e-02,6.162207983434200148e-02,8.152484297752380371e-01,8.266990661621094194e-01,2.327584297745488584e-05,2.327584297745488584e-05
3.134149312973022461e+00,4.700106859207153320e+00,3.134172677993774414e+00,4.700130128860473988e+00,9.563269615173339844e-01,1.092773151397705034e+00,9.528648853302001953e-01,9.615008592605590598e-01,8.653947114944458008e-01,2.282056272029876709e+00,5.669428035616874695e-02,6.176335141062736650e-02,3.028683662414550781e-01,3.020131081342697366e-01,2.327584843442309648e-05,2.327584843442309648e-05
3.017096042633056641e+00,3.168053674697875799e+00,3.017119407653808594e+00,3.168077039718627752e+00,8.936248421669006348e-01,9.007854104042053445e-01,9.559182524681091309e-01,9.746423482894897017e-01,9.354154467582702637e-01,1.077466404438018888e+00,8.042556792497634888e-02,6.164513491094112535e-02,1.517120450735092163e-01,1.535143449902534596e-01,2.327610309293959290e-05,2.327610309293959290e-05
2.914716958999633789e+00,3.435041594505309881e+00,2.914740324020385742e+00,3.435064959526061834e+00,8.455014824867248535e-01,8.889563024044037087e-01,9.539640545845031738e-01,9.639414250850677490e-01,8.660216927528381348e-01,1.384694981575012251e+00,8.649477362632751465e-02,6.164973899722099582e-02,1.627350300550460815e-01,1.357990577816963196e-01,2.327574111404828727e-05,2.327574111404828727e-05
2.838884592056274414e+00,3.767461347579955877e+00,2.838907957077026367e+00,3.767484664916992188e+00,8.416864275932312012e-01,8.501493990421294944e-01,9.742448329925537109e-01,9.658455610275268333e-01,8.591644763946533203e-01,1.776537454128265470e+00,5.074266344308853149e-02,6.159658320248127122e-02,1.130461096763610840e-01,1.133324086666107205e-01,2.327534821233712137e-05,2.327534821233712137e-05
3.112417936325073242e+00,5.642589402198791682e+00,3.112441301345825195e+00,5.642612671852111461e+00,9.196876287460327148e-01,9.879989624023437500e-01,9.652901291847229004e-01,9.563733220100403276e-01,9.312621951103210449e-01,3.387986332178115845e+00,9.339404851198196411e-02,6.161494851112366000e-02,2.027837932109832764e-01,2.486158207058906666e-01,2.327456422790419310e-05,2.327456422790419310e-05
2.900471210479736328e+00,3.511671257019043146e+00,2.900494575500488281e+00,3.511694622039795100e+00,8.520498275756835938e-01,8.847332894802093506e-01,9.708794355392456055e-01,9.671747565269470659e-01,9.026659131050109863e-01,1.434758949279785201e+00,4.590107500553131104e-02,6.152854561805724820e-02,1.289748251438140869e-01,1.634756386280059870e-01,2.327437505300622433e-05,2.327437505300622433e-05
3.494345188140869141e+00,4.040449523925781605e+00,3.494368553161621094e+00,4.040472888946533558e+00,1.211891293525695801e+00,1.273584604263305664e+00,9.629240632057189941e-01,9.532117784023285134e-01,8.630858659744262695e-01,1.259185510873794600e+00,3.712459653615951538e-02,6.158747300505638261e-02,4.193190634250640869e-01,4.928800225257873313e-01,2.327402944501955062e-05,2.327402944501955062e-05
5.463584899902343750e+00,6.242313146591186523e+00,5.463608264923095703e+00,6.242336511611938477e+00,2.251415491104125977e+00,2.236550331115722656e+00,9.661450386047363281e-01,9.571922659873962624e-01,8.601777553558349609e-01,1.594291245937347501e+00,3.498092293739318848e-02,6.177234984934330125e-02,1.350865840911865234e+00,1.392506980895996005e+00,2.327307083760388196e-05,2.327307083760388196e-05
3.230819702148437500e+00,3.966487360000610529e+00,3.230843067169189453e+00,3.966510725021362482e+00,1.035171866416931152e+00,1.145490002632141069e+00,9.656192660331726074e-01,9.762618124485016313e-01,8.557935953140258789e-01,1.373269569873809770e+00,5.287066474556922913e-02,6.188720799982547899e-02,3.213644623756408691e-01,4.095788598060607910e-01,2.327248876099474728e-05,2.327248876099474728e-05
3.111539840698242188e+00,3.889372682571411222e+00,3.111563205718994141e+00,3.889396047592163175e+00,9.854028820991516113e-01,9.359393715858459473e-01,9.488723874092102051e-01,9.568139672279357688e-01,8.598584532737731934e-01,1.734368711709976196e+00,2.905136719346046448e-02,6.197402402758598466e-02,2.883549928665161133e-01,2.002766236662864574e-01,2.327163747395388782e-05,2.327163747395388782e-05
3.053498744964599609e+00,3.311946487426757901e+00,3.053522109985351562e+00,3.311969852447509854e+00,9.920258522033691406e-01,9.502390623092651367e-01,9.568002223968505859e-01,9.533753871917725053e-01,8.604862689971923828e-01,1.156122845411300615e+00,4.747596010565757751e-02,6.196505613625049452e-02,1.967102736234664917e-01,1.902441084384918213e-01,2.327082802366930991e-05,2.327082802366930991e-05
2.885643005371093750e+00,3.065836858749389826e+00,2.885666370391845703e+00,3.065860223770141779e+00,8.981360793113708496e-01,8.647607922554015891e-01,9.710623025894165039e-01,9.622113764286041038e-01,8.622065782546997070e-01,1.055585902929305986e+00,5.621645972132682800e-02,6.195975877344608168e-02,9.802176803350448608e-02,1.213190302252769442e-01,2.326970934518612921e-05,2.326970934518612921e-05
2.862062215805053711e+00,3.106805253028869451e+00,2.862085580825805664e+00,3.106828618049621404e+00,8.668091893196105957e-01,8.421838998794555220e-01,9.532890915870666504e-01,9.636828124523162398e-01,8.621181845664978027e-01,1.115925192832946777e+00,3.236058354377746582e-02,6.192130409181118011e-02,1.474851667881011963e-01,1.230921007692813846e-01,2.326944377273321152e-05,2.326944377273321152e-05
2.804038763046264648e+00,3.963950133323669522e+00,2.804062128067016602e+00,3.963973450660705389e+00,8.337598443031311035e-01,8.353717267513275369e-01,9.701321125030517578e-01,9.681755244731903298e-01,8.635473251342773438e-01,2.026738190650939853e+00,6.160100921988487244e-02,6.195734888315200528e-02,7.499863207340240479e-02,7.170726433396339139e-02,2.326812682440504432e-05,2.326812682440504432e-05
2.801237106323242188e+00,3.732343602180480779e+00,2.801260471343994141e+00,3.732366919517517090e+00,8.410989642143249512e-01,8.277674794197082964e-01,9.769215583801269531e-01,9.604574978351593240e-01,8.611205816268920898e-01,1.811999410390853882e+00,4.010336101055145264e-02,6.190929040312766890e-02,8.199260383844375610e-02,7.020983323454857428e-02,2.326725734747014940e-05,2.326725734747014940e-05
4.425990104675292969e+00,4.952413249015807928e+00,4.426013469696044922e+00,4.952436566352844238e+00,9.513524174690246582e-01,9.430816590785979781e-01,9.454278349876403809e-01,9.595887124538421409e-01,2.118808984756469727e+00,2.675343930721282959e+00,7.984415441751480103e-02,7.259319871664046686e-02,3.305567502975463867e-01,3.018057018518447987e-01,2.326466710655950010e-05,2.326466710655950010e-05
2.861104965209960938e+00,3.428396677970886319e+00,2.861128330230712891e+00,3.428420042991638272e+00,8.307446241378784180e-01,8.376782119274139848e-01,9.618232846260070801e-01,9.563927829265594927e-01,8.677688241004943848e-01,1.439263713359832719e+00,8.662316203117370605e-02,7.575690820813178739e-02,1.141450107097625732e-01,1.193050272762775366e-01,2.326545472897123545e-05,2.326545472897123545e-05
2.862467527389526367e+00,5.121459627151489613e+00,2.862490892410278320e+00,5.121482896804809393e+00,7.493386268615722656e-01,8.091252148151397705e-01,9.241499304771423340e-01,9.531652808189392534e-01,1.063768148422241211e+00,3.195409893989562988e+00,6.808850914239883423e-02,7.698392421007156650e-02,5.712224915623664856e-02,8.677533417940139215e-02,2.326467983948532492e-05,2.326467983948532492e-05
2.759616851806640625e+00,4.086766409873962225e+00,2.759640216827392578e+00,4.086789727210998535e+00,8.013193607330322266e-01,8.112517416477202925e-01,9.575505256652832031e-01,9.533174216747284380e-01,8.728115558624267578e-01,2.158227264881134033e+00,7.271873205900192261e-02,8.010528236627578735e-02,5.521680042147636414e-02,8.386478871107101718e-02,2.326400135643780231e-05,2.326400135643780231e-05
3.899297714233398438e+00,3.601384592056274592e+00,3.899321079254150391e+00,3.601407957077026545e+00,7.793076634407043457e-01,8.096320033073425293e-01,9.291911125183105469e-01,9.516575217247009721e-01,2.050844430923461914e+00,1.693563216924667270e+00,6.554329395294189453e-02,8.035617470741271418e-02,7.441145926713943481e-02,6.617569848895073215e-02,2.326338290004059672e-05,2.326338290004059672e-05
2.830273866653442383e+00,4.143082523345947621e+00,2.830297231674194336e+00,4.143105840682983043e+00,8.101583719253540039e-01,8.079075455665588601e-01,9.437666535377502441e-01,9.546282351016998069e-01,9.406548142433166504e-01,2.249227094650268377e+00,8.312440663576126099e-02,7.663782462477683466e-02,5.256956815719604492e-02,5.468181073665619174e-02,2.326241155969910324e-05,2.326241155969910324e-05
2.956836223602294922e+00,3.435134863853454679e+00,2.956859588623046875e+00,3.435158228874206632e+00,8.090940713882446289e-01,8.136265814304352029e-01,9.645906686782836914e-01,9.567822515964508057e-01,1.078986763954162598e+00,1.535147309303283691e+00,5.861054360866546631e-02,7.585995793342589777e-02,4.555408284068107605e-02,5.371865592896938463e-02,2.326126923435367644e-05,2.326126923435367644e-05
2.832969665527343750e+00,4.127528572082519887e+00,2.832993030548095703e+00,4.127551937103271840e+00,8.084899783134460449e-01,8.192677140235901101e-01,9.608044624328613281e-01,9.559738695621490256e-01,9.107388257980346680e-01,2.226707643270492643e+00,1.089745908975601196e-01,7.577294185757636746e-02,4.396183788776397705e-02,4.980637878179550171e-02,2.326055800949689001e-05,2.326055800949689001e-05
2.942361593246459961e+00,3.248440456390381037e+00,2.942384958267211914e+00,3.248463821411132990e+00,7.882734537124633789e-01,8.077525496482849121e-01,9.536380767822265625e-01,9.537975072860718218e-01,1.046788573265075684e+00,1.361501485109329224e+00,1.133466735482215881e-01,7.600069269537926275e-02,4.031502828001976013e-02,4.938824921846389493e-02,2.325884634046815336e-05,2.325884634046815336e-05
2.767899990081787109e+00,4.147430968284607111e+00,2.767923355102539062e+00,4.147454333305359064e+00,7.587612867355346680e-01,8.049147665500641091e-01,9.495516419410705566e-01,9.571471810340881348e-01,8.975929617881774902e-01,2.259507173299789340e+00,1.197659447789192200e-01,7.600359991192817688e-02,4.222789406776428223e-02,4.985824637115001540e-02,2.325698369531892240e-05,2.325698369531892240e-05
2.710008621215820312e+00,3.842415189743042081e+00,2.710031986236572266e+00,3.842438554763794034e+00,7.434342503547668457e-01,8.047599434852600320e-01,9.528388977050781250e-01,9.548539578914642112e-01,8.877618312835693359e-01,1.957671236991882280e+00,8.343484997749328613e-02,7.862270250916481018e-02,4.253883287310600281e-02,4.650733470916747908e-02,2.325609602848999202e-05,2.325609602848999202e-05
2.772190093994140625e+00,3.832503938674926669e+00,2.772213459014892578e+00,3.832527303695678622e+00,8.116383552551269531e-01,8.079892814159392866e-01,9.411776661872863770e-01,9.520657420158386008e-01,9.030036926269531250e-01,1.947989487648010165e+00,7.658565044403076172e-02,7.854995056986809054e-02,3.978498280048370361e-02,4.590945802628994266e-02,2.325499372091144323e-05,2.325499372091144323e-05
2.770804405212402344e+00,4.048609375953674316e+00,2.770827770233154297e+00,4.048632693290710627e+00,8.215489387512207031e-01,7.992688953876495583e-01,9.389842748641967773e-01,9.522998213768005815e-01,8.927352428436279297e-01,2.175733011960983454e+00,7.164262980222702026e-02,7.976111322641372958e-02,4.589349031448364258e-02,4.154647067189216891e-02,2.325382956769317389e-05,2.325382956769317389e-05
2.723981380462646484e+00,3.865965247154235840e+00,2.724004745483398438e+00,3.865988612174987793e+00,7.732530236244201660e-01,8.013606131076812522e-01,9.582281708717346191e-01,9.569736897945404497e-01,8.713504076004028320e-01,1.980776727199554443e+00,8.022222667932510376e-02,8.055705949664115906e-02,4.092763736844062805e-02,4.629717096686362943e-02,2.325252353330142796e-05,2.325252353330142796e-05
2.839293956756591797e+00,6.546482968330383123e+00,2.839317321777343750e+00,6.546506285667419434e+00,8.247630596160888672e-01,8.081943094730377197e-01,9.493919610977172852e-01,9.557878613471985085e-01,9.355003237724304199e-01,4.663488525152206243e+00,8.363115042448043823e-02,8.083745837211608887e-02,4.600757732987403870e-02,3.817497976124286513e-02,2.325104651390574872e-05,2.325104651390574872e-05
3.379575252532958984e+00,5.064997911453247070e+00,3.379598617553710938e+00,5.065021228790283381e+00,7.942795157432556152e-01,8.082110524177551492e-01,9.365569949150085449e-01,9.550856471061706099e-01,1.506765604019165039e+00,3.172038477659225642e+00,9.075388312339782715e-02,8.180443421006203253e-02,5.121914669871330261e-02,4.785829968750476837e-02,2.324976958334445953e-05,2.324976958334445953e-05
2.780152082443237305e+00,4.168653869628906605e+00,2.780175447463989258e+00,4.168677186965942028e+00,7.604929804801940918e-01,8.070946335792541504e-01,9.309393167495727539e-01,9.498653292655945268e-01,8.973996639251708984e-01,2.244319868087768732e+00,1.272825300693511963e-01,9.613974019885063171e-02,6.403763592243194580e-02,7.123433351516723910e-02,2.325202513020485640e-05,2.325202513020485640e-05
3.087177038192749023e+00,6.375896096229553223e+00,3.087200403213500977e+00,6.375919365882873890e+00,8.294343948364257812e-01,8.040531039237975852e-01,9.603151679039001465e-01,9.493498742580414040e-01,1.122365593910217285e+00,4.458030819892883301e+00,1.116279438138008118e-01,9.817490503191947382e-02,6.343388557434082031e-02,6.628722548484802801e-02,2.325231253053061664e-05,2.325231253053061664e-05
2.888404130935668945e+00,4.558333706855774103e+00,2.888427495956420898e+00,4.558357071876526057e+00,8.314440846443176270e-01,8.001406431198120339e-01,9.458476305007934570e-01,9.506441533565521684e-01,9.516334533691406250e-01,2.659085345268249689e+00,1.107141450047492981e-01,1.002651236951351138e-01,4.876472800970077515e-02,4.819850027561187883e-02,2.325227433175314218e-05,2.325227433175314218e-05
2.804106950759887695e+00,4.853064179420471191e+00,2.804130315780639648e+00,4.853087544441223145e+00,8.267906904220581055e-01,8.014998912811279741e-01,9.518846273422241211e-01,9.506861090660094771e-01,8.829864859580993652e-01,2.960117745399474920e+00,1.055740267038345337e-01,1.003391608595848028e-01,3.687095269560813904e-02,4.042131789028644701e-02,2.325119021406862885e-05,2.325119021406862885e-05
2.775332450866699219e+00,7.719163990020751598e+00,2.775355815887451172e+00,7.719187211990356623e+00,8.129223585128784180e-01,8.053502380847931130e-01,9.432419538497924805e-01,9.529522836208343950e-01,8.759400248527526855e-01,5.819635689258575439e+00,9.962834417819976807e-02,9.996820166707039157e-02,4.359964281320571899e-02,4.125770218670368056e-02,2.324975685041863471e-05,2.324975685041863471e-05
3.023523807525634766e+00,6.161851334571838201e+00,3.023547172546386719e+00,6.161874651908874512e+00,7.893954515457153320e-01,7.967448890209197776e-01,9.454073309898376465e-01,9.519520282745361772e-01,1.177765011787414551e+00,4.278765618801116943e+00,7.970737665891647339e-02,9.922836124897002619e-02,3.124892525374889374e-02,3.516037948429584503e-02,2.324770684936083853e-05,2.324770684936083853e-05
5.359769439697265625e+01,5.634254503250121893e+00,5.359771728515625000e+01,5.634277868270873846e+00,1.647146821022033691e+00,1.697662150859832852e+00,9.692747592926025391e-01,9.813166379928588423e-01,4.950117874145507812e+01,1.502565521001815840e+00,9.819515049457550049e-02,7.295900434255600531e-02,1.381899356842041016e+00,1.379751288890838534e+00,2.325792956980876625e-05,2.325792956980876625e-05
3.005569458007812500e+00,6.792047715187072399e+00,3.005592823028564453e+00,6.792071032524108709e+00,9.370411038398742676e-01,8.764705479145049605e-01,9.685718417167663574e-01,9.608778834342956987e-01,9.075089097023010254e-01,4.751808655261993586e+00,7.548390328884124756e-02,6.429286822676658075e-02,1.169639080762863159e-01,1.385977327823638972e-01,2.326827234355732799e-05,2.326827234355732799e-05
2.910413265228271484e+00,4.844399738311767400e+00,2.910436630249023438e+00,4.844423055648803711e+00,9.005441665649414062e-01,9.511498689651489702e-01,9.704278707504272461e-01,9.656741559505462869e-01,8.717137575149536133e-01,2.692876935005187988e+00,5.737203359603881836e-02,6.325706690549851019e-02,1.103553324937820435e-01,1.714416339993476979e-01,2.326882167835719883e-05,2.326882167835719883e-05
3.469896793365478516e+00,4.028790259361267445e+00,3.469920158386230469e+00,4.028813624382019398e+00,1.182183861732482910e+00,1.197551834583282515e+00,9.787017703056335449e-01,9.729414939880370872e-01,8.740974068641662598e-01,1.393187326192855791e+00,6.898618489503860474e-02,6.313859969377517978e-02,3.659276068210601807e-01,4.019709199666977040e-01,2.326743197045288980e-05,2.326743197045288980e-05
3.145552873611450195e+00,5.142155528068542480e+00,3.145576238632202148e+00,5.142178845405578791e+00,9.416613578796386719e-01,1.176570093631744474e+00,9.540448784828186035e-01,9.516186714172363281e-01,8.756913542747497559e-01,2.547579848766326815e+00,8.245640248060226440e-02,6.305655576288700381e-02,2.916989326477050781e-01,4.033302903175354226e-01,2.326692083443049341e-05,2.326692083443049341e-05
3.432897806167602539e+00,3.820279264450073153e+00,3.432921171188354492e+00,3.820302629470825106e+00,1.113722085952758789e+00,1.066596591472625644e+00,9.588182568550109863e-01,9.687923252582549827e-01,8.864657282829284668e-01,1.412515604496002108e+00,5.739163234829902649e-02,6.284633278846740723e-02,4.165001213550567627e-01,3.095284730195999034e-01,2.326667163288220763e-05,2.326667163288220763e-05
2.866979837417602539e+00,3.424431276321411310e+00,2.867003202438354492e+00,3.424454641342163264e+00,8.749166131019592285e-01,8.556780993938446489e-01,9.701879024505615234e-01,9.629379570484161155e-01,8.847717642784118652e-01,1.447033506631851152e+00,3.818549960851669312e-02,6.281153559684753140e-02,9.891788661479949951e-02,9.597018435597419461e-02,2.326571484445594251e-05,2.326571484445594251e-05
3.118555784225463867e+00,4.216496157646179022e+00,3.118579149246215820e+00,4.216519474983215332e+00,8.072099685668945312e-01,8.186714351177215576e-01,9.376131296157836914e-01,9.571835398674011230e-01,1.263395547866821289e+00,2.332036113739013761e+00,5.569815635681152344e-02,6.018172129988670627e-02,5.463879182934761047e-02,4.842343255877494534e-02,2.326875619473867118e-05,2.326875619473867118e-05
2.696713685989379883e+00,3.158012008666992276e+00,2.696737051010131836e+00,3.158035373687744229e+00,7.938182950019836426e-01,8.071913182735442893e-01,9.402944445610046387e-01,9.563603997230529785e-01,8.755637407302856445e-01,1.294298577308654830e+00,4.048688709735870361e-02,5.967580042779445371e-02,4.655062407255172729e-02,4.048591405153274814e-02,2.326846151845529675e-05,2.326846151845529675e-05
2.747198820114135742e+00,3.105603981018066229e+00,2.747222185134887695e+00,3.105627346038818182e+00,8.112359046936035156e-01,8.099460065364837424e-01,9.491649866104125977e-01,9.575422286987305132e-01,8.946787714958190918e-01,1.239383864402771041e+00,6.153435260057449341e-02,5.969939045608043532e-02,3.058490343391895294e-02,3.903248682618141313e-02,2.326787216588854790e-05,2.326787216588854790e-05
2.745831966400146484e+00,3.647597289085388272e+00,2.745855331420898438e+00,3.647620654106140226e+00,8.199435472488403320e-01,8.200773000717163086e-01,9.624050259590148926e-01,9.568541824817657915e-01,8.772013187408447266e-01,1.770322608947753951e+00,5.099421739578247070e-02,5.965274199843406677e-02,3.528774157166481018e-02,4.069051779806613645e-02,2.326694811927154660e-05,2.326694811927154660e-05
2.824200630187988281e+00,3.632719850540161222e+00,2.824223995208740234e+00,3.632743167877197088e+00,8.430860638618469238e-01,8.392705202102661577e-01,9.461566209793090820e-01,9.546415686607361284e-01,8.983218669891357422e-01,1.718661600351333529e+00,6.162460148334503174e-02,5.965890474617481509e-02,7.501140236854553223e-02,6.048730686306953708e-02,2.326627873117104173e-05,2.326627873117104173e-05
2.840377807617187500e+00,3.244238805770874201e+00,2.840401172637939453e+00,3.244262170791626154e+00,8.583341240882873535e-01,8.477795183658599631e-01,9.805115461349487305e-01,9.605349063873290794e-01,8.800614476203918457e-01,1.309769541025161743e+00,6.824230402708053589e-02,5.958166383206844191e-02,5.322827398777008057e-02,6.657322347164154608e-02,2.326566755073145032e-05,2.326566755073145032e-05
2.637020111083984375e+00,3.272274470329284757e+00,2.637043476104736328e+00,3.272297835350036710e+00,7.390515804290771484e-01,8.121499061584472878e-01,9.375941753387451172e-01,9.543953657150268111e-01,8.815788030624389648e-01,1.407809358835220293e+00,4.747284948825836182e-02,5.954841673374176164e-02,3.132240101695060730e-02,3.837140202522278110e-02,2.326473259017802775e-05,2.326473259017802775e-05
2.798299074172973633e+00,3.326752948760986150e+00,2.798322439193725586e+00,3.326776313781738104e+00,8.410027623176574707e-01,8.213824272155761941e-01,9.751984477043151855e-01,9.565926730632782204e-01,8.968331217765808105e-01,1.451342695951461703e+00,5.036722868680953979e-02,5.951275303959846497e-02,3.489762544631958008e-02,3.792241923511028429e-02,2.326392677787225693e-05,2.326392677787225693e-05
2.718805313110351562e+00,3.378965210914611994e+00,2.718828678131103516e+00,3.378988575935363947e+00,8.011549115180969238e-01,8.247806489467620628e-01,9.508320689201354980e-01,9.553124368190765159e-01,8.778859376907348633e-01,1.500970900058746338e+00,5.380081757903099060e-02,5.951651744544506073e-02,3.513178229331970215e-02,3.838472738862037936e-02,2.326353205717168748e-05,2.326353205717168748e-05
2.863542556762695312e+00,3.314908337593078791e+00,2.863565921783447266e+00,3.314931702613830744e+00,8.181198239326477051e-01,8.292539715766906738e-01,9.558809399604797363e-01,9.557853937149047852e-01,9.562885761260986328e-01,1.419081389904022217e+00,8.812746405601501465e-02,5.963854901492595534e-02,4.512573778629302979e-02,5.114910043776035170e-02,2.326275534869637340e-05,2.326275534869637340e-05
2.741135120391845703e+00,3.214796853065490900e+00,2.741158485412597656e+00,3.214820218086242853e+00,8.039335608482360840e-01,8.071802496910095437e-01,9.585849046707153320e-01,9.576759219169617143e-01,8.771065473556518555e-01,1.355027443170547574e+00,6.856711953878402710e-02,5.961184278130531033e-02,3.294307738542556763e-02,3.530132472515105924e-02,2.326187859580386430e-05,2.326187859580386430e-05
2.736890792846679688e+00,4.532903528213500621e+00,2.736914157867431641e+00,4.532926845550536932e+00,8.266175389289855957e-01,8.129691600799560103e-01,9.468920826911926270e-01,9.573441743850708008e-01,8.756037950515747070e-01,2.663279563188552856e+00,4.825853928923606873e-02,5.957426317036151886e-02,3.951879590749740601e-02,3.973640128970146179e-02,2.326094909221865237e-05,2.326094909221865237e-05
2.754293918609619141e+00,3.057417583465576350e+00,2.754317283630371094e+00,3.057440948486328303e+00,8.171133995056152344e-01,8.151598334312438743e-01,9.697905778884887695e-01,9.593347847461700661e-01,8.813703656196594238e-01,1.191587388515472412e+00,5.359152704477310181e-02,5.951210297644138336e-02,3.242807090282440186e-02,3.182344324886798859e-02,2.325987952644936740e-05,2.325987952644936740e-05
2.781063079833984375e+00,3.120014810562133700e+00,2.781086444854736328e+00,3.120038175582885653e+00,8.193631172180175781e-01,8.236609280109405962e-01,9.677944779396057129e-01,9.551511645317077859e-01,8.830746412277221680e-01,1.244293820858001665e+00,7.481037080287933350e-02,5.945413708686828752e-02,3.602051734924316406e-02,3.745473995804786405e-02,2.325908644706942141e-05,2.325908644706942141e-05
2.753404378890991211e+00,3.469123172760009588e+00,2.753427743911743164e+00,3.469146537780761541e+00,8.060895204544067383e-01,8.123949587345122847e-01,9.593549966812133789e-01,9.542679846286773460e-01,8.954471945762634277e-01,1.610357415676116899e+00,5.437044054269790649e-02,5.944545269012450894e-02,3.814222291111946106e-02,3.265737742185592651e-02,2.325818240933585912e-05,2.325818240933585912e-05
2.760828971862792969e+00,4.581162858009338201e+00,2.760852336883544922e+00,4.581186175346374512e+00,8.123285770416259766e-01,8.468238055706024392e-01,9.479076862335205078e-01,9.582074105739593062e-01,8.785636425018310547e-01,2.651283240318298429e+00,4.540276527404785156e-02,5.942724905908107480e-02,7.662640511989593506e-02,6.542103812098502835e-02,2.325692912563681602e-05,2.325692912563681602e-05
5.495817184448242188e+00,5.438880777359008434e+00,5.495840549468994141e+00,5.438904142379760387e+00,1.996668934822082520e+00,1.729288792610168546e+00,9.467223286628723145e-01,9.537085771560669389e-01,1.047276258468627930e+00,1.605218142271041870e+00,4.579682275652885437e-02,5.974492765963077684e-02,1.459353089332580566e+00,1.090920269489288330e+00,2.325621971976943314e-05,2.325621971976943314e-05
3.078846693038940430e+00,3.601047468185424982e+00,3.078870058059692383e+00,3.601070833206176935e+00,9.855957627296447754e-01,9.623991310596465842e-01,9.403158426284790039e-01,9.535741686820984331e-01,8.827854990959167480e-01,1.452872151136398227e+00,4.653960093855857849e-02,6.029844097793102264e-02,2.236098796129226685e-01,1.719035759568214305e-01,2.325515197298955172e-05,2.325515197298955172e-05
4.752232551574707031e+00,4.626652669906616389e+00,4.752255916595458984e+00,4.626676034927368342e+00,1.832326531410217285e+00,1.509699416160583452e+00,9.371853470802307129e-01,9.519429743289947732e-01,8.810814619064331055e-01,1.389305365085601762e+00,4.961742088198661804e-02,6.046888679265975675e-02,1.052021503448486328e+00,7.152360498905181441e-01,2.325498644495382905e-05,2.325498644495382905e-05
3.247388601303100586e+00,3.363613629341125399e+00,3.247411966323852539e+00,3.363636994361877353e+00,1.058032274246215820e+00,1.030839085578918457e+00,9.748295545578002930e-01,9.657600700855255571e-01,8.788656592369079590e-01,1.050453978776931807e+00,3.914045169949531555e-02,6.035399064421653748e-02,2.965206503868103027e-01,2.562065482139587180e-01,2.325421337445732206e-05,2.325421337445732206e-05
3.007200241088867188e+00,3.256449770927429377e+00,3.007223606109619141e+00,3.256473135948181330e+00,8.176617622375488281e-01,8.385388970375060591e-01,9.558424353599548340e-01,9.527341246604918990e-01,1.127040028572082520e+00,1.340035432577133090e+00,4.569721594452857971e-02,6.041725501418113847e-02,6.095875054597854614e-02,6.472403593361378271e-02,2.325342939002439380e-05,2.325342939002439380e-05
2.793836355209350586e+00,3.425588345527649015e+00,2.793859720230102539e+00,3.425611710548400968e+00,8.280008435249328613e-01,8.346206963062285933e-01,9.654063582420349121e-01,9.592325627803802712e-01,8.935846686363220215e-01,1.518139129877090543e+00,6.381610035896301270e-02,6.034855023026466231e-02,4.302838444709777832e-02,5.324736125767230710e-02,2.325217064935714006e-05,2.325217064935714006e-05
3.119853496551513672e+00,6.626517558097839711e+00,3.119876861572265625e+00,6.626540875434875133e+00,8.017313480377197266e-01,8.083235025405883789e-01,9.440100193023681641e-01,9.574455142021178755e-01,1.278819441795349121e+00,4.761124908924102783e+00,5.361991748213768005e-02,6.031073927879333774e-02,4.167281836271286011e-02,3.931270986795425137e-02,2.325137938896659762e-05,2.325137938896659762e-05
2.990839481353759766e+00,6.018907260894775568e+00,2.990862846374511719e+00,6.018930578231811879e+00,8.517037034034729004e-01,8.580919563770293967e-01,9.289356470108032227e-01,9.538964688777923362e-01,1.068627476692199707e+00,4.074063801765442250e+00,4.026598483324050903e-02,6.026315279304981370e-02,1.013063788414001465e-01,7.259192839264869135e-02,2.325030618521850556e-05,2.325030618521850556e-05
2.924572229385375977e+00,4.301707458496093928e+00,2.924595594406127930e+00,4.301730775833130238e+00,7.998983263969421387e-01,8.818017244338989258e-01,9.545698761940002441e-01,9.549386858940124290e-01,1.011801481246948242e+00,2.313731729984283447e+00,7.786769419908523560e-02,6.028126962482929091e-02,8.043470233678817749e-02,9.095409363508225042e-02,2.324932938790880144e-05,2.324932938790880144e-05
2.890187501907348633e+00,3.489045858383178711e+00,2.890210866928100586e+00,3.489069223403930664e+00,8.553429245948791504e-01,9.569946408271789995e-01,9.710187315940856934e-01,9.630349814891815408e-01,8.760983347892761230e-01,1.330769294500350863e+00,5.695426091551780701e-02,6.019232086837291579e-02,1.307732313871383667e-01,1.780546411871909984e-01,2.324826164112892002e-05,2.324826164112892002e-05
2.858990192413330078e+00,3.334018254280090243e+00,2.859013557434082031e+00,3.334041619300842196e+00,8.694227337837219238e-01,8.828448355197906494e-01,9.604414105415344238e-01,9.610780119895935281e-01,8.827392458915710449e-01,1.327208393812179477e+00,6.002963706851005554e-02,6.020307578146457533e-02,8.635704964399337769e-02,1.026839360594749423e-01,2.324711022083647549e-05,2.324711022083647549e-05
2.809251546859741211e+00,2.992036914825439542e+00,2.809274911880493164e+00,2.992060279846191495e+00,8.196075558662414551e-01,8.139880120754241499e-01,9.746249318122863770e-01,9.554949402809143066e-01,9.077721834182739258e-01,1.122553098201751753e+00,7.604505121707916260e-02,6.016491875052452226e-02,3.120186366140842438e-02,3.983598388731479645e-02,2.324619345017708838e-05,2.324619345017708838e-05
2.905531406402587891e+00,3.225578808784484774e+00,2.905554771423339844e+00,3.225602173805236728e+00,8.798045516014099121e-01,9.115873336791991965e-01,9.512154459953308105e-01,9.564704120159148726e-01,8.736338615417480469e-01,1.154353469610214233e+00,7.308670133352279663e-02,6.017617098987102647e-02,1.277908980846405029e-01,1.429914399981498663e-01,2.324623164895456284e-05,2.324623164895456284e-05
2.749164342880249023e+00,3.923376870155334650e+00,2.749187469482421875e+00,3.923399972915649236e+00,8.302322030067443848e-01,8.244883358478546365e-01,9.636506438255310059e-01,9.576848506927490012e-01,8.779224753379821777e-01,2.036542230844497592e+00,4.596477001905441284e-02,6.011880412697791914e-02,3.139418363571166992e-02,4.454260207712650022e-02,2.324528759345412254e-05,2.324528759345412254e-05
3.363008975982666016e+00,3.748975348472595392e+00,3.363032102584838867e+00,3.748998498916626065e+00,1.146687865257263184e+00,1.204367053508758501e+00,9.695998430252075195e-01,9.744206011295318826e-01,8.780962228775024414e-01,1.109537106752395585e+00,3.675644472241401672e-02,6.011541709303856035e-02,3.318686485290527344e-01,4.005351960659027100e-01,2.324452361790463328e-05,2.324452361790463328e-05
3.093915462493896484e+00,5.404825544357299449e+00,3.093938589096069336e+00,5.404848670959472301e+00,9.791467189788818359e-01,1.064141809940338135e+00,9.646781086921691895e-01,9.651342928409576416e-01,8.791764378547668457e-01,3.028819417953491300e+00,4.741157591342926025e-02,5.958799421787262102e-02,2.235025167465209961e-01,2.871421933174133079e-01,2.324311572010628879e-05,2.324311572010628879e-05
2.724020481109619141e+00,3.365987133979797541e+00,2.724043607711791992e+00,3.366010308265686035e+00,7.949248552322387695e-01,8.139958739280700462e-01,9.529083371162414551e-01,9.545826375484466331e-01,8.842940926551818848e-01,1.503700357675552324e+00,5.785403400659561157e-02,5.956741087138652663e-02,3.403918072581291199e-02,3.414082787930965146e-02,2.324178967683110386e-05,2.324178967683110386e-05
3.313421487808227539e+00,4.353409051895141602e+00,3.313444614410400391e+00,4.353432202339172719e+00,8.375161290168762207e-01,8.612384855747222678e-01,9.497843980789184570e-01,9.570389926433563454e-01,9.012824296951293945e-01,1.948104840517044023e+00,5.050664767622947693e-02,5.791075490415096422e-02,5.743319392204284668e-01,5.291159242391586526e-01,2.324259912711568177e-05,2.324259912711568177e-05
2.856966972351074219e+00,3.940770077705383123e+00,2.856990337371826172e+00,3.940793395042419434e+00,8.363765478134155273e-01,8.338539898395538330e-01,9.510076642036437988e-01,9.580329895019531472e-01,9.079039692878723145e-01,2.003305578231811435e+00,6.374461948871612549e-02,5.470795892179012437e-02,9.793416410684585571e-02,9.086956158280372342e-02,2.324921297258697450e-05,2.324921297258697450e-05
3.219924688339233398e+00,6.950889468193054199e+00,3.219948053359985352e+00,6.950912785530090510e+00,1.074092268943786621e+00,1.181464958190918013e+00,9.782614111900329590e-01,9.668768167495727095e-01,8.809100389480590820e-01,4.445183169841766535e+00,5.917274579405784607e-02,5.417257733643054962e-02,2.274883538484573364e-01,3.031916826963424461e-01,2.324944762222003192e-05,2.324944762222003192e-05
4.616263389587402344e+00,1.078660936355590749e+01,4.616286754608154297e+00,1.078663268089294469e+01,1.718179941177368164e+00,1.873122310638427823e+00,9.873198866844177246e-01,9.868155181407928245e-01,8.899955749511718750e-01,6.774561482667922796e+00,6.284552812576293945e-02,5.438727475702762743e-02,9.579225182533264160e-01,1.097722756862640425e+00,2.324831075384281576e-05,2.324831075384281576e-05
2.869718551635742188e+00,3.260071754455566406e+00,2.869741916656494141e+00,3.260095119476318359e+00,8.796735405921936035e-01,9.030817747116088867e-01,9.469301700592041016e-01,9.623799026012420654e-01,8.780965805053710938e-01,1.235999697446823031e+00,6.108684465289115906e-02,5.478993840515613417e-02,1.039314493536949158e-01,1.038204044103622492e-01,2.324778324691578746e-05,2.324778324691578746e-05
2.867956161499023438e+00,3.354157638549804865e+00,2.867979526519775391e+00,3.354181003570556818e+00,8.858879208564758301e-01,9.233501136302948442e-01,9.573133587837219238e-01,9.572959482669830544e-01,8.764681220054626465e-01,1.307212948799133301e+00,5.970227345824241638e-02,5.479106158018112044e-02,8.858475089073181152e-02,1.115076214075088473e-01,2.324837987544015050e-05,2.324837987544015050e-05
2.906344890594482422e+00,3.200635170936584561e+00,2.906368255615234375e+00,3.200658535957336515e+00,8.925575017929077148e-01,9.437025964260101762e-01,9.649077057838439941e-01,9.637141704559326616e-01,8.788159489631652832e-01,1.088458943367004439e+00,3.570517897605895996e-02,5.468470267951488356e-02,1.343587338924407959e-01,1.500747442245483343e-01,2.324946763110347092e-05,2.324946763110347092e-05
2.936546087265014648e+00,3.972576999664306552e+00,2.936569452285766602e+00,3.972600317001342862e+00,9.126853346824645996e-01,8.665065169334411621e-01,9.476149678230285645e-01,9.605483591556549516e-01,9.100816249847412109e-01,1.999130547046661377e+00,5.206389352679252625e-02,5.480489134788513184e-02,1.141001582145690918e-01,9.158662781119346341e-02,2.324888555449433625e-05,2.324888555449433625e-05
2.889645338058471680e+00,3.943938946723938077e+00,2.889668703079223633e+00,3.943962311744690030e+00,8.426393866539001465e-01,8.528269767761230691e-01,9.435350894927978516e-01,9.602205991744995339e-01,8.837412595748901367e-01,1.930555570125579878e+00,5.318146571516990662e-02,5.432285368442535400e-02,1.665481925010681152e-01,1.460129052400588878e-01,2.324807246623095125e-05,2.324807246623095125e-05
3.505754232406616211e+00,4.239314603805541815e+00,3.505777597427368164e+00,4.239337968826293768e+00,8.880567550659179688e-01,9.565363109111786333e-01,9.636766314506530762e-01,9.617677569389343484e-01,8.895899057388305664e-01,1.319697839021682695e+00,6.131370365619659424e-02,5.304416567087173739e-02,7.031171917915344238e-01,9.482684314250946489e-01,2.325238529010675848e-05,2.325238529010675848e-05
2.853764772415161133e+00,3.783809804916381747e+00,2.853788137435913086e+00,3.783833122253418058e+00,8.502799272537231445e-01,8.427978932857513872e-01,9.523015618324279785e-01,9.590031325817107710e-01,8.912469148635864258e-01,1.812028837203979448e+00,3.995205089449882507e-02,5.407608300447463989e-02,1.199841126799583435e-01,1.159037493169307736e-01,2.325428795302286744e-05,2.325428795302286744e-05
2.778129339218139648e+00,3.877147436141967773e+00,2.778152704238891602e+00,3.877170801162719727e+00,8.434492945671081543e-01,8.445642113685607466e-01,9.654448032379150391e-01,9.573713481426239236e-01,8.906380534172058105e-01,1.970179516077041670e+00,3.266919031739234924e-02,5.410774797201156616e-02,4.592781886458396912e-02,5.092456936836242676e-02,2.325421519344672561e-05,2.325421519344672561e-05
2.769376516342163086e+00,4.118114733695984242e+00,2.769399881362915039e+00,4.118138051033019664e+00,8.207201361656188965e-01,8.217042326927185281e-01,9.630950689315795898e-01,9.550404667854308638e-01,8.904476165771484375e-01,2.245324623584747492e+00,5.769864842295646667e-02,5.419006235897540907e-02,3.741500154137611389e-02,4.185538627207278928e-02,2.325325658603105694e-05,2.325325658603105694e-05
2.778064966201782227e+00,3.480043816566467108e+00,2.778088331222534180e+00,3.480067181587219061e+00,8.186031579971313477e-01,8.301839351654052290e-01,9.834520220756530762e-01,9.600966215133667214e-01,8.924735188484191895e-01,1.604366433620452836e+00,5.185917764902114868e-02,5.415512099862098555e-02,3.167721256613731384e-02,3.124171588569879532e-02,2.325226705579552799e-05,2.325226705579552799e-05
3.428214788436889648e+00,3.893401408195495517e+00,3.428238153457641602e+00,3.893424773216247470e+00,1.146918416023254395e+00,1.026660525798797519e+00,9.203049540519714355e-01,9.531545460224151167e-01,8.937659263610839844e-01,1.608617031574249179e+00,4.807923361659049988e-02,5.413583964109421054e-02,4.191463589668273926e-01,2.508334472775459179e-01,2.325109016965143383e-05,2.325109016965143383e-05
3.405487775802612305e+00,4.110494852066040039e+00,3.405511140823364258e+00,4.110518217086791992e+00,1.167171597480773926e+00,1.228438234329223722e+00,9.698455333709716797e-01,9.511696457862853782e-01,8.903018236160278320e-01,1.437016695737838745e+00,6.016848608851432800e-02,5.414179265499115268e-02,3.180003762245178223e-01,4.397285282611846924e-01,2.325121749890968204e-05,2.325121749890968204e-05
2.997433900833129883e+00,4.026479315757751642e+00,2.997457265853881836e+00,4.026502680778503596e+00,9.293141365051269531e-01,1.175741469860076993e+00,9.754617214202880859e-01,9.685909748077392578e-01,8.918659090995788574e-01,1.471570843458175570e+00,5.044938623905181885e-02,5.405785068869591037e-02,1.503426283597946167e-01,3.565181940793991089e-01,2.325056266272440553e-05,2.325056266272440553e-05
2.754842519760131836e+00,3.823499941825866610e+00,2.754865884780883789e+00,3.823523259162902921e+00,8.109247684478759766e-01,8.358320415019988570e-01,9.481642246246337891e-01,9.559477388858794722e-01,8.917054533958435059e-01,1.930094623565673739e+00,5.210302397608757019e-02,5.457393378019333163e-02,5.194493383169174194e-02,4.705164059996604781e-02,2.324971501366235316e-05,2.324971501366235316e-05
3.164819002151489258e+00,3.657825708389282227e+00,3.164842367172241211e+00,3.657849073410034180e+00,1.002366185188293457e+00,1.170752048492431641e+00,9.697753787040710449e-01,9.667447328567504439e-01,9.038238525390625000e-01,1.085719168186187744e+00,6.485337018966674805e-02,5.472431778907775601e-02,2.240001857280731201e-01,3.798854649066925049e-01,2.324887282156851143e-05,2.324887282156851143e-05
3.364827156066894531e+00,4.199708747863769354e+00,3.364850521087646484e+00,4.199732065200805664e+00,1.125529408454895020e+00,1.083864223957061723e+00,9.470403194427490234e-01,9.521056413650512695e-01,8.952590823173522949e-01,1.810115891695022627e+00,6.316482275724411011e-02,5.471412055194378038e-02,3.338333666324615479e-01,2.989090085029602051e-01,2.324852539459243417e-05,2.324852539459243417e-05
7.596822261810302734e+00,6.793214035034179865e+00,7.596845626831054688e+00,6.793237400054931818e+00,3.182097434997558594e+00,2.684945082664489835e+00,1.011204481124877930e+00,9.908322453498840110e-01,8.939558267593383789e-01,1.121075987815856934e+00,5.651357769966125488e-02,5.475990809500217577e-02,2.453050613403320312e+00,1.941600871086120561e+00,2.324749948456883430e-05,2.324749948456883430e-05
3.426789283752441406e+00,5.517221260070800604e+00,3.426812648773193359e+00,5.517244577407836914e+00,1.166136860847473145e+00,1.120649838447570712e+00,9.395289421081542969e-01,9.519485354423522505e-01,8.899610638618469238e-01,3.098556923866271795e+00,6.038773804903030396e-02,5.531205758452415605e-02,3.707746863365173340e-01,2.907539159059524536e-01,2.324734668945893645e-05,2.324734668945893645e-05
2.789685726165771484e+00,3.899719834327697754e+00,2.789709091186523438e+00,3.899743151664734064e+00,8.412919640541076660e-01,8.120269656181335893e-01,9.618293642997741699e-01,9.574738979339599831e-01,9.042757153511047363e-01,2.041787511110305875e+00,5.033911392092704773e-02,5.534535795450210710e-02,3.194946050643920898e-02,3.308602645993232588e-02,2.324658635188825428e-05,2.324658635188825428e-05
2.854736089706420898e+00,4.928158307075500844e+00,2.854759454727172852e+00,4.928181624412536266e+00,8.576557040214538574e-01,8.945532202720641868e-01,9.750335812568664551e-01,9.548625648021697998e-01,9.061661958694458008e-01,2.975778597593307317e+00,8.347862958908081055e-02,5.537976585328578671e-02,3.240196779370307922e-02,4.758422933518886844e-02,2.324590968783013523e-05,2.324590968783013523e-05
2.745520114898681641e+00,3.995514345169067560e+00,2.745543241500854492e+00,3.995537567138671697e+00,8.129857182502746582e-01,8.235057473182678667e-01,9.495086669921875000e-01,9.554313242435454878e-01,9.122976660728454590e-01,2.133961290121078491e+00,4.462264105677604675e-02,5.534684099256992340e-02,2.610534802079200745e-02,2.726904526352882246e-02,2.324482920812442899e-05,2.324482920812442899e-05
2.774256944656372070e+00,3.732873821258544833e+00,2.774280071258544922e+00,3.732897043228149414e+00,8.422952294349670410e-01,8.485240101814269797e-01,9.342092871665954590e-01,9.566419720649719238e-01,8.945124745368957520e-01,1.827012801170349032e+00,4.788336902856826782e-02,5.542892999947070937e-02,5.535662546753883362e-02,4.526617079973220548e-02,2.324437627976294607e-05,2.324437627976294607e-05
2.863152265548706055e+00,3.227339839935302823e+00,2.863175392150878906e+00,3.227362990379333496e+00,8.721035718917846680e-01,8.606919229030609575e-01,9.633328318595886230e-01,9.605163276195526345e-01,8.953034877777099609e-01,1.268216824531555265e+00,4.893605411052703857e-02,5.540060624480247498e-02,8.347640931606292725e-02,8.251417130231857022e-02,2.324323759239632636e-05,2.324323759239632636e-05
2.743974924087524414e+00,3.429860830307006836e+00,2.743998050689697266e+00,3.429884028434753596e+00,7.704582810401916504e-01,8.476484298706055132e-01,9.598563909530639648e-01,9.589261531829833540e-01,8.897351622581481934e-01,1.510827475786209018e+00,7.086932659149169922e-02,5.537427924573421617e-02,5.305557698011398315e-02,5.708442814648151398e-02,2.324281740584410727e-05,2.324281740584410727e-05
2.749607801437377930e+00,3.215466260910034180e+00,2.749630928039550781e+00,3.215489411354064853e+00,7.832846641540527344e-01,8.159824073314666526e-01,9.525506496429443359e-01,9.553367435932159646e-01,9.305086135864257812e-01,1.354567539691925004e+00,4.965855926275253296e-02,5.532196499407291551e-02,3.360522910952568054e-02,3.425758220255374631e-02,2.324228262295946479e-05,2.324228262295946479e-05
2.782835006713867188e+00,3.207857918739319025e+00,2.782858133316040039e+00,3.207881069183349698e+00,8.515813350677490234e-01,8.278957128524779829e-01,9.635282754898071289e-01,9.566097795963287576e-01,8.917507529258728027e-01,1.338331776857376143e+00,4.491059482097625732e-02,5.530515052378177920e-02,3.106396086513996124e-02,2.971553988754749298e-02,2.324134766240604222e-05,2.324134766240604222e-05
2.806168317794799805e+00,3.236970114707946600e+00,2.806191444396972656e+00,3.236993265151977717e+00,8.491299748420715332e-01,8.331073224544525146e-01,9.776807427406311035e-01,9.566804409027099831e-01,8.907577395439147949e-01,1.364143425226211459e+00,6.129166111350059509e-02,5.525031983852386752e-02,2.730823121964931488e-02,2.778854593634605408e-02,2.324083834537304938e-05,2.324083834537304938e-05
2.866736412048339844e+00,3.451426196098327459e+00,2.866759538650512695e+00,3.451449394226074219e+00,8.714608550071716309e-01,8.292453289031982422e-01,9.768610596656799316e-01,9.570633053779602495e-01,9.370003938674926758e-01,1.580706107616424605e+00,5.265820398926734924e-02,5.519791468977928300e-02,2.875584736466407776e-02,2.921350821852684160e-02,2.323994340258650482e-05,2.323994340258650482e-05
2.734941244125366211e+00,3.436397194862365723e+00,2.734964370727539062e+00,3.436420369148254217e+00,7.879933118820190430e-01,8.217843115329742654e-01,9.598743915557861328e-01,9.580058038234711137e-01,8.929616212844848633e-01,1.573384094238281294e+00,6.543302536010742188e-02,5.540819615125656267e-02,2.867887727916240692e-02,2.781480774283408980e-02,2.323611988686025143e-05,2.323611988686025143e-05
2.739015102386474609e+00,3.110393691062927068e+00,2.739038228988647461e+00,3.110416841506958185e+00,8.175600767135620117e-01,8.104909241199493852e-01,9.633485674858093262e-01,9.587205231189728227e-01,8.915945887565612793e-01,1.257501035928726196e+00,3.997806832194328308e-02,5.535242408514022550e-02,2.653379924595355988e-02,2.832876704633235931e-02,2.323510852875187993e-05,2.323510852875187993e-05
2.769926548004150391e+00,3.267103886604309171e+00,2.769949674606323242e+00,3.267127037048339844e+00,8.398960828781127930e-01,8.251749098300933394e-01,9.678876399993896484e-01,9.618368387222290261e-01,8.898032307624816895e-01,1.393272060155868575e+00,4.640331864356994629e-02,5.494254678487777571e-02,2.593615092337131500e-02,3.187750987708568712e-02,2.323722947039641440e-05,2.323722947039641440e-05
3.039893150329589844e+00,3.377476572990417480e+00,3.039916276931762695e+00,3.377499723434448153e+00,9.069412350654602051e-01,8.832162380218505637e-01,9.339391589164733887e-01,9.525043845176697221e-01,1.009253025054931641e+00,1.387082290649414018e+00,6.095464155077934265e-02,5.479918196797371049e-02,1.288051456212997437e-01,9.987453892827033441e-02,2.323817898286506534e-05,2.323817898286506534e-05
4.471813678741455078e+00,5.694056677818298162e+00,4.471837043762207031e+00,5.694079804420471014e+00,1.628236055374145508e+00,1.218133234977722079e+00,9.114069938659667969e-01,9.504275143146514448e-01,8.967786431312561035e-01,2.998547208309173762e+00,5.173750594258308411e-02,5.460798405110835890e-02,9.836544990539550781e-01,4.723406583070755005e-01,2.323862099729012698e-05,2.323862099729012698e-05
2.836890935897827148e+00,3.006387138366699130e+00,2.836914062500000000e+00,3.006410264968871981e+00,8.447479009628295898e-01,8.577722251415252908e-01,9.641258120536804199e-01,9.600835919380188432e-01,8.918930888175964355e-01,1.060360550880432129e+00,5.037288740277290344e-02,5.488058291375637332e-02,8.575138449668884277e-02,7.329018414020538330e-02,2.323799890291411430e-05,2.323799890291411430e-05
2.726977586746215820e+00,4.707810473442077814e+00,2.727000713348388672e+00,4.707833600044250666e+00,7.874301075935363770e-01,8.280008554458617720e-01,9.579255580902099609e-01,9.549223184585571289e-01,8.947361707687377930e-01,2.834753632545471191e+00,4.960910603404045105e-02,5.525283068418503085e-02,3.727645054459571838e-02,3.488086350262165070e-02,2.323731678188778460e-05,2.323731678188778460e-05
2.788730382919311523e+00,3.367538022994994940e+00,2.788753509521484375e+00,3.367561173439026057e+00,8.267915844917297363e-01,8.312429428100586160e-01,9.555058479309082031e-01,9.547296285629272017e-01,9.168345332145690918e-01,1.492146515846252353e+00,5.789968371391296387e-02,5.522275678813457628e-02,3.169881924986839294e-02,3.419615216553210935e-02,2.323635089851450175e-05,2.323635089851450175e-05
2.718921899795532227e+00,3.674383139610290616e+00,2.718945026397705078e+00,3.674406266212463468e+00,7.919014096260070801e-01,8.087965488433838113e-01,9.616773724555969238e-01,9.574148178100585493e-01,8.903557658195495605e-01,1.829380798339843794e+00,5.161333084106445312e-02,5.516566894948482513e-02,2.337414585053920746e-02,2.362528610974550317e-02,2.323565422557294369e-05,2.323565422557294369e-05
3.241806983947753906e+00,4.178004527091980336e+00,3.241830110549926758e+00,4.178027749061584473e+00,1.030074357986450195e+00,1.093985199928283691e+00,9.443879127502441406e-01,9.518907070159912109e-01,8.991307616233825684e-01,1.741374129056930453e+00,5.782144144177436829e-02,5.514582656323909621e-02,3.103922605514526367e-01,3.356086373329162376e-01,2.323520857316907495e-05,2.323520857316907495e-05
3.889826536178588867e+00,4.724797201156616389e+00,3.889849662780761719e+00,4.724820566177368342e+00,1.373674869537353516e+00,1.628380179405212402e+00,9.767284393310546875e-01,9.790363848209381326e-01,8.918406963348388672e-01,1.248838508129119784e+00,4.367725551128387451e-02,5.508656874299049100e-02,6.039052009582519531e-01,8.134556531906127486e-01,2.323420267202891409e-05,2.323420267202891409e-05
2.832506656646728516e+00,3.129232859611511319e+00,2.832529783248901367e+00,3.129256010055541992e+00,8.406058549880981445e-01,8.697552144527435081e-01,9.303980469703674316e-01,9.530806660652160200e-01,8.906446695327758789e-01,1.159459626674652188e+00,5.269778519868850708e-02,5.527450479567051073e-02,1.181599199771881104e-01,9.166281446814536493e-02,2.323380795132834464e-05,2.323380795132834464e-05
2.721089839935302734e+00,4.048810958862304688e+00,2.721112966537475586e+00,4.048834109306335804e+00,7.943734526634216309e-01,8.243717789649963601e-01,9.590402245521545410e-01,9.550025403499603494e-01,8.992857336997985840e-01,2.176277893781661810e+00,3.703038021922111511e-02,5.523931458592414717e-02,3.136000409722328186e-02,3.791937716305256167e-02,2.323290391359478235e-05,2.323290391359478235e-05
2.796752691268920898e+00,5.054893255233764648e+00,2.796775817871093750e+00,5.054916381835937500e+00,8.281366825103759766e-01,8.187082886695862260e-01,9.668386578559875488e-01,9.561257898807525857e-01,9.045073390007019043e-01,3.197841608524322421e+00,6.848497688770294189e-02,5.524174980819225589e-02,2.878505736589431763e-02,2.697577401995658944e-02,2.323268927284516394e-05,2.323268927284516394e-05
2.761479854583740234e+00,5.539996051788330433e+00,2.761502981185913086e+00,5.540019202232360662e+00,8.375003337860107422e-01,8.361090838909148726e-01,9.624201059341430664e-01,9.546971738338470015e-01,8.883739113807678223e-01,3.670549839735031128e+00,4.141887649893760681e-02,5.516774952411651611e-02,3.176667913794517517e-02,2.347214706242084503e-02,2.323213993804529309e-05,2.323213993804529309e-05
2.784723043441772461e+00,3.333035206794738858e+00,2.784746170043945312e+00,3.333058357238769531e+00,8.472251296043395996e-01,8.699664950370789018e-01,9.610123634338378906e-01,9.585110187530517800e-01,8.947432637214660645e-01,1.398964059352874711e+00,4.826490953564643860e-02,5.532589666545391360e-02,3.347733616828918457e-02,5.026770383119583130e-02,2.323038643226027489e-05,2.323038643226027489e-05
2.693664073944091797e+00,7.566114258766174494e+00,2.693687200546264648e+00,7.566137337684631703e+00,7.859787344932556152e-01,8.134549975395202193e-01,9.470939636230468750e-01,9.554375588893890825e-01,8.927501440048217773e-01,5.720879185199737371e+00,5.196749418973922729e-02,5.506462529301643649e-02,1.587371341884136200e-02,2.127783615142107149e-02,2.322941872989758849e-05,2.322941872989758849e-05
2.873641729354858398e+00,3.056787657737731756e+00,2.873664855957031250e+00,3.056810784339904608e+00,8.950957655906677246e-01,8.894155263900757058e-01,9.580220580101013184e-01,9.616270303726196511e-01,9.001189470291137695e-01,1.061080205440521285e+00,4.883471503853797913e-02,5.488173328340053420e-02,7.157009840011596680e-02,8.978309109807014465e-02,2.322852378711104393e-05,2.322852378711104393e-05
2.824554204940795898e+00,3.101409006118774236e+00,2.824577331542968750e+00,3.101432132720947088e+00,8.270433545112609863e-01,8.855274081230163352e-01,9.492008686065673828e-01,9.552654206752777544e-01,8.994296193122863770e-01,1.119313251972198442e+00,5.472390353679656982e-02,5.491153821349144259e-02,9.415642172098159790e-02,8.639140427112579346e-02,2.322812724742107093e-05,2.322812724742107093e-05
2.988135337829589844e+00,3.046195578575134455e+00,2.988158464431762695e+00,3.046218705177307307e+00,9.532232284545898438e-01,9.099889457225799339e-01,9.356256723403930664e-01,9.526054859161376953e-01,9.012152552604675293e-01,1.031634950637817294e+00,5.821816250681877136e-02,5.491419844329357286e-02,1.398530304431915283e-01,9.705196619033813754e-02,2.322739601368084550e-05,2.322739601368084550e-05
3.078950166702270508e+00,4.971082448959350586e+00,3.078973293304443359e+00,4.971105551719665172e+00,1.034770607948303223e+00,9.331044614315032737e-01,9.548866152763366699e-01,9.565900981426238570e-01,9.001823067665100098e-01,2.932647633552551092e+00,5.150846019387245178e-02,5.504627265036106387e-02,1.376022994518280029e-01,9.369408935308456976e-02,2.322675391042139381e-05,2.322675391042139381e-05
2.974218130111694336e+00,3.816356229782104315e+00,2.974241256713867188e+00,3.816379427909851074e+00,9.424430727958679199e-01,1.002878153324127108e+00,9.726333618164062500e-01,9.592723846435546875e-01,8.918346166610717773e-01,1.653703421354293823e+00,6.046899035573005676e-02,5.461046174168586453e-02,1.068382561206817627e-01,1.458918809890747126e-01,2.322686668776441365e-05,2.322686668776441365e-05
4.198863983154296875e+00,3.028473734855651855e+00,4.198887348175048828e+00,3.028496861457824707e+00,9.479877352714538574e-01,8.914683878421783003e-01,9.467997550964355469e-01,9.541405081748962624e-01,2.136552095413208008e+00,1.041932094097137496e+00,5.967025086283683777e-02,5.466011203825473647e-02,1.078539490699768066e-01,8.627267479896545688e-02,2.322630462003871799e-05,2.322630462003871799e-05
2.819864988327026367e+00,3.071260571479797363e+00,2.819888114929199219e+00,3.071283721923828036e+00,8.304875493049621582e-01,8.350257992744445357e-01,9.520357251167297363e-01,9.594138205051422341e-01,8.915353417396545410e-01,1.164699041843414218e+00,7.007205486297607422e-02,5.464058369398117065e-02,7.573434710502624512e-02,5.748132318258285245e-02,2.322597720194607973e-05,2.322597720194607973e-05
3.491917610168457031e+00,3.017472982406616211e+00,3.491940736770629883e+00,3.017496132850646884e+00,8.466080427169799805e-01,8.308925330638885498e-01,9.429498910903930664e-01,9.533643186092376487e-01,1.612875461578369141e+00,1.142877072095870972e+00,4.784994199872016907e-02,5.464172922074794769e-02,4.163424298167228699e-02,3.569733463227749148e-02,2.322389809705782682e-05,2.322389809705782682e-05
2.885579586029052734e+00,3.212172603607177823e+00,2.885602712631225586e+00,3.212195754051208496e+00,8.916342258453369141e-01,9.059879124164581521e-01,9.610444903373718262e-01,9.539179027080535445e-01,8.929358720779418945e-01,1.234654045104980558e+00,8.323787152767181396e-02,5.458025634288787842e-02,5.672726035118103027e-02,6.303248256444930753e-02,2.322317595826461911e-05,2.322317595826461911e-05
2.701385498046875000e+00,3.073545527458191096e+00,2.701408624649047852e+00,3.073568654060363947e+00,7.664007544517517090e-01,8.294010877609252486e-01,9.538581371307373047e-01,9.556115865707397461e-01,8.918859958648681641e-01,1.193902492523193359e+00,5.821566656231880188e-02,5.461973920464515547e-02,3.102502226829528809e-02,4.001066200435161868e-02,2.322227010154165328e-05,2.322227010154165328e-05
2.784322261810302734e+00,9.082917022705078836e+00,2.784345388412475586e+00,9.082940125465393422e+00,8.445007205009460449e-01,8.570455849170685036e-01,9.728948473930358887e-01,9.553408086299896018e-01,8.920462727546691895e-01,7.173714023828506647e+00,3.986223414540290833e-02,5.453518331050873080e-02,3.501810133457183838e-02,4.228121787309646606e-02,2.322128784726373851e-05,2.322128784726373851e-05
2.773986101150512695e+00,4.319874906539917347e+00,2.774009227752685547e+00,4.319898033142090199e+00,8.209959268569946289e-01,8.602876842021942583e-01,9.614492654800415039e-01,9.523370623588561790e-01,8.916032314300537109e-01,2.388091564178466797e+00,4.194737598299980164e-02,5.456983037292957583e-02,5.799027904868125916e-02,6.458873972296715060e-02,2.322053842362947762e-05,2.322053842362947762e-05
3.048569202423095703e+00,4.100435924530029475e+00,3.048592329025268555e+00,4.100459122657776234e+00,9.787769913673400879e-01,9.739856481552123801e-01,9.636926054954528809e-01,9.522595882415771928e-01,8.941761851310729980e-01,1.926250022649764970e+00,4.317092895507812500e-02,5.455671884119510373e-02,1.687525510787963867e-01,1.933839455246925410e-01,2.322033287782687694e-05,2.322033287782687694e-05
5.217708587646484375e+00,5.129225111007690074e+00,5.217731952667236328e+00,5.129248428344726385e+00,2.076076269149780273e+00,1.616019511222839267e+00,9.383522868156433105e-01,9.532719254493713379e-01,8.957750797271728516e-01,1.699179005622863725e+00,4.399596899747848511e-02,5.460755154490470886e-02,1.263508915901184082e+00,8.061471581459045410e-01,2.321912324987351894e-05,2.321912324987351894e-05
3.501150846481323242e+00,4.782560181617736994e+00,3.501173973083496094e+00,4.782583379745483754e+00,1.180807352066040039e+00,1.282332074642181352e+00,9.686726927757263184e-01,9.687388956546783003e-01,8.956005573272705078e-01,1.972098976373672485e+00,4.678047448396682739e-02,5.250684358179569244e-02,4.092895686626434326e-01,5.068832665681839433e-01,2.323050830455031246e-05,2.323050830455031246e-05
3.120614290237426758e+00,3.352771782875060946e+00,3.120637416839599609e+00,3.352794933319091619e+00,9.993669390678405762e-01,9.689850151538849099e-01,9.607495665550231934e-01,9.640517592430114524e-01,8.944256305694580078e-01,1.195731085538864091e+00,3.680218383669853210e-02,5.200957842171192308e-02,2.292697727680206299e-01,1.719943553209304921e-01,2.323310036445036530e-05,2.323310036445036530e-05
2.786299705505371094e+00,3.516222834587097168e+00,2.786322832107543945e+00,3.516246008872985662e+00,8.460693955421447754e-01,8.304249167442321333e-01,9.491884112358093262e-01,9.547575950622558816e-01,9.087068438529968262e-01,1.646699118614196822e+00,4.732568934559822083e-02,5.201462581753731051e-02,3.500935435295104980e-02,3.232661001384258548e-02,2.323324224562384188e-05,2.323324224562384188e-05
2.760713577270507812e+00,3.192559385299682528e+00,2.760736703872680664e+00,3.192582535743713201e+00,8.196296095848083496e-01,8.235111653804778609e-01,9.522019028663635254e-01,9.562050461769103782e-01,8.930018544197082520e-01,1.326529258489608676e+00,5.958148092031478882e-02,5.201047621667385240e-02,3.629875183105468750e-02,3.430342376232146939e-02,2.323207081644795835e-05,2.323207081644795835e-05
3.082543373107910156e+00,3.395024323463439853e+00,3.082566499710083008e+00,3.395047473907470525e+00,9.860967993736267090e-01,1.014347481727600142e+00,9.775733947753906250e-01,9.663653016090393288e-01,9.013479948043823242e-01,1.124100124835968106e+00,4.268738627433776855e-02,5.195374190807342668e-02,1.748376339673995972e-01,2.382577106356620900e-01,2.323158696526661515e-05,2.323158696526661515e-05
3.763174295425415039e+00,4.902421140670776722e+00,3.763197422027587891e+00,4.902444505691528676e+00,1.269652962684631348e+00,1.699049103260040328e+00,9.724594354629516602e-01,9.753511309623718040e-01,8.935487270355224609e-01,1.265941941738128573e+00,4.102900996804237366e-02,5.199529789388179779e-02,5.864841341972351074e-01,9.100835740566253218e-01,2.323028820683248341e-05,2.323028820683248341e-05
2.988704919815063477e+00,3.108170890808105380e+00,2.988728046417236328e+00,3.108194017410278231e+00,9.318192601203918457e-01,9.197802424430847612e-01,9.583089351654052734e-01,9.630225479602814165e-01,9.009177684783935547e-01,1.059388720989227206e+00,4.725049436092376709e-02,5.197071172297000607e-02,1.504084318876266479e-01,1.140087053179740934e-01,2.323011722182855010e-05,2.323011722182855010e-05
4.435225486755371094e+00,4.470100307464599965e+00,4.435248851776123047e+00,4.470123672485351918e+00,1.666667222976684570e+00,1.585080373287200972e+00,9.853103756904602051e-01,9.773118913173675093e-01,9.474980235099792480e-01,1.122216218709945590e+00,4.169992730021476746e-02,5.195993445813655576e-02,7.940497994422912598e-01,7.335318446159362349e-01,2.322965156054124236e-05,2.322965156054124236e-05
2.779321908950805664e+00,2.923241400718688876e+00,2.779345035552978516e+00,2.923264527320861728e+00,8.303562998771667480e-01,8.395990908145904985e-01,9.569302201271057129e-01,9.600974261760711892e-01,8.927527666091918945e-01,1.032989555597305209e+00,6.822273880243301392e-02,5.212004706263542037e-02,3.105966746807098389e-02,3.843534253537654599e-02,2.322916770935989916e-05,2.322916770935989916e-05
2.903248786926269531e+00,3.127416133880615234e+00,2.903271913528442383e+00,3.127439260482788086e+00,8.839842081069946289e-01,8.991678595542907937e-01,9.673453569412231445e-01,9.693714678287506104e-01,8.964856266975402832e-01,1.090471386909484863e+00,4.807901382446289062e-02,5.233256854116916795e-02,1.073545664548873901e-01,1.160729028284549769e-01,2.322888212802354246e-05,2.322888212802354246e-05
2.882638454437255859e+00,2.957969117164611639e+00,2.882661581039428711e+00,2.957992243766784490e+00,8.373045325279235840e-01,8.229387342929840310e-01,9.741355180740356445e-01,9.620380640029907449e-01,9.094799757003784180e-01,9.996246397495269775e-01,6.808408349752426147e-02,5.311488360166549683e-02,9.363424777984619141e-02,1.202528409659862491e-01,2.322040745639242232e-05,2.322040745639242232e-05
2.717264890670776367e+00,4.276537156105041149e+00,2.717288017272949219e+00,4.276560306549072266e+00,8.110662102699279785e-01,8.259376108646392378e-01,9.162185788154602051e-01,9.574692428112030473e-01,8.955510258674621582e-01,2.404971295595168979e+00,4.259292408823966980e-02,5.440497025847434998e-02,5.183612182736396790e-02,3.375421389937401095e-02,2.321032297913916409e-05,2.321032297913916409e-05
2.867901325225830078e+00,3.477269458770751775e+00,2.867924451828002930e+00,3.477292633056640714e+00,9.225959777832031250e-01,8.277146995067596880e-01,9.457824826240539551e-01,9.566304504871367964e-01,8.921676278114318848e-01,1.585738718509674072e+00,3.672899678349494934e-02,5.456864163279533109e-02,7.062627375125885010e-02,5.261703506112098971e-02,2.320966814295388758e-05,2.320966814295388758e-05
2.946874141693115234e+00,3.177251839637756259e+00,2.946897268295288086e+00,3.177274966239929110e+00,9.183196425437927246e-01,9.267472326755523682e-01,9.656493663787841797e-01,9.574429094791412354e-01,8.929854631423950195e-01,1.095575678348541304e+00,6.764768809080123901e-02,5.471339598298072954e-02,1.022718027234077454e-01,1.427726209163665827e-01,2.320868588867597282e-05,2.320868588867597282e-05
4.984630107879638672e+00,1.061019859313964808e+01,4.984653472900390625e+00,1.061022148132324183e+01,1.850436925888061523e+00,4.519080162048339844e+00,9.827494621276855469e-01,1.010345208644866988e+00,8.927520513534545898e-01,1.092513519525527999e+00,7.903488725423812866e-02,5.373504012823104858e-02,1.179656863212585449e+00,3.934524774551391602e+00,2.320935527677647769e-05,2.320935527677647769e-05
3.901424169540405273e+00,5.256809520721435369e+00,3.901447296142578125e+00,5.256832838058471680e+00,1.428270816802978516e+00,1.602294445037841797e+00,9.515754580497741699e-01,9.546574115753173606e-01,9.106427431106567383e-01,2.008280497789383112e+00,6.974980235099792480e-02,5.356711596250533780e-02,5.411852002143859863e-01,6.380099654197692871e-01,2.321582360309548676e-05,2.321582360309548676e-05
2.909936666488647461e+00,3.368965625762939453e+00,2.909959793090820312e+00,3.368988776206970126e+00,8.863751292228698730e-01,1.011728036403656050e+00,9.747976064682006836e-01,9.671543240547180176e-01,8.949043750762939453e-01,1.149172168970107988e+00,5.279377847909927368e-02,5.350568741559982161e-02,1.010658517479896545e-01,1.874053090810775812e-01,2.321495412616059184e-05,2.321495412616059184e-05
2.769824028015136719e+00,3.025243401527404785e+00,2.769847154617309570e+00,3.025266528129577637e+00,8.304944634437561035e-01,8.670157730579376443e-01,9.494065642356872559e-01,9.546534597873688188e-01,8.940716385841369629e-01,1.100960212945938155e+00,5.121818184852600098e-02,5.358040258288383761e-02,4.463309049606323242e-02,4.903357662260532379e-02,2.321465581189841032e-05,2.321465581189841032e-05
3.496204137802124023e+00,4.094375038146973012e+00,3.496227264404296875e+00,4.094398283958435414e+00,1.147583723068237305e+00,1.406727790832519531e+00,9.743301868438720703e-01,9.710513353347778320e-01,9.509667158126831055e-01,1.056637251377105624e+00,7.148510962724685669e-02,5.355977229773998399e-02,3.518384397029876709e-01,6.063989162445068137e-01,2.321431020391173661e-05,2.321431020391173661e-05
6.745077133178710938e+00,7.907935285568237660e+00,6.745100498199462891e+00,7.907958507537841797e+00,2.794208526611328125e+00,3.339016938209533603e+00,9.547923207283020020e-01,9.596237897872924583e-01,8.981091380119323730e-01,1.040589326620101840e+00,7.308084517717361450e-02,5.398190245032310347e-02,2.024886369705200195e+00,2.514723110198974432e+00,2.321400461369194090e-05,2.321400461369194090e-05
3.097167491912841797e+00,3.229942202568054199e+00,3.097190618515014648e+00,3.229965329170227051e+00,1.036767840385437012e+00,1.040044486522674561e+00,9.701843857765197754e-01,9.596795856952666792e-01,8.968806266784667969e-01,1.001179826259612993e+00,5.098270997405052185e-02,5.445899814367294312e-02,1.423517465591430664e-01,1.745792999863624573e-01,2.321473948541097343e-05,2.321473948541097343e-05
1.170513343811035156e+01,1.067755498886108434e+01,1.170515632629394531e+01,1.067757787704467809e+01,5.158012390136718750e+00,4.645015335083007457e+00,9.860170483589172363e-01,1.010331058502197177e+00,8.982455134391784668e-01,9.379381000995635764e-01,7.229119539260864258e-02,5.528454408049583713e-02,4.590567111968994141e+00,4.028985953330993297e+00,2.321312786079943180e-05,2.321312786079943180e-05
7.037302017211914062e+00,9.295085048675536754e+00,7.037325382232666016e+00,9.295107936859130504e+00,3.609291791915893555e+00,4.979550457000732067e+00,9.955215454101562500e-01,9.917635202407837358e-01,8.952558040618896484e-01,1.042257100343704224e+00,4.456301406025886536e-02,5.592541322112083713e-02,1.492669463157653809e+00,2.225588607788085760e+00,2.321413921890780330e-05,2.321413921890780330e-05
1.060933532714843750e+02,7.116068496704102131e+01,1.060933761596679688e+02,7.116070785522461506e+01,4.477173995971679688e+01,3.011992111206054545e+01,1.087736010551452637e+00,1.242337608337402255e+00,9.431621432304382324e-01,2.526254630088806241e+00,8.868727087974548340e-02,6.224284879863262177e-02,5.920203018188476562e+01,3.720992965698242472e+01,2.321965803275816143e-05,2.321965803275816143e-05
7.136569499969482422e+00,8.146277618408202414e+00,7.136592864990234375e+00,8.146300840377808328e+00,3.352979421615600586e+00,3.350269746780395685e+00,1.070337772369384766e+00,1.023484933376312300e+00,8.947756290435791016e-01,1.985350787639617920e+00,5.675885081291198730e-02,6.154481731355190138e-02,1.761718153953552246e+00,1.725627267360687167e+00,2.322973159607499838e-05,2.322973159607499838e-05
4.509373188018798828e+00,5.234381866455078303e+00,4.509396553039550781e+00,5.234405231475830256e+00,1.641805410385131836e+00,1.842748618125915616e+00,9.863964319229125977e-01,9.850779831409454124e-01,8.996939659118652344e-01,1.371376603841781616e+00,6.932700425386428833e-02,6.159138567745685300e-02,9.121502637863159180e-01,9.735872685909271462e-01,2.323056833120062947e-05,2.323056833120062947e-05
3.121976375579833984e+00,3.213008761405944824e+00,3.121999502182006836e+00,3.213031888008117676e+00,9.543657302856445312e-01,9.851377665996551292e-01,9.579285979270935059e-01,9.605305373668671098e-01,8.958605527877807617e-01,9.522073626518249290e-01,5.225942656397819519e-02,6.158066764473914961e-02,2.615619301795959473e-01,2.535524249076843151e-01,2.322988802916370332e-05,2.322988802916370332e-05
2.909221649169921875e+00,3.688547039031982333e+00,2.909244775772094727e+00,3.688570141792297363e+00,8.611854314804077148e-01,8.731191456317901611e-01,9.631903767585754395e-01,9.617374539375305176e-01,9.100276827812194824e-01,1.678666359186172574e+00,6.769538670778274536e-02,6.153062470257282535e-02,1.071225926280021667e-01,1.134934976696968106e-01,2.322940054000355303e-05,2.322940054000355303e-05
8.372934341430664062e+00,8.583792638778685813e+00,8.372957229614257812e+00,8.583815622329712625e+00,3.698831081390380859e+00,3.575650715827941806e+00,1.024526238441467285e+00,9.955469727516174094e-01,8.960010409355163574e-01,1.305024403333663985e+00,4.603068158030509949e-02,6.147846654057502469e-02,2.707545280456542969e+00,2.646092009544372736e+00,2.322929140063934028e-05,2.322929140063934028e-05
3.602164506912231445e+00,3.698376107215881170e+00,3.602187633514404297e+00,3.698399233818054022e+00,1.265706658363342285e+00,1.251422953605651811e+00,9.555291533470153809e-01,9.543958127498626265e-01,9.077144265174865723e-01,9.954490065574645996e-01,7.516834884881973267e-02,6.165024749934673587e-02,3.980459570884704590e-01,4.354580402374267356e-01,2.322833825019188225e-05,2.322833825019188225e-05
5.219944953918457031e+00,7.281680727005005238e+00,5.219968318939208984e+00,7.281704044342040660e+00,2.119651556015014648e+00,2.884116411209106445e+00,9.748933315277099609e-01,9.593555152416228804e-01,9.165255427360534668e-01,1.523962157964706465e+00,5.439860746264457703e-02,6.180362775921821594e-02,1.154476046562194824e+00,1.852443122863769442e+00,2.322741238458547741e-05,2.322741238458547741e-05
3.067125320434570312e+00,3.529637408256530939e+00,3.067148447036743164e+00,3.529660582542419434e+00,9.462823867797851562e-01,1.025738918781280429e+00,9.820744991302490234e-01,9.654900670051574929e-01,9.107987880706787109e-01,1.173367136716842563e+00,5.345438793301582336e-02,6.191183179616928378e-02,1.745151430368423462e-01,3.031294494867324829e-01,2.322640102647710592e-05,2.322640102647710592e-05
3.103709459304809570e+00,3.237777614593505771e+00,3.103732585906982422e+00,3.237800788879394709e+00,9.272401332855224609e-01,9.100330591201781782e-01,9.736440777778625488e-01,9.602051496505736861e-01,1.032923340797424316e+00,1.190009373426437422e+00,6.438053399324417114e-02,6.189002953469753543e-02,1.055215224623680115e-01,1.156399935483932440e-01,2.322578438906930387e-05,2.322578438906930387e-05
3.288275480270385742e+00,3.034313297271728604e+00,3.288298606872558594e+00,3.034336423873901456e+00,8.936677575111389160e-01,8.522658526897430864e-01,9.573269486427307129e-01,9.555670678615569846e-01,1.303027749061584473e+00,1.094516950845718428e+00,5.405749380588531494e-02,6.190219484269619127e-02,8.019545674324035645e-02,7.006122618913650235e-02,2.322566069778986275e-05,2.322566069778986275e-05
2.795803785324096680e+00,3.375486898422241033e+00,2.795826911926269531e+00,3.375510048866272150e+00,8.199176192283630371e-01,8.295306980609893355e-01,9.708887338638305664e-01,9.595299541950226274e-01,8.946040272712707520e-01,1.463832336664199874e+00,5.288146436214447021e-02,6.185418665409088412e-02,5.751212313771247864e-02,6.073977351188659946e-02,2.322504406038206071e-05,2.322504406038206071e-05
5.065446853637695312e+00,5.662928056716919123e+00,5.065470218658447266e+00,5.662951421737671076e+00,1.801749587059020996e+00,1.927216362953185991e+00,9.793754816055297852e-01,9.768111646175384744e-01,9.531654119491577148e-01,1.341755020618438765e+00,7.439544051885604858e-02,6.192747540771961073e-02,1.256760597229003906e+00,1.355218017101287753e+00,2.322437649127095938e-05,2.322437649127095938e-05
2.991161584854125977e+00,4.895443248748779119e+00,2.991184711456298828e+00,4.895466375350951971e+00,9.084839224815368652e-01,8.693814098834991011e-01,9.396923184394836426e-01,9.559029459953307661e-01,9.114803075790405273e-01,2.881041568517685114e+00,5.077167600393295288e-02,6.203318797051906447e-02,1.807333678007125854e-01,1.270842760801315363e-01,2.322268483112566173e-05,2.322268483112566173e-05
3.151926040649414062e+00,3.325044751167297363e+00,3.151949167251586914e+00,3.325067901611328036e+00,9.549285173416137695e-01,1.010210025310516402e+00,9.485340714454650879e-01,9.520898342132568803e-01,9.643747210502624512e-01,1.083699995279312045e+00,8.398110419511795044e-02,6.207836531102657596e-02,2.001075893640518188e-01,2.169665545225143433e-01,2.322202999494038522e-05,2.322202999494038522e-05
2.879668474197387695e+00,3.198206686973571689e+00,2.879691600799560547e+00,3.198229813575744540e+00,8.869720101356506348e-01,8.523837387561797874e-01,9.802448749542236328e-01,9.571928024291992410e-01,8.965293765068054199e-01,1.265656769275665283e+00,5.010491237044334412e-02,6.200711615383625031e-02,6.581733375787734985e-02,6.096633486449718614e-02,2.322089676454197615e-05,2.322089676454197615e-05
2.770009517669677734e+00,2.983246970176696600e+00,2.770032644271850586e+00,2.983270096778869451e+00,7.910442948341369629e-01,8.548848569393158181e-01,9.493389725685119629e-01,9.578910291194915327e-01,8.953300118446350098e-01,1.028788697719573930e+00,6.298987567424774170e-02,6.203140057623386661e-02,7.130610942840576172e-02,7.965100407600403387e-02,2.321992906217928976e-05,2.321992906217928976e-05
3.936183214187622070e+00,5.170896339416503729e+00,3.936206340789794922e+00,5.170919704437255682e+00,1.390576124191284180e+00,1.922552502155304044e+00,9.625641107559204102e-01,9.622267246246337669e-01,8.937910795211791992e-01,1.044186079502105624e+00,5.373498424887657166e-02,6.004053056240081510e-02,6.355166435241699219e-01,1.181890583038330167e+00,2.322162436030339450e-05,2.322162436030339450e-05
4.496677875518798828e+00,4.021419787406921742e+00,4.496701240539550781e+00,4.021442985534667613e+00,1.709232449531555176e+00,1.339242172241210893e+00,9.226836562156677246e-01,9.568524181842803511e-01,8.978689312934875488e-01,1.144634819030761808e+00,5.180597677826881409e-02,5.920505598187446317e-02,9.150871038436889648e-01,5.214853197336196677e-01,2.322840009583160281e-05,2.322840009583160281e-05
5.534343242645263672e+00,4.618202257156371893e+00,5.534366607666015625e+00,4.618225622177123846e+00,2.174007892608642578e+00,1.638884115219116255e+00,9.534015059471130371e-01,9.756027281284331831e-01,8.979800939559936523e-01,9.988100111484528032e-01,5.991769954562187195e-02,5.894027389585972110e-02,1.449035644531250000e+00,9.459651768207549827e-01,2.323162516404408962e-05,2.323162516404408962e-05
2.104784011840820312e+01,1.347018594741821218e+01,2.104786300659179688e+01,1.347020883560180593e+01,9.114593505859375000e+00,5.328399705886840643e+00,1.143602609634399414e+00,1.038869476318359464e+00,9.080009460449218750e-01,1.712080055475234897e+00,4.779617115855216980e-02,5.900074094533920566e-02,9.833846092224121094e+00,5.331836175918579279e+00,2.323427179362624884e-05,2.323427179362624884e-05
2.133370208740234375e+01,1.328777465820312464e+01,2.133372497558593750e+01,1.328779754638671839e+01,9.548969268798828125e+00,4.992991590499878285e+00,9.494007229804992676e-01,9.797440648078918901e-01,8.953939676284790039e-01,2.552011668682098389e+00,6.255158782005310059e-02,6.048063710331916948e-02,9.877385139465332031e+00,4.702546548843383967e+00,2.323398075532168150e-05,2.323398075532168150e-05
1.090479087829589844e+01,1.415159530639648366e+01,1.090481376647949219e+01,1.415161819458007741e+01,4.676237106323242188e+00,6.176720571517944514e+00,9.948946237564086914e-01,1.045194792747497603e+00,8.961460590362548828e-01,1.002129471302032560e+00,5.930050089955329895e-02,6.186759173870086392e-02,4.278213024139404297e+00,5.865682888031005682e+00,2.323344233445823193e-05,2.323344233445823193e-05
4.661498546600341797e+00,4.769916009902954279e+00,4.661521911621093750e+00,4.769939374923706232e+00,1.707488059997558594e+00,1.584959042072296098e+00,9.527009725570678711e-01,9.577916026115417258e-01,8.950185179710388184e-01,1.263409787416458041e+00,6.508082896471023560e-02,6.295675300061702451e-02,1.041209816932678223e+00,9.007988631725311057e-01,2.323349872312974185e-05,2.323349872312974185e-05
5.939764499664306641e+00,6.054591703414916815e+00,5.939787864685058594e+00,6.054615068435668768e+00,2.201199054718017578e+00,2.226979184150695623e+00,1.014979243278503418e+00,9.909310162067412886e-01,9.025193452835083008e-01,1.020487862825393721e+00,7.011248916387557983e-02,6.328414119780063907e-02,1.750954270362854004e+00,1.752909600734710693e+00,2.323335866094566882e-05,2.323335866094566882e-05
2.044677734375000000e+01,2.956516895294189595e+01,2.044680023193359375e+01,2.956519184112548970e+01,9.230382919311523438e+00,1.347604904174804652e+01,1.018190503120422363e+00,1.033624160289764449e+00,8.951686620712280273e-01,1.079799580574035689e+00,5.965513736009597778e-02,6.392248459160328189e-02,9.243379592895507812e+00,1.391177415847778320e+01,2.323430817341431975e-05,2.323430817341431975e-05
7.677083015441894531e+00,1.038507843017578125e+01,7.677106380462646484e+00,1.038510150909423757e+01,3.012679100036621094e+00,3.139608955383300870e+00,1.006351828575134277e+00,9.988996207714080366e-01,9.021354317665100098e-01,3.354780650138855069e+00,6.583674252033233643e-02,6.504408046603202265e-02,2.690079450607299805e+00,2.826745080947875799e+00,2.323479384358506650e-05,2.323479384358506650e-05
3.154385805130004883e+00,5.688746786117553356e+00,3.154408931732177734e+00,5.688769936561584473e+00,9.564750790596008301e-01,9.664758443832397461e-01,9.431862831115722656e-01,9.642110645771027055e-01,8.957629799842834473e-01,3.469878995418548495e+00,8.601818233728408813e-02,6.580163016915321905e-02,2.729435265064239502e-01,2.223792865872383229e-01,2.323537773918360472e-05,2.323537773918360472e-05
2.946209430694580078e+00,3.935008573532104315e+00,2.946232557296752930e+00,3.935031676292419345e+00,8.866584897041320801e-01,8.998353779315948486e-01,9.785755276679992676e-01,9.613350689411163108e-01,8.989298939704895020e-01,1.859659659862518355e+00,5.699138715863227844e-02,6.587870195508002680e-02,1.250540018081665039e-01,1.482997357845306508e-01,2.323505759704858065e-05,2.323505759704858065e-05
2.917961597442626953e+00,3.509062600135803400e+00,2.917984724044799805e+00,3.509085774421691895e+00,8.676338791847229004e-01,8.743796527385712114e-01,9.639738202095031738e-01,9.609829306602477583e-01,9.015938639640808105e-01,1.481618064641952559e+00,5.161991715431213379e-02,6.586670875549316406e-02,1.331401914358139038e-01,1.262152642011642456e-01,2.323510670976247638e-05,2.323510670976247638e-05
2.889913320541381836e+00,4.913340210914611816e+00,2.889936447143554688e+00,4.913363361358642933e+00,8.448977470397949219e-01,8.419539213180542436e-01,9.585111141204833984e-01,9.588201820850372759e-01,9.138445258140563965e-01,2.954571020603180109e+00,8.845473080873489380e-02,6.556776016950607855e-02,8.420504629611968994e-02,9.242736473679542819e-02,2.323475200682878494e-05,2.323475200682878494e-05
2.886454105377197266e+00,2.987522864341735751e+00,2.886477231979370117e+00,2.987545990943908603e+00,8.148649334907531738e-01,8.218952178955077903e-01,9.606262445449829102e-01,9.585195004940032515e-01,9.658837914466857910e-01,1.083626967668533281e+00,8.590804040431976318e-02,6.485814303159713468e-02,5.917129293084144592e-02,5.862304866313934604e-02,2.323715489183086902e-05,2.323715489183086902e-05
2.791361331939697266e+00,3.097933721542358576e+00,2.791384458541870117e+00,3.097956871986389249e+00,8.445947766304016113e-01,8.282322525978088601e-01,9.541260600090026855e-01,9.563235700130462424e-01,8.956500887870788574e-01,1.194215542078018277e+00,5.073275789618492126e-02,6.473491750657558996e-02,4.625746235251426697e-02,5.442743934690952301e-02,2.323678927496075630e-05,2.323678927496075630e-05
2.867630243301391602e+00,3.027388429641723722e+00,2.867653369903564453e+00,3.027411556243896573e+00,8.636695146560668945e-01,8.479641079902648926e-01,9.651522040367126465e-01,9.586511433124542680e-01,8.968653678894042969e-01,1.091561412811279386e+00,6.701694428920745850e-02,6.468995958566665927e-02,7.492648065090179443e-02,6.452180221676825922e-02,2.323566150153055787e-05,2.323566150153055787e-05
2.803576707839965820e+00,3.188706541061401278e+00,2.803599834442138672e+00,3.188729691505431951e+00,8.302277922630310059e-01,8.301840066909790261e-01,9.511890411376953125e-01,9.572817623615265115e-01,9.010471701622009277e-01,1.286845058202743530e+00,7.310555130243301392e-02,6.461744904518126886e-02,4.800689965486526489e-02,4.977827593684196195e-02,2.323483568034134805e-05,2.323483568034134805e-05
2.850861072540283203e+00,5.377532148361206410e+00,2.850884199142456055e+00,5.377555274963379262e+00,8.538979887962341309e-01,8.170903980731963889e-01,9.528148174285888672e-01,9.575556695461273637e-01,8.986306786537170410e-01,3.488341724872589200e+00,7.880870997905731201e-02,6.458206586539745608e-02,6.670881807804107666e-02,4.996238015592098514e-02,2.323384796909522265e-05,2.323384796909522265e-05
2.725162506103515625e+00,4.686353874206543146e+00,2.725185632705688477e+00,4.686377000808715998e+00,7.680905461311340332e-01,8.167763411998748557e-01,9.496688842773437500e-01,9.620519578456878662e-01,8.993850350379943848e-01,2.793664860725402654e+00,5.763705447316169739e-02,6.456872336566447934e-02,5.038109794259071350e-02,4.929203391075134139e-02,2.323269291082397103e-05,2.323269291082397103e-05
2.765278100967407227e+00,3.349781060218810946e+00,2.765301227569580078e+00,3.349804210662841619e+00,7.862716317176818848e-01,8.266768991947174294e-01,9.769806861877441406e-01,9.568590104579925981e-01,8.993572592735290527e-01,1.454721766710281416e+00,5.574762076139450073e-02,6.450656168162823001e-02,4.692103713750839233e-02,4.701680056750774661e-02,2.323176340723875910e-05,2.323176340723875910e-05
2.783234357833862305e+00,3.115317320823669522e+00,2.783257484436035156e+00,3.115340471267700195e+00,8.036713600158691406e-01,8.251344442367554155e-01,9.448313713073730469e-01,9.577267944812775102e-01,9.052345156669616699e-01,1.214854460954666093e+00,6.203159689903259277e-02,6.447639875113964081e-02,6.746564805507659912e-02,5.312521122395992557e-02,2.323112130397930741e-05,2.323112130397930741e-05
2.655462980270385742e+00,3.083221149444580256e+00,2.655486106872558594e+00,3.083244299888610929e+00,7.384343743324279785e-01,8.210521578788757546e-01,9.225979447364807129e-01,9.566353201866150124e-01,8.996628522872924805e-01,1.194296658039093018e+00,5.138885602355003357e-02,6.448754929006099423e-02,4.337902739644050598e-02,4.674950800836086273e-02,2.323116132174618542e-05,2.323116132174618542e-05
2.772425651550292969e+00,3.341776943206787198e+00,2.772448778152465820e+00,3.341800093650817871e+00,8.285929560661315918e-01,8.239758372306823508e-01,9.473568201065063477e-01,9.567528009414673074e-01,8.990410566329956055e-01,1.451348567008972079e+00,5.461525917053222656e-02,6.441261544823646823e-02,4.281979054212570190e-02,4.528716392815113068e-02,2.323003900528419763e-05,2.323003900528419763e-05
2.748729705810546875e+00,2.844243788719177157e+00,2.748752832412719727e+00,2.844266915321350009e+00,7.976784706115722656e-01,8.162006080150604470e-01,9.361305832862854004e-01,9.584227323532104048e-01,9.001064300537109375e-01,9.606674015522003174e-01,7.572353631258010864e-02,6.440284326672554571e-02,3.909073024988174438e-02,4.455018825829028944e-02,2.322912223462481052e-05,2.322912223462481052e-05
2.793652534484863281e+00,2.972035932540893377e+00,2.793675661087036133e+00,2.972059059143066229e+00,8.295838832855224609e-01,8.311758756637572798e-01,9.684123992919921875e-01,9.569012343883513960e-01,8.997478485107421875e-01,1.071329683065414429e+00,5.468597635626792908e-02,6.434929445385932645e-02,4.122233018279075623e-02,4.827989526093005856e-02,2.322858199477195740e-05,2.322858199477195740e-05
2.863469362258911133e+00,3.088476347923278631e+00,2.863492488861083984e+00,3.088499498367309748e+00,8.638774752616882324e-01,8.338355481624603049e-01,9.609408378601074219e-01,9.576611280441283958e-01,9.447643160820007324e-01,1.183174401521682739e+00,5.365422368049621582e-02,6.432361453771591464e-02,4.023249819874763489e-02,4.948172084987163821e-02,2.322701766388490796e-05,2.322701766388490796e-05
2.775816440582275391e+00,3.157787394523620783e+00,2.775839567184448242e+00,3.157810544967651456e+00,8.165001273155212402e-01,8.500131726264953391e-01,9.593045711517333984e-01,9.587270081043243186e-01,8.980749249458312988e-01,1.230814754962921143e+00,6.635725498199462891e-02,6.432920359075069983e-02,3.557956218719482422e-02,5.390324443578720093e-02,2.322572436241898686e-05,2.322572436241898686e-05
2.870540618896484375e+00,2.983302831649780273e+00,2.870563745498657227e+00,2.983325958251953125e+00,8.467513322830200195e-01,8.265467762947082964e-01,9.511672854423522949e-01,9.567580759525299294e-01,9.545019865036010742e-01,1.091352152824401900e+00,7.432001084089279175e-02,6.423569582402706424e-02,4.380005598068237305e-02,4.441013634204864224e-02,2.322530781384557486e-05,2.322530781384557486e-05
2.688160657882690430e+00,3.467450618743896484e+00,2.688183784484863281e+00,3.467473721504211515e+00,7.271385788917541504e-01,8.158082664012908936e-01,9.570897817611694336e-01,9.594123899936676247e-01,8.983049392700195312e-01,1.586215937137603671e+00,7.322436571121215820e-02,6.419941559433936518e-02,3.240310400724411011e-02,4.181465879082679749e-02,2.322482941963244230e-05,2.322482941963244230e-05
2.849638462066650391e+00,4.058025598526000977e+00,2.849661588668823242e+00,4.058048701286315563e+00,8.446810245513916016e-01,8.221560895442963091e-01,9.643502831459045410e-01,9.594763219356536865e-01,9.142959117889404297e-01,2.145432388782501310e+00,6.834477186203002930e-02,6.412754319608211795e-02,5.796648934483528137e-02,6.683336645364761075e-02,2.322429099876899272e-05,2.322429099876899272e-05
2.807848215103149414e+00,3.950956034660339178e+00,2.807871341705322266e+00,3.950979137420654208e+00,8.353890776634216309e-01,8.479920566082000954e-01,9.638919830322265625e-01,9.573146700859069824e-01,8.990218043327331543e-01,2.019050937891006647e+00,6.116655468940734863e-02,6.408561468124389371e-02,4.837874695658683777e-02,6.251276135444641668e-02,2.322318687220104039e-05,2.322318687220104039e-05
2.800539731979370117e+00,3.880372786521911532e+00,2.800562858581542969e+00,3.880395889282226562e+00,8.424337506294250488e-01,8.417594313621521440e-01,9.692475795745849609e-01,9.594338417053223100e-01,8.978215456008911133e-01,1.957087534666061446e+00,5.467294156551361084e-02,6.412471160292625150e-02,3.636419028043746948e-02,5.796731002628803531e-02,2.322266300325281918e-05,2.322266300325281918e-05
2.793775081634521484e+00,2.907508039474487216e+00,2.793798208236694336e+00,2.907531166076660067e+00,8.370640873908996582e-01,8.273161292076111062e-01,9.281027317047119141e-01,9.561772465705871138e-01,8.995099663734436035e-01,9.981504619121551736e-01,6.070348247885704041e-02,6.404588147997855585e-02,6.839498132467269897e-02,6.181829422712326050e-02,2.322190266568213701e-05,2.322190266568213701e-05
2.963910341262817383e+00,2.872538065910339444e+00,2.963933467864990234e+00,2.872561192512512296e+00,8.705450296401977539e-01,8.289509773254394309e-01,9.497640132904052734e-01,9.573707103729247603e-01,1.041562080383300781e+00,9.786353528499602827e-01,6.224084272980690002e-02,6.402326077222823819e-02,3.979827463626861572e-02,4.355775378644466400e-02,2.322060390724800527e-05,2.322060390724800527e-05
2.733651876449584961e+00,2.987406873703002841e+00,2.733675003051757812e+00,2.987430000305175692e+00,7.771690487861633301e-01,8.195976912975311279e-01,9.597929120063781738e-01,9.570109546184539795e-01,8.991513848304748535e-01,1.100222927331924394e+00,5.084334313869476318e-02,6.395593918859958371e-02,4.669522121548652649e-02,4.661937393248081346e-02,2.322005821042694151e-05,2.322005821042694151e-05
2.742829561233520508e+00,3.609990096092224210e+00,2.742852687835693359e+00,3.610013198852539240e+00,7.585959434509277344e-01,8.233671545982360618e-01,9.516536593437194824e-01,9.542177915573120117e-01,9.158164858818054199e-01,1.715385103225707919e+00,7.467490434646606445e-02,6.447213217616080960e-02,4.208848625421524048e-02,5.254798829555511197e-02,2.321701686014421284e-05,2.321701686014421284e-05
2.833277702331542969e+00,3.763159966468811124e+00,2.833300828933715820e+00,3.763183093070983976e+00,8.654556274414062500e-01,8.287151515483855979e-01,9.760401248931884766e-01,9.578752875328063743e-01,8.993765115737915039e-01,1.866727805137634366e+00,5.596454814076423645e-02,6.447632722556591311e-02,3.644079342484474182e-02,4.536545351147651395e-02,2.321666033822111785e-05,2.321666033822111785e-05
2.842664718627929688e+00,3.056642436981201083e+00,2.842687845230102539e+00,3.056665563583373935e+00,8.363879323005676270e-01,8.208985269069671853e-01,9.612239003181457520e-01,9.582829952239990678e-01,9.440673589706420898e-01,1.172073727846145719e+00,6.708426773548126221e-02,6.442995294928550998e-02,3.390132635831832886e-02,4.095721133053302487e-02,2.321493229828774929e-05,2.321493229828774929e-05
2.805034637451171875e+00,2.958965253829956232e+00,2.805057764053344727e+00,2.958988380432129084e+00,8.412040472030639648e-01,8.359889984130859375e-01,9.590169787406921387e-01,9.551363825798034890e-01,8.992592692375183105e-01,1.058890658617019698e+00,6.556823104619979858e-02,6.442460492253303250e-02,3.998614847660064697e-02,4.452460408210754533e-02,2.321298597962595522e-05,2.321298597962595522e-05
2.703957319259643555e+00,2.916978454589843839e+00,2.703980445861816406e+00,2.917001581192016690e+00,7.443746924400329590e-01,8.101302504539489302e-01,9.412037730216979980e-01,9.549377143383026567e-01,9.039514064788818359e-01,1.047883862257003695e+00,7.200033962726593018e-02,6.436561718583107272e-02,4.242711886763572693e-02,3.966100923717021803e-02,2.321063402632717043e-05,2.321063402632717043e-05
2.721263885498046875e+00,2.918003869056701838e+00,2.721287012100219727e+00,2.918026995658874689e+00,7.889369726181030273e-01,8.116966068744659868e-01,9.418026804924011230e-01,9.541359603404998557e-01,8.976544141769409180e-01,1.051706141233444303e+00,5.908115208148956299e-02,6.433798298239708224e-02,3.378860279917716980e-02,3.612712100148200711e-02,2.320764178875833750e-05,2.320764178875833750e-05
2.819433689117431641e+00,2.930410695075988947e+00,2.819456815719604492e+00,2.930433821678161799e+00,8.522578477859497070e-01,8.173014938831328902e-01,9.716136455535888672e-01,9.569952607154845747e-01,8.975963592529296875e-01,1.051739072799682706e+00,6.393226981163024902e-02,6.434781774878502170e-02,3.403356671333312988e-02,4.002702645957469801e-02,2.320733074157033116e-05,2.320733074157033116e-05
2.747565984725952148e+00,2.935589718818664373e+00,2.747589111328125000e+00,2.935612845420837225e+00,8.081744313240051270e-01,8.223984241485595703e-01,9.487084746360778809e-01,9.562498509883881059e-01,8.983733654022216797e-01,1.053690516948699862e+00,5.803205445408821106e-02,6.430319137871265411e-02,3.427778556942939758e-02,3.894773460924625536e-02,2.320686689927242696e-05,2.320686689927242696e-05
2.742682218551635742e+00,3.696524930000305353e+00,2.742705345153808594e+00,3.696548032760619940e+00,7.932788729667663574e-01,8.164792299270630105e-01,9.526050686836242676e-01,9.540515840053558350e-01,9.029538631439208984e-01,1.826149260997772306e+00,6.624947488307952881e-02,6.422233246266842444e-02,2.759512700140476227e-02,3.562261387705802779e-02,2.320570274605415761e-05,2.320570274605415761e-05
2.749644756317138672e+00,3.994565749168395907e+00,2.749667882919311523e+00,3.994588875770568759e+00,7.787034511566162109e-01,8.212238967418670210e-01,9.585852026939392090e-01,9.562878787517548052e-01,9.162235856056213379e-01,2.114532697200774969e+00,5.813780799508094788e-02,6.417792886495590765e-02,3.799455612897872925e-02,3.834335654973983903e-02,2.320534804312046617e-05,2.320534804312046617e-05
2.714531898498535156e+00,3.342018079757690607e+00,2.714555025100708008e+00,3.342041230201721280e+00,7.691383361816406250e-01,8.150044262409210649e-01,9.446078538894653320e-01,9.569629669189453347e-01,8.956871628761291504e-01,1.468422520160675093e+00,6.267041712999343872e-02,6.317848376929760534e-02,4.242801666259765625e-02,3.844966813921928128e-02,2.320927706023212522e-05,2.320927706023212522e-05
2.748299121856689453e+00,2.889817881584167303e+00,2.748322248458862305e+00,2.889841008186340154e+00,8.126477003097534180e-01,8.122678160667419212e-01,9.650375843048095703e-01,9.554281294345855491e-01,8.998423814773559570e-01,1.027656769752502530e+00,4.532686993479728699e-02,6.296364627778530676e-02,2.544446103274822235e-02,3.150155097246169766e-02,2.320936982869170606e-05,2.320936982869170606e-05
2.764568328857421875e+00,2.855291056632995428e+00,2.764591455459594727e+00,2.855314183235168279e+00,8.063058257102966309e-01,8.161339461803436279e-01,9.529830813407897949e-01,9.556565284729003906e-01,8.977290987968444824e-01,9.875745892524718794e-01,7.908556610345840454e-02,6.289954595267772952e-02,2.846476063132286072e-02,3.302640765905380527e-02,2.320867315575014800e-05,2.320867315575014800e-05
2.711955547332763672e+00,2.942709064483642667e+00,2.711978673934936523e+00,2.942732191085815519e+00,7.596557736396789551e-01,8.329384446144103560e-01,9.390739202499389648e-01,9.540179133415221946e-01,8.998020887374877930e-01,1.056546747684478760e+00,7.413455843925476074e-02,6.284384243190288544e-02,3.928916528820991516e-02,3.636206835508346696e-02,2.320797284482978284e-05,2.320797284482978284e-05
2.683655500411987305e+00,2.930312490463256925e+00,2.683678627014160156e+00,2.930335617065429776e+00,7.392134070396423340e-01,8.116538822650909424e-01,9.461467266082763672e-01,9.546821653842926247e-01,9.005936980247497559e-01,1.064097827672958463e+00,6.138462200760841370e-02,6.299863383173942566e-02,3.631676733493804932e-02,3.687995299696922302e-02,2.320651037734933197e-05,2.320651037734933197e-05
2.832438945770263672e+00,3.214078545570373535e+00,2.832462072372436523e+00,3.214101696014404208e+00,8.652994632720947266e-01,8.182234883308410200e-01,9.637131690979003906e-01,9.554662704467773438e-01,9.121495485305786133e-01,1.338296049833297641e+00,4.994945973157882690e-02,6.294640339910984039e-02,4.132719710469245911e-02,3.914640098810195923e-02,2.320569910807535052e-05,2.320569910807535052e-05
2.771131515502929688e+00,3.236848330497741788e+00,2.771154642105102539e+00,3.236871480941772461e+00,8.173540234565734863e-01,8.156736910343169722e-01,9.529490470886230469e-01,9.562066495418548584e-01,8.981151580810546875e-01,1.367717003822326749e+00,6.679691374301910400e-02,6.294950023293495456e-02,3.591629490256309509e-02,3.430152647197246690e-02,2.320510247955098748e-05,2.320510247955098748e-05
2.781162738800048828e+00,3.258951377868652521e+00,2.781185865402221680e+00,3.258974528312683194e+00,8.314931392669677734e-01,8.241463661193847434e-01,9.451619982719421387e-01,9.562956929206848367e-01,9.021073579788208008e-01,1.375146847963333085e+00,5.645740404725074768e-02,6.279694549739360532e-02,4.594285413622856140e-02,4.056554175913333615e-02,2.320415660506114364e-05,2.320415660506114364e-05
2.771665811538696289e+00,2.900341296195983798e+00,2.771688938140869141e+00,2.900364422798156649e+00,8.201639056205749512e-01,8.158273279666901079e-01,9.608906507492065430e-01,9.563132703304291216e-01,8.990140557289123535e-01,1.029228305816650479e+00,6.513881683349609375e-02,6.272817030549049377e-02,2.645853161811828613e-02,3.624427057802677432e-02,2.320365092600695789e-05,2.320365092600695789e-05
2.769203186035156250e+00,2.931244683265686213e+00,2.769226312637329102e+00,2.931267809867859064e+00,7.990288734436035156e-01,8.310328602790832964e-01,9.669961333274841309e-01,9.558611035346984419e-01,8.990046381950378418e-01,1.038241064548492520e+00,6.182639673352241516e-02,6.196103654801845412e-02,4.234690219163894653e-02,4.414862506091594974e-02,2.320449675607960671e-05,2.320449675607960671e-05
2.778687953948974609e+00,2.907299780845642001e+00,2.778711080551147461e+00,2.907322907447814853e+00,8.202637434005737305e-01,8.278016626834869829e-01,9.679744839668273926e-01,9.587760627269744651e-01,8.986434936523437500e-01,1.024679464101791337e+00,5.923597142100334167e-02,6.173389181494712968e-02,3.257003799080848694e-02,3.430875726044178148e-02,2.320416933798696846e-05,2.320416933798696846e-05
2.799344301223754883e+00,2.838755726814270020e+00,2.799367427825927734e+00,2.838778853416442871e+00,8.450136184692382812e-01,8.166364789009094016e-01,9.412970542907714844e-01,9.554542243480682595e-01,8.998435139656066895e-01,9.706505835056304932e-01,7.064976543188095093e-02,6.167334206402301511e-02,4.254037141799926758e-02,3.434109427034855166e-02,2.320355633855797350e-05,2.320355633855797350e-05
2.841116666793823242e+00,2.846194458007812678e+00,2.841139793395996094e+00,2.846217584609985529e+00,8.300704360008239746e-01,8.195404291152954546e-01,9.764976501464843750e-01,9.559689164161682129e-01,9.103473424911499023e-01,9.716522634029388650e-01,7.659545540809631348e-02,6.158844567835330963e-02,4.760546237230300903e-02,3.744440339505672455e-02,2.320306521141901612e-05,2.320306521141901612e-05
2.812220573425292969e+00,3.038087129592895508e+00,2.812243700027465820e+00,3.038110280036926181e+00,8.407548666000366211e-01,8.216529548168182151e-01,9.684581756591796875e-01,9.691492676734924094e-01,9.034512639045715332e-01,1.133805114030838057e+00,5.157142132520675659e-02,6.162667162716388425e-02,4.798486083745956421e-02,5.185313858091831346e-02,2.320206294825766236e-05,2.320206294825766236e-05
2.849839210510253906e+00,3.018503642082214444e+00,2.849862337112426758e+00,3.018526792526245117e+00,8.798645734786987305e-01,8.276217222213745339e-01,9.564535617828369141e-01,9.575357615947723833e-01,8.957309722900390625e-01,1.118190920352935880e+00,6.476201862096786499e-02,6.168191619217396060e-02,5.302818492054939270e-02,5.347328372299671451e-02,2.320158819202333689e-05,2.320158819202333689e-05
2.809464216232299805e+00,3.181564378738403143e+00,2.809487342834472656e+00,3.181587529182434260e+00,8.341478109359741211e-01,8.194948077201843484e-01,9.615840315818786621e-01,9.580799698829650657e-01,9.070936441421508789e-01,1.304249131679534823e+00,6.750956922769546509e-02,6.162064746022224287e-02,3.912911936640739441e-02,3.811977878212928494e-02,2.320073144801426679e-05,2.320073144801426679e-05
2.791677713394165039e+00,2.970233631134033381e+00,2.791700839996337891e+00,2.970256757736206232e+00,8.262503147125244141e-01,8.394825398921966775e-01,9.677488207817077637e-01,9.588547468185424361e-01,9.003182053565979004e-01,1.063240385055542081e+00,5.849898234009742737e-02,6.160753779113292694e-02,3.886130452156066895e-02,4.704841524362564364e-02,2.320052408322226256e-05,2.320052408322226256e-05
2.801980495452880859e+00,3.014031791687011630e+00,2.802003622055053711e+00,3.014054942131042303e+00,8.569133877754211426e-01,8.375992298126220259e-01,9.558358788490295410e-01,9.550639748573303001e-01,8.978487253189086914e-01,1.128539359569549649e+00,6.415271759033203125e-02,6.159755960106849670e-02,2.722981385886669159e-02,3.123172949999570777e-02,2.320003841305151582e-05,2.320003841305151582e-05
2.770455360412597656e+00,2.898951363563537775e+00,2.770478487014770508e+00,2.898974490165710627e+00,8.040750622749328613e-01,8.206261277198791948e-01,9.515870809555053711e-01,9.551180243492126687e-01,9.073715209960937500e-01,1.026865124702453613e+00,7.312889397144317627e-02,6.152336969971657077e-02,3.429260477423667908e-02,3.481875993311404904e-02,2.319916529813781381e-05,2.319916529813781381e-05
2.819721221923828125e+00,2.945985078811645508e+00,2.819744348526000977e+00,2.946008205413818359e+00,8.566816449165344238e-01,8.327487826347350630e-01,9.744548797607421875e-01,9.622126877307891624e-01,9.014012217521667480e-01,1.051890206336975053e+00,6.242809072136878967e-02,6.144454777240752896e-02,2.475542388856410980e-02,3.768885508179664612e-02,2.319830309716053307e-05,2.319830309716053307e-05
2.945473909378051758e+00,2.916948938369750888e+00,2.945497035980224609e+00,2.916972064971923739e+00,8.261009454727172852e-01,8.321967899799347368e-01,9.441834092140197754e-01,9.559224009513854758e-01,1.063677549362182617e+00,1.033112925291061357e+00,7.042318582534790039e-02,6.141990423202514648e-02,4.108890891075134277e-02,3.429693318903446336e-02,2.319712803000584245e-05,2.319712803000584245e-05
2.723984241485595703e+00,2.997258281707763761e+00,2.724007368087768555e+00,2.997281408309936612e+00,7.931888103485107422e-01,8.187869131565094216e-01,9.473125338554382324e-01,9.585430562496185525e-01,8.962323069572448730e-01,1.128267472982406705e+00,6.052930653095245361e-02,6.137911565601825853e-02,2.672119252383708954e-02,3.028175905346870353e-02,2.319642408110667020e-05,2.319642408110667020e-05
2.777793169021606445e+00,2.975293016433715909e+00,2.777816295623779297e+00,2.975316143035888761e+00,8.486483097076416016e-01,8.412560582160949485e-01,9.561148285865783691e-01,9.557296454906463179e-01,9.010400176048278809e-01,1.087007766962051480e+00,4.969638586044311523e-02,6.130612529814243039e-02,2.229361049830913544e-02,2.999344728887081216e-02,2.319607665413059294e-05,2.319607665413059294e-05
2.713253974914550781e+00,2.978208971023559748e+00,2.713277101516723633e+00,2.978232097625732600e+00,7.630937099456787109e-01,8.245134115219115989e-01,9.675726294517517090e-01,9.551434278488158958e-01,9.011752605438232422e-01,1.104361325502395630e+00,5.428065359592437744e-02,6.127652637660503665e-02,2.713165618479251862e-02,3.291432559490203857e-02,2.319535087735857815e-05,2.319535087735857815e-05
2.718991279602050781e+00,2.903361439704895020e+00,2.719014406204223633e+00,2.903384566307067871e+00,7.968706488609313965e-01,8.103680789470673052e-01,9.357196092605590820e-01,9.577364563941955788e-01,9.064621329307556152e-01,1.046256691217422485e+00,5.428699031472206116e-02,6.121576875448227206e-02,2.565181441605091095e-02,2.778440564870834212e-02,2.319486520718783140e-05,2.319486520718783140e-05
2.715558052062988281e+00,2.912029576301574885e+00,2.715581178665161133e+00,2.912052702903747736e+00,7.679504156112670898e-01,8.291316866874695046e-01,9.570142626762390137e-01,9.618376314640044722e-01,9.000727534294128418e-01,1.018648636341094926e+00,5.332496017217636108e-02,6.113600917160511017e-02,3.719575330615043640e-02,4.127560593187808852e-02,2.319454870303161442e-05,2.319454870303161442e-05
2.770162582397460938e+00,2.888958263397216619e+00,2.770185708999633789e+00,2.888981389999389471e+00,8.132073879241943359e-01,8.172271192073822244e-01,9.639047980308532715e-01,9.562818825244903120e-01,9.000179767608642578e-01,1.022644972801208585e+00,6.229567527770996094e-02,6.114786975085735599e-02,3.073667548596858978e-02,3.165636677294969559e-02,2.319444683962501585e-05,2.319444683962501585e-05
2.817895174026489258e+00,2.907272219657897949e+00,2.817918300628662109e+00,2.907295346260070801e+00,8.191862106323242188e-01,8.368479490280151811e-01,9.425354003906250000e-01,9.588868200778961626e-01,9.041756987571716309e-01,9.896380603313446045e-01,8.443505316972732544e-02,6.115186214447021484e-02,6.756282597780227661e-02,6.074747815728187561e-02,2.319366831216029823e-05,2.319366831216029823e-05
2.751407146453857422e+00,2.971369862556457520e+00,2.751430273056030273e+00,2.971393013000488192e+00,8.013336062431335449e-01,8.230919182300567849e-01,9.540500044822692871e-01,9.571716904640197310e-01,9.000504612922668457e-01,1.098066341876983598e+00,6.290887296199798584e-02,6.110038049519062042e-02,3.306400775909423828e-02,3.193953968584537645e-02,2.319386112503707409e-05,2.319386112503707409e-05
2.856869220733642578e+00,2.990416908264160067e+00,2.856892347335815430e+00,2.990440034866332919e+00,8.541113138198852539e-01,8.484216332435607910e-01,9.567228555679321289e-01,9.530147075653075950e-01,8.993350863456726074e-01,1.057222896814346225e+00,7.476173341274261475e-02,6.104506403207778792e-02,7.193821668624877930e-02,7.071268558502197266e-02,2.319381565030198544e-05,2.319381565030198544e-05
2.942071533203125000e+01,2.309470138549804830e+01,2.942073822021484375e+01,2.309472427368164205e+01,2.178551673889160156e+00,1.865258765220642045e+00,9.712502360343933105e-01,9.756943464279175249e-01,9.014828205108642578e-01,9.859510421752929465e-01,8.454439043998718262e-02,6.062876060605049133e-02,2.528488731384277344e+01,1.920716876983642507e+01,2.319449595233891159e-05,2.319449595233891159e-05
4.007397460937500000e+02,2.948902282714843750e+02,4.007397766113281250e+02,2.948902587890625000e+02,2.091904449462890625e+02,1.537172546386718750e+02,2.404145240783691406e+00,1.927325940132141202e+00,9.063620567321777344e-01,1.195300501585006669e+00,3.702782467007637024e-02,6.516187116503716070e-02,1.882017669677734375e+02,1.379851867675781136e+02,2.322998989257030189e-05,2.322998989257030189e-05
6.762013244628906250e+01,7.039645690917969034e+01,6.762015533447265625e+01,7.039647979736328409e+01,3.133290481567382812e+01,3.229977035522460938e+01,1.089358329772949219e+00,1.232239615917205766e+00,9.077183604240417480e-01,1.345259958505630404e+00,8.161048591136932373e-02,7.497654333710671026e-02,3.420853805541992188e+01,3.544421119689941690e+01,2.324805791431572288e-05,2.324805791431572288e-05
2.947758865356445312e+01,3.584640769958495810e+01,2.947761154174804688e+01,3.584643058776855185e+01,1.280907917022705078e+01,1.582511053085327113e+01,1.094265699386596680e+00,1.147226154804229736e+00,9.092786908149719238e-01,9.958975315093994141e-01,5.940606072545051575e-02,7.967995628714560907e-02,1.460555839538574219e+01,1.779849357604980398e+01,2.326161848031915724e-05,2.326161848031915724e-05
1.373456382751464844e+01,2.026193161010742116e+01,1.373458671569824219e+01,2.026195449829101491e+01,5.769412040710449219e+00,8.519297790527343039e+00,1.009429693222045898e+00,1.077581965923309237e+00,9.089543223381042480e-01,1.493698900938034146e+00,9.413687139749526978e-02,8.167905583977699835e-02,5.952630519866943359e+00,9.089673900604248402e+00,2.326626054127700627e-05,2.326626054127700627e-05
4.435926437377929688e+00,4.177328491210937855e+00,4.435949802398681641e+00,4.177351856231689808e+00,1.584962844848632812e+00,1.365039682388305753e+00,9.878069162368774414e-01,9.882034838199615923e-01,9.103800654411315918e-01,1.106938683986663730e+00,6.787516921758651733e-02,8.231424018740654547e-02,8.849015831947326660e-01,6.348324596881866899e-01,2.326822868781164289e-05,2.326822868781164289e-05
7.821185111999511719e+00,1.228066492080688477e+01,7.821208477020263672e+00,1.228068780899047852e+01,2.963261365890502930e+00,4.616526412963867010e+00,9.841227531433105469e-01,9.904923141002655029e-01,9.092982411384582520e-01,1.430401086807250977e+00,6.585075706243515015e-02,8.255955576896667480e-02,2.898652315139770508e+00,5.160685682296753285e+00,2.326862158952280879e-05,2.326862158952280879e-05
3.151118993759155273e+00,3.344491529464721502e+00,3.151142358779907227e+00,3.344514894485473455e+00,9.896031618118286133e-01,9.841272950172423872e-01,1.001675248146057129e+00,9.845161378383636697e-01,9.098088741302490234e-01,1.120236217975616455e+00,5.464717373251914978e-02,8.252849429845809937e-02,1.953844577074050903e-01,1.730834051966667064e-01,2.326957473997026682e-05,2.326957473997026682e-05
3.054527997970581055e+00,3.668170738220214666e+00,3.054551362991333008e+00,3.668194103240966619e+00,8.717643022537231445e-01,9.068862557411193626e-01,9.696080088615417480e-01,9.752860009670257790e-01,9.445109367370605469e-01,1.552198523283004672e+00,7.291013002395629883e-02,8.258904442191124240e-02,1.957347691059112549e-01,1.512109294533729442e-01,2.327251240785699338e-05,2.327251240785699338e-05
3.018970727920532227e+00,4.438888740539550959e+00,3.018994092941284180e+00,4.438912057876587269e+00,8.828982114791870117e-01,9.380739748477935347e-01,9.768081903457641602e-01,9.761897444725036177e-01,9.100445508956909180e-01,2.231347006559372126e+00,6.973952054977416992e-02,8.259797394275665561e-02,1.794801354408264160e-01,2.106800720095634571e-01,2.327307811356149614e-05,2.327307811356149614e-05
2.981147766113281250e+00,3.246581101417541415e+00,2.981171131134033203e+00,3.246604466438293368e+00,9.112167954444885254e-01,8.955316603183746116e-01,9.842953681945800781e-01,9.759902536869049516e-01,9.103405475616455078e-01,1.171591418981552168e+00,6.095052137970924377e-02,8.256778866052627563e-02,1.143444776535034180e-01,1.208999656140804235e-01,2.327356196474283934e-05,2.327356196474283934e-05
2.971245050430297852e+00,3.069734048843383967e+00,2.971268415451049805e+00,3.069757413864135920e+00,9.206853508949279785e-01,8.829491913318634477e-01,9.849320054054260254e-01,9.729261994361877441e-01,9.099393486976623535e-01,1.019883024692535445e+00,5.185706168413162231e-02,8.270830363035201749e-02,1.038312688469886780e-01,1.112672880291938754e-01,2.327462607354391366e-05,2.327462607354391366e-05
2.996353387832641602e+00,3.418347716331481934e+00,2.996376752853393555e+00,3.418371081352233887e+00,9.267531633377075195e-01,9.031487464904784934e-01,9.754971861839294434e-01,9.735254049301147461e-01,9.086405038833618164e-01,1.336219650506973222e+00,5.989316105842590332e-02,8.275473490357398987e-02,1.255696415901184082e-01,1.226992391049861880e-01,2.327509355382062495e-05,2.327509355382062495e-05
2.952681064605712891e+00,3.245238018035888850e+00,2.952704429626464844e+00,3.245261383056640803e+00,8.880298137664794922e-01,8.959130823612213579e-01,9.760395884513854980e-01,9.705353677272796631e-01,9.089542031288146973e-01,1.185381245613098100e+00,6.714053452014923096e-02,8.283131197094917297e-02,1.125167608261108398e-01,1.105770900845527704e-01,2.327620313735678792e-05,2.327620313735678792e-05
2.917337656021118164e+00,3.157721829414367853e+00,2.917361021041870117e+00,3.157745194435119807e+00,8.380182385444641113e-01,8.901805460453033891e-01,9.705276489257812500e-01,9.698909223079681396e-01,9.108256101608276367e-01,1.103084820508956954e+00,7.016490399837493896e-02,8.158233463764190396e-02,1.278014779090881348e-01,1.129832476377487238e-01,2.327783113287296146e-05,2.327783113287296146e-05
2.960067749023437500e+00,3.233748579025268466e+00,2.960091114044189453e+00,3.233771944046020419e+00,9.101305007934570312e-01,8.848352909088135210e-01,9.729244112968444824e-01,9.692702293395996094e-01,9.101440906524658203e-01,1.190134984254836992e+00,6.741849333047866821e-02,8.126128837466239929e-02,9.945014864206314087e-02,1.082468003034591647e-01,2.327914990019053221e-05,2.327914990019053221e-05
2.918390989303588867e+00,3.160582590103149236e+00,2.918414354324340820e+00,3.160605955123901190e+00,8.483217954635620117e-01,8.835718035697937012e-01,9.570969343185424805e-01,9.696539759635924849e-01,9.174938201904296875e-01,1.117098414897918612e+00,8.988288044929504395e-02,8.122423812747001093e-02,1.055955812335014343e-01,1.090342171490192441e-01,2.327946276636794209e-05,2.327946276636794209e-05
2.983094453811645508e+00,4.299495100975036621e+00,2.983117818832397461e+00,4.299518418312072932e+00,9.414001107215881348e-01,9.199203431606293169e-01,9.711802601814270020e-01,9.685110151767730713e-01,9.095560908317565918e-01,2.221923911571502597e+00,6.630408763885498047e-02,8.050300627946853360e-02,9.465382248163223267e-02,1.086367808282375363e-01,2.328116897842846811e-05,2.328116897842846811e-05
2.916169404983520508e+00,3.083724522590637118e+00,2.916192770004272461e+00,3.083747887611389071e+00,8.540822863578796387e-01,9.044639289379119429e-01,9.565411210060119629e-01,9.685534119606018510e-01,9.106133580207824707e-01,1.021923685073852450e+00,9.302579611539840698e-02,8.031660765409469327e-02,1.019069552421569824e-01,1.084668815135955838e-01,2.328225309611298144e-05,2.328225309611298144e-05
3.304564237594604492e+00,3.354410791397094638e+00,3.304587602615356445e+00,3.354434156417846591e+00,1.063725829124450684e+00,9.700910687446594460e-01,9.671654701232910156e-01,9.676992297172546387e-01,9.101440310478210449e-01,1.044748139381408647e+00,4.564678296446800232e-02,8.006995394825935919e-02,3.178819715976715088e-01,2.918024033308029286e-01,2.328301343368366361e-05,2.328301343368366361e-05
2.969564437866210938e+00,3.007486391067504705e+00,2.969587802886962891e+00,3.007509756088256658e+00,9.016560316085815430e-01,8.889688491821289285e-01,9.770023822784423828e-01,9.669176042079925537e-01,9.137882590293884277e-01,9.694374382495880571e-01,7.177245616912841797e-02,8.005742207169533331e-02,1.053451821208000183e-01,1.021050065755844116e-01,2.328403570572845638e-05,2.328403570572845638e-05
3.041895627975463867e+00,3.051551818847656250e+00,3.041918992996215820e+00,3.051575183868408203e+00,9.296689033508300781e-01,9.039946079254150835e-01,9.736089110374450684e-01,9.670837879180907981e-01,9.496231079101562500e-01,1.003390163183212280e+00,8.937296271324157715e-02,8.003976345062255304e-02,9.962179511785507202e-02,9.704343229532241821e-02,2.328417758690193295e-05,2.328417758690193295e-05
2.963412046432495117e+00,3.158845543861389160e+00,2.963435411453247070e+00,3.158868908882141113e+00,8.989051580429077148e-01,8.995020806789397749e-01,9.798158407211303711e-01,9.683549463748931663e-01,9.158372282981872559e-01,1.116307801008224576e+00,7.502703368663787842e-02,8.001266270875931341e-02,9.382688254117965698e-02,9.466813877224922180e-02,2.328485061298124492e-05,2.328485061298124492e-05
2.936750173568725586e+00,3.055984592437744229e+00,2.936773538589477539e+00,3.056007957458496183e+00,8.385741114616394043e-01,8.896900296211243120e-01,9.475994110107421875e-01,9.641675174236297163e-01,9.103471040725708008e-01,9.861583471298217551e-01,8.465469628572463989e-02,7.924257144331932345e-02,1.555745899677276611e-01,1.367260962724685669e-01,2.328501614101696759e-05,2.328501614101696759e-05
3.124732732772827148e+00,3.056665301322937012e+00,3.124756097793579102e+00,3.056688666343688965e+00,9.155263900756835938e-01,8.878603696823119673e-01,9.730902314186096191e-01,9.643188297748566118e-01,1.090316534042358398e+00,1.013127750158310025e+00,6.867659091949462891e-02,7.742858752608298978e-02,7.712299376726150513e-02,1.139296896755695315e-01,2.328669143025763333e-05,2.328669143025763333e-05
2.919978618621826172e+00,3.080530524253845215e+00,2.920001983642578125e+00,3.080553889274597168e+00,8.688957095146179199e-01,8.839501678943634255e-01,9.481759667396545410e-01,9.648170471191406250e-01,9.348440170288085938e-01,1.052136623859405429e+00,8.234498649835586548e-02,7.717021480202675143e-02,8.571789413690567017e-02,1.024564541876316071e-01,2.328620030311867595e-05,2.328620030311867595e-05
2.908017158508300781e+00,3.025706791877746493e+00,2.908040523529052734e+00,3.025730156898498446e+00,8.811023831367492676e-01,8.816579222679138406e-01,9.469349384307861328e-01,9.634357988834381104e-01,9.151769876480102539e-01,9.938546180725097434e-01,6.399058550596237183e-02,7.716102376580238897e-02,1.008123308420181274e-01,1.095974162220954840e-01,2.328580922039691359e-05,2.328580922039691359e-05
2.973520517349243164e+00,3.018906307220459162e+00,2.973543882369995117e+00,3.018929672241211115e+00,8.732910156250000000e-01,8.831575453281402810e-01,9.888984560966491699e-01,9.671850621700286421e-01,9.112939238548278809e-01,9.936246335506438987e-01,9.339842945337295532e-02,7.711265683174133023e-02,1.066385880112648010e-01,9.782641083002090177e-02,2.328476693946868181e-05,2.328476693946868181e-05
2.952175140380859375e+00,3.015587306022644132e+00,2.952198505401611328e+00,3.015610671043396085e+00,9.038406610488891602e-01,8.844838619232178178e-01,9.693804383277893066e-01,9.676533520221710649e-01,9.092895388603210449e-01,9.942721962928772195e-01,6.978107243776321411e-02,7.709394395351409912e-02,9.988337010145187378e-02,9.208400100469589511e-02,2.328444861632306129e-05,2.328444861632306129e-05
2.990602970123291016e+00,3.000616860389709650e+00,2.990626335144042969e+00,3.000640225410461603e+00,8.867157101631164551e-01,8.751036942005157027e-01,9.673764109611511230e-01,9.643764555454253928e-01,9.402741193771362305e-01,9.938995659351348433e-01,1.176506876945495605e-01,7.706510573625564853e-02,7.858589291572570801e-02,9.017196819186210077e-02,2.328482878510840237e-05,2.328482878510840237e-05
2.985252618789672852e+00,3.059339523315429688e+00,2.985275983810424805e+00,3.059362888336181641e+00,8.999755978584289551e-01,8.808268666267394797e-01,9.623036384582519531e-01,9.623615384101867898e-01,9.554866552352905273e-01,1.048165291547775269e+00,6.954275816679000854e-02,7.811304554343223572e-02,9.794420003890991211e-02,8.987273722887038907e-02,2.328357732039876282e-05,2.328357732039876282e-05
2.926158428192138672e+00,1.011669585704803431e+01,2.926181793212890625e+00,1.011671917438507151e+01,9.238830208778381348e-01,8.839506924152373823e-01,9.656065106391906738e-01,9.636918485164642778e-01,9.118408560752868652e-01,8.092757445573806052e+00,4.636496305465698242e-02,7.833722904324531833e-02,7.846304029226303101e-02,9.795928299427032748e-02,2.328267146367579699e-05,2.328267146367579699e-05
2.879428148269653320e+00,3.130627036094665527e+00,2.879451513290405273e+00,3.130650401115417480e+00,8.636873960494995117e-01,8.875894904136657493e-01,9.712616801261901855e-01,9.691756069660186768e-01,9.086854457855224609e-01,1.107634645700454668e+00,5.985973402857780457e-02,7.833545356988906583e-02,7.593397796154022217e-02,8.789185434579849243e-02,2.328259688511025161e-05,2.328259688511025161e-05
2.869442939758300781e+00,4.263590145111083807e+00,2.869466304779052734e+00,4.263613462448120117e+00,8.429694175720214844e-01,8.795624911785125954e-01,9.591522216796875000e-01,9.645558238029480203e-01,9.117195010185241699e-01,2.235969710350036443e+00,7.381812483072280884e-02,7.830517739057540894e-02,8.178344368934631348e-02,1.051969617605209295e-01,2.328169830434489995e-05,2.328169830434489995e-05
2.932049989700317383e+00,3.609018445014953613e+00,2.932073354721069336e+00,3.609041762351989924e+00,8.770044445991516113e-01,9.215676665306091753e-01,9.708840847015380859e-01,9.613448500633239302e-01,9.184220433235168457e-01,1.542494517564773515e+00,7.417055219411849976e-02,7.827324569225310724e-02,9.156897664070129395e-02,1.053381390869617407e-01,2.328130722162313759e-05,2.328130722162313759e-05
2.981364011764526367e+00,7.381807041168213068e+00,2.981387376785278320e+00,7.381830358505249379e+00,8.792565464973449707e-01,8.828139603137969971e-01,9.622170925140380859e-01,9.610251665115356889e-01,9.109565019607543945e-01,5.324733644723892212e+00,9.708045423030853271e-02,7.824670895934104919e-02,1.318535208702087402e-01,1.349875479936599731e-01,2.328011760255321860e-05,2.328011760255321860e-05
2.929457902908325195e+00,5.358214116096496227e+00,2.929481267929077148e+00,5.358237433433532537e+00,8.740335106849670410e-01,8.868260860443115678e-01,9.555792212486267090e-01,9.622482538223267046e-01,9.097045063972473145e-01,3.320236408710479648e+00,7.052686810493469238e-02,7.824460938572883051e-02,1.196139305830001831e-01,1.106587439775466863e-01,2.327987749595195055e-05,2.327987749595195055e-05
3.034051895141601562e+00,3.142997574806213557e+00,3.034075260162353516e+00,3.143020939826965510e+00,9.152404069900512695e-01,9.217032670974731889e-01,9.666253924369812012e-01,9.667423546314239946e-01,9.127551913261413574e-01,9.993213951587677224e-01,6.508386135101318359e-02,7.850990742444992343e-02,1.743470132350921631e-01,1.767206028103828486e-01,2.328012487851083279e-05,2.328012487851083279e-05
2.966438293457031250e+00,3.319510555267334073e+00,2.966461658477783203e+00,3.319533920288086026e+00,8.900487422943115234e-01,9.030316889286040816e-01,9.645537734031677246e-01,9.696896493434905562e-01,9.109140634536743164e-01,1.221885466575622470e+00,7.566434144973754883e-02,7.910737544298171442e-02,1.252571791410446167e-01,1.457963645458221491e-01,2.328040136490017176e-05,2.328040136490017176e-05
3.121729612350463867e+00,3.202437472343445002e+00,3.121752977371215820e+00,3.202460837364196955e+00,9.488455057144165039e-01,9.338070094585418923e-01,9.481062889099121094e-01,9.660861849784850852e-01,9.117810726165771484e-01,1.044861572980880782e+00,8.142505586147308350e-02,7.839221581816673001e-02,2.315717786550521851e-01,1.792904779314994923e-01,2.328080336155835539e-05,2.328080336155835539e-05
3.021975040435791016e+00,3.087503218650817782e+00,3.021998405456542969e+00,3.087526583671569735e+00,9.055724740028381348e-01,8.949611783027648926e-01,9.506438374519348145e-01,9.598200619220733643e-01,9.349986314773559570e-01,1.026829022169113204e+00,9.929797053337097168e-02,7.779385447502136508e-02,1.314622014760971069e-01,1.280990280210971832e-01,2.328126174688804895e-05,2.328126174688804895e-05
2.969248294830322266e+00,3.143706917762756348e+00,2.969271659851074219e+00,3.143730282783508301e+00,8.915050029754638672e-01,8.758755743503570113e-01,9.640730023384094238e-01,9.622257411479949729e-01,9.115024209022521973e-01,1.114075958728790283e+00,5.986582487821578979e-02,7.774334028363227844e-02,1.423023045063018799e-01,1.137863092124462155e-01,2.328218033653683960e-05,2.328218033653683960e-05
2.834197044372558594e+00,3.330864048004150479e+00,2.834220409393310547e+00,3.330887413024902433e+00,8.179313540458679199e-01,8.606783032417297807e-01,9.585863351821899414e-01,9.625122904777526633e-01,9.112511873245239258e-01,1.345627707242965654e+00,6.468748301267623901e-02,7.727583050727844516e-02,8.174066245555877686e-02,8.476991355419158380e-02,2.328204209334217012e-05,2.328204209334217012e-05
2.910471200942993164e+00,3.472001624107361017e+00,2.910494565963745117e+00,3.472024989128112971e+00,8.407387137413024902e-01,8.762154340744018333e-01,9.666712880134582520e-01,9.643966972827910933e-01,9.147903919219970703e-01,1.467394733428954989e+00,9.648923575878143311e-02,7.689785957336425781e-02,9.178171306848526001e-02,8.709691017866134921e-02,2.328190021216869354e-05,2.328190021216869354e-05
2.902342557907104492e+00,2.980069446563720525e+00,2.902365922927856445e+00,2.980092811584472479e+00,8.657047152519226074e-01,8.753311455249785933e-01,9.449010491371154785e-01,9.616694450378417969e-01,9.133244752883911133e-01,9.712061643600463645e-01,7.000651955604553223e-02,7.685453444719314575e-02,1.084056720137596130e-01,9.500811770558356684e-02,2.328093796677421778e-05,2.328093796677421778e-05
2.918755531311035156e+00,3.079975485801696777e+00,2.918778896331787109e+00,3.079998850822448730e+00,8.743963837623596191e-01,8.638106286525726318e-01,9.551333785057067871e-01,9.670478463172912376e-01,9.125786423683166504e-01,1.087435632944107056e+00,7.986592501401901245e-02,7.708465531468391974e-02,9.678114950656890869e-02,8.459675312042236328e-02,2.328102345927618444e-05,2.328102345927618444e-05
2.921757936477661133e+00,3.210676980018615900e+00,2.921781301498413086e+00,3.210700345039367853e+00,8.901398777961730957e-01,8.708261370658874068e-01,9.610675573348999023e-01,9.667659878730774370e-01,9.135255217552185059e-01,1.208926576375961348e+00,7.088556140661239624e-02,7.712336853146553595e-02,8.613910526037216187e-02,8.703491464257240295e-02,2.328150367247872055e-05,2.328150367247872055e-05
2.995113849639892578e+00,3.055020737648010076e+00,2.995137214660644531e+00,3.055044102668762029e+00,9.179124832153320312e-01,8.899360120296477827e-01,9.614642262458801270e-01,9.649256289005279097e-01,9.127374887466430664e-01,1.008469623327255205e+00,5.346373841166496277e-02,7.732120230793952664e-02,1.495358645915985107e-01,1.143682703375816373e-01,2.328177288291044533e-05,2.328177288291044533e-05
2.894918441772460938e+00,3.657661843299865545e+00,2.894941806793212891e+00,3.657685208320617498e+00,8.637919425964355469e-01,8.697464048862457719e-01,9.544821977615356445e-01,9.603644490242004839e-01,9.114630818367004395e-01,1.662016743421554477e+00,8.524758368730545044e-02,7.736383825540542325e-02,7.993363589048385620e-02,8.817043676972388666e-02,2.328066875634249300e-05,2.328066875634249300e-05
2.872316837310791016e+00,3.373427915573119940e+00,2.872340202331542969e+00,3.373451280593871893e+00,8.696427345275878906e-01,8.764217674732208696e-01,9.429473876953125000e-01,9.643909931182861328e-01,9.292399287223815918e-01,1.370026665925979659e+00,7.039982080459594727e-02,7.736082822084426602e-02,6.008700281381607056e-02,8.522778078913688382e-02,2.328069967916235328e-05,2.328069967916235328e-05
2.901487827301025391e+00,3.143488383293151944e+00,2.901511192321777344e+00,3.143511748313903897e+00,8.588694334030151367e-01,8.755947530269623247e-01,9.653457403182983398e-01,9.622782111167907937e-01,9.153939485549926758e-01,1.140892648696899325e+00,7.144881039857864380e-02,7.733741104602813443e-02,9.042987972497940063e-02,8.738538622856140137e-02,2.328024129383265972e-05,2.328024129383265972e-05
2.869418621063232422e+00,3.520924639701843439e+00,2.869441986083984375e+00,3.520948004722595392e+00,8.536821007728576660e-01,8.562622129917144553e-01,9.452680349349975586e-01,9.611550331115722434e-01,9.113247990608215332e-01,1.542873680591583252e+00,7.230542600154876709e-02,7.736602574586867731e-02,8.683822304010391235e-02,8.326768279075622003e-02,2.327875336050055921e-05,2.327875336050055921e-05
2.860335350036621094e+00,3.132993769645691096e+00,2.860358715057373047e+00,3.133017134666443049e+00,8.278635740280151367e-01,8.710501670837402788e-01,9.349185228347778320e-01,9.608757734298706277e-01,9.132201671600341797e-01,1.132359039783477739e+00,9.205053001642227173e-02,7.733024284243583679e-02,9.228262305259704590e-02,9.137849062681198398e-02,2.327841320948209614e-05,2.327841320948209614e-05
2.885735034942626953e+00,2.967988252639770508e+00,2.885758399963378906e+00,2.968011617660522461e+00,8.519737124443054199e-01,8.806186497211456743e-01,9.588815569877624512e-01,9.605790317058563454e-01,9.131289720535278320e-01,9.593085527420044389e-01,7.896266132593154907e-02,7.739648595452308655e-02,8.278833329677581787e-02,9.008539542555808743e-02,2.327787296962924302e-05,2.327787296962924302e-05
2.881238222122192383e+00,2.966163539886474521e+00,2.881261587142944336e+00,2.966186904907226474e+00,8.414749503135681152e-01,8.806637108325958696e-01,9.669755697250366211e-01,9.665429770946503130e-01,9.123454689979553223e-01,9.540755927562714067e-01,8.413109183311462402e-02,7.740281447768211642e-02,7.631144672632217407e-02,8.747850880026816767e-02,2.327796391909942031e-05,2.327796391909942031e-05
2.955965995788574219e+00,2.934198284149169833e+00,2.955989360809326172e+00,2.934221649169921786e+00,8.661480545997619629e-01,8.671312749385833296e-01,9.687359333038330078e-01,9.605563938617706077e-01,9.228662848472595215e-01,9.348946571350097434e-01,1.009681150317192078e-01,7.735769078135490417e-02,9.724763035774230957e-02,9.425826296210289279e-02,2.327774564037099481e-05,2.327774564037099481e-05
2.885611057281494141e+00,2.916301107406616300e+00,2.885634422302246094e+00,2.916324472427368253e+00,8.651360273361206055e-01,8.637606501579284668e-01,9.569065570831298828e-01,9.618294954299926314e-01,9.129762053489685059e-01,9.271092772483825462e-01,6.206943467259407043e-02,7.737037241458892545e-02,8.852279186248779297e-02,8.623129427433014194e-02,2.327709444216452539e-05,2.327709444216452539e-05
2.896020174026489258e+00,2.984099555015563787e+00,2.896043539047241211e+00,2.984122920036315740e+00,8.379192948341369629e-01,8.822551429271697776e-01,9.582156538963317871e-01,9.620949685573577659e-01,9.138994216918945312e-01,9.467736423015594704e-01,7.603782415390014648e-02,7.732277512550353449e-02,1.099478900432586670e-01,1.156530357897281591e-01,2.327656147826928645e-05,2.327656147826928645e-05
2.927273273468017578e+00,2.965636467933654874e+00,2.927296638488769531e+00,2.965659832954406827e+00,8.977805972099304199e-01,9.008202135562897173e-01,9.689211845397949219e-01,9.601425230503082275e-01,9.133222103118896484e-01,9.286262512207030806e-01,7.244184613227844238e-02,7.722684368491172791e-02,7.480750977993011475e-02,9.882070347666740973e-02,2.327691254322417080e-05,2.327691254322417080e-05
2.887958288192749023e+00,4.861245369911193492e+00,2.887981653213500977e+00,4.861268687248229803e+00,8.497653007507324219e-01,8.587617695331573042e-01,9.466509819030761719e-01,9.626509785652160867e-01,9.151927232742309570e-01,2.876334798336029230e+00,9.835999459028244019e-02,7.715420424938201904e-02,7.798939943313598633e-02,8.634356930851935785e-02,2.327722359041217715e-05,2.327722359041217715e-05
2.876070499420166016e+00,2.963685822486877619e+00,2.876093864440917969e+00,2.963709187507629572e+00,8.364993333816528320e-01,8.732377171516418901e-01,9.704127311706542969e-01,9.642523229122161865e-01,9.125113487243652344e-01,9.646641314029693604e-01,6.274925172328948975e-02,7.711214870214462558e-02,9.389816224575042725e-02,8.441955968737602234e-02,2.327775655430741608e-05,2.327775655430741608e-05
2.909224510192871094e+00,2.994471263885498225e+00,2.909247875213623047e+00,2.994494628906250178e+00,8.840919137001037598e-01,8.783509075641632302e-01,9.409659504890441895e-01,9.680900514125824197e-01,9.108766913414001465e-01,9.734799981117248091e-01,8.873524516820907593e-02,7.706874907016754428e-02,8.455479145050048828e-02,9.748153835535049161e-02,2.327871516172308475e-05,2.327871516172308475e-05
6.236991882324218750e+00,8.256317424774170632e+00,6.237015247344970703e+00,8.256340408325195668e+00,2.368044853210449219e+00,3.251583194732666104e+00,9.703696370124816895e-01,9.687456071376800981e-01,9.134165644645690918e-01,9.821191608905792680e-01,9.267690032720565796e-02,7.706600278615952093e-02,1.892483711242675781e+00,2.976803421974182129e+00,2.327875336050055921e-05,2.327875336050055921e-05
1.013579654693603516e+01,1.181204671859741140e+01,1.013581943511962891e+01,1.181206960678100515e+01,3.719818353652954102e+00,3.893190836906433194e+00,9.715439677238464355e-01,9.815478086471557395e-01,9.131336212158203125e-01,2.140842080116271973e+00,6.324914097785949707e-02,7.730049788951873224e-02,4.468051433563232422e+00,4.719165706634521840e+00,2.328018854313995689e-05,2.328018854313995689e-05
4.749552249908447266e+00,6.291878080368041637e+00,4.749575614929199219e+00,6.291901445388793590e+00,1.717283248901367188e+00,2.343039727210998624e+00,9.830228686332702637e-01,9.697250723838806152e-01,9.116438031196594238e-01,1.147458565235137895e+00,9.815576672554016113e-02,7.760614901781082153e-02,1.039446592330932617e+00,1.754048669338226230e+00,2.328270420548506081e-05,2.328270420548506081e-05
3.132205009460449219e+00,3.441789126396179288e+00,3.132228374481201172e+00,3.441812491416931241e+00,9.312583804130554199e-01,9.856650233268737793e-01,9.565116763114929199e-01,9.661523878574371782e-01,9.137259721755981445e-01,1.142714697122573897e+00,9.084128588438034058e-02,7.803423255681991855e-02,2.398677766323089600e-01,2.692228019237518089e-01,2.328544542251620442e-05,2.328544542251620442e-05
5.547996520996093750e+00,5.391661787033081410e+00,5.548019886016845703e+00,5.391685152053833363e+00,2.127562046051025391e+00,1.925826203823089555e+00,9.578699469566345215e-01,9.670326352119446023e-01,1.033329844474792480e+00,1.243906825780868530e+00,7.797449082136154175e-02,7.812594920396805087e-02,1.351260304450988770e+00,1.176770222187042192e+00,2.328630580450408161e-05,2.328630580450408161e-05
4.144501686096191406e+00,3.767994475364685236e+00,4.144525051116943359e+00,3.768017840385437189e+00,1.450348615646362305e+00,1.095237696170806796e+00,9.791041612625122070e-01,9.733673989772796409e-01,9.126975536346435547e-01,1.244890749454498291e+00,6.812769919633865356e-02,7.813641056418418884e-02,7.342236638069152832e-01,3.763622343540191650e-01,2.328855407540686429e-05,2.328855407540686429e-05
3.009572744369506836e+00,3.274731016159057706e+00,3.009596109390258789e+00,3.274754381179809659e+00,9.047165513038635254e-01,8.993723750114440696e-01,9.664759039878845215e-01,9.667254805564879927e-01,9.123765230178833008e-01,1.210441762208938510e+00,7.702410221099853516e-02,7.815910875797271729e-02,1.489797979593276978e-01,1.200323365628719330e-01,2.328987102373503149e-05,2.328987102373503149e-05
2.967902898788452148e+00,3.308422231674194247e+00,2.967926263809204102e+00,3.308445596694946200e+00,8.861706256866455078e-01,9.001856982707977517e-01,9.447138905525207520e-01,9.647558093070983665e-01,9.129707217216491699e-01,1.215673106908798262e+00,7.723463326692581177e-02,7.814399451017380038e-02,1.468130201101303101e-01,1.496636629104614313e-01,2.329106791876256466e-05,2.329106791876256466e-05
2.929421901702880859e+00,4.158866834640503107e+00,2.929445266723632812e+00,4.158890151977539418e+00,8.476641178131103516e-01,8.829520106315612571e-01,9.564127922058105469e-01,9.698634624481201616e-01,9.428392052650451660e-01,2.118260538578033536e+00,1.034763678908348083e-01,7.808128371834754944e-02,7.902956753969192505e-02,1.097095936536788968e-01,2.329213384655304253e-05,2.329213384655304253e-05
2.958191633224487305e+00,3.223539590835571289e+00,2.958214998245239258e+00,3.223562955856323242e+00,9.071930646896362305e-01,8.763306140899658203e-01,9.578596353530883789e-01,9.662774980068207231e-01,9.247909188270568848e-01,1.186401104927063077e+00,7.423559576272964478e-02,7.807813957333564758e-02,9.411233663558959961e-02,1.164522416889667566e-01,2.329425296920817345e-05,2.329425296920817345e-05
3.027071952819824219e+00,3.248085737228393555e+00,3.027095317840576172e+00,3.248109102249145508e+00,9.226958155632019043e-01,9.275607824325561301e-01,9.794921278953552246e-01,9.643680989742279275e-01,9.135488867759704590e-01,1.141096818447113082e+00,9.474159032106399536e-02,7.805954068899154108e-02,1.165936216711997986e-01,1.370005398988723699e-01,2.329507697140797973e-05,2.329507697140797973e-05
2.993540525436401367e+00,3.230789375305175959e+00,2.993563890457153320e+00,3.230812740325927912e+00,8.833160996437072754e-01,9.065804004669189009e-01,9.808354973793029785e-01,9.650304794311523882e-01,9.147070050239562988e-01,1.147014284133911044e+00,7.274505496025085449e-02,7.802150174975394648e-02,1.419368386268615723e-01,1.341426774859428295e-01,2.329599738004617393e-05,2.329599738004617393e-05
2.974250316619873047e+00,3.168095660209655939e+00,2.974273681640625000e+00,3.168119025230407892e+00,9.279171228408813477e-01,8.880056560039519820e-01,9.713870286941528320e-01,9.659276843070984109e-01,9.141854047775268555e-01,1.132504689693450972e+00,5.978809669613838196e-02,7.799003943800926486e-02,1.009728461503982544e-01,1.036675840616226169e-01,2.329807830392383039e-05,2.329807830392383039e-05
2.995932579040527344e+00,3.474104166030883789e+00,2.995955944061279297e+00,3.474127531051635742e+00,9.425386190414428711e-01,9.632917881011963113e-01,9.677937030792236328e-01,9.641985952854156272e-01,9.117342829704284668e-01,1.358585542440414518e+00,7.262417674064636230e-02,7.793650403618812561e-02,1.012419313192367554e-01,1.100917197763919830e-01,2.329935887246392667e-05,2.329935887246392667e-05
3.017153501510620117e+00,3.505978250503539950e+00,3.017176866531372070e+00,3.506001615524291903e+00,9.240821599960327148e-01,9.357669234275818315e-01,9.742341637611389160e-01,9.646829009056091531e-01,9.129334092140197754e-01,1.394238656759262174e+00,9.096870571374893188e-02,7.797218635678290766e-02,1.149351671338081360e-01,1.333175674080848694e-01,2.330022653040941805e-05,2.330022653040941805e-05
2.935238361358642578e+00,3.282769417762756436e+00,2.935261726379394531e+00,3.282792782783508390e+00,8.743872642517089844e-01,8.881425797939300759e-01,9.740226864814758301e-01,9.633939206600189431e-01,9.233213067054748535e-01,1.247660052776336626e+00,6.687626987695693970e-02,7.792870104312896173e-02,9.663105010986328125e-02,1.056441977620124761e-01,2.330149072804488242e-05,2.330149072804488242e-05
2.826844692230224609e+00,3.216309714317321600e+00,2.826868057250976562e+00,3.216333079338073553e+00,8.068686127662658691e-01,8.597511410713195579e-01,9.347746968269348145e-01,9.628117322921753152e-01,9.122824668884277344e-01,1.223623794317245439e+00,8.415061235427856445e-02,7.788564041256904047e-02,8.876817673444747925e-02,9.223738089203833979e-02,2.330165807507000864e-05,2.330165807507000864e-05
2.988794565200805664e+00,3.104855346679687322e+00,2.988817930221557617e+00,3.104878711700439275e+00,8.592729568481445312e-01,9.338541567325592263e-01,9.731766581535339355e-01,9.606327891349792925e-01,9.218761324882507324e-01,9.637318909168243186e-01,9.672391414642333984e-02,7.781469449400901794e-02,1.377447098493576050e-01,1.688218668103217968e-01,2.330305869691073895e-05,2.330305869691073895e-05
2.991429567337036133e+00,3.119497895240783691e+00,2.991452932357788086e+00,3.119521260261535645e+00,8.736011981964111328e-01,9.382066249847411665e-01,9.412756562232971191e-01,9.608356714248657005e-01,9.148985147476196289e-01,9.791686177253723367e-01,1.169771552085876465e-01,7.777346372604369840e-02,1.446769684553146362e-01,1.635135114192962646e-01,2.330505049030762166e-05,2.330505049030762166e-05
2.887926340103149414e+00,3.150994586944579900e+00,2.887949705123901367e+00,3.151017951965331854e+00,8.548836708068847656e-01,8.760846793651581033e-01,9.441320300102233887e-01,9.604708492755890115e-01,9.116241931915283203e-01,1.124251657724380404e+00,6.286664307117462158e-02,7.773945629596709650e-02,1.144197210669517517e-01,1.124478727579116821e-01,2.330649294890463352e-05,2.330649294890463352e-05
2.873138904571533203e+00,3.588760232925415128e+00,2.873162269592285156e+00,3.588783550262450994e+00,8.476112484931945801e-01,8.655055701732635720e-01,9.491868615150451660e-01,9.627480208873748779e-01,9.144427776336669922e-01,1.578801959753036499e+00,5.413644388318061829e-02,7.753622233867644986e-02,1.077616512775421143e-01,1.041684195399284335e-01,2.330727329535875469e-05,2.330727329535875469e-05
2.957655906677246094e+00,3.593516159057617010e+00,2.957679271697998047e+00,3.593539476394653320e+00,8.550944328308105469e-01,8.867813885211944802e-01,9.456218481063842773e-01,9.633327841758727583e-01,9.149311780929565430e-01,1.544078117609024137e+00,1.031892597675323486e-01,7.701580375432967585e-02,1.388191282749176025e-01,1.223080508410930578e-01,2.330832285224460065e-05,2.330832285224460065e-05
3.180717945098876953e+00,3.310808110237121404e+00,3.180741310119628906e+00,3.310831475257873358e+00,9.763354063034057617e-01,1.034078335762024015e+00,9.622802734375000000e-01,9.709238409996032715e-01,9.165055751800537109e-01,9.799447953701019287e-01,5.056414008140563965e-02,4.973784536123275479e-02,2.750327885150909424e-01,2.761233061552047507e-01,2.335160206712316722e-05,2.335160206712316722e-05
3.073583126068115234e+00,3.113741922378539861e+00,3.073606491088867188e+00,3.113765287399291815e+00,9.563988447189331055e-01,9.953175723552704079e-01,9.809941649436950684e-01,9.683239579200744185e-01,9.157198667526245117e-01,9.213352620601653609e-01,4.806736484169960022e-02,4.737019352614879608e-02,1.724030673503875732e-01,1.813949391245842091e-01,2.336604484298732132e-05,2.336604484298732132e-05
3.064053297042846680e+00,3.066222381591797053e+00,3.064076662063598633e+00,3.066245746612549006e+00,9.790593981742858887e-01,9.719638645648955855e-01,9.750777482986450195e-01,9.692836284637451616e-01,9.163436889648437500e-01,9.186811208724975364e-01,4.701744392514228821e-02,4.731858335435390472e-02,1.465552896261215210e-01,1.589751437306404225e-01,2.336776378797367215e-05,2.336776378797367215e-05
3.299026727676391602e+00,3.386432456970214666e+00,3.299050092697143555e+00,3.386455821990966619e+00,1.068013191223144531e+00,1.077637064456939742e+00,9.822836518287658691e-01,9.689492702484130415e-01,9.154601693153381348e-01,9.231827735900879350e-01,4.812529683113098145e-02,4.745026677846908569e-02,2.851445972919464111e-01,3.692130625247955211e-01,2.336711258976720273e-05,2.336711258976720273e-05
3.352133989334106445e+00,3.498135066032409757e+00,3.352157354354858398e+00,3.498158431053161710e+00,1.126553177833557129e+00,1.203100883960723788e+00,9.773412942886352539e-01,9.680405497550964578e-01,9.166846871376037598e-01,9.415922105312347634e-01,4.786083847284317017e-02,4.718700908124447146e-02,2.836939990520477295e-01,3.382143795490265004e-01,2.336723991902545094e-05,2.336723991902545094e-05
3.139599800109863281e+00,3.222760391235351740e+00,3.139623165130615234e+00,3.222783756256103693e+00,1.036098837852478027e+00,1.068706214427947998e+00,9.492884874343872070e-01,9.675755381584167925e-01,9.158446788787841797e-01,9.156337976455688477e-01,4.684103280305862427e-02,4.696739427745342393e-02,1.915266215801239014e-01,2.238774627447128185e-01,2.336704710614867508e-05,2.336704710614867508e-05
3.052613735198974609e+00,3.104597544670105069e+00,3.052637100219726562e+00,3.104620909690857022e+00,9.633232355117797852e-01,9.826287269592285378e-01,9.552271962165832520e-01,9.744089126586914507e-01,9.157677888870239258e-01,9.156151235103606734e-01,4.666674509644508362e-02,4.689940288662910323e-02,1.716287285089492798e-01,1.850454404950142018e-01,2.336681427550502121e-05,2.336681427550502121e-05
3.031545400619506836e+00,3.039032268524169744e+00,3.031568765640258789e+00,3.039055633544921697e+00,9.639416337013244629e-01,9.652449846267699973e-01,9.723911285400390625e-01,9.749663412570953591e-01,9.158462285995483398e-01,9.155937314033508745e-01,4.661045223474502563e-02,4.686961136758327484e-02,1.327559649944305420e-01,1.363575920462608282e-01,2.336640318389981985e-05,2.336640318389981985e-05
2.925171136856079102e+00,3.040599060058593928e+00,2.925194501876831055e+00,3.040622425079345881e+00,9.152997136116027832e-01,9.584024488925934060e-01,9.613366723060607910e-01,9.664060056209564653e-01,9.152018427848815918e-01,9.155721485614776167e-01,4.706862941384315491e-02,4.683624356985092302e-02,8.626442402601242065e-02,1.533822238445282093e-01,2.336652869416866452e-05,2.336652869416866452e-05
3.069387197494506836e+00,3.026518869400024236e+00,3.069410562515258789e+00,3.026542234420776190e+00,9.909077882766723633e-01,9.661811709403991255e-01,9.656140208244323730e-01,9.672344028949737549e-01,9.162949919700622559e-01,9.155498027801514116e-01,4.678572714328765869e-02,4.680906012654304643e-02,1.497844606637954712e-01,1.307444140315055792e-01,2.336636498512234539e-05,2.336636498512234539e-05
3.065110206604003906e+00,3.050968074798583896e+00,3.065133571624755859e+00,3.050991439819335849e+00,9.683001637458801270e-01,9.574324429035186990e-01,9.591536521911621094e-01,9.722895205020904985e-01,9.158729314804077148e-01,9.155271470546721968e-01,4.652185365557670593e-02,4.678219631314277371e-02,1.752617955207824707e-01,1.589368075132369940e-01,2.336601028218865395e-05,2.336601028218865395e-05
3.119762182235717773e+00,3.203578901290893732e+00,3.119785547256469727e+00,3.203602266311645685e+00,1.028478384017944336e+00,1.093742418289184615e+00,9.749665856361389160e-01,9.667598485946655718e-01,9.146894812583923340e-01,9.155043900012970193e-01,4.650022089481353760e-02,4.673102572560310086e-02,1.551274359226226807e-01,1.808412060141563471e-01,2.336558827664703131e-05,2.336558827664703131e-05
3.239776611328125000e+00,3.153466653823852717e+00,3.239799976348876953e+00,3.153490018844604670e+00,1.109409928321838379e+00,1.066791474819183350e+00,9.628742337226867676e-01,9.677605926990509033e-01,9.155048727989196777e-01,9.154975056648254617e-01,4.688367247581481934e-02,4.672684930264949660e-02,2.051038891077041626e-01,1.566902533173561152e-01,2.336555917281657457e-05,2.336555917281657457e-05
3.493951082229614258e+00,3.638190102577209650e+00,3.493974447250366211e+00,3.638213467597961603e+00,1.213785171508789062e+00,1.256857848167419522e+00,9.685317873954772949e-01,9.777158081531525102e-01,9.153113961219787598e-01,9.154754281044006348e-01,4.663207381963729858e-02,4.675560668110847334e-02,3.496906459331512451e-01,4.413852542638778687e-01,2.336605757591314614e-05,2.336605757591314614e-05
1.081119823455810547e+01,2.257552032470703196e+01,1.081122207641601562e+01,2.257554321289062571e+01,4.491191387176513672e+00,1.004143133163452184e+01,1.009227395057678223e+00,1.050031507015228183e+00,9.157788157463073730e-01,9.154529690742492232e-01,4.657927528023719788e-02,4.670881219208240787e-02,4.348421573638916016e+00,1.052189579010009801e+01,2.336641773581504822e-05,2.336641773581504822e-05
1.379373455047607422e+01,1.071266021728515661e+01,1.379375839233398438e+01,1.071268405914306676e+01,5.984691619873046875e+00,4.562117052078247248e+00,1.017346382141113281e+00,9.995116591453552246e-01,9.145418405532836914e-01,9.154393315315246804e-01,4.736005514860153198e-02,4.738332889974117279e-02,5.829794883728027344e+00,4.188208842277527211e+00,2.337212208658456802e-05,2.337212208658456802e-05
8.747325897216796875e+00,8.982812404632568359e+00,8.747349739074707031e+00,8.982836246490478516e+00,3.520708084106445312e+00,3.661813807487487971e+00,9.891409873962402344e-01,1.009272015094757169e+00,9.141522049903869629e-01,9.154284358024596946e-01,4.780417680740356445e-02,4.806816801428794722e-02,3.275520086288452148e+00,3.348229956626892267e+00,2.337808109587058425e-05,2.337808109587058425e-05
1.091359329223632812e+01,9.243635940551758523e+00,1.091361713409423828e+01,9.243659782409668679e+00,4.534014701843261719e+00,3.737591767311096103e+00,9.741728305816650391e-01,9.995344698429107222e-01,9.153033494949340820e-01,9.154274702072143777e-01,4.909495636820793152e-02,4.929565154016017636e-02,4.441007614135742188e+00,3.541786718368530096e+00,2.338834747206419706e-05,2.338834747206419706e-05
1.032918643951416016e+01,8.549580478668213246e+00,1.032921028137207031e+01,8.549604320526123402e+00,4.415116786956787109e+00,3.561819791793823242e+00,9.648137092590332031e-01,9.808294177055358887e-01,9.155244231224060059e-01,9.154246807098388450e-01,5.024653300642967224e-02,5.055613480508327345e-02,3.983484506607055664e+00,3.040950489044189631e+00,2.339806451345793903e-05,2.339806451345793903e-05
5.845007896423339844e+00,6.733756732940674006e+00,5.845031261444091797e+00,6.733780097961425959e+00,2.254184246063232422e+00,2.679102826118469061e+00,9.756581187248229980e-01,9.722738504409790261e-01,9.163221716880798340e-01,9.154101252555847390e-01,5.156269669532775879e-02,5.104133374989032468e-02,1.647280573844909668e+00,2.115928542613983332e+00,2.340245919185690582e-05,2.340245919185690582e-05
3.052324295043945312e+00,3.148336052894592285e+00,3.052347660064697266e+00,3.148359417915344238e+00,9.524803757667541504e-01,1.024577510356903032e+00,9.799648523330688477e-01,9.726263165473938432e-01,9.156309366226196289e-01,9.153886616230011430e-01,5.082458630204200745e-02,5.113083608448505679e-02,1.534232497215270996e-01,1.846127033233642689e-01,2.340354330954141915e-05,2.340354330954141915e-05
3.126117229461669922e+00,3.124230861663818359e+00,3.126140594482421875e+00,3.124254226684570312e+00,1.013391971588134766e+00,1.030123305320739702e+00,9.640225172042846680e-01,9.679986774921417458e-01,9.150720238685607910e-01,9.153632104396820512e-01,5.092015862464904785e-02,5.114302411675453186e-02,1.827103048563003540e-01,1.596026450395583995e-01,2.340291757718659937e-05,2.340291757718659937e-05
3.155573606491088867e+00,3.170720839500427157e+00,3.155596971511840820e+00,3.170744204521179110e+00,1.063413858413696289e+00,1.097097444534301802e+00,9.753946065902709961e-01,9.694012224674224409e-01,9.137278795242309570e-01,9.153554975986480935e-01,5.103040859103202820e-02,5.112284980714321136e-02,1.520070582628250122e-01,1.377438545227050726e-01,2.340276114409789443e-05,2.340276114409789443e-05
3.040748596191406250e+00,3.044792342185973943e+00,3.040771961212158203e+00,3.044815707206725897e+00,9.329130053520202637e-01,9.476049959659575972e-01,9.531379938125610352e-01,9.685356974601745383e-01,9.148390889167785645e-01,9.153295636177063432e-01,5.107273906469345093e-02,5.109481029212474545e-02,1.887857466936111450e-01,1.622273236513137873e-01,2.340186620131134987e-05,2.340186620131134987e-05
3.271420478820800781e+00,3.501552057266235529e+00,3.271443843841552734e+00,3.501575422286987482e+00,1.068810701370239258e+00,1.203096163272857622e+00,9.858391284942626953e-01,9.718380630016326682e-01,9.160985946655273438e-01,9.153036832809448020e-01,5.086180567741394043e-02,5.106406062841415544e-02,2.498102039098739624e-01,3.602501273155212513e-01,2.340093851671554148e-05,2.340093851671554148e-05
3.014448165893554688e+00,3.046367454528808416e+00,3.014471530914306641e+00,3.046390819549560369e+00,9.014402031898498535e-01,9.527925968170165572e-01,9.500920772552490234e-01,9.703110396862030251e-01,9.134325981140136719e-01,9.152769505977630393e-01,5.144271254539489746e-02,5.103344693779945235e-02,1.980406045913696289e-01,1.569535106420517079e-01,2.340014543733559549e-05,2.340014543733559549e-05
3.140315532684326172e+00,3.157187867164611639e+00,3.140338897705078125e+00,3.157211232185363592e+00,9.601611495018005371e-01,1.001366275548934981e+00,9.594488739967346191e-01,9.697210669517517534e-01,9.150521755218505859e-01,9.152504384517670122e-01,5.096451938152313232e-02,5.103271044790744920e-02,2.546887099742889404e-01,2.198173359036445507e-01,2.339947241125628352e-05,2.339947241125628352e-05
5.676536083221435547e+00,6.097862672805786310e+00,5.676559448242187500e+00,6.097886037826538264e+00,1.813999414443969727e+00,1.974700009822845548e+00,9.755554795265197754e-01,9.786910653114319070e-01,9.155256152153015137e-01,9.152298986911773238e-01,5.085603892803192139e-02,5.093373283743858615e-02,1.920599341392517090e+00,2.178308033943176181e+00,2.340204446227289736e-05,2.340204446227289736e-05
1.147902870178222656e+01,7.483648633956908824e+00,1.147905254364013672e+01,7.483671998977660778e+00,3.815485954284667969e+00,2.499441194534301580e+00,9.526936411857604980e-01,9.765889465808867964e-01,9.155509471893310547e-01,9.152166426181793657e-01,5.140408873558044434e-02,5.133974738419055939e-02,5.743894577026367188e+00,3.041062211990356534e+00,2.340740320505574346e-05,2.340740320505574346e-05
5.743483543395996094e+00,6.684528064727783381e+00,5.743506908416748047e+00,6.684551429748535334e+00,2.353401422500610352e+00,2.879419946670532138e+00,9.834239482879638672e-01,9.800438284873962402e-01,9.146167635917663574e-01,9.152935206890105979e-01,5.155851691961288452e-02,5.140676721930503845e-02,1.440483093261718750e+00,1.858364045619964600e+00,2.341716390219517052e-05,2.341716390219517052e-05
4.422625064849853516e+00,5.126829719543456676e+00,4.422648429870605469e+00,5.126853084564208629e+00,1.700950145721435547e+00,2.072392344474792480e+00,9.841739535331726074e-01,9.815112709999084251e-01,9.156554937362670898e-01,9.152049183845519797e-01,5.163676291704177856e-02,5.184684805572033206e-02,7.702090144157409668e-01,1.105874407291412398e+00,2.342841980862431228e-05,2.342841980862431228e-05
4.406660556793212891e+00,5.450961685180663707e+00,4.406683921813964844e+00,5.450985050201415660e+00,1.614183306694030762e+00,2.154106521606445224e+00,9.879750609397888184e-01,9.825505554676056130e-01,9.149291515350341797e-01,9.154023647308349165e-01,5.210518836975097656e-02,5.218213237822055817e-02,8.374678492546081543e-01,1.346720099449157715e+00,2.343725282116793096e-05,2.343725282116793096e-05
3.171319961547851562e+00,3.199133777618408114e+00,3.171343326568603516e+00,3.199157142639160067e+00,1.002511143684387207e+00,1.029119598865509078e+00,9.737717509269714355e-01,9.745227336883545144e-01,9.142227172851562500e-01,9.186686754226685014e-01,5.249161645770072937e-02,5.215861275792121887e-02,2.283226698637008667e-01,2.246642157435417286e-01,2.343910455238074064e-05,2.343910455238074064e-05
3.059978246688842773e+00,3.057791638374328436e+00,3.060001611709594727e+00,3.057815003395080389e+00,9.636826515197753906e-01,9.559802830219268355e-01,9.596390724182128906e-01,9.682252585887909380e-01,9.128023982048034668e-01,9.154228270053863525e-01,5.194586515426635742e-02,5.222802869975566586e-02,1.719082146883010864e-01,1.659352406859397888e-01,2.344246058783028275e-05,2.344246058783028275e-05
3.040079355239868164e+00,3.103429388999939142e+00,3.040102720260620117e+00,3.103452754020691096e+00,9.296954274177551270e-01,9.977328062057495561e-01,9.793112874031066895e-01,9.690592586994171143e-01,9.147273898124694824e-01,9.152948260307312012e-01,5.185316130518913269e-02,5.218521244823932925e-02,1.644920259714126587e-01,1.691573247313499506e-01,2.344342465221416205e-05,2.344342465221416205e-05
2.961963415145874023e+00,3.021774911880493075e+00,2.961986780166625977e+00,3.021798276901245028e+00,9.265940785408020020e-01,9.487926065921783447e-01,9.572269916534423828e-01,9.665946364402770996e-01,9.153089523315429688e-01,9.152290940284728560e-01,5.196509137749671936e-02,5.219283252954483310e-02,1.108685657382011414e-01,1.389656633138656727e-01,2.344492349948268384e-05,2.344492349948268384e-05
3.042768955230712891e+00,3.003261852264404119e+00,3.042792320251464844e+00,3.003285217285156072e+00,9.485421180725097656e-01,9.324116289615631548e-01,9.703648090362548828e-01,9.684150397777557817e-01,9.159824848175048828e-01,9.151691973209381548e-01,5.338546633720397949e-02,5.215146765112876892e-02,1.544939577579498291e-01,1.351144924759864752e-01,2.344670429010875523e-05,2.344670429010875523e-05
2.896707296371459961e+00,2.992163801193237216e+00,2.896730661392211914e+00,2.992187166213989169e+00,8.693353533744812012e-01,9.246262907981872559e-01,9.392898678779602051e-01,9.686035633087157759e-01,9.162483811378479004e-01,9.150798320770263672e-01,5.180680006742477417e-02,5.212270729243755063e-02,1.200270727276802063e-01,1.317314103245735279e-01,2.344874701520893723e-05,2.344874701520893723e-05
3.056787729263305664e+00,3.025334119796752930e+00,3.056811094284057617e+00,3.025357484817504883e+00,9.432119727134704590e-01,9.489440739154815230e-01,9.591602087020874023e-01,9.665229797363281694e-01,9.136613011360168457e-01,9.150408864021301047e-01,5.219727754592895508e-02,5.208349712193012515e-02,1.885571926832199097e-01,1.427427262067794689e-01,2.345094617339782417e-05,2.345094617339782417e-05
3.070936918258666992e+00,3.073921751976013361e+00,3.070960283279418945e+00,3.073945116996765314e+00,9.856798648834228516e-01,9.708764553070068359e-01,9.788990020751953125e-01,9.690021395683288130e-01,9.136777520179748535e-01,9.150244832038879617e-01,5.264881998300552368e-02,5.203946754336356839e-02,1.400316208600997925e-01,1.669792428612709156e-01,2.345354005228728056e-05,2.345354005228728056e-05
3.026772022247314453e+00,3.004543447494506747e+00,3.026795387268066406e+00,3.004566812515258700e+00,9.385263323783874512e-01,9.306616008281707320e-01,9.629732370376586914e-01,9.691193222999572310e-01,9.152795076370239258e-01,9.150837957859039307e-01,5.186233669519424438e-02,5.200145728886127611e-02,1.581306457519531250e-01,1.376772567629814259e-01,2.345626126043498516e-05,2.345626126043498516e-05
3.019629001617431641e+00,3.028027582168578924e+00,3.019652366638183594e+00,3.028050947189330877e+00,9.463018774986267090e-01,9.432940959930420366e-01,9.685307145118713379e-01,9.679541707038878950e-01,9.161500930786132812e-01,9.293664634227752908e-01,5.167641490697860718e-02,5.196708850562572340e-02,1.369698494672775269e-01,1.354456827044487055e-01,2.345820030313916504e-05,2.345820030313916504e-05
2.991219997406005859e+00,3.001640558242797852e+00,2.991243362426757812e+00,3.001663923263549805e+00,9.301631450653076172e-01,9.342264592647552268e-01,9.682617187500000000e-01,9.684060096740723100e-01,9.146106243133544922e-01,9.156746685504912886e-01,5.187847092747688293e-02,5.196579173207283020e-02,1.263059973716735840e-01,1.313676014542579651e-01,2.345888424315489829e-05,2.345888424315489829e-05
3.007556200027465820e+00,3.016948461532592773e+00,3.007579565048217773e+00,3.016971826553344727e+00,9.601687788963317871e-01,9.528076112270355003e-01,9.708771705627441406e-01,9.674451828002930132e-01,9.140202999114990234e-01,9.152974486351013184e-01,5.177541822195053101e-02,5.195491984486579756e-02,1.107145175337791443e-01,1.294433236122131403e-01,2.346094152017030865e-05,2.346094152017030865e-05
3.013956785202026367e+00,2.996342229843139471e+00,3.013980150222778320e+00,2.996365594863891424e+00,9.236872196197509766e-01,9.283733546733856645e-01,9.704342484474182129e-01,9.674988865852356401e-01,9.140129089355468750e-01,9.175146639347075972e-01,5.208721011877059937e-02,5.189122073352336884e-02,1.537350714206695557e-01,1.310640946030616760e-01,2.346276960452087224e-05,2.346276960452087224e-05
3.193276405334472656e+00,3.354711604118347346e+00,3.193299770355224609e+00,3.354734969139099299e+00,1.021479487419128418e+00,1.103591060638427823e+00,9.815550446510314941e-01,9.660420000553131548e-01,9.168290495872497559e-01,9.148315787315368652e-01,5.264151468873023987e-02,5.186753459274769107e-02,2.207710742950439453e-01,3.183794468641281128e-01,2.346444671275094151e-05,2.346444671275094151e-05
3.563646316528320312e+00,3.677681946754455478e+00,3.563669681549072266e+00,3.677705311775207431e+00,1.199393033981323242e+00,1.228275513648986905e+00,9.821024537086486816e-01,9.814273893833160844e-01,9.136604070663452148e-01,9.148260295391082986e-01,5.162893980741500854e-02,5.180634446442126950e-02,4.168617725372314453e-01,5.013465970754623635e-01,2.346489782212302089e-05,2.346489782212302089e-05
3.335736274719238281e+00,3.317027831077575595e+00,3.335759639739990234e+00,3.317051196098327548e+00,1.064316749572753906e+00,1.077718091011047319e+00,9.711744785308837891e-01,9.711315631866455078e-01,9.153292775154113770e-01,9.147693157196045144e-01,5.206741020083427429e-02,5.180924460291862210e-02,3.328483104705810547e-01,3.015996605157852395e-01,2.346591281821019948e-05,2.346591281821019948e-05
3.374147653579711914e+00,3.342510795593261808e+00,3.374171018600463867e+00,3.342534160614013761e+00,1.094040632247924805e+00,1.092234802246093706e+00,9.630821943283081055e-01,9.732690274715423140e-01,9.153577685356140137e-01,9.147383213043213113e-01,5.178030207753181458e-02,5.177504532039165636e-02,3.498869240283966064e-01,3.104935675859451516e-01,2.346641849726438522e-05,2.346641849726438522e-05
3.408692359924316406e+00,3.640871453285217108e+00,3.408715724945068359e+00,3.640894818305969061e+00,1.116439223289489746e+00,1.227639997005462558e+00,9.722406268119812012e-01,9.652057886123657227e-01,9.145516753196716309e-01,9.147306561470032182e-01,5.234413594007492065e-02,5.180444419384002547e-02,3.531166613101959229e-01,4.814905256032943615e-01,2.346572910028044134e-05,2.346572910028044134e-05
3.078783512115478516e+00,3.153284001350402654e+00,3.078806877136230469e+00,3.153307366371154608e+00,9.730540513992309570e-01,1.009955579042434604e+00,9.681410193443298340e-01,9.717336654663085715e-01,9.124043583869934082e-01,9.153937280178070512e-01,5.156806856393814087e-02,5.178870037198066850e-02,1.736161112785339355e-01,2.044123515486717113e-01,2.346715336898341775e-05,2.346715336898341775e-05
3.181718587875366211e+00,3.303676199913025080e+00,3.181741952896118164e+00,3.303699564933777033e+00,1.019497632980346680e+00,1.089053738117218062e+00,9.823774695396423340e-01,9.834517478942871316e-01,9.134443402290344238e-01,9.148371517658233643e-01,5.152437090873718262e-02,5.178529918193817277e-02,2.148747146129608154e-01,2.645482301712036022e-01,2.346942164876963943e-05,2.346942164876963943e-05
3.284544706344604492e+00,3.186907267570495694e+00,3.284568071365356445e+00,3.186930632591247647e+00,1.071825981140136719e+00,1.027548384666442827e+00,9.840063452720642090e-01,9.804914295673370361e-01,9.135912656784057617e-01,9.212042033672332986e-01,5.151296034455299377e-02,5.179683640599250932e-02,2.636080086231231689e-01,2.058664187788963318e-01,2.346973633393645287e-05,2.346973633393645287e-05
3.348938226699829102e+00,3.704895234107971280e+00,3.348961591720581055e+00,3.704918599128723233e+00,1.086837530136108398e+00,1.271320760250091553e+00,9.857987165451049805e-01,9.833909213542938454e-01,9.140490293502807617e-01,9.146911978721619096e-01,5.169159173965454102e-02,5.178989134728908400e-02,3.105614185333251953e-01,4.837024688720703014e-01,2.347351801290642470e-05,2.347351801290642470e-05
3.513265609741210938e+00,3.644945335388183771e+00,3.513288974761962891e+00,3.644968700408935725e+00,1.008564472198486328e+00,1.080278599262237460e+00,9.694309830665588379e-01,9.695532798767090288e-01,9.157623052597045898e-01,9.153086423873901811e-01,5.311276018619537354e-02,5.374650843441486359e-02,5.663949847221374512e-01,6.260582864284515159e-01,2.347764166188426316e-05,2.347764166188426316e-05
3.202626228332519531e+00,3.196607494354247958e+00,3.202649593353271484e+00,3.196630859374999911e+00,9.979984164237976074e-01,1.003858309984207109e+00,9.888269901275634766e-01,9.671431601047515425e-01,9.158558249473571777e-01,9.207093298435211626e-01,5.684525519609451294e-02,5.950597599148750583e-02,2.430996447801589966e-01,2.453907206654548645e-01,2.348333873669616878e-05,2.348333873669616878e-05
4.178637027740478516e+00,4.878716850280762074e+00,4.178660392761230469e+00,4.878740215301514027e+00,1.503974556922912598e+00,1.746723663806915239e+00,9.899937510490417480e-01,9.937741219997405784e-01,9.242706298828125000e-01,1.005168247222900435e+00,6.881695985794067383e-02,6.017785035073756894e-02,6.915811896324157715e-01,1.072872900962829501e+00,2.348784619243815541e-05,2.348784619243815541e-05
3.127825260162353516e+00,3.294225740432739080e+00,3.127848863601684570e+00,3.294249343872070135e+00,9.976401329040527344e-01,1.049992525577545077e+00,9.858685135841369629e-01,9.737579584121703880e-01,9.145815968513488770e-01,9.840438127517699973e-01,5.841301754117012024e-02,6.030311882495879849e-02,1.713221818208694458e-01,2.261283680796623285e-01,2.349215719732455909e-05,2.349215719732455909e-05
2.978200912475585938e+00,3.065809178352355779e+00,2.978224515914916992e+00,3.065832781791686834e+00,9.382805824279785156e-01,9.269053041934967041e-01,9.690167307853698730e-01,9.678138434886932595e-01,9.152906537055969238e-01,9.807661771774291992e-01,5.754131078720092773e-02,6.069340072572231015e-02,9.807155281305313110e-02,1.296304546296596638e-01,2.349510396015830338e-05,2.349510396015830338e-05
3.082681894302368164e+00,3.035801362991333185e+00,3.082705497741699219e+00,3.035824966430664240e+00,9.751631021499633789e-01,9.471834480762482134e-01,9.864687323570251465e-01,9.669144451618194580e-01,9.165145754814147949e-01,9.260733187198638694e-01,5.809438601136207581e-02,6.104729361832141737e-02,1.464410424232482910e-01,1.345828771591186523e-01,2.349667011003475636e-05,2.349667011003475636e-05
2.974596500396728516e+00,3.043637323379516424e+00,2.974620103836059570e+00,3.043660926818847479e+00,9.212012887001037598e-01,9.372662127017974409e-01,9.654181599617004395e-01,9.662392318248749223e-01,9.204284548759460449e-01,9.333364605903625710e-01,5.869592353701591492e-02,6.105091720819473544e-02,1.088525801897048950e-01,1.457445591688156239e-01,2.349827263969928026e-05,2.349827263969928026e-05
3.055205106735229492e+00,3.045969223976135343e+00,3.055228710174560547e+00,3.045992827415466397e+00,9.441437125205993652e-01,9.303720951080322044e-01,9.874681830406188965e-01,9.895469963550567183e-01,9.153445363044738770e-01,9.309635341167450395e-01,5.777076631784439087e-02,6.100942976772785048e-02,1.504779756069183350e-01,1.340771660208702198e-01,2.349994247197173536e-05,2.349994247197173536e-05
3.042853355407714844e+00,3.042628192901611239e+00,3.042876958847045898e+00,3.042651796340942294e+00,9.518566727638244629e-01,9.403991341590881570e-01,9.847249388694763184e-01,9.731674194335937500e-01,9.269674420356750488e-01,9.318777740001678023e-01,5.963549762964248657e-02,6.096821017563343326e-02,1.196690648794174194e-01,1.362157166004180908e-01,2.350119575567077845e-05,2.350119575567077845e-05
2.973254203796386719e+00,3.108304286003112704e+00,2.973277807235717773e+00,3.108327889442443759e+00,9.113044142723083496e-01,9.335358858108520064e-01,9.707849025726318359e-01,9.686186730861663374e-01,9.158656001091003418e-01,1.013434952497482389e+00,5.821725726127624512e-02,6.094826720654964586e-02,1.170817986130714417e-01,1.317664876580238453e-01,2.350299655518028885e-05,2.350299655518028885e-05
3.017075538635253906e+00,3.001134514808654785e+00,3.017099142074584961e+00,3.001158118247985840e+00,9.500877261161804199e-01,9.209773361682891402e-01,9.507030248641967773e-01,9.673714339733123779e-01,9.158758521080017090e-01,9.265609860420227495e-01,5.775963142514228821e-02,6.090119369328021726e-02,1.426493078470230103e-01,1.253235943615436665e-01,2.350571958231739700e-05,2.350571958231739700e-05
3.056184768676757812e+00,3.102174472808838068e+00,3.056208372116088867e+00,3.102198076248169123e+00,9.601019024848937988e-01,9.791606128215789573e-01,9.817693829536437988e-01,9.675293505191803201e-01,9.158099293708801270e-01,9.252998352050780806e-01,5.765041708946228027e-02,6.088877767324447909e-02,1.408530771732330322e-01,1.692958891391754261e-01,2.350709473830647767e-05,2.350709473830647767e-05
2.962388277053833008e+00,3.018585658073425382e+00,2.962411880493164062e+00,3.018609261512756436e+00,9.350962042808532715e-01,9.380113065242767778e-01,9.707206487655639648e-01,9.666180312633514404e-01,9.149408340454101562e-01,9.289662122726440874e-01,5.756707862019538879e-02,6.083302982151508193e-02,8.406347036361694336e-02,1.241570316255092565e-01,2.350890645175240934e-05,2.350890645175240934e-05
3.046630620956420898e+00,3.026120924949645907e+00,3.046654224395751953e+00,3.026144528388976962e+00,9.659421443939208984e-01,9.456364333629607710e-01,9.556111693382263184e-01,9.666573405265808105e-01,9.156990051269531250e-01,9.238656759262084961e-01,5.846057832241058350e-02,6.076984815299511095e-02,1.509178131818771362e-01,1.291916050016879980e-01,2.351104194531217217e-05,2.351104194531217217e-05
3.061745166778564453e+00,3.225351786613464444e+00,3.061768770217895508e+00,3.225375390052795499e+00,9.625779986381530762e-01,9.867083370685577615e-01,9.564826488494873047e-01,9.657698452472687212e-01,9.146293401718139648e-01,1.030340617895126432e+00,5.773488804697990417e-02,6.074229367077350894e-02,1.703200042247772217e-01,1.817907333374023382e-01,2.351313378312624991e-05,2.351313378312624991e-05
3.006889581680297852e+00,3.178032350540161310e+00,3.006913185119628906e+00,3.178055930137634100e+00,9.367375373840332031e-01,9.418159365653991921e-01,9.822840690612792969e-01,9.710749685764312744e-01,9.137170314788818359e-01,1.079622840881347745e+00,7.230369001626968384e-02,6.068135276436805586e-02,1.018471047282218933e-01,1.248373173177242251e-01,2.351556031499058008e-05,2.351556031499058008e-05
2.953036308288574219e+00,2.999131035804748713e+00,2.953059911727905273e+00,2.999154639244079767e+00,8.960501551628112793e-01,9.236494660377502219e-01,9.577893018722534180e-01,9.699802517890929732e-01,9.282504320144653320e-01,9.238610744476318803e-01,5.910471454262733459e-02,6.063708811998367448e-02,1.118418350815773010e-01,1.210031494498252924e-01,2.351735929551068693e-05,2.351735929551068693e-05
3.050849676132202148e+00,3.190706753730773837e+00,3.050873279571533203e+00,3.190730357170104892e+00,9.544281363487243652e-01,1.091962659358978183e+00,9.807167053222656250e-01,9.683424532413482666e-01,9.151366949081420898e-01,9.302076637744903786e-01,5.722962692379951477e-02,6.057792901992797852e-02,1.433383971452713013e-01,1.396160215139388983e-01,2.352007868466898799e-05,2.352007868466898799e-05
3.058377981185913086e+00,3.054108500480651855e+00,3.058401584625244141e+00,3.054132103919982910e+00,9.893934130668640137e-01,9.639954805374145730e-01,9.603869915008544922e-01,9.673228800296783669e-01,9.141747355461120605e-01,9.256452262401581033e-01,5.761568248271942139e-02,6.057259216904640337e-02,1.368069052696228027e-01,1.365722656249999944e-01,2.352135561523027718e-05,2.352135561523027718e-05
3.354405641555786133e+00,3.359032177925109774e+00,3.354429244995117188e+00,3.359055781364440829e+00,1.211637020111083984e+00,1.219352781772613525e+00,9.760368466377258301e-01,9.690975427627563921e-01,9.142919778823852539e-01,9.222860157489776167e-01,5.908096581697463989e-02,6.058820299804210802e-02,1.933586597442626953e-01,1.877076476812362671e-01,2.352527917537372559e-05,2.352527917537372559e-05
3.013377666473388672e+00,3.052299952507019132e+00,3.013401269912719727e+00,3.052323555946350186e+00,9.760642051696777344e-01,9.895989000797271729e-01,9.578160047531127930e-01,9.698682963848114236e-01,9.139146208763122559e-01,9.235318362712859885e-01,6.529773771762847900e-02,6.048666723072528700e-02,1.002850830554962158e-01,1.088141754269599942e-01,2.353056333959102631e-05,2.353056333959102631e-05
2.981646537780761719e+00,3.015013670921325772e+00,2.981670141220092773e+00,3.015037274360656827e+00,9.499068856239318848e-01,9.488383471965790017e-01,9.789794087409973145e-01,9.685670435428619385e-01,9.140077233314514160e-01,9.265935182571410911e-01,5.731589347124099731e-02,6.046872586011886597e-02,8.143656700849533081e-02,1.105460643768310519e-01,2.353394665988162160e-05,2.353394665988162160e-05
2.998929023742675781e+00,3.000735402107238770e+00,2.998952627182006836e+00,3.000759005546569824e+00,9.467327594757080078e-01,9.375342130661010742e-01,9.706490039825439453e-01,9.683282971382141113e-01,9.140821695327758789e-01,9.289363205432892290e-01,5.737909302115440369e-02,6.039742007851600647e-02,1.100862473249435425e-01,1.055392116308212225e-01,2.353603122173808515e-05,2.353603122173808515e-05
4.535376548767089844e+00,3.897952580451965243e+00,4.535399913787841797e+00,3.897976183891296298e+00,1.612142801284790039e+00,1.312884247303009122e+00,9.441637396812438965e-01,9.726812779903412087e-01,9.139110445976257324e-01,9.243429541587829812e-01,5.976266413927078247e-02,6.035138182342052182e-02,1.005396366119384766e+00,6.276927471160889116e-01,2.353754643991123885e-05,2.353754643991123885e-05
3.465076923370361328e+00,3.423727965354919522e+00,3.465100526809692383e+00,3.423751568794250577e+00,1.119646310806274414e+00,1.083880972862243608e+00,9.669218659400939941e-01,9.831594765186310036e-01,9.132066369056701660e-01,9.226148784160613792e-01,5.772446095943450928e-02,6.079069264233112613e-02,4.075777530670166016e-01,3.732820212841033714e-01,2.355080141569487751e-05,2.355080141569487751e-05
1.077570915222167969e+01,2.298979835510253977e+01,1.077573299407958984e+01,2.298982124328613352e+01,4.422287464141845703e+00,9.915487957000731711e+00,1.002609729766845703e+00,1.004372501373290927e+00,9.159198403358459473e-01,9.277362048625945601e-01,5.866108089685440063e-02,6.181248873472213606e-02,4.376231193542480469e+00,1.108038864135742152e+01,2.356836921535432339e-05,2.356836921535432339e-05
2.591859054565429688e+01,2.298279743194580149e+01,2.591861343383789062e+01,2.298282032012939524e+01,1.130392646789550781e+01,9.986680412292480824e+00,9.733209013938903809e-01,1.004206150770187378e+00,9.358087182044982910e-01,9.277147352695465088e-01,6.162117794156074524e-02,6.348590254783630094e-02,1.264391326904296875e+01,1.100071010589599574e+01,2.359169229748658836e-05,2.359169229748658836e-05
3.198438167572021484e+00,3.306454229354858221e+00,3.198461771011352539e+00,3.306477832794189275e+00,1.028757333755493164e+00,1.068213939666748047e+00,9.710363745689392090e-01,9.724619925022125466e-01,9.153615832328796387e-01,9.637624084949493186e-01,6.330195069313049316e-02,6.604041680693625849e-02,2.199808061122894287e-01,2.359754323959350475e-01,2.361584483878687024e-05,2.361584483878687024e-05
3.908229827880859375e+00,3.583132982254028320e+00,3.908253431320190430e+00,3.583156585693359375e+00,1.322671294212341309e+00,1.170016527175903320e+00,9.596925377845764160e-01,9.713303983211517556e-01,9.137549996376037598e-01,9.543488383293151633e-01,6.299635767936706543e-02,6.644615978002547940e-02,6.491145491600036621e-01,4.209910511970519909e-01,2.361953011131845415e-05,2.361953011131845415e-05
3.055303573608398438e+00,3.067693233489990234e+00,3.055327177047729492e+00,3.067716836929321289e+00,9.519063830375671387e-01,9.409271836280822532e-01,9.730619788169860840e-01,9.739544212818145308e-01,9.197230339050292969e-01,9.358318805694579856e-01,7.330895960330963135e-02,6.703631505370140353e-02,1.373032480478286743e-01,1.499434456229210011e-01,2.362679697398561984e-05,2.362679697398561984e-05
3.288528919219970703e+00,3.237185359001159668e+00,3.288552522659301758e+00,3.237208962440490723e+00,1.057520508766174316e+00,1.019350624084472745e+00,9.523827433586120605e-01,9.751317799091339111e-01,9.233164191246032715e-01,9.333710491657256636e-01,7.612286508083343506e-02,6.727641895413398465e-02,2.791863679885864258e-01,2.420554414391517528e-01,2.363220846746116877e-05,2.363220846746116877e-05
3.930385351181030273e+00,4.120723581314086559e+00,3.930408954620361328e+00,4.120747423171996715e+00,1.444484353065490723e+00,1.514364957809448242e+00,9.928800463676452637e-01,9.769861638545990212e-01,9.155703783035278320e-01,9.502647161483764870e-01,7.005149126052856445e-02,6.772342473268508356e-02,5.073990821838378906e-01,6.113842725753784180e-01,2.363622479606419802e-05,2.363622479606419802e-05
3.909224033355712891e+00,3.990074896812438876e+00,3.909247636795043945e+00,3.990098595619201660e+00,1.389231204986572266e+00,1.400554990768432706e+00,1.000386953353881836e+00,9.819803118705749956e-01,9.146055579185485840e-01,9.616500318050384966e-01,6.593336164951324463e-02,6.770119294524193365e-02,5.390669107437133789e-01,5.781884312629699263e-01,2.363730527576990426e-05,2.363730527576990426e-05
3.683579921722412109e+00,4.310903978347778498e+00,3.683603525161743164e+00,4.310927820205688654e+00,1.263184785842895508e+00,1.547536265850067094e+00,9.805308580398559570e-01,9.693655669689178467e-01,9.151362180709838867e-01,9.783719062805176225e-01,6.365269422531127930e-02,6.713709682226180753e-02,4.610751271247863770e-01,7.484931647777557373e-01,2.363732710364274681e-05,2.363732710364274681e-05
3.324974775314331055e+00,3.379447865486144842e+00,3.324998378753662109e+00,3.379471468925475897e+00,1.083424925804138184e+00,1.071730399131774814e+00,9.691570997238159180e-01,9.725227594375610574e-01,9.147084355354309082e-01,9.425106346607208252e-01,6.305755674839019775e-02,6.666159033775329035e-02,2.946266233921051025e-01,3.260225564241409080e-01,2.363801468163728714e-05,2.363801468163728714e-05
3.425196647644042969e+00,3.596359920501709162e+00,3.425220251083374023e+00,3.596383523941040217e+00,1.104609131813049316e+00,1.193676865100860685e+00,9.852913618087768555e-01,9.731373190879821777e-01,9.156609773635864258e-01,9.298387706279754861e-01,6.821390986442565918e-02,6.660091280937194269e-02,3.514214456081390381e-01,4.331060707569122092e-01,2.364015745115466416e-05,2.364015745115466416e-05
3.002455711364746094e+00,3.040256547927856268e+00,3.002479314804077148e+00,3.040280151367187322e+00,9.369761943817138672e-01,9.328367590904236284e-01,9.429705739021301270e-01,9.672819912433624490e-01,9.185532927513122559e-01,9.456894099712371826e-01,6.506937742233276367e-02,6.653566733002662381e-02,1.388861387968063354e-01,1.279127366840839275e-01,2.364169449720066041e-05,2.364169449720066041e-05
3.005140781402587891e+00,3.065424108505248935e+00,3.005164384841918945e+00,3.065447711944579989e+00,9.347468614578247070e-01,9.688972353935241255e-01,9.826093316078186035e-01,9.677926659584045188e-01,9.159175157546997070e-01,9.412945985794067827e-01,6.288640946149826050e-02,6.644622460007668097e-02,1.089803576469421387e-01,1.209933839738368960e-01,2.364247484365478158e-05,2.364247484365478158e-05
2.997529983520507812e+00,3.015388798713684260e+00,2.997553586959838867e+00,3.015412402153015314e+00,9.172971844673156738e-01,9.261501669883728249e-01,9.606631398200988770e-01,9.671316266059875044e-01,9.153789877891540527e-01,9.432415306568145974e-01,6.292995065450668335e-02,6.641701683402061185e-02,1.412608176469802856e-01,1.124484956264495822e-01,2.364259671594481915e-05,2.364259671594481915e-05
2.998777866363525391e+00,3.017853021621704102e+00,2.998801469802856445e+00,3.017876625061035156e+00,9.216715693473815918e-01,9.233250737190246138e-01,9.846325516700744629e-01,9.682626128196716309e-01,9.144284129142761230e-01,9.463556170463561790e-01,6.683959066867828369e-02,6.636626869440079290e-02,1.112055405974388123e-01,1.135434582829475403e-01,2.364221290918067098e-05,2.364221290918067098e-05
3.035896539688110352e+00,3.073335099220275701e+00,3.035920143127441406e+00,3.073358702659606756e+00,9.090042114257812500e-01,9.534417569637299028e-01,9.839703440666198730e-01,9.682186007499694602e-01,9.157641530036926270e-01,9.421744883060455544e-01,6.285310536623001099e-02,6.603419184684752863e-02,1.643048226833343506e-01,1.434660643339157049e-01,2.364193642279133201e-05,2.364193642279133201e-05
3.521718025207519531e+00,3.496134185791015536e+00,3.521741628646850586e+00,3.496157789230346591e+00,1.177770256996154785e+00,1.153673028945922940e+00,9.687368273735046387e-01,9.712792515754700151e-01,9.170264005661010742e-01,9.252552986145019531e-01,6.465587764978408813e-02,6.561709791421890814e-02,3.935288488864898682e-01,3.803095042705536000e-01,2.364209285588003695e-05,2.364209285588003695e-05
2.987418889999389648e+00,3.064140391349792658e+00,2.987442493438720703e+00,3.064163994789123713e+00,9.290981888771057129e-01,9.383489012718200240e-01,9.777826070785522461e-01,9.658679544925690141e-01,9.158033728599548340e-01,9.663334071636200395e-01,6.269156932830810547e-02,6.544011682271957953e-02,1.020428985357284546e-01,1.281499549746513422e-01,2.364273132116068155e-05,2.364273132116068155e-05
2.989041328430175781e+00,3.011056256294250666e+00,2.989064931869506836e+00,3.011079859733581721e+00,9.462161064147949219e-01,9.312776625156402588e-01,9.522593617439270020e-01,9.677644550800323930e-01,9.176018834114074707e-01,9.301170885562897173e-01,7.530618458986282349e-02,6.535319536924362460e-02,9.765786677598953247e-02,1.165437944233417566e-01,2.364252213737927377e-05,2.364252213737927377e-05
3.042665958404541016e+00,3.035992860794067383e+00,3.042689561843872070e+00,3.036016464233398438e+00,9.654246568679809570e-01,9.419076979160309060e-01,9.858253002166748047e-01,9.672021269798278809e-01,9.162412881851196289e-01,9.421735167503356712e-01,6.608154624700546265e-02,6.524562314152718145e-02,1.090932935476303101e-01,1.194639384746551541e-01,2.364162901358213276e-05,2.364162901358213276e-05
2.987180709838867188e+00,3.105270147323608398e+00,2.987204313278198242e+00,3.105293750762939453e+00,9.317498207092285156e-01,9.365407288074493186e-01,9.597510695457458496e-01,9.658879518508911577e-01,9.293131828308105469e-01,1.019182193279266402e+00,6.998825818300247192e-02,6.772500202059746066e-02,9.637843072414398193e-02,1.159343287348747198e-01,2.364172542002052069e-05,2.364172542002052069e-05
3.004110574722290039e+00,2.994615077972412109e+00,3.004134178161621094e+00,2.994638681411743164e+00,9.109255671501159668e-01,9.279647409915924294e-01,9.728146195411682129e-01,9.719766795635222945e-01,9.156740903854370117e-01,9.248301982879638672e-01,8.104738593101501465e-02,6.800407022237778265e-02,1.236491501331329346e-01,1.018393337726593018e-01,2.364148349442984909e-05,2.364148349442984909e-05
3.038629770278930664e+00,3.049601364135742010e+00,3.038653373718261719e+00,3.049624967575073065e+00,9.572703838348388672e-01,9.340629160404205766e-01,9.774923920631408691e-01,9.683252573013305664e-01,9.145998954772949219e-01,9.561243891716003640e-01,8.679496496915817261e-02,6.808477863669396002e-02,1.024722829461097717e-01,1.230040088295936557e-01,2.364140527788549662e-05,2.364140527788549662e-05
2.943691015243530273e+00,3.052861499786376775e+00,2.943714618682861328e+00,3.052885103225707830e+00,9.098131060600280762e-01,9.301925420761107954e-01,9.357185959815979004e-01,9.667694211006164773e-01,9.155051708221435547e-01,9.726550459861755815e-01,6.987207382917404175e-02,6.811912581324577887e-02,1.127819418907165527e-01,1.151253938674926813e-01,2.364123429288156331e-05,2.364123429288156331e-05
2.991391420364379883e+00,3.020694708824157804e+00,2.991415023803710938e+00,3.020718312263488858e+00,9.447490572929382324e-01,9.270341217517852339e-01,9.769241809844970703e-01,9.654142081737517866e-01,9.166520237922668457e-01,9.602355897426605447e-01,6.117668747901916504e-02,6.811993494629860202e-02,9.188932180404663086e-02,9.989082217216491144e-02,2.364210558880586177e-05,2.364210558880586177e-05
2.968248605728149414e+00,3.175570392608642489e+00,2.968272209167480469e+00,3.175594019889831365e+00,9.116964936256408691e-01,9.191120564937591553e-01,9.606401920318603516e-01,9.673260927200317827e-01,9.173200726509094238e-01,1.121131265163421542e+00,7.192530483007431030e-02,6.797223016619682867e-02,1.066664531826972961e-01,1.000287927687168177e-01,2.364247484365478158e-05,2.364247484365478158e-05
3.119730472564697266e+00,3.258255434036255060e+00,3.119754076004028320e+00,3.258279037475586115e+00,9.863909482955932617e-01,1.053483390808105380e+00,9.785398244857788086e-01,9.684331238269805464e-01,9.169533848762512207e-01,9.253655254840851274e-01,6.824794411659240723e-02,6.717181429266930182e-02,1.695982366800308228e-01,2.438015803694724981e-01,2.364256215514615178e-05,2.364256215514615178e-05
3.071102142333984375e+00,3.107507419586181818e+00,3.071125745773315430e+00,3.107531023025512873e+00,9.880576133728027344e-01,9.808143019676208718e-01,9.700201153755187988e-01,9.680762887001037598e-01,9.166848063468933105e-01,9.352037966251373069e-01,6.040018796920776367e-02,6.480448693037033081e-02,1.359393745660781860e-01,1.586085692048072870e-01,2.364239298913162202e-05,2.364239298913162202e-05
2.994985103607177734e+00,3.087864828109741389e+00,2.995008707046508789e+00,3.087888431549072443e+00,9.424439072608947754e-01,9.449388742446899192e-01,9.668611288070678711e-01,9.665716171264648882e-01,9.176996350288391113e-01,1.002045094966888428e+00,7.032829523086547852e-02,6.419385820627213080e-02,9.765212982892990112e-02,1.101153895258903531e-01,2.364235842833295465e-05,2.364235842833295465e-05
3.108402729034423828e+00,3.152586412429809748e+00,3.108426332473754883e+00,3.152610015869140803e+00,1.008366465568542480e+00,1.025954532623291060e+00,9.808275103569030762e-01,9.746335864067077193e-01,9.173222780227661133e-01,9.368675827980041948e-01,6.191378086805343628e-02,6.409723684191703796e-02,1.399728059768676758e-01,1.510334700345992986e-01,2.364261308684945107e-05,2.364261308684945107e-05
3.090243816375732422e+00,3.049273800849914728e+00,3.090267419815063477e+00,3.049297404289245783e+00,9.853994846343994141e-01,9.603839516639709473e-01,9.723478555679321289e-01,9.673104286193847656e-01,9.305121898651123047e-01,9.317548930644988792e-01,7.192166149616241455e-02,6.405190154910087030e-02,1.300629377365112305e-01,1.257726855576038472e-01,2.363822204642929137e-05,2.363822204642929137e-05
2.988777875900268555e+00,3.137979269027709961e+00,2.988801479339599609e+00,3.138002896308898837e+00,9.471752047538757324e-01,9.394141733646392822e-01,9.749289155006408691e-01,9.668006479740143266e-01,9.156785607337951660e-01,1.069555544853210360e+00,5.969223007559776306e-02,6.396782547235488336e-02,9.130317717790603638e-02,9.824108928442001898e-02,2.363343446631915867e-05,2.363343446631915867e-05
3.531921863555908203e+00,4.012120509147644398e+00,3.531945466995239258e+00,4.012144160270691096e+00,1.050256729125976562e+00,1.098481357097625732e+00,9.636799097061157227e-01,9.689339756965636985e-01,9.471799731254577637e-01,1.340135598182678134e+00,7.178121805191040039e-02,7.962900474667548856e-02,4.990241825580596924e-01,5.249405175447463545e-01,2.362809755140915513e-05,2.362809755140915513e-05
3.411665678024291992e+00,3.590527272224426358e+00,3.411689281463623047e+00,3.590550875663757413e+00,9.712250828742980957e-01,1.008987402915954679e+00,9.660981893539428711e-01,9.647927045822143333e-01,9.185916781425476074e-01,9.578574299812316895e-01,8.637148886919021606e-02,7.894861847162246149e-02,4.693790972232818604e-01,5.799410879611969216e-01,2.362847590120509267e-05,2.362847590120509267e-05
3.048140048980712891e+00,3.188184356689453214e+00,3.048163652420043945e+00,3.188207960128784269e+00,9.654558897018432617e-01,9.389222323894500510e-01,9.562599062919616699e-01,9.624976456165313943e-01,9.269333481788635254e-01,1.090013182163238614e+00,6.997652351856231689e-02,7.789530456066132147e-02,1.295143514871597290e-01,1.188560582697391482e-01,2.362847953918389976e-05,2.362847953918389976e-05
2.834498643875122070e+00,2.979208970069885165e+00,2.834522247314453125e+00,2.979232573509216220e+00,8.232367038726806641e-01,8.632370531558990479e-01,9.361405968666076660e-01,9.635468900203705278e-01,9.179189205169677734e-01,9.943554878234863725e-01,7.255772501230239868e-02,7.784780710935593206e-02,8.464474976062774658e-02,8.022174537181854526e-02,2.362810118938796222e-05,2.362810118938796222e-05
2.914925813674926758e+00,3.062665462493896484e+00,2.914949417114257812e+00,3.062689065933227539e+00,8.950212001800537109e-01,8.743262648582458274e-01,9.665827751159667969e-01,9.607486248016356978e-01,9.173325300216674805e-01,1.070668113231658891e+00,6.249609589576721191e-02,7.740447148680687506e-02,7.349314540624618530e-02,7.951797917485237122e-02,2.362845589232165366e-05,2.362845589232165366e-05
2.977561712265014648e+00,3.202080941200256436e+00,2.977585315704345703e+00,3.202104568481445312e+00,9.408072829246520996e-01,8.984026372432708518e-01,9.670331478118896484e-01,9.589502394199371782e-01,9.208418726921081543e-01,1.180348730087280362e+00,6.952457129955291748e-02,7.648510932922363004e-02,7.935469597578048706e-02,8.789420127868652344e-02,2.362867599003948271e-05,2.362867599003948271e-05
2.953913927078247070e+00,3.008737039566040217e+00,2.953937530517578125e+00,3.008760643005371271e+00,8.648613691329956055e-01,8.713042199611663596e-01,9.586822390556335449e-01,9.582534313201904741e-01,9.216235280036926270e-01,9.956456780433654563e-01,1.016305312514305115e-01,7.634846270084380548e-02,1.071164533495903015e-01,1.071852363646030454e-01,2.362924169574398547e-05,2.362924169574398547e-05
2.802211761474609375e+00,2.922274732589721591e+00,2.802235364913940430e+00,2.922298336029052646e+00,7.897594571113586426e-01,8.484388053417205589e-01,9.441488385200500488e-01,9.594401180744170921e-01,9.250254631042480469e-01,9.693448722362518755e-01,7.441987097263336182e-02,7.628956809639930725e-02,6.885807961225509644e-02,6.876140460371971130e-02,2.362912164244335145e-05,2.362912164244335145e-05
2.866159200668334961e+00,2.936613273620605646e+00,2.866182804107666016e+00,2.936636877059936701e+00,8.356757164001464844e-01,8.834621191024780718e-01,9.547927379608154297e-01,9.603680789470672163e-01,9.248830676078796387e-01,9.418815374374389648e-01,6.847986578941345215e-02,7.717324271798134405e-02,8.232795447111129761e-02,7.372828423976898748e-02,2.363030034757684916e-05,2.363030034757684916e-05
2.894255399703979492e+00,3.078335762023925781e+00,2.894279003143310547e+00,3.078359365463256836e+00,8.714605569839477539e-01,8.633503258228302224e-01,9.405958652496337891e-01,9.595329344272613969e-01,9.210970997810363770e-01,1.094527596235275180e+00,6.576123088598251343e-02,7.735696285963059027e-02,9.534040093421936035e-02,8.356792330741882879e-02,2.363118619541637599e-05,2.363118619541637599e-05
3.047979354858398438e+00,3.225459432601928800e+00,3.048002958297729492e+00,3.225483059883117676e+00,9.191029667854309082e-01,9.280628502368927224e-01,9.531248211860656738e-01,9.596969127655029519e-01,9.232940673828125000e-01,1.088548189401626676e+00,7.709836959838867188e-02,7.722020149230957031e-02,1.753593087196350098e-01,1.719312816858291626e-01,2.363213206990621984e-05,2.363213206990621984e-05
2.956597566604614258e+00,4.400423884391784668e+00,2.956621170043945312e+00,4.400447416305541815e+00,9.162063002586364746e-01,9.083036720752716286e-01,9.757720828056335449e-01,9.599493741989135742e-01,9.223011732101440430e-01,2.360384923219680964e+00,6.771834939718246460e-02,7.721235826611519415e-02,7.459982484579086304e-02,9.457368999719620306e-02,2.363261410209815949e-05,2.363261410209815949e-05
2.839615106582641602e+00,3.067182302474975586e+00,2.839638710021972656e+00,3.067205905914306641e+00,8.102334737777709961e-01,8.759410262107849565e-01,9.674639105796813965e-01,9.594811081886291948e-01,9.229443073272705078e-01,1.070798653364181563e+00,6.946270912885665894e-02,7.716128006577491205e-02,6.951061636209487915e-02,8.380019888281822760e-02,2.363396924920380116e-05,2.363396924920380116e-05
2.839888095855712891e+00,3.102589607238769531e+00,2.839911699295043945e+00,3.102613234519958407e+00,8.287637829780578613e-01,8.638285577297211137e-01,9.464413523674011230e-01,9.598396182060241477e-01,9.213189482688903809e-01,1.130467694997787431e+00,6.700715422630310059e-02,7.708409205079078119e-02,7.635693252086639404e-02,7.136964872479438504e-02,2.363629755564033985e-05,2.363629755564033985e-05
2.924576282501220703e+00,3.178185462951660156e+00,2.924599885940551758e+00,3.178209090232849032e+00,8.755675554275512695e-01,8.637862026691436323e-01,9.805736541748046875e-01,9.621107101440429243e-01,9.226856827735900879e-01,1.208350986242294312e+00,7.225023210048675537e-02,7.702714651823043546e-02,7.349908351898193359e-02,6.691044792532921393e-02,2.363667226745747030e-05,2.363667226745747030e-05
2.874355792999267578e+00,3.051994371414184393e+00,2.874379396438598633e+00,3.052017974853515447e+00,8.685371279716491699e-01,8.619596719741821067e-01,9.630644321441650391e-01,9.601297497749328169e-01,9.223513603210449219e-01,1.088848674297332675e+00,6.954116374254226685e-02,7.693975865840911588e-02,5.086168274283409119e-02,6.411663889884948453e-02,2.363913154113106430e-05,2.363913154113106430e-05
2.767617940902709961e+00,3.167937469482422053e+00,2.767641544342041016e+00,3.167961072921753107e+00,7.729143500328063965e-01,8.541334927082061546e-01,9.381042718887329102e-01,9.583486258983612283e-01,9.229069352149963379e-01,1.209155607223510787e+00,7.715981453657150269e-02,7.687391936779022772e-02,5.653271079063415527e-02,6.942587271332741061e-02,2.364087049500085413e-05,2.364087049500085413e-05
2.879717826843261719e+00,3.205574321746825994e+00,2.879741430282592773e+00,3.205597925186157049e+00,8.096946477890014648e-01,8.680669128894805686e-01,9.549301862716674805e-01,9.589061975479126199e-01,9.249889850616455078e-01,1.201408559083938510e+00,8.721783757209777832e-02,7.681051939725876132e-02,1.028862446546554565e-01,1.003821119666099548e-01,2.364238025620579720e-05,2.364238025620579720e-05
3.084968566894531250e+00,3.242709922790527166e+00,3.084992170333862305e+00,3.242733526229858221e+00,9.584193229675292969e-01,9.787566661834716797e-01,9.626938700675964355e-01,9.626574575901031272e-01,9.218287467956542969e-01,1.025026345252990634e+00,7.906397432088851929e-02,7.688597068190575201e-02,1.629625558853149414e-01,1.993835151195526012e-01,2.364094143558759242e-05,2.364094143558759242e-05
3.051463365554809570e+00,3.561447000503540128e+00,3.051486968994140625e+00,3.561470627784729004e+00,9.282663464546203613e-01,8.958217620849608931e-01,9.679268598556518555e-01,9.615042209625244141e-01,9.562307596206665039e-01,1.505507797002792358e+00,7.597432285547256470e-02,7.686386927962303439e-02,1.230650618672370911e-01,1.217493452131748199e-01,2.364211104577407241e-05,2.364211104577407241e-05
2.903005123138427734e+00,2.949305510520935147e+00,2.903028726577758789e+00,2.949329113960266202e+00,8.625712394714355469e-01,8.616395294666290283e-01,9.623371958732604980e-01,9.612646937370300515e-01,9.224200844764709473e-01,9.668897688388824463e-01,7.452496141195297241e-02,7.676870301365852634e-02,8.115177601575851440e-02,8.274272531270980557e-02,2.364258034504018724e-05,2.364258034504018724e-05
2.910522460937500000e+00,2.936712145805358887e+00,2.910546064376831055e+00,2.936735749244689941e+00,8.328554034233093262e-01,8.550612926483154297e-01,9.632470607757568359e-01,9.606136500835418257e-01,9.461718797683715820e-01,9.669451117515563965e-01,8.452456444501876831e-02,7.677779346704483032e-02,8.372342586517333984e-02,7.731425017118453979e-02,2.364249849051702768e-05,2.364249849051702768e-05
2.918114185333251953e+00,3.076267719268798828e+00,2.918137788772583008e+00,3.076291322708129883e+00,8.727543950080871582e-01,8.726442098617553933e-01,9.680559635162353516e-01,9.596659123897552934e-01,9.234780073165893555e-01,1.085465699434280396e+00,7.678870111703872681e-02,7.657734006643295011e-02,7.703708857297897339e-02,8.191452696919440668e-02,2.364311876590363681e-05,2.364311876590363681e-05
2.873469114303588867e+00,2.938011980056762784e+00,2.873492717742919922e+00,2.938035583496093839e+00,8.618916273117065430e-01,8.480427861213684082e-01,9.559541344642639160e-01,9.587127447128296343e-01,9.231390357017517090e-01,9.846549034118652344e-01,7.128971815109252930e-02,7.625379934906958979e-02,6.119448691606521606e-02,7.034780830144882202e-02,2.364407555432990193e-05,2.364407555432990193e-05
3.006485700607299805e+00,3.811683940887450994e+00,3.006509304046630859e+00,3.811707568168640314e+00,8.738769888877868652e-01,8.975360989570617676e-01,9.519984722137451172e-01,9.629486322402953657e-01,9.242437481880187988e-01,1.728299474716186612e+00,7.919219881296157837e-02,7.614036276936531067e-02,1.771742552518844604e-01,1.467594355344772339e-01,2.364467763982247561e-05,2.364467763982247561e-05
2.891776561737060547e+00,2.935116553306579501e+00,2.891800165176391602e+00,2.935140156745910556e+00,8.378111720085144043e-01,8.753118515014648438e-01,9.738035798072814941e-01,9.626970946788787620e-01,9.245300292968750000e-01,9.436284720897674116e-01,8.742753416299819946e-02,7.606601715087890625e-02,6.820409744977951050e-02,7.741314992308616361e-02,2.364586180192418396e-05,2.364586180192418396e-05
2.913859128952026367e+00,2.986586141586303533e+00,2.913882732391357422e+00,2.986609745025634588e+00,8.677329421043395996e-01,8.718570470809936523e-01,9.549030065536499023e-01,9.594550669193268044e-01,9.235841035842895508e-01,1.006181192398071245e+00,7.904798537492752075e-02,7.598375007510185797e-02,8.859106898307800293e-02,7.310903966426848810e-02,2.364723877690266818e-05,2.364723877690266818e-05
2.895325183868408203e+00,2.962562990188598810e+00,2.895348787307739258e+00,2.962586593627929865e+00,8.627932071685791016e-01,8.826399981975555642e-01,9.645916223526000977e-01,9.589704513549804910e-01,9.230153560638427734e-01,9.735090017318726030e-01,7.015374302864074707e-02,7.593250572681427280e-02,7.477150857448577881e-02,7.151101380586624701e-02,2.364785723329987377e-05,2.364785723329987377e-05
2.997321605682373047e+00,2.974199914932250888e+00,2.997345209121704102e+00,2.974223518371581942e+00,9.034947156906127930e-01,8.849977791309356911e-01,9.675551652908325195e-01,9.588620603084564431e-01,9.702506661415100098e-01,9.567173480987548606e-01,6.650191545486450195e-02,7.584782466292380732e-02,8.951927721500396729e-02,9.777499064803123197e-02,2.364780084462836385e-05,2.364780084462836385e-05
2.887715578079223633e+00,2.935098004341125666e+00,2.887739181518554688e+00,2.935121607780456721e+00,8.388141393661499023e-01,8.659592688083648238e-01,9.450462460517883301e-01,9.620813846588134322e-01,9.237262010574340820e-01,9.394676983356475830e-01,8.317968994379043579e-02,7.577963769435883123e-02,9.694903343915939331e-02,9.181001931428908747e-02,2.364854299230501056e-05,2.364854299230501056e-05
3.047493457794189453e+00,3.090466547012328924e+00,3.047517061233520508e+00,3.090490150451659979e+00,8.896352052688598633e-01,9.282427608966827837e-01,9.536351561546325684e-01,9.648301184177399126e-01,9.406039714813232422e-01,9.405131161212920698e-01,7.824827730655670166e-02,7.567661926150322238e-02,1.853708177804946899e-01,1.812040150165557806e-01,2.364967440371401608e-05,2.364967440371401608e-05
2.908979415893554688e+00,2.939620399475097567e+00,2.909003019332885742e+00,2.939644002914428622e+00,8.527828454971313477e-01,8.639433443546294944e-01,9.649206399917602539e-01,9.626306891441345215e-01,9.242425560951232910e-01,9.589183390140533225e-01,7.876020669937133789e-02,7.567648813128471930e-02,8.827337622642517090e-02,7.845151349902153293e-02,2.365008731430862099e-05,2.365008731430862099e-05
2.981913089752197266e+00,3.224145936965942205e+00,2.981936693191528320e+00,3.224169564247131525e+00,8.891655206680297852e-01,9.092598795890808328e-01,9.610183835029602051e-01,9.588825464248657005e-01,9.212009906768798828e-01,1.133216893672943204e+00,6.444868445396423340e-02,7.564705610275268555e-02,1.460795700550079346e-01,1.471395432949066107e-01,2.365053114772308618e-05,2.365053114772308618e-05
2.922980070114135742e+00,3.063314270973205744e+00,2.923003673553466797e+00,3.063337898254394620e+00,8.802469968795776367e-01,8.689780294895171897e-01,9.638993740081787109e-01,9.584488928318023460e-01,9.217730760574340820e-01,1.077099406719207675e+00,6.698059290647506714e-02,7.557766810059547702e-02,9.008000046014785767e-02,8.321021422743797580e-02,2.365206819376908243e-05,2.365206819376908243e-05
2.846006393432617188e+00,2.923403644561767489e+00,2.846029996871948242e+00,2.923427248001098544e+00,8.394541740417480469e-01,8.621714055538177712e-01,9.365746974945068359e-01,9.592713117599487305e-01,9.210472702980041504e-01,9.602934479713439719e-01,8.585675805807113647e-02,7.550334334373473566e-02,6.307369470596313477e-02,6.616420224308967868e-02,2.365149885008577257e-05,2.365149885008577257e-05
2.779856443405151367e+00,2.932376575469970881e+00,2.779880046844482422e+00,2.932400178909301935e+00,7.609420418739318848e-01,8.632940351963043213e-01,9.506425261497497559e-01,9.611869454383850098e-01,9.233576655387878418e-01,9.669677972793578880e-01,8.578385412693023682e-02,7.542089074850082120e-02,5.913025140762329102e-02,6.550686880946159085e-02,2.365222098887898028e-05,2.365222098887898028e-05
2.872581243515014648e+00,2.980218791961669833e+00,2.872604846954345703e+00,2.980242395401000888e+00,8.303891420364379883e-01,8.871153116226195845e-01,9.324855208396911621e-01,9.586934864521026167e-01,9.227502942085266113e-01,9.656108498573303667e-01,7.486926019191741943e-02,7.534956485033035556e-02,1.120871752500534058e-01,9.344953894615173895e-02,2.365282489336095750e-05,2.365282489336095750e-05
2.849499940872192383e+00,2.920121359825134100e+00,2.849523544311523438e+00,2.920144963264465154e+00,8.451764583587646484e-01,8.551387667655945268e-01,9.422122240066528320e-01,9.603621482849120650e-01,9.240684509277343750e-01,9.638746142387389915e-01,6.731107085943222046e-02,7.528753951191902161e-02,7.073158025741577148e-02,6.545830667018889826e-02,2.365285945415962487e-05,2.365285945415962487e-05
2.907813072204589844e+00,2.957626199722290128e+00,2.907836675643920898e+00,2.957649803161621183e+00,8.798710703849792480e-01,8.795524537563323975e-01,9.652514457702636719e-01,9.593176960945128950e-01,9.240380525588989258e-01,9.665008008480071577e-01,7.841885834932327271e-02,7.520489841699599942e-02,6.023347005248069763e-02,7.705039680004119318e-02,2.365412001381628215e-05,2.365412001381628215e-05
3.031912565231323242e+00,3.165513896942138583e+00,3.031936168670654297e+00,3.165537500381469638e+00,8.891528844833374023e-01,9.628259718418121782e-01,9.706524014472961426e-01,9.573345780372619629e-01,9.204745888710021973e-01,9.515571534633636697e-01,8.913365751504898071e-02,7.516936883330345431e-02,1.624989658594131470e-01,2.186268433928489630e-01,2.365484033362008631e-05,2.365484033362008631e-05
3.178660869598388672e+00,3.147054147720337092e+00,3.178684473037719727e+00,3.147077751159668146e+00,9.708797931671142578e-01,9.390054404735564964e-01,9.371016025543212891e-01,9.587638139724731223e-01,9.841070175170898438e-01,1.006428521871566728e+00,7.466299086809158325e-02,7.508203312754631320e-02,2.119096070528030396e-01,1.677742585539817866e-01,2.365645013924222440e-05,2.365645013924222440e-05
2.937268972396850586e+00,2.959188652038574396e+00,2.937292575836181641e+00,2.959212255477905451e+00,9.184311628341674805e-01,8.939234137535094771e-01,9.575477838516235352e-01,9.607592761516571267e-01,9.215651750564575195e-01,9.524601757526397483e-01,6.963124126195907593e-02,7.505461424589157660e-02,7.009372115135192871e-02,7.699119597673416415e-02,2.365630462008994073e-05,2.365630462008994073e-05
2.896517992019653320e+00,2.992679476737976074e+00,2.896541595458984375e+00,2.992703080177307129e+00,8.549907803535461426e-01,8.786269545555114302e-01,9.530811309814453125e-01,9.586525022983550803e-01,9.221380352973937988e-01,9.961368560791015181e-01,6.931398063898086548e-02,7.497439980506896695e-02,9.699414670467376709e-02,8.428874537348747531e-02,2.365703767281956971e-05,2.365703767281956971e-05
2.896314382553100586e+00,2.916181445121765137e+00,2.896337985992431641e+00,2.916205048561096191e+00,8.440521359443664551e-01,8.537080943584441917e-01,9.600630998611450195e-01,9.596943259239196777e-01,9.442088007926940918e-01,9.601063251495360884e-01,8.686084300279617310e-02,7.490424588322638910e-02,6.112922355532646179e-02,6.776853203773498813e-02,2.365847103646956384e-05,2.365847103646956384e-05
2.896412134170532227e+00,2.907893061637878418e+00,2.896435737609863281e+00,2.907916665077209473e+00,8.751121163368225098e-01,8.545796573162078857e-01,9.554008245468139648e-01,9.581425070762634721e-01,9.260395765304565430e-01,9.527780652046203835e-01,7.143057137727737427e-02,7.483295276761055270e-02,6.842881441116333008e-02,6.755985617637634555e-02,2.365788895986042917e-05,2.365788895986042917e-05
2.879175662994384766e+00,2.935760784149169744e+00,2.879199266433715820e+00,2.935784387588500799e+00,8.529176115989685059e-01,8.575639128684997559e-01,9.773359894752502441e-01,9.594757974147796187e-01,9.222075939178466797e-01,9.739687681198120339e-01,6.241583451628684998e-02,7.469711452722549438e-02,6.429851055145263672e-02,7.005519196391105097e-02,2.366015723964665085e-05,2.366015723964665085e-05
2.996138095855712891e+00,3.163328647613525391e+00,2.996161699295043945e+00,3.163352274894714267e+00,8.587961196899414062e-01,8.616664469242095725e-01,9.668033123016357422e-01,9.594852745532989058e-01,1.027741551399230957e+00,1.200082153081893921e+00,7.561737298965454102e-02,7.455321103334426602e-02,6.717972457408905029e-02,6.754159629344939908e-02,2.366142871323972940e-05,2.366142871323972940e-05
2.932080745697021484e+00,2.924460506439209073e+00,2.932104349136352539e+00,2.924484109878540128e+00,8.852887153625488281e-01,8.579957127571106179e-01,9.756020903587341309e-01,9.608747422695159690e-01,9.225376844406127930e-01,9.686788678169250266e-01,6.808107346296310425e-02,7.446060404181480130e-02,8.057104051113128662e-02,6.245062462985515733e-02,2.366274748055730015e-05,2.366274748055730015e-05
2.904521942138671875e+00,3.148708391189575018e+00,2.904545545578002930e+00,3.148731994628906072e+00,8.682395815849304199e-01,8.634531557559966819e-01,9.591097831726074219e-01,9.584009587764740212e-01,9.205862879753112793e-01,1.188890302181243808e+00,9.078808128833770752e-02,7.425431609153747281e-02,6.579814851284027100e-02,6.370968297123909274e-02,2.366385888308286667e-05,2.366385888308286667e-05
2.794317960739135742e+00,3.000744390487670721e+00,2.794341564178466797e+00,3.000767993927001775e+00,8.070870041847229004e-01,8.508565783500671165e-01,9.392855763435363770e-01,9.587130248546600342e-01,9.224865436553955078e-01,1.057455360889434814e+00,7.068327814340591431e-02,7.413781434297561646e-02,5.477565526962280273e-02,5.958163589239120345e-02,2.366593616898171604e-05,2.366593616898171604e-05
2.898161172866821289e+00,2.910578250885009766e+00,2.898184776306152344e+00,2.910601854324340820e+00,8.614722490310668945e-01,8.519294083118438277e-01,9.409736394882202148e-01,9.608038127422332542e-01,9.320273995399475098e-01,9.567134678363800049e-01,8.666231483221054077e-02,7.392891198396682462e-02,7.702571153640747070e-02,6.720266938209533414e-02,2.366672924836166203e-05,2.366672924836166203e-05
2.871955156326293945e+00,2.931151103973388850e+00,2.871978759765625000e+00,2.931174707412719904e+00,8.630340695381164551e-01,8.875759065151214156e-01,9.624853730201721191e-01,9.617132604122161643e-01,9.247235059738159180e-01,9.427327036857604536e-01,6.758365780115127563e-02,7.389140203595161160e-02,5.412873253226280212e-02,6.523779854178428372e-02,2.366652370255906135e-05,2.366652370255906135e-05
2.875112056732177734e+00,2.919822144508361639e+00,2.875135660171508789e+00,2.919845747947692693e+00,8.869401812553405762e-01,8.627269923686980979e-01,9.558398723602294922e-01,9.635470271110534446e-01,9.204035997390747070e-01,9.524604141712188499e-01,6.226039305329322815e-02,7.343536093831062872e-02,4.966817796230316162e-02,6.765234097838401794e-02,2.366701664868742228e-05,2.366701664868742228e-05
3.005897283554077148e+00,2.978354430198669522e+00,3.005920886993408203e+00,2.978378033638000577e+00,8.695512413978576660e-01,8.785102128982543723e-01,9.455822706222534180e-01,9.611683845520019309e-01,9.740645885467529297e-01,9.451936662197113481e-01,7.543836534023284912e-02,7.328018546104431152e-02,1.412609517574310303e-01,1.202020265161991147e-01,2.366851913393475115e-05,2.366851913393475115e-05
2.994180440902709961e+00,3.020358586311340243e+00,2.994204044342041016e+00,3.020382189750671298e+00,9.070352911949157715e-01,9.077091276645660178e-01,9.515437483787536621e-01,9.597031891345977339e-01,9.253423810005187988e-01,9.438202083110809326e-01,6.509376317262649536e-02,7.315224483609199246e-02,1.451651304960250854e-01,1.359737709164619557e-01,2.367007618886418641e-05,2.367007618886418641e-05
3.081087350845336914e+00,3.111343884468078524e+00,3.081110954284667969e+00,3.111367487907409579e+00,9.604374170303344727e-01,9.585348725318908469e-01,9.677984118461608887e-01,9.655136942863464800e-01,9.392806887626647949e-01,9.433686852455138716e-01,6.378697603940963745e-02,7.309550642967224676e-02,1.497837454080581665e-01,1.708310797810554393e-01,2.367308479733765125e-05,2.367308479733765125e-05
3.097007274627685547e+00,3.253085589408874601e+00,3.097030878067016602e+00,3.253109192848205655e+00,9.415032863616943359e-01,9.893185555934905784e-01,9.690726995468139648e-01,9.637584090232849121e-01,9.229053854942321777e-01,1.024814349412918046e+00,7.482418417930603027e-02,7.305584028363228122e-02,1.887019723653793335e-01,2.021383926272392328e-01,2.367299202887807041e-05,2.367299202887807041e-05
2.926187276840209961e+00,3.008689045906066895e+00,2.926210880279541016e+00,3.008712649345397949e+00,8.887222409248352051e-01,8.671061873435974565e-01,9.541198611259460449e-01,9.583337604999542236e-01,9.341701865196228027e-01,1.027882486581802368e+00,7.629644870758056641e-02,7.296853959560394010e-02,7.287863641977310181e-02,8.239806890487670621e-02,2.367426350247114897e-05,2.367426350247114897e-05
2.885786056518554688e+00,3.312195730209350764e+00,2.885809659957885742e+00,3.312219357490539640e+00,8.729906082153320312e-01,8.794099688529968262e-01,9.562034606933593750e-01,9.604404628276824729e-01,9.226920604705810547e-01,1.332866507768631026e+00,7.114569097757339478e-02,7.290080636739730557e-02,6.275419890880584717e-02,6.657807826995849887e-02,2.367488923482596874e-05,2.367488923482596874e-05
2.803676366806030273e+00,3.253911972045898438e+00,2.803699970245361328e+00,3.253935599327087314e+00,7.841066122055053711e-01,8.691538333892822044e-01,9.472487568855285645e-01,9.600593328475952593e-01,9.221042990684509277e-01,1.274434524774551436e+00,7.773087918758392334e-02,7.280797660350799005e-02,7.248559594154357910e-02,7.745620980858802795e-02,2.367728302488103509e-05,2.367728302488103509e-05
2.911969900131225586e+00,3.258045554161071777e+00,2.911993503570556641e+00,3.258069181442260653e+00,9.013172388076782227e-01,9.003949284553527388e-01,9.626162648200988770e-01,9.623784601688385454e-01,9.216619729995727539e-01,1.257390737533569336e+00,6.107464805245399475e-02,7.271794751286506098e-02,6.529981642961502075e-02,6.516352817416190546e-02,2.367908018641173840e-05,2.367908018641173840e-05
2.955650329589843750e+00,3.323988699913024814e+00,2.955673933029174805e+00,3.324012327194213690e+00,8.898518681526184082e-01,9.147832810878753218e-01,9.513746500015258789e-01,9.611751437187194824e-01,9.228330850601196289e-01,1.249535113573074341e+00,7.663565129041671753e-02,7.270137518644333163e-02,1.149551644921302795e-01,1.257937259972095601e-01,2.367950219195336103e-05,2.367950219195336103e-05
3.035123825073242188e+00,3.276285624504089444e+00,3.035147428512573242e+00,3.276309227943420499e+00,9.222638607025146484e-01,9.523787021636962447e-01,9.636931419372558594e-01,9.630421042442321999e-01,9.228303432464599609e-01,1.124031972885131792e+00,6.899486482143402100e-02,7.260072007775306147e-02,1.573418378829956055e-01,1.642321094870567433e-01,2.368217974435538054e-05,2.368217974435538054e-05
2.956486701965332031e+00,3.220469641685485662e+00,2.956510305404663086e+00,3.220493268966674982e+00,8.819415569305419922e-01,8.626457631587982622e-01,9.638807773590087891e-01,9.614030063152313454e-01,9.860258102416992188e-01,1.260034620761871338e+00,6.755366921424865723e-02,7.255539894104004461e-02,5.708485469222068787e-02,6.383086703717708033e-02,2.368450441281311214e-05,2.368450441281311214e-05
2.966155529022216797e+00,2.952380776405334473e+00,2.966179132461547852e+00,2.952404379844665527e+00,9.231013059616088867e-01,8.848032772541045698e-01,9.747958183288574219e-01,9.610617876052856001e-01,9.233039617538452148e-01,9.627163529396056685e-01,6.801046431064605713e-02,7.247637212276458740e-02,7.694395631551742554e-02,7.132300361990928650e-02,2.368545574427116662e-05,2.368545574427116662e-05
2.901604413986206055e+00,3.214062690734863281e+00,2.901628017425537109e+00,3.214086318016052157e+00,8.754806518554687500e-01,9.465424776077270286e-01,9.651513099670410156e-01,9.599909067153931108e-01,9.221026301383972168e-01,1.153524029254913374e+00,7.388692349195480347e-02,7.249466627836227695e-02,6.498282402753829956e-02,8.151066452264785211e-02,2.368783680140040815e-05,2.368783680140040815e-05
3.011157512664794922e+00,4.039228081703186035e+00,3.011181116104125977e+00,4.039251708984375355e+00,9.279043078422546387e-01,1.099720013141632036e+00,9.684363603591918945e-01,9.627029061317443626e-01,9.239120483398437500e-01,1.750377696752548173e+00,7.974781841039657593e-02,7.130234465003013056e-02,1.111570596694946289e-01,1.551250860095024220e-01,2.370077345403842628e-05,2.370077345403842628e-05
3.024889707565307617e+00,3.155186748504638761e+00,3.024913311004638672e+00,3.155210351943969815e+00,9.400355815887451172e-01,9.150606453418731467e-01,9.513584375381469727e-01,9.638074636459350586e-01,9.231479167938232422e-01,1.093122732639312700e+00,6.764790415763854980e-02,7.013404294848442355e-02,1.426999270915985107e-01,1.130619071424007471e-01,2.371402297285385430e-05,2.371402297285385430e-05
3.027564764022827148e+00,3.113465070724487305e+00,3.027588367462158203e+00,3.113488674163818359e+00,9.703029394149780273e-01,9.890653073787689653e-01,9.852020740509033203e-01,9.621192991733551469e-01,9.279818534851074219e-01,9.956624269485473411e-01,5.717886984348297119e-02,6.986458972096443176e-02,8.689898997545242310e-02,9.675343930721283514e-02,2.371770096942782402e-05,2.371770096942782402e-05
2.962460041046142578e+00,3.063532972335815341e+00,2.962483644485473633e+00,3.063556575775146396e+00,9.238716363906860352e-01,9.369776606559753196e-01,9.742019176483154297e-01,9.622918426990508811e-01,9.241007566452026367e-01,1.007843351364135831e+00,6.180805340409278870e-02,6.977200508117675781e-02,7.847751677036285400e-02,8.664808347821235934e-02,2.371946175117045641e-05,2.371946175117045641e-05
3.068163871765136719e+00,3.145117306709289462e+00,3.068187475204467773e+00,3.145140910148620517e+00,9.699804186820983887e-01,9.968047142028808594e-01,9.640232920646667480e-01,9.638874173164367898e-01,9.284942150115966797e-01,9.562556862831115279e-01,6.510656327009201050e-02,6.971767693758010309e-02,1.405595093965530396e-01,1.584517940878868159e-01,2.372102972003631294e-05,2.372102972003631294e-05
3.104654312133789062e+00,3.141799521446228205e+00,3.104677915573120117e+00,3.141823124885559260e+00,9.717076420783996582e-01,9.907685518264770508e-01,9.574439525604248047e-01,9.645843386650085893e-01,9.358283877372741699e-01,9.544923305511474609e-01,8.211179822683334351e-02,6.970563232898711881e-02,1.575625985860824585e-01,1.622486904263496510e-01,2.372173912590369582e-05,2.372173912590369582e-05
9.793538093566894531e+00,2.701555442810058594e+01,9.793561935424804688e+00,2.701557731628417969e+01,3.862510204315185547e+00,1.142310132980346715e+01,9.924497008323669434e-01,1.004854446649551480e+00,9.249584674835205078e-01,9.546246349811553511e-01,7.592194527387619019e-02,6.980826482176780146e-02,3.937697410583496094e+00,1.356316585540771413e+01,2.372361996094696224e-05,2.372361996094696224e-05
2.942840576171875000e+00,3.030904698371887029e+00,2.942864418029785156e+00,3.030928540229797186e+00,8.882253766059875488e-01,9.108374059200287087e-01,9.696050882339477539e-01,9.615647196769714355e-01,9.273769855499267578e-01,1.004337424039840609e+00,7.476253807544708252e-02,7.061423063278197965e-02,8.287038654088973999e-02,8.355093598365784247e-02,2.373585266468580812e-05,2.373585266468580812e-05
4.127910614013671875e+00,4.124817895889282049e+00,4.127934455871582031e+00,4.124841737747192205e+00,1.415018320083618164e+00,1.406369614601135298e+00,9.541251659393310547e-01,9.611281752586364746e-01,9.240615367889404297e-01,9.521135151386260764e-01,6.941417604684829712e-02,7.109512314200401584e-02,7.652912735939025879e-01,7.341114878654479980e-01,2.374184259679168463e-05,2.374184259679168463e-05
1.105585670471191406e+01,8.497188282012938743e+00,1.105588054656982422e+01,8.497212123870848899e+00,4.472295284271240234e+00,3.334843277931213379e+00,9.575986266136169434e-01,9.651183366775513139e-01,9.239835143089294434e-01,9.554116189479827659e-01,6.669051200151443481e-02,7.129322886466979425e-02,4.635288238525390625e+00,3.170521616935729980e+00,2.374580071773380041e-05,2.374580071773380041e-05
4.601932525634765625e+01,8.014753417968749716e+01,4.601934814453125000e+01,8.014755706787109091e+01,2.035687065124511719e+01,3.541296882629394815e+01,1.064758062362670898e+00,1.105310964584350630e+00,9.258126020431518555e-01,1.627439993619918868e+00,6.826352328062057495e-02,7.540085837244987765e-02,2.360362052917480469e+01,4.192641487121581889e+01,2.376635893597267568e-05,2.376635893597267568e-05
1.090642070770263672e+01,1.459607830047607457e+01,1.090644454956054688e+01,1.459610214233398473e+01,4.292731285095214844e+00,5.860222101211547852e+00,1.022621512413024902e+00,1.027954351902008012e+00,9.232703447341918945e-01,9.773306131362915483e-01,7.492889463901519775e-02,7.945492938160896024e-02,4.592868804931640625e+00,6.651116323471069514e+00,2.378834687988273799e-05,2.378834687988273799e-05
6.228563308715820312e+00,7.748331117630004705e+00,6.228587150573730469e+00,7.748354959487914861e+00,2.403970718383789062e+00,3.104089975357055664e+00,9.718322157859802246e-01,9.691590666770935059e-01,9.268717765808105469e-01,1.003635466098785400e+00,8.910160511732101440e-02,8.091041743755340854e-02,1.836786746978759766e+00,2.590536260604858310e+00,2.379839133936911821e-05,2.379839133936911821e-05
3.141589641571044922e+00,3.161434459686279119e+00,3.141613483428955078e+00,3.161458301544189275e+00,1.007377982139587402e+00,9.722649574279784712e-01,9.406731128692626953e-01,9.617872714996338335e-01,9.275916218757629395e-01,9.864657521247863770e-01,8.028946816921234131e-02,8.145781755447387140e-02,1.856575459241867065e-01,1.594586849212646373e-01,2.380536898272112012e-05,2.380536898272112012e-05
3.077439546585083008e+00,3.113893270492553711e+00,3.077463388442993164e+00,3.113917112350463867e+00,9.598357081413269043e-01,9.177912831306457297e-01,9.576397538185119629e-01,9.632804512977599654e-01,9.213255047798156738e-01,1.004234135150909424e+00,7.535596191883087158e-02,8.171985074877738398e-02,1.632826328277587891e-01,1.468675285577774048e-01,2.380879959673620760e-05,2.380879959673620760e-05
2.514463615417480469e+01,3.538598895072937012e+00,2.514465904235839844e+01,3.538622736930847168e+00,8.887957930564880371e-01,8.999949872493744341e-01,9.628636837005615234e-01,9.620558679103851096e-01,2.308617591857910156e+01,1.484163552522659302e+00,7.471515983343124390e-02,8.171510025858878812e-02,1.320849359035491943e-01,1.106692865490913336e-01,2.380989099037833512e-05,2.380989099037833512e-05
2.985768556594848633e+00,3.071313476562500089e+00,2.985792398452758789e+00,3.071337318420410245e+00,9.213322401046752930e-01,9.073605954647063765e-01,9.647958278656005859e-01,9.631695389747619851e-01,9.227420091629028320e-01,1.008487236499786333e+00,7.914626598358154297e-02,8.173526898026466092e-02,9.775234013795852661e-02,1.105608232319355011e-01,2.380951991654001176e-05,2.380951991654001176e-05
3.021145343780517578e+00,3.132114052772521973e+00,3.021169185638427734e+00,3.132137894630432129e+00,9.181580543518066406e-01,9.383532285690308061e-01,9.785967469215393066e-01,9.609116971492767112e-01,9.257097244262695312e-01,9.939060330390929732e-01,7.434280961751937866e-02,8.172357678413391668e-02,1.243382543325424194e-01,1.572194814682006947e-01,2.381024023634381592e-05,2.381024023634381592e-05
2.936363697052001953e+00,3.192285680770873935e+00,2.936387538909912109e+00,3.192309522628784091e+00,9.100518226623535156e-01,8.763243019580840842e-01,9.594890475273132324e-01,9.623197555541992410e-01,9.226228594779968262e-01,1.187464082241058261e+00,7.839310169219970703e-02,8.162835761904715937e-02,6.580698490142822266e-02,8.454914987087250311e-02,2.381009471719153225e-05,2.381009471719153225e-05
2.931142807006835938e+00,3.370068812370300204e+00,2.931166648864746094e+00,3.370092654228210360e+00,8.700807094573974609e-01,8.790675401687622070e-01,9.704083204269409180e-01,9.613239884376525435e-01,9.242551922798156738e-01,1.368867927789688022e+00,7.231248915195465088e-02,8.155834227800369540e-02,9.408591687679290771e-02,7.925099655985831659e-02,2.380992737016640604e-05,2.380992737016640604e-05
3.244112730026245117e+00,3.493878531455993475e+00,3.244136571884155273e+00,3.493902373313903631e+00,9.002892971038818359e-01,8.752340555191040483e-01,9.632051587104797363e-01,9.649840056896209495e-01,1.198004722595214844e+00,1.490647858381271451e+00,8.720123767852783203e-02,8.149007335305213928e-02,9.541259706020355225e-02,8.152261152863501947e-02,2.380881051067262888e-05,2.380881051067262888e-05
2.951037168502807617e+00,3.357659268379211248e+00,2.951061010360717773e+00,3.357683110237121404e+00,8.944203853607177734e-01,8.768289029598236306e-01,9.717760682106018066e-01,9.732601165771483931e-01,9.242406487464904785e-01,1.349184924364089877e+00,7.198718190193176270e-02,8.139028549194335382e-02,8.861301094293594360e-02,7.699510231614112299e-02,2.380925798206590116e-05,2.380925798206590116e-05
2.926700115203857422e+00,3.411068058013916104e+00,2.926723957061767578e+00,3.411091899871826261e+00,8.958094120025634766e-01,8.788336157798767312e-01,9.587151408195495605e-01,9.623885571956634077e-01,9.245049357414245605e-01,1.412646722793579057e+00,7.669864594936370850e-02,8.128231540322303217e-02,7.097197324037551880e-02,7.591683566570281427e-02,2.380912701482884586e-05,2.380912701482884586e-05
2.941677808761596680e+00,3.379724645614623935e+00,2.941701650619506836e+00,3.379748487472534091e+00,8.570679426193237305e-01,9.081885218620300293e-01,9.779174327850341797e-01,9.639778137207031250e-01,9.243917465209960938e-01,1.305535262823104947e+00,8.604697883129119873e-02,8.122605755925178805e-02,9.625396877527236938e-02,1.207970038056373624e-01,2.380973819526843727e-05,2.380973819526843727e-05
2.914572954177856445e+00,3.146563124656677424e+00,2.914596796035766602e+00,3.146586966514587580e+00,8.568124175071716309e-01,8.847070336341857910e-01,9.664454460144042969e-01,9.617739260196686013e-01,9.239407181739807129e-01,1.141583609580993697e+00,7.376700639724731445e-02,8.111405521631240290e-02,9.360735118389129639e-02,7.738445550203323919e-02,2.381042031629476696e-05,2.381042031629476696e-05
2.908418178558349609e+00,3.147385716438293457e+00,2.908442020416259766e+00,3.147409558296203613e+00,8.713989257812500000e-01,8.811243712902069314e-01,9.515876173973083496e-01,9.640225231647491233e-01,9.246540665626525879e-01,1.150872015953063876e+00,8.070570230484008789e-02,8.106817901134491522e-02,8.007195591926574707e-02,7.029861584305763245e-02,2.380979640292935073e-05,2.380979640292935073e-05
2.945473194122314453e+00,3.225767445564270197e+00,2.945497035980224609e+00,3.225791287422180353e+00,8.561616539955139160e-01,8.956783354282379372e-01,9.770179986953735352e-01,9.637615442276000755e-01,9.314503073692321777e-01,1.193342661857605069e+00,7.565325498580932617e-02,8.097980767488480169e-02,1.051897928118705750e-01,9.200511500239372253e-02,2.381035301368683577e-05,2.381035301368683577e-05
2.827624082565307617e+00,3.167469334602356135e+00,2.827647924423217773e+00,3.167493176460266291e+00,8.224932551383972168e-01,8.691012442111969438e-01,9.335460066795349121e-01,9.630274832248687522e-01,9.237452745437622070e-01,1.189139199256896928e+00,8.838774263858795166e-02,8.090359866619109552e-02,5.945183336734771729e-02,6.529772207140922824e-02,2.381283775321207941e-05,2.381283775321207941e-05
2.875050783157348633e+00,3.094701075553893954e+00,2.875074625015258789e+00,3.094724917411804110e+00,8.325551152229309082e-01,8.824495613574981911e-01,9.374209642410278320e-01,9.611243307590484619e-01,9.244712591171264648e-01,1.090701365470886142e+00,9.948414564132690430e-02,8.085612207651138306e-02,8.111901581287384033e-02,7.956973165273666104e-02,2.381672675255686045e-05,2.381672675255686045e-05
3.001220703125000000e+00,2.967150521278381525e+00,3.001244544982910156e+00,2.967174363136291682e+00,8.775374293327331543e-01,8.944861412048339400e-01,9.589737653732299805e-01,9.608088910579681841e-01,9.865716099739074707e-01,9.580828428268433061e-01,1.021256446838378906e-01,8.114667087793350775e-02,7.601249217987060547e-02,7.262592166662215631e-02,2.381596823397558182e-05,2.381596823397558182e-05
2.956761360168457031e+00,2.985522723197937101e+00,2.956785202026367188e+00,2.985546565055847257e+00,9.018674492835998535e-01,9.060992658138274924e-01,9.756814837455749512e-01,9.614415168762207031e-01,9.250991344451904297e-01,9.554425179958343506e-01,7.645399123430252075e-02,8.121295645833015442e-02,7.765947282314300537e-02,8.132655769586563665e-02,2.381727972533553839e-05,2.381727972533553839e-05
2.928934574127197266e+00,3.065713477134704767e+00,2.928958415985107422e+00,3.065737318992614924e+00,8.561657071113586426e-01,9.211317777633667436e-01,9.777123928070068359e-01,9.620988786220550093e-01,9.268819093704223633e-01,9.930795848369597945e-01,8.339906483888626099e-02,8.113139346241951544e-02,8.477564156055450439e-02,1.082718566060066195e-01,2.381941158091649413e-05,2.381941158091649413e-05
2.866054296493530273e+00,2.993828320503234774e+00,2.866078138351440430e+00,2.993852162361144931e+00,8.194708228111267090e-01,8.930522322654723677e-01,9.530558586120605469e-01,9.623026847839355469e-01,9.251748919486999512e-01,9.776979148387908714e-01,8.860534429550170898e-02,8.103643655776977817e-02,7.974713295698165894e-02,7.973899021744727811e-02,2.382184902671724558e-05,2.382184902671724558e-05
2.964052200317382812e+00,2.989253997802734375e+00,2.964076042175292969e+00,2.989277839660644531e+00,8.665825128555297852e-01,8.862275183200836182e-01,9.579963088035583496e-01,9.612766087055206743e-01,9.498512744903564453e-01,9.682313501834869385e-01,9.346401691436767578e-02,8.096097260713577826e-02,9.615796804428100586e-02,9.255755171179771978e-02,2.382375896559096873e-05,2.382375896559096873e-05
2.970870494842529297e+00,3.000979328155517489e+00,2.970894336700439453e+00,3.001003170013427646e+00,9.308767914772033691e-01,9.291550219058990479e-01,9.686379432678222656e-01,9.620071351528167725e-01,9.255960583686828613e-01,9.474753677845001443e-01,8.331914246082305908e-02,8.086843490600585660e-02,6.244063004851341248e-02,8.147329986095427912e-02,2.382624188612680882e-05,2.382624188612680882e-05
2.889282703399658203e+00,2.946941161155700595e+00,2.889306545257568359e+00,2.946965003013610751e+00,8.577209711074829102e-01,8.839139044284820557e-01,9.524157643318176270e-01,9.617105722427368164e-01,9.272677898406982422e-01,9.541669249534606712e-01,9.046087414026260376e-02,8.084251657128334323e-02,6.141739338636398315e-02,6.630725413560867310e-02,2.382745333306957036e-05,2.382745333306957036e-05
3.035191774368286133e+00,3.140623831748962314e+00,3.035215616226196289e+00,3.140647673606872470e+00,9.026268124580383301e-01,8.948102772235870805e-01,9.487738609313964844e-01,9.594341099262237993e-01,9.308821558952331543e-01,1.035154253244400024e+00,8.703296631574630737e-02,8.457032069563866217e-02,1.658759713172912598e-01,1.666549071669578552e-01,2.384314575465396047e-05,2.384314575465396047e-05
3.235289096832275391e+00,3.639940094947815119e+00,3.235312938690185547e+00,3.639963936805725275e+00,9.535173177719116211e-01,1.117297053337097168e+00,9.697393774986267090e-01,9.783115923404693826e-01,9.315834641456604004e-01,9.953257322311401811e-01,6.830011308193206787e-02,8.496202975511550626e-02,3.121489584445953369e-01,4.640437275171279685e-01,2.384905928920488805e-05,2.384905928920488805e-05
3.053062915802001953e+00,3.193412899971008301e+00,3.053086757659912109e+00,3.193436741828918457e+00,8.771819472312927246e-01,8.989336311817168745e-01,9.956738948822021484e-01,9.717933773994446023e-01,9.323049187660217285e-01,1.054257786273956388e+00,7.967353612184524536e-02,8.486454710364341181e-02,1.682286113500595093e-01,1.835635483264922985e-01,2.384826984780374914e-05,2.384826984780374914e-05
2.922740221023559570e+00,3.019021773338317782e+00,2.922764062881469727e+00,3.019045615196227939e+00,8.266683816909790039e-01,8.663385987281799760e-01,9.769343733787536621e-01,9.659292399883270264e-01,9.347981810569763184e-01,1.000121527910232455e+00,8.951936662197113037e-02,8.464042171835899075e-02,9.482004493474960327e-02,1.019920319318771418e-01,2.385015613981522620e-05,2.385015613981522620e-05
2.933493137359619141e+00,2.928732752799987793e+00,2.933516979217529297e+00,2.928756594657897949e+00,8.548627495765686035e-01,8.435540735721588357e-01,9.798603653907775879e-01,9.625364065170287642e-01,9.323645830154418945e-01,9.643945515155791792e-01,7.719423621892929077e-02,8.454319760203361789e-02,8.921121060848236084e-02,7.370455637574195584e-02,2.385202424193266779e-05,2.385202424193266779e-05
2.866854667663574219e+00,3.201425623893737971e+00,2.866878509521484375e+00,3.201449465751648127e+00,8.568652272224426270e-01,8.254100501537322554e-01,9.281841516494750977e-01,9.612638473510741743e-01,9.332996010780334473e-01,1.266171610355377286e+00,7.801638543605804443e-02,8.486878126859664917e-02,7.048951089382171631e-02,6.371126249432564059e-02,2.385487823630683124e-05,2.385487823630683124e-05
2.965787172317504883e+00,3.070872998237609952e+00,2.965811014175415039e+00,3.070896840095520108e+00,8.469703793525695801e-01,8.783311724662781206e-01,9.664725661277770996e-01,9.584502160549164262e-01,9.341196417808532715e-01,9.989061117172240989e-01,9.162099659442901611e-02,8.495992347598076144e-02,1.266036480665206909e-01,1.502255916595459095e-01,2.385651168879121542e-05,2.385651168879121542e-05
2.965117454528808594e+00,3.015271949768066229e+00,2.965141296386718750e+00,3.015295791625976385e+00,8.928393721580505371e-01,8.624469518661499468e-01,9.408885836601257324e-01,9.610412001609802690e-01,9.333287477493286133e-01,1.009893077611923262e+00,7.204249501228332520e-02,8.487725555896759311e-02,1.260181814432144165e-01,9.701346307992934903e-02,2.385809420957230031e-05,2.385809420957230031e-05
2.880216598510742188e+00,2.920489096641540439e+00,2.880240440368652344e+00,2.920512938499450595e+00,8.074717521667480469e-01,8.328050434589385764e-01,9.727731347084045410e-01,9.602082371711730957e-01,9.323289394378662109e-01,9.829512596130370872e-01,1.114652976393699646e-01,8.483682349324225824e-02,5.617751181125640869e-02,5.968772955238819261e-02,2.386064443271607161e-05,2.386064443271607161e-05
2.918927669525146484e+00,3.047345423698425204e+00,2.918951511383056641e+00,3.047369265556335360e+00,7.815366983413696289e-01,8.631032347679138406e-01,9.788942933082580566e-01,9.621590197086333784e-01,9.972286224365234375e-01,1.035906159877777011e+00,9.567804634571075439e-02,8.484189286828040799e-02,6.558986008167266846e-02,1.013351276516914340e-01,2.386145933996886015e-05,2.386145933996886015e-05
2.799121379852294922e+00,3.633668160438537686e+00,2.799145221710205078e+00,3.633692002296447843e+00,7.498463392257690430e-01,8.263931870460510254e-01,9.356552362442016602e-01,9.613389611244201882e-01,9.515190124511718750e-01,1.705525571107864291e+00,1.051651462912559509e-01,8.481702134013176242e-02,5.693557858467102051e-02,5.559341460466384749e-02,2.386457708780653775e-05,2.386457708780653775e-05
3.011780977249145508e+00,3.424190449714660467e+00,3.011804819107055664e+00,3.424214291572570623e+00,8.998219966888427734e-01,8.630417704582213911e-01,9.634663462638854980e-01,9.583240211009979026e-01,9.320012331008911133e-01,1.403109657764434859e+00,9.334014356136322021e-02,8.474952802062034329e-02,1.231513097882270813e-01,1.149654380977153806e-01,2.386666346865240484e-05,2.386666346865240484e-05
2.906020641326904297e+00,3.643575978279113947e+00,2.906044483184814453e+00,3.643599820137024103e+00,8.740258216857910156e-01,8.410733819007873979e-01,9.469802975654602051e-01,9.595562875270843284e-01,9.406095743179321289e-01,1.694632840156555131e+00,7.016749680042266846e-02,8.296625837683677118e-02,7.423745095729827881e-02,6.534703969955443781e-02,2.387073618592694402e-05,2.387073618592694402e-05
2.974406003952026367e+00,3.118593931198120117e+00,2.974429845809936523e+00,3.118617773056030273e+00,8.923227190971374512e-01,8.521438539028167725e-01,9.498289227485656738e-01,9.638181805610657182e-01,9.318280816078186035e-01,1.134492880105972379e+00,9.241891652345657349e-02,8.172455951571463983e-02,1.080074235796928406e-01,8.641443103551864346e-02,2.387341010035015643e-05,2.387341010035015643e-05
2.897383213043212891e+00,2.951049399375915705e+00,2.897407054901123047e+00,2.951073241233825861e+00,8.349146842956542969e-01,8.381531417369842973e-01,9.685418605804443359e-01,9.607973217964171919e-01,9.412486553192138672e-01,1.019530922174453735e+00,8.827321976423263550e-02,8.145216926932334622e-02,6.440475583076477051e-02,5.111586712300777297e-02,2.387515269219875336e-05,2.387515269219875336e-05
2.867185115814208984e+00,3.002497625350952326e+00,2.867208957672119141e+00,3.002521467208862482e+00,8.412810564041137695e-01,8.284787118434906450e-01,9.555866718292236328e-01,9.633642911911011186e-01,9.327781200408935547e-01,1.080622154474258467e+00,8.646446466445922852e-02,8.133225962519645413e-02,5.107489600777626038e-02,4.870025925338268558e-02,2.387620770605280995e-05,2.387620770605280995e-05
2.910297870635986328e+00,2.965521073341369718e+00,2.910321712493896484e+00,2.965544915199279874e+00,8.673385977745056152e-01,8.442452669143676314e-01,9.619216322898864746e-01,9.592829644680023193e-01,9.312499165534973145e-01,1.001406812667846591e+00,8.808436244726181030e-02,8.123202845454216559e-02,6.170326098799705505e-02,7.935399264097213468e-02,2.387783206359017640e-05,2.387783206359017640e-05
3.018418073654174805e+00,2.900814485549926935e+00,3.018441915512084961e+00,2.900838327407837092e+00,8.424467444419860840e-01,8.289077103137969527e-01,9.356887936592102051e-01,9.608607172966003862e-01,1.104597926139831543e+00,9.808214962482452171e-01,8.148992061614990234e-02,8.116415515542030334e-02,5.419465899467468262e-02,4.906051307916640958e-02,2.387850508966948837e-05,2.387850508966948837e-05
2.909745216369628906e+00,2.932051587104797186e+00,2.909769058227539062e+00,2.932075428962707342e+00,8.469955325126647949e-01,8.503846526145935059e-01,9.738631248474121094e-01,9.618922829627990501e-01,9.336825609207153320e-01,9.684269309043884721e-01,7.876227796077728271e-02,8.105285987257956903e-02,7.644163072109222412e-02,7.029480636119841974e-02,2.387962740613147616e-05,2.387962740613147616e-05
2.915637731552124023e+00,2.885573744773864746e+00,2.915661573410034180e+00,2.885597586631774902e+00,8.259244561195373535e-01,8.293614745140075462e-01,9.508916735649108887e-01,9.602766752243041548e-01,1.018317222595214844e+00,9.672669172286987305e-01,7.521087676286697388e-02,8.105151876807212274e-02,4.529351741075515747e-02,4.761721715331077714e-02,2.388038046774454415e-05,2.388038046774454415e-05
2.839380264282226562e+00,2.927933073043823331e+00,2.839404106140136719e+00,2.927956914901733487e+00,7.808623909950256348e-01,8.503401339054107444e-01,9.666124582290649414e-01,9.615390539169311745e-01,9.320715069770812988e-01,9.833719015121460405e-01,1.026877611875534058e-01,8.091820701956749240e-02,5.714596062898635864e-02,5.176375210285186906e-02,2.388274879194796085e-05,2.388274879194796085e-05
2.890688419342041016e+00,2.901133704185485662e+00,2.890712261199951172e+00,2.901157546043395818e+00,8.042375445365905762e-01,8.337889075279235618e-01,9.483397006988525391e-01,9.593208551406859907e-01,9.836677312850952148e-01,9.789776146411895974e-01,9.728189557790756226e-02,8.086081519722938815e-02,5.716126039624214172e-02,4.818559102714061598e-02,2.388380744378082454e-05,2.388380744378082454e-05
2.840193510055541992e+00,2.902540779113769620e+00,2.840217351913452148e+00,2.902564620971679776e+00,8.459454774856567383e-01,8.416658580303192361e-01,9.567207098007202148e-01,9.609671235084533691e-01,9.337175488471984863e-01,9.737024247646332009e-01,6.739441305398941040e-02,8.069667965173721313e-02,3.641536459326744080e-02,4.550869315862655917e-02,2.388524626439902931e-05,2.388524626439902931e-05
2.918379306793212891e+00,3.024224829673767267e+00,2.918403148651123047e+00,3.024248671531677424e+00,9.006202816963195801e-01,8.270672261714935303e-01,9.601187109947204590e-01,9.600194692611694336e-01,9.349900484085083008e-01,1.113212352991104215e+00,7.913184911012649536e-02,8.069167062640189569e-02,4.351825639605522156e-02,4.323414787650108060e-02,2.388654502283316106e-05,2.388654502283316106e-05
2.865360021591186523e+00,2.921986937522888184e+00,2.865383863449096680e+00,2.922010779380798340e+00,8.502731919288635254e-01,8.285312771797179732e-01,9.360397458076477051e-01,9.593198776245117632e-01,9.326112270355224609e-01,1.009114259481429965e+00,1.010137423872947693e-01,8.019537180662154874e-02,4.542229324579238892e-02,4.482613243162632266e-02,2.389037035754881799e-05,2.389037035754881799e-05
2.872881889343261719e+00,2.872024583816528143e+00,2.872905731201171875e+00,2.872048425674438299e+00,8.626935482025146484e-01,8.259085834026336226e-01,9.601390957832336426e-01,9.613230347633361372e-01,9.322248101234436035e-01,9.617771685123444048e-01,7.402603328227996826e-02,8.017048984766006470e-02,4.379833489656448364e-02,4.284540452063083371e-02,2.389232395216822624e-05,2.389232395216822624e-05
2.836704730987548828e+00,2.891158914566040128e+00,2.836728572845458984e+00,2.891182756423950284e+00,8.100218176841735840e-01,8.328233778476714644e-01,9.778761267662048340e-01,9.613051772117614524e-01,9.341595172882080078e-01,9.743620276451110396e-01,7.760613411664962769e-02,8.010506629943847656e-02,3.704110532999038696e-02,4.256320260465144834e-02,2.389469591435045004e-05,2.389469591435045004e-05
2.860418558120727539e+00,2.891646790504455389e+00,2.860442399978637695e+00,2.891670632362365545e+00,8.388302326202392578e-01,8.321336090564728227e-01,9.630745649337768555e-01,9.600565850734710249e-01,9.531034827232360840e-01,9.783881902694702148e-01,6.845604628324508667e-02,7.995927631855011264e-02,3.695435822010040283e-02,4.110911190509795865e-02,2.389709698036313057e-05,2.389709698036313057e-05
2.755115032196044922e+00,2.900186276435852140e+00,2.755138874053955078e+00,2.900210118293762296e+00,7.789644598960876465e-01,8.269917249679565874e-01,9.389392137527465820e-01,9.591522276401519553e-01,9.328666329383850098e-01,9.946814239025115745e-01,7.068836688995361328e-02,7.957037463784218112e-02,3.365657851099967957e-02,3.979054093360900879e-02,2.389910514466464520e-05,2.389910514466464520e-05
2.893244266510009766e+00,2.886582899093627752e+00,2.893268108367919922e+00,2.886606740951537908e+00,8.583381772041320801e-01,8.270592868328094927e-01,9.708947539329528809e-01,9.595910668373107688e-01,9.427858591079711914e-01,9.795618593692779763e-01,8.329508453607559204e-02,7.947820648550987799e-02,3.793030604720115662e-02,4.089244268834590912e-02,2.389974906691350043e-05,2.389974906691350043e-05
2.873979091644287109e+00,2.910123062133789240e+00,2.874002933502197266e+00,2.910146903991699396e+00,8.399674892425537109e-01,8.351806282997131792e-01,9.567435979843139648e-01,9.593910455703735796e-01,9.322979450225830078e-01,9.935642719268799050e-01,9.629070013761520386e-02,7.934331148862838745e-02,4.867946356534957886e-02,4.264381416141986569e-02,2.390141162322834134e-05,2.390141162322834134e-05
2.784633636474609375e+00,2.912004089355468839e+00,2.784657478332519531e+00,2.912027931213378995e+00,8.004130721092224121e-01,8.304602205753326416e-01,9.449176788330078125e-01,9.626326143741608110e-01,9.341847300529479980e-01,9.987333834171294722e-01,6.590195000171661377e-02,7.920039594173430841e-02,3.921600803732872009e-02,4.097753837704658231e-02,2.390321242273785174e-05,2.390321242273785174e-05
2.831057071685791016e+00,2.958775162696838379e+00,2.831080913543701172e+00,2.958799004554748535e+00,7.950570583343505859e-01,8.388975322246551292e-01,9.591205716133117676e-01,9.594065666198730025e-01,9.379221796989440918e-01,1.032765018939971968e+00,9.326984733343124390e-02,7.921487241983413141e-02,4.568749293684959412e-02,4.849120453000068526e-02,2.390380541328340769e-05,2.390380541328340769e-05
2.889037132263183594e+00,2.909895467758178533e+00,2.889060974121093750e+00,2.909919309616088690e+00,8.703302145004272461e-01,8.325230956077576128e-01,9.749932885169982910e-01,9.600398957729339156e-01,9.340485334396362305e-01,9.970427453517913818e-01,6.767409294843673706e-02,7.912836149334907809e-02,4.199074581265449524e-02,4.116137325763702393e-02,2.390469308011233807e-05,2.390469308011233807e-05
2.858725547790527344e+00,2.902944827079772860e+00,2.858749389648437500e+00,2.902968668937683017e+00,8.356772065162658691e-01,8.312333703041077104e-01,9.634814262390136719e-01,9.608996033668517622e-01,9.331063628196716309e-01,9.664835691452026145e-01,7.166016846895217896e-02,7.904171571135520935e-02,5.480033904314041138e-02,6.528664529323577326e-02,2.390713416389189661e-05,2.390713416389189661e-05
2.895262241363525391e+00,2.941446495056152521e+00,2.895286083221435547e+00,2.941470336914062678e+00,8.497725725173950195e-01,8.456085324287414551e-01,9.633450508117675781e-01,9.592662274837493452e-01,9.317958354949951172e-01,9.686419427394866721e-01,6.660210341215133667e-02,7.895323559641838351e-02,8.374670147895812988e-02,8.897656500339508334e-02,2.390929330431390554e-05,2.390929330431390554e-05
2.837413072586059570e+00,2.914598464965820312e+00,2.837436914443969727e+00,2.914622306823730469e+00,8.260452151298522949e-01,8.336724519729614702e-01,9.711116552352905273e-01,9.636772096157073531e-01,9.312183856964111328e-01,9.933139801025390181e-01,7.047176361083984375e-02,7.885177060961723328e-02,3.856610134243965149e-02,4.508307799696922163e-02,2.391082853137049824e-05,2.391082853137049824e-05
2.830138683319091797e+00,2.897014546394347967e+00,2.830162525177001953e+00,2.897038388252258123e+00,8.141141533851623535e-01,8.265451550483703391e-01,9.485388398170471191e-01,9.611188113689422829e-01,9.392458796501159668e-01,9.910419166088104692e-01,9.094213694334030151e-02,7.874451950192451477e-02,3.729779273271560669e-02,3.956413082778453827e-02,2.391189082118216902e-05,2.391189082118216902e-05
2.884856939315795898e+00,3.232583999633789062e+00,2.884880781173706055e+00,3.232607841491699219e+00,8.665295839309692383e-01,8.447585523128509077e-01,9.737118482589721680e-01,9.606143772602081521e-01,9.330039620399475098e-01,1.306050568819046021e+00,6.670825928449630737e-02,7.857104763388633728e-02,4.490332677960395813e-02,4.258941374719142636e-02,2.391313682892359793e-05,2.391313682892359793e-05
2.853648900985717773e+00,2.892084145545959384e+00,2.853672742843627930e+00,2.892107987403869540e+00,7.715697884559631348e-01,8.443080961704254594e-01,9.546554088592529297e-01,9.619389832019805686e-01,9.980886578559875488e-01,9.599544882774353471e-01,9.273012727499008179e-02,7.850859984755516330e-02,3.660515323281288147e-02,4.737387709319591800e-02,2.391382804489694536e-05,2.391382804489694536e-05
3.081443071365356445e+00,3.134005188941955566e+00,3.081466913223266602e+00,3.134029030799865723e+00,9.469872117042541504e-01,9.589179456233978271e-01,9.788892269134521484e-01,9.642558276653290239e-01,9.327910542488098145e-01,9.453358888626098855e-01,6.742382794618606567e-02,7.111060321331023892e-02,1.553519219160079956e-01,1.943848758935928234e-01,2.394985676801297814e-05,2.394985676801297814e-05
3.104728937149047852e+00,3.292692351341247381e+00,3.104753017425537109e+00,3.292716431617736639e+00,1.022518396377563477e+00,1.159539043903350830e+00,9.746490716934204102e-01,9.668948650360107422e-01,9.349679350852966309e-01,9.478740692138671875e-01,7.233747094869613647e-02,7.047995924949645996e-02,1.002562493085861206e-01,1.479044049978256170e-01,2.396278068772517145e-05,2.396278068772517145e-05
5.740219879150390625e+01,6.147987518310547017e+01,5.740222167968750000e+01,6.147989807128906392e+01,2.521065902709960938e+01,2.698988189697265483e+01,1.069107174873352051e+00,1.137070846557617143e+00,9.358296990394592285e-01,1.156946313381195024e+00,4.760580137372016907e-02,6.486402526497840604e-02,3.013899993896484375e+01,3.213111152648925639e+01,2.402691461611539125e-05,2.402691461611539125e-05
2.833668899536132812e+01,5.089774665832519673e+01,2.833671379089355469e+01,5.089776954650879048e+01,1.061651229858398438e+01,1.933896732330322266e+01,1.048800587654113770e+00,1.070553243160247803e+00,9.368419647216796875e-01,9.493000209331512451e-01,5.044483020901679993e-02,6.163238361477851868e-02,1.568409061431884766e+01,2.947729320526122976e+01,2.406384737696498632e-05,2.406384737696498632e-05
4.363217926025390625e+01,3.525502166748047017e+01,4.363220214843750000e+01,3.525504455566406392e+01,2.053941345214843750e+01,1.642574319839477681e+01,9.967532157897949219e-01,1.068394184112548828e+00,9.381398558616638184e-01,9.519900023937225564e-01,5.765599384903907776e-02,6.455353870987892706e-02,2.110021972656250000e+01,1.674434156417846609e+01,2.409133230685256422e-05,2.409133230685256422e-05
1.118993282318115234e+01,9.078378295898437145e+00,1.118995666503906250e+01,9.078402137756347301e+00,6.205546855926513672e+00,4.809913396835327148e+00,9.975715875625610352e-01,9.902786910533905029e-01,9.653217792510986328e-01,9.457832157611847368e-01,6.321882456541061401e-02,6.960951760411263067e-02,2.958274126052856445e+00,2.262793445587158114e+00,2.412648973404429853e-05,2.412648973404429853e-05
1.139696121215820312e+01,1.556549816131591868e+01,1.139698505401611328e+01,1.556552228927612269e+01,4.995228767395019531e+00,6.986897373199463246e+00,1.007465481758117676e+00,1.012065184116363481e+00,9.359560012817382812e-01,9.424541950225829856e-01,6.551734358072280884e-02,7.369248345494269770e-02,4.392793178558349609e+00,6.550388813018798828e+00,2.415650305920280516e-05,2.415650305920280516e-05
6.952572345733642578e+00,7.915320158004760742e+00,6.952596664428710938e+00,7.915344285964965643e+00,2.731294631958007812e+00,3.159632730484008611e+00,9.763758778572082520e-01,9.759501397609711137e-01,9.362264871597290039e-01,9.422142148017883523e-01,6.660153716802597046e-02,7.470753490924834928e-02,2.242073535919189453e+00,2.762815499305725009e+00,2.416913957858923823e-05,2.416913957858923823e-05
3.277889966964721680e+00,3.308553481101989657e+00,3.277914047241210938e+00,3.308577561378478915e+00,1.048750877380371094e+00,1.052630567550659091e+00,9.768204689025878906e-01,9.717944085597991499e-01,9.498459696769714355e-01,9.461532235145568848e-01,6.740370392799377441e-02,7.489806115627288541e-02,2.350688278675079346e-01,2.630771636962890847e-01,2.417470022919587791e-05,2.417470022919587791e-05
3.373435020446777344e+00,3.419206070899963201e+00,3.373459100723266602e+00,3.419230151176452459e+00,1.060559153556823730e+00,1.107467508316040128e+00,9.718195199966430664e-01,9.708232879638671875e-01,9.368035197257995605e-01,9.411614179611206277e-01,9.206683188676834106e-02,7.494984567165374756e-02,3.121859729290008545e-01,3.248039692640304343e-01,2.417539872112683952e-05,2.417539872112683952e-05
3.166263103485107422e+00,3.145179462432861506e+00,3.166287183761596680e+00,3.145203542709350764e+00,9.796710014343261719e-01,9.808907508850097656e-01,9.838229417800903320e-01,9.697869658470154031e-01,9.363942742347717285e-01,9.381302297115325928e-01,7.909419387578964233e-02,7.497808188199997503e-02,1.872806549072265625e-01,1.813934564590454213e-01,2.417566429357975721e-05,2.417566429357975721e-05
3.072624921798706055e+00,3.108851265907287775e+00,3.072649002075195312e+00,3.108875346183777033e+00,9.397302269935607910e-01,9.688130259513855203e-01,9.812352657318115234e-01,9.695964515209197776e-01,9.356060028076171875e-01,9.381169438362121360e-01,6.756410002708435059e-02,7.497410476207733154e-02,1.484894454479217529e-01,1.573507443070411571e-01,2.417558425804600120e-05,2.417558425804600120e-05
3.096267938613891602e+00,3.106642556190490900e+00,3.096292018890380859e+00,3.106666636466980158e+00,9.595317244529724121e-01,9.695490956306457297e-01,9.668481945991516113e-01,9.697982609272003396e-01,9.349725842475891113e-01,9.380602657794951948e-01,7.705032825469970703e-02,7.495490983128547113e-02,1.578652560710906982e-01,1.542800143361091614e-01,2.417570067336782813e-05,2.417570067336782813e-05
3.151553630828857422e+00,3.130879378318786710e+00,3.151577711105346680e+00,3.130903458595275968e+00,9.801580309867858887e-01,9.809581816196442094e-01,9.724346399307250977e-01,9.726222515106200950e-01,9.368256926536560059e-01,9.378414154052734375e-01,7.546100020408630371e-02,7.490723356604575556e-02,1.866743415594100952e-01,1.645503282546997015e-01,2.417600444459822029e-05,2.417600444459822029e-05
3.036010980606079102e+00,3.102940464019775302e+00,3.036035060882568359e+00,3.102964544296264560e+00,9.077962040901184082e-01,9.679544568061828613e-01,9.552211761474609375e-01,9.705947160720824751e-01,9.354100823402404785e-01,9.379584848880767600e-01,6.929015368223190308e-02,7.489859312772750854e-02,1.682934165000915527e-01,1.515342369675636292e-01,2.417625728412531316e-05,2.417625728412531316e-05
3.155674934387207031e+00,3.103802752494812189e+00,3.155699014663696289e+00,3.103826832771301447e+00,9.947463870048522949e-01,9.715757906436920388e-01,9.755125641822814941e-01,9.688620150089264360e-01,9.363290667533874512e-01,9.371308088302612305e-01,6.513448804616928101e-02,7.489937022328377325e-02,1.839523464441299438e-01,1.513347163796424921e-01,2.417750329186674207e-05,2.417750329186674207e-05
3.132419109344482422e+00,3.096549201011657537e+00,3.132443189620971680e+00,3.096573281288146795e+00,9.780186414718627930e-01,9.659120440483093262e-01,9.846749901771545410e-01,9.685436189174652100e-01,9.376367926597595215e-01,9.371268093585968240e-01,6.461399048566818237e-02,7.486261427402496338e-02,1.674744486808776855e-01,1.501041144132614080e-01,2.417895666440017521e-05,2.417895666440017521e-05
3.104056358337402344e+00,3.104193949699401767e+00,3.104080438613891602e+00,3.104218029975891024e+00,9.561251401901245117e-01,9.714084088802337202e-01,9.837446808815002441e-01,9.676708400249480757e-01,9.361453652381896973e-01,9.370730698108673540e-01,6.440144777297973633e-02,7.484521567821503241e-02,1.636397391557693481e-01,1.531963989138603321e-01,2.418081021460238844e-05,2.418081021460238844e-05
3.039566516876220703e+00,3.101609277725219549e+00,3.039590597152709961e+00,3.101633358001708807e+00,9.518784880638122559e-01,9.690889596939087358e-01,9.694265723228454590e-01,9.681738495826721635e-01,9.359178543090820312e-01,9.370281159877776878e-01,6.627001613378524780e-02,7.479511424899101812e-02,1.160734295845031738e-01,1.525232121348381042e-01,2.418312942609190941e-05,2.418312942609190941e-05
3.036889791488647461e+00,3.093069171905517667e+00,3.036913871765136719e+00,3.093093252182006925e+00,9.349250793457031250e-01,9.664060831069946067e-01,9.430326819419860840e-01,9.671808719635009988e-01,9.358742833137512207e-01,9.370232999324799028e-01,7.350080460309982300e-02,7.480753585696220398e-02,1.495568454265594482e-01,1.476514279842376653e-01,2.418376243440434337e-05,2.418376243440434337e-05
3.104174852371215820e+00,3.094427108764648438e+00,3.104198932647705078e+00,3.094451189041137695e+00,9.531005620956420898e-01,9.667476654052734597e-01,9.692112207412719727e-01,9.671562433242797407e-01,9.360126256942749023e-01,9.370024979114532915e-01,8.891235291957855225e-02,7.475867941975593289e-02,1.569381356239318848e-01,1.487620070576667897e-01,2.418513213342521340e-05,2.418513213342521340e-05
3.078531265258789062e+00,3.087615060806274236e+00,3.078555345535278320e+00,3.087639141082763494e+00,9.373699426651000977e-01,9.617473185062408447e-01,9.564687609672546387e-01,9.686915218830108865e-01,9.339218139648437500e-01,9.369939148426056352e-01,8.713065087795257568e-02,7.473204880952835638e-02,1.636402308940887451e-01,1.454502090811729542e-01,2.418680014670826495e-05,2.418680014670826495e-05
3.225641250610351562e+00,3.091485190391540350e+00,3.225665330886840820e+00,3.091509270668029608e+00,1.031207084655761719e+00,9.662121593952178733e-01,9.699186682701110840e-01,9.673924207687377708e-01,9.938977360725402832e-01,9.382243514060973899e-01,7.197950035333633423e-02,7.465595304965973178e-02,1.586381345987319946e-01,1.450002565979957581e-01,2.418809344817418605e-05,2.418809344817418605e-05
3.153627395629882812e+00,3.128790020942687988e+00,3.153651475906372070e+00,3.128814101219177246e+00,9.682939052581787109e-01,9.834896266460418923e-01,9.649389386177062988e-01,9.679924249649047852e-01,9.424454569816589355e-01,9.416922688484191672e-01,9.559527784585952759e-02,7.436483800411224088e-02,1.823536604642868042e-01,1.612507894635200612e-01,2.418911935819778591e-05,2.418911935819778591e-05
3.057151079177856445e+00,3.119946622848510653e+00,3.057175159454345703e+00,3.119970703124999911e+00,9.610317945480346680e-01,9.671427071094512717e-01,9.451513886451721191e-01,9.672391831874846968e-01,9.357504248619079590e-01,9.440887987613677534e-01,6.412891298532485962e-02,7.434848546981812079e-02,1.510885655879974365e-01,1.671274051070213429e-01,2.419257725705392659e-05,2.419257725705392659e-05
3.067517042160034180e+00,3.121355843544006525e+00,3.067541122436523438e+00,3.121379923820495783e+00,1.000602960586547852e+00,9.819006919860839844e-01,9.688797593116760254e-01,9.665807127952575906e-01,9.350683093070983887e-01,9.442436337471008523e-01,6.790633499622344971e-02,7.434116080403327387e-02,9.505952894687652588e-02,1.542895630002021901e-01,2.419438169454224408e-05,2.419438169454224408e-05
3.054662704467773438e+00,3.096074247360229403e+00,3.054686784744262695e+00,3.096098327636718661e+00,9.328308105468750000e-01,9.650570213794708030e-01,9.418246746063232422e-01,9.669524550437926802e-01,9.349836707115173340e-01,9.445537328720092773e-01,8.411093056201934814e-02,7.430479303002357483e-02,1.609126329421997070e-01,1.452062413096427973e-01,2.419569864287041128e-05,2.419569864287041128e-05
3.153825044631958008e+00,3.144351434707641779e+00,3.153849124908447266e+00,3.144375514984131037e+00,1.011499524116516113e+00,1.001038187742233188e+00,9.839515089988708496e-01,9.669495165348053201e-01,9.337756633758544922e-01,9.444829523563385010e-01,9.069440513849258423e-02,7.427532970905303955e-02,1.339039355516433716e-01,1.576054185628890936e-01,2.419631709926761687e-05,2.419631709926761687e-05
3.086129665374755859e+00,3.108756399154663175e+00,3.086153745651245117e+00,3.108780479431152433e+00,9.337413311004638672e-01,9.698042511940002663e-01,9.749962687492370605e-01,9.705274343490600808e-01,9.367794394493103027e-01,9.410553216934204324e-01,7.927855104207992554e-02,7.423322945833206454e-02,1.613341271877288818e-01,1.531361892819404491e-01,2.419747397652827203e-05,2.419747397652827203e-05
3.180223703384399414e+00,3.176470732688903897e+00,3.180247783660888672e+00,3.176494812965393155e+00,9.899991154670715332e-01,1.006922817230224698e+00,9.714355468750000000e-01,9.697695434093475120e-01,9.414310455322265625e-01,9.384616434574126753e-01,7.495839893817901611e-02,7.423657774925232489e-02,2.023997157812118530e-01,1.870802164077758900e-01,2.419814336462877691e-05,2.419814336462877691e-05
3.064437150955200195e+00,3.089848995208740234e+00,3.064461469650268555e+00,3.089873313903808594e+00,9.595695734024047852e-01,9.653589427471160889e-01,9.743060469627380371e-01,9.665769934654235840e-01,9.368785619735717773e-01,9.404896676540375200e-01,6.410444527864456177e-02,7.414871379733085910e-02,1.295782923698425293e-01,1.432746842503547779e-01,2.419956945232115686e-05,2.419956945232115686e-05
3.063933610916137695e+00,3.079464149475097834e+00,3.063957929611206055e+00,3.079488468170166193e+00,9.429886937141418457e-01,9.593034148216247337e-01,9.518010020256042480e-01,9.676404714584350142e-01,9.503507614135742188e-01,9.378574311733245406e-01,8.956953138113021851e-02,7.410802394151687345e-02,1.292235255241394043e-01,1.405548065900802668e-01,2.420022974547464401e-05,2.420022974547464401e-05
3.093874692916870117e+00,3.107078289985656827e+00,3.093899011611938477e+00,3.107102608680725186e+00,9.217277765274047852e-01,9.704030990600586160e-01,9.601626396179199219e-01,9.660820901393890603e-01,9.368430376052856445e-01,9.391861498355865701e-01,7.840937376022338867e-02,7.412253841757773798e-02,1.967317163944244385e-01,1.572843477129936274e-01,2.420161035843193531e-05,2.420161035843193531e-05
3.065503120422363281e+00,3.087641930580139249e+00,3.065527439117431641e+00,3.087666249275207608e+00,9.381684064865112305e-01,9.634044229984283225e-01,9.765022397041320801e-01,9.669746935367584673e-01,9.362809658050537109e-01,9.400001108646393044e-01,8.659168332815170288e-02,7.410073876380920965e-02,1.279597431421279907e-01,1.431620121002197266e-01,2.420153396087698638e-05,2.420153396087698638e-05
3.102075099945068359e+00,3.098146414756774991e+00,3.102099418640136719e+00,3.098170733451843351e+00,9.758911728858947754e-01,9.682740628719329612e-01,9.645122289657592773e-01,9.716029882431029829e-01,9.355763792991638184e-01,9.395838737487792747e-01,7.785256952047348022e-02,7.404884919524193365e-02,1.482427418231964111e-01,1.446366488933563121e-01,2.420115561108104885e-05,2.420115561108104885e-05
3.046030044555664062e+00,3.108358502388000488e+00,3.046054363250732422e+00,3.108382821083068848e+00,9.138582944869995117e-01,9.708419740200042725e-01,9.407243132591247559e-01,9.668276906013488770e-01,9.363482594490051270e-01,9.382384538650512251e-01,6.518553942441940308e-02,7.401981577277183533e-02,1.899138242006301880e-01,1.584305584430694691e-01,2.420177406747825444e-05,2.420177406747825444e-05
3.043515920639038086e+00,3.080323600769042880e+00,3.043540239334106445e+00,3.080347919464111239e+00,9.355691075325012207e-01,9.624376595020294189e-01,9.558738470077514648e-01,9.665163278579711470e-01,9.354199767112731934e-01,9.374650776386260764e-01,6.572661548852920532e-02,7.395409345626831332e-02,1.509264260530471802e-01,1.399504184722900335e-01,2.420264172542374581e-05,2.420264172542374581e-05
3.048646926879882812e+00,3.093902468681335449e+00,3.048671245574951172e+00,3.093926787376403809e+00,9.430896043777465820e-01,9.652682781219482644e-01,9.613417983055114746e-01,9.673349082469939741e-01,9.365352988243103027e-01,9.374450147151947021e-01,6.883737444877624512e-02,7.393337264657021124e-02,1.388427019119262695e-01,1.499208778142929188e-01,2.420373493805527687e-05,2.420373493805527687e-05
3.064363479614257812e+00,3.074502658843994318e+00,3.064387798309326172e+00,3.074526977539062678e+00,9.456844925880432129e-01,9.553762555122375932e-01,9.692944288253784180e-01,9.675966084003448930e-01,9.391428232192993164e-01,9.380786538124084029e-01,6.643078476190567017e-02,7.389321103692055026e-02,1.438109576702117920e-01,1.395579218864440862e-01,2.420364216959569603e-05,2.420364216959569603e-05
3.079457759857177734e+00,3.073992300033569158e+00,3.079482078552246094e+00,3.074016618728637518e+00,9.385274052619934082e-01,9.555319726467133012e-01,9.705154895782470703e-01,9.670612990856171098e-01,9.360313415527343750e-01,9.379543542861938921e-01,7.852674275636672974e-02,7.390373796224594671e-02,1.558568030595779419e-01,1.395409554243087769e-01,2.420369128230959177e-05,2.420369128230959177e-05
2.972910881042480469e+00,3.075608110427856534e+00,2.972935199737548828e+00,3.075632429122924894e+00,9.000123143196105957e-01,9.579518318176269975e-01,9.399989247322082520e-01,9.662258625030517578e-01,9.348692893981933594e-01,9.379812777042388916e-01,7.656032592058181763e-02,7.385513484477997104e-02,1.214702427387237549e-01,1.395939931273460499e-01,2.420476630504708737e-05,2.420476630504708737e-05
3.136495113372802734e+00,3.080019021034240634e+00,3.136519432067871094e+00,3.080043339729308993e+00,9.864599108695983887e-01,9.624362885951995850e-01,9.894347190856933594e-01,9.667803943157196045e-01,9.355586767196655273e-01,9.387013077735900657e-01,6.370589137077331543e-02,7.381870150566101352e-02,1.613359004259109497e-01,1.382823601365089361e-01,2.420497548882849514e-05,2.420497548882849514e-05
3.038288354873657227e+00,3.067795777320861728e+00,3.038312673568725586e+00,3.067820096015930087e+00,9.199007749557495117e-01,9.500391960144043413e-01,9.543900489807128906e-01,9.667026102542877197e-01,9.360310435295104980e-01,9.398689508438110574e-01,7.235470414161682129e-02,7.388090863823890131e-02,1.556116789579391479e-01,1.373040929436683544e-01,2.420631244604010135e-05,2.420631244604010135e-05
3.047797203063964844e+00,3.076953768730163574e+00,3.047821521759033203e+00,3.076978087425231934e+00,9.521191120147705078e-01,9.591064035892487016e-01,9.717773199081420898e-01,9.678081154823303667e-01,9.355569481849670410e-01,9.395026803016662820e-01,6.449511647224426270e-02,7.386222854256629944e-02,1.238487288355827332e-01,1.366743817925453186e-01,2.420702003291808069e-05,2.420702003291808069e-05
3.060285568237304688e+00,3.078309202194213778e+00,3.060309886932373047e+00,3.078333520889282138e+00,9.720884561538696289e-01,9.575525403022766557e-01,9.718372225761413574e-01,9.695710778236389382e-01,9.353536963462829590e-01,9.387541949748993142e-01,6.737828999757766724e-02,7.384287863969803134e-02,1.136279925704002380e-01,1.385885566473007147e-01,2.420801502012182027e-05,2.420801502012182027e-05
3.059785127639770508e+00,3.112421321868896307e+00,3.059809446334838867e+00,3.112445640563964666e+00,9.770894050598144531e-01,9.891440391540526900e-01,9.500463604927062988e-01,9.681551516056060569e-01,9.350915551185607910e-01,9.404148817062377708e-01,6.511479616165161133e-02,7.382394075393676480e-02,1.324431300163269043e-01,1.408832997083663829e-01,2.420892633381299675e-05,2.420892633381299675e-05
3.057706356048583984e+00,3.081524276733398349e+00,3.057730674743652344e+00,3.081548595428466708e+00,9.689398407936096191e-01,9.633227348327636497e-01,9.689620137214660645e-01,9.669024944305419922e-01,9.361812472343444824e-01,9.387695431709289773e-01,6.336697936058044434e-02,7.377860993146896640e-02,1.202564239501953125e-01,1.387508809566497803e-01,2.420877535769250244e-05,2.420877535769250244e-05
3.031200408935546875e+00,3.074090456962585538e+00,3.031224727630615234e+00,3.074114775657653897e+00,9.258998632431030273e-01,9.563730895519256814e-01,9.597151875495910645e-01,9.671613395214080366e-01,9.570294618606567383e-01,9.402930617332458940e-01,6.736224889755249023e-02,7.378283441066742221e-02,1.211934834718704224e-01,1.364801347255706898e-01,2.420999771857168525e-05,2.420999771857168525e-05
3.057282209396362305e+00,3.095214271545410067e+00,3.057306528091430664e+00,3.095238590240478427e+00,9.851842522621154785e-01,9.788426935672760454e-01,9.581968784332275391e-01,9.688527703285216841e-01,9.360624551773071289e-01,9.372928619384766069e-01,7.772288471460342407e-02,7.356254085898399075e-02,1.001158058643341064e-01,1.366634309291839544e-01,2.421044882794376463e-05,2.421044882794376463e-05
3.117225170135498047e+00,3.088400197029113947e+00,3.117249488830566406e+00,3.088424515724182307e+00,9.739797711372375488e-01,9.715189874172210915e-01,9.866764545440673828e-01,9.680992245674133745e-01,9.362196922302246094e-01,9.382896780967712180e-01,6.430576741695404053e-02,7.349929586052894592e-02,1.560435891151428223e-01,1.369929447770118769e-01,2.421031967969611287e-05,2.421031967969611287e-05
3.082064628601074219e+00,3.103992843627929599e+00,3.082088947296142578e+00,3.104017162322997958e+00,9.873781204223632812e-01,9.741161882877349409e-01,9.716216325759887695e-01,9.666490137577057329e-01,9.371308088302612305e-01,9.381094694137572798e-01,6.713602691888809204e-02,7.345384210348129828e-02,1.187979355454444885e-01,1.516643077135086115e-01,2.421005592623259872e-05,2.421005592623259872e-05
2.984251260757446289e+00,3.065179443359375089e+00,2.984275579452514648e+00,3.065203762054443448e+00,9.323595762252807617e-01,9.504341721534729226e-01,9.391953945159912109e-01,9.666100203990936057e-01,9.369172453880310059e-01,9.395070672035217285e-01,6.333158165216445923e-02,7.341090962290763855e-02,1.124475523829460144e-01,1.352172657847404424e-01,2.420932651148177683e-05,2.420932651148177683e-05
3.062610626220703125e+00,3.094303297996520818e+00,3.062634944915771484e+00,3.094327616691589178e+00,9.702246189117431641e-01,9.591763854026794656e-01,9.500595927238464355e-01,9.685282647609710915e-01,9.358173012733459473e-01,9.475350201129912886e-01,8.840772509574890137e-02,7.356617003679274958e-02,1.181013435125350952e-01,1.454973876476287897e-01,2.420840246486477554e-05,2.420840246486477554e-05
3.132530450820922852e+00,3.093943738937377841e+00,3.132554769515991211e+00,3.093968057632446200e+00,9.865429997444152832e-01,9.590878784656524658e-01,9.738252758979797363e-01,9.682353734970092773e-01,9.360336661338806152e-01,9.429930388927459939e-01,8.883003145456314087e-02,7.368992641568183899e-02,1.472986489534378052e-01,1.499375447630882374e-01,2.420855707896407694e-05,2.420855707896407694e-05
3.074238300323486328e+00,3.092050123214721502e+00,3.074262619018554688e+00,3.092074441909789861e+00,9.476732611656188965e-01,9.689482390880584939e-01,9.772415757179260254e-01,9.678405344486236128e-01,9.357826709747314453e-01,9.451770722866058572e-01,7.880657911300659180e-02,7.369287833571433466e-02,1.347340941429138184e-01,1.363914176821708624e-01,2.420824239379726350e-05,2.420824239379726350e-05
3.019239187240600586e+00,3.073571681976318359e+00,3.019263505935668945e+00,3.073596000671386719e+00,9.262017607688903809e-01,9.555645406246184859e-01,9.597300887107849121e-01,9.672050297260283980e-01,9.348526000976562500e-01,9.439299702644348145e-01,7.508148252964019775e-02,7.362122535705566129e-02,1.233729198575019836e-01,1.332509338855743519e-01,2.420793498458806425e-05,2.420793498458806425e-05
3.121826648712158203e+00,3.072270774841308505e+00,3.121850967407226562e+00,3.072295093536376864e+00,9.855154156684875488e-01,9.547781288623810036e-01,9.883857965469360352e-01,9.667102038860321267e-01,9.369843602180480957e-01,9.421500742435455766e-01,6.315408647060394287e-02,7.359236627817153376e-02,1.477870941162109375e-01,1.350399777293205261e-01,2.420780765532981604e-05,2.420780765532981604e-05
3.417645454406738281e+00,3.347786140441894709e+00,3.417669773101806641e+00,3.347810459136963068e+00,1.113940715789794922e+00,1.062075054645538419e+00,9.541388750076293945e-01,9.698597133159637673e-01,9.340673685073852539e-01,9.480495870113372359e-01,9.354716539382934570e-02,7.352175861597061435e-02,3.219516575336456299e-01,2.942801207304001077e-01,2.420713826722931117e-05,2.420713826722931117e-05
3.024429321289062500e+00,3.101129531860351562e+00,3.024453639984130859e+00,3.101153850555419922e+00,9.360829591751098633e-01,9.643267810344695601e-01,9.583755731582641602e-01,9.663160443305969238e-01,9.364333748817443848e-01,9.558092474937438521e-01,6.444676965475082397e-02,7.351872399449348172e-02,1.290908604860305786e-01,1.411588251590728815e-01,2.420781675027683377e-05,2.420781675027683377e-05
3.047570705413818359e+00,3.082914018630981356e+00,3.047595024108886719e+00,3.082938337326049716e+00,9.500758647918701172e-01,9.534576714038849321e-01,9.521852135658264160e-01,9.669815003871917725e-01,9.356521964073181152e-01,9.552331984043120894e-01,1.025629267096519470e-01,7.350402548909187872e-02,1.070945039391517639e-01,1.337376102805137579e-01,2.420779856038279831e-05,2.420779856038279831e-05
3.054821491241455078e+00,3.070506906509399503e+00,3.054845809936523438e+00,3.070531225204467862e+00,9.841919541358947754e-01,9.588663637638091819e-01,9.441392421722412109e-01,9.660932421684265137e-01,9.353338479995727539e-01,9.372074067592620628e-01,6.354095041751861572e-02,7.330171540379523676e-02,1.276155263185501099e-01,1.350381836295127813e-01,2.420738746877759695e-05,2.420738746877759695e-05
3.049043178558349609e+00,3.091925740242004395e+00,3.049067497253417969e+00,3.091950058937072754e+00,9.492075443267822266e-01,9.637921154499053955e-01,9.616118073463439941e-01,9.736489474773406538e-01,9.361272454261779785e-01,9.399078726768493874e-01,6.461048871278762817e-02,7.277972698211669644e-02,1.374863237142562866e-01,1.417970702052116505e-01,2.420794771751388907e-05,2.420794771751388907e-05
3.053588390350341797e+00,3.067085123062133878e+00,3.053612709045410156e+00,3.067109441757202237e+00,9.560915827751159668e-01,9.543477594852447510e-01,9.634449481964111328e-01,9.682980835437774436e-01,9.357311725616455078e-01,9.362284660339355025e-01,7.496962696313858032e-02,7.265150099992752353e-02,1.233511567115783691e-01,1.355593040585517939e-01,2.420838427497074008e-05,2.420838427497074008e-05
3.042706012725830078e+00,3.073053312301635920e+00,3.042730331420898438e+00,3.073077630996704279e+00,9.757508039474487305e-01,9.607465982437133345e-01,9.638642668724060059e-01,9.678349077701569048e-01,9.353219866752624512e-01,9.361725032329559770e-01,6.380155682563781738e-02,7.260365039110183716e-02,1.039674878120422363e-01,1.356956481933593861e-01,2.420844066364225000e-05,2.420844066364225000e-05
3.052749395370483398e+00,3.097064042091369540e+00,3.052773714065551758e+00,3.097088360786437899e+00,9.535172581672668457e-01,9.787596344947815385e-01,9.656246900558471680e-01,9.670007824897766113e-01,9.352542757987976074e-01,9.390793859958648238e-01,6.632263958454132080e-02,7.288572117686271945e-02,1.320305317640304565e-01,1.393385380506515503e-01,2.420866439933888614e-05,2.420866439933888614e-05
3.077154159545898438e+00,3.080062794685363592e+00,3.077178478240966797e+00,3.080087113380431951e+00,9.641245007514953613e-01,9.591666519641875999e-01,9.699952006340026855e-01,9.671876549720763716e-01,9.352769255638122559e-01,9.477059125900268999e-01,7.756321132183074951e-02,7.294481471180916388e-02,1.301941573619842529e-01,1.330577820539474432e-01,2.420869896013755351e-05,2.420869896013755351e-05
3.085817575454711914e+00,3.075753283500671564e+00,3.085841894149780273e+00,3.075777602195739924e+00,9.492067694664001465e-01,9.567750930786133035e-01,9.830766320228576660e-01,9.726523876190185103e-01,9.356672167778015137e-01,9.414193809032440630e-01,7.700449228286743164e-02,7.289102599024772922e-02,1.408624500036239624e-01,1.320153936743736212e-01,2.420908822386991233e-05,2.420908822386991233e-05
3.066711425781250000e+00,3.079667115211486728e+00,3.066735744476318359e+00,3.079691433906555087e+00,9.708402156829833984e-01,9.570284664630890337e-01,9.694038629531860352e-01,9.692466616630553977e-01,9.349303841590881348e-01,9.392755866050720437e-01,6.835768371820449829e-02,7.284352853894233981e-02,1.231791153550148010e-01,1.412728682160377391e-01,2.420897726551629603e-05,2.420897726551629603e-05
2.994300127029418945e+00,3.055289459228515803e+00,2.994324445724487305e+00,3.055313777923584162e+00,9.380105137825012207e-01,9.468756675720214622e-01,9.424850344657897949e-01,9.664771020412444846e-01,9.357388615608215332e-01,9.393130838871002197e-01,6.676024943590164185e-02,7.279617562890053351e-02,1.113054156303405762e-01,1.298274144530296437e-01,2.420911187073215842e-05,2.420911187073215842e-05
3.033012866973876953e+00,3.065754795074462802e+00,3.033037185668945312e+00,3.065779113769531161e+00,9.384188652038574219e-01,9.535868465900421143e-01,9.614250063896179199e-01,9.685426354408264160e-01,9.355034232139587402e-01,9.390534698963165505e-01,6.227521225810050964e-02,7.277364954352379123e-02,1.353901922702789307e-01,1.317982092499732916e-01,2.420916280243545771e-05,2.420916280243545771e-05
3.086472749710083008e+00,3.112371730804443182e+00,3.086497068405151367e+00,3.112396049499511541e+00,9.469081759452819824e-01,9.801466643810272661e-01,9.627884030342102051e-01,9.667049050331115723e-01,9.360742568969726562e-01,9.384632706642150879e-01,8.057823032140731812e-02,7.272206693887710294e-02,1.601236760616302490e-01,1.543348282575607300e-01,2.420967211946845055e-05,2.420967211946845055e-05
3.128193378448486328e+00,3.083469510078430176e+00,3.128217697143554688e+00,3.083493828773498535e+00,9.894552826881408691e-01,9.694029688835144043e-01,9.707740545272827148e-01,9.700838804244995561e-01,9.360501170158386230e-01,9.389790236949920876e-01,6.440539658069610596e-02,7.264474630355835516e-02,1.675082594156265259e-01,1.323588743805885204e-01,2.421037788735702634e-05,2.421037788735702634e-05
3.131665945053100586e+00,3.104000377655029119e+00,3.131690263748168945e+00,3.104024696350097479e+00,9.856549501419067383e-01,9.628912389278412309e-01,9.915190935134887695e-01,9.695138692855834739e-01,9.373767375946044922e-01,9.393956542015076128e-01,7.614936679601669312e-02,7.260917872190475464e-02,1.409657597541809082e-01,1.595904782414436229e-01,2.421003591734915972e-05,2.421003591734915972e-05
3.059783935546875000e+00,3.085674333572387518e+00,3.059808254241943359e+00,3.085698652267455877e+00,9.416781663894653320e-01,9.615252315998077393e-01,9.658067226409912109e-01,9.709448635578155073e-01,9.355283379554748535e-01,9.391193747520446555e-01,6.526878476142883301e-02,7.255102992057800571e-02,1.515019387006759644e-01,1.415338262915611378e-01,2.420997225272003561e-05,2.420997225272003561e-05
3.108968973159790039e+00,3.087672638893127264e+00,3.108993291854858398e+00,3.087696957588195623e+00,9.779183864593505859e-01,9.620871186256408913e-01,9.580703973770141602e-01,9.716231763362884744e-01,9.353637695312500000e-01,9.389478564262390137e-01,7.404673099517822266e-02,7.249345034360885065e-02,1.635696887969970703e-01,1.425209611654281727e-01,2.421013414277695119e-05,2.421013414277695119e-05
3.141198158264160156e+00,3.168578028678894043e+00,3.141222476959228516e+00,3.168602347373962402e+00,9.976387619972229004e-01,1.010279011726379350e+00,9.805667400360107422e-01,9.709317028522491677e-01,9.362491369247436523e-01,9.391928136348723921e-01,6.224938482046127319e-02,7.244693189859389981e-02,1.644942164421081543e-01,1.757275477051734869e-01,2.421063072688411921e-05,2.421063072688411921e-05
3.057390928268432617e+00,3.090465188026428223e+00,3.057415246963500977e+00,3.090489506721496582e+00,9.592522382736206055e-01,9.657835125923156516e-01,9.562962055206298828e-01,9.710144281387329546e-01,9.360657930374145508e-01,9.403614163398742454e-01,6.850754469633102417e-02,7.238482534885407049e-02,1.372692286968231201e-01,1.409210294485092052e-01,2.421126191620714962e-05,2.421126191620714962e-05
3.112480640411376953e+00,3.109530162811279475e+00,3.112504959106445312e+00,3.109554481506347834e+00,9.968784451484680176e-01,9.694506227970123291e-01,9.426771402359008789e-01,9.702303051948547585e-01,9.354074001312255859e-01,9.403472363948821577e-01,6.370139867067337036e-02,7.234523445367813110e-02,1.738163083791732788e-01,1.571568712592124883e-01,2.421193858026526868e-05,2.421193858026526868e-05
3.115929603576660156e+00,3.117212939262389959e+00,3.115953922271728516e+00,3.117237257957458318e+00,9.961840510368347168e-01,9.871760725975036177e-01,9.807905554771423340e-01,9.704076766967772993e-01,9.371979832649230957e-01,9.400979995727538618e-01,7.376243174076080322e-02,7.229888290166855414e-02,1.279944777488708496e-01,1.472322866320610046e-01,2.421287717879749835e-05,2.421287717879749835e-05
3.113255023956298828e+00,3.111109638214111239e+00,3.113279342651367188e+00,3.111133956909179599e+00,9.995184540748596191e-01,9.797740161418915239e-01,9.698246121406555176e-01,9.731567263603210227e-01,9.358703494071960449e-01,9.402310490608215554e-01,7.724788039922714233e-02,7.229368388652801514e-02,1.307937800884246826e-01,1.456542238593101501e-01,2.421353565296158195e-05,2.421353565296158195e-05
3.094893217086791992e+00,3.072003793716430842e+00,3.094917535781860352e+00,3.072028112411499201e+00,9.640826582908630371e-01,9.566474795341491921e-01,9.751833081245422363e-01,9.709205806255341020e-01,9.380841851234436035e-01,9.380968868732452171e-01,9.046144783496856689e-02,7.220836281776428500e-02,1.270816326141357422e-01,1.341305390000343267e-01,2.421596036583650857e-05,2.421596036583650857e-05
3.145726680755615234e+00,3.135864925384521662e+00,3.145750999450683594e+00,3.135889244079590021e+00,1.054923653602600098e+00,1.019272887706756503e+00,9.750649929046630859e-01,9.683129251003265159e-01,9.346123337745666504e-01,9.376742899417876975e-01,6.352178752422332764e-02,7.215288430452346247e-02,1.176038458943367004e-01,1.384519368410110363e-01,2.421790122753009200e-05,2.421790122753009200e-05
3.125871896743774414e+00,3.087867164611816317e+00,3.125896215438842773e+00,3.087891483306884677e+00,9.572900533676147461e-01,9.627535879611969216e-01,9.838601946830749512e-01,9.732520759105682817e-01,9.364578723907470703e-01,9.376218497753143755e-01,6.663900613784790039e-02,7.208860367536544522e-02,1.816249191761016846e-01,1.421510756015777477e-01,2.422102988930419087e-05,2.422102988930419087e-05
3.037110328674316406e+00,3.048929572105407715e+00,3.037134647369384766e+00,3.048953890800476074e+00,9.449606537818908691e-01,9.432384431362151878e-01,9.610695838928222656e-01,9.682025551795959695e-01,9.354948401451110840e-01,9.379021167755127175e-01,7.685573399066925049e-02,7.197887003421783725e-02,1.187295913696289062e-01,1.276076070964336506e-01,2.422632314846850932e-05,2.422632314846850932e-05
3.009455680847167969e+00,3.051695680618286222e+00,3.009479999542236328e+00,3.051719999313354581e+00,9.313140511512756348e-01,9.459533810615539107e-01,9.626723527908325195e-01,9.686485946178435835e-01,9.360351562500000000e-01,9.368434011936187522e-01,6.179202720522880554e-02,7.189715355634689053e-02,1.176418811082839966e-01,1.283531129360198919e-01,2.423083788016811013e-05,2.423083788016811013e-05
3.092885494232177734e+00,3.102458429336548029e+00,3.092909812927246094e+00,3.102482748031616389e+00,9.894635677337646484e-01,9.732026875019073042e-01,9.680117964744567871e-01,9.700914144515990767e-01,9.357641339302062988e-01,9.376669049263000044e-01,7.344378530979156494e-02,7.171841114759444635e-02,1.262020915746688843e-01,1.497789636254310552e-01,2.423624391667544842e-05,2.423624391667544842e-05
3.084787130355834961e+00,3.088312339782715021e+00,3.084811449050903320e+00,3.088336658477783381e+00,9.259124994277954102e-01,9.772256076335906760e-01,9.801878333091735840e-01,9.716342747211456077e-01,9.367886185646057129e-01,9.361525297164916548e-01,8.452796190977096558e-02,7.165468409657478610e-02,1.573702543973922729e-01,1.316452428698539623e-01,2.424071499262936413e-05,2.424071499262936413e-05
3.014156579971313477e+00,3.061615800857544034e+00,3.014180898666381836e+00,3.061640119552612394e+00,9.402987360954284668e-01,9.559172689914703369e-01,9.506269097328186035e-01,9.679513692855834517e-01,9.361554384231567383e-01,9.365383803844451460e-01,6.158534064888954163e-02,7.158123701810836792e-02,1.254900395870208740e-01,1.296275556087493896e-01,2.424545527901500463e-05,2.424545527901500463e-05
3.226735591888427734e+00,3.316638422012329279e+00,3.226759910583496094e+00,3.316662740707397639e+00,1.038389801979064941e+00,1.072384083271026523e+00,9.781796336174011230e-01,9.696057558059691939e-01,9.353566765785217285e-01,9.366545319557190163e-01,7.048508524894714355e-02,7.152231037616729736e-02,2.043244093656539917e-01,2.664717286825180054e-01,2.425098500680178404e-05,2.425098500680178404e-05
3.027480125427246094e+00,3.060597610473632990e+00,3.027504444122314453e+00,3.060621929168701350e+00,9.405053257942199707e-01,9.494273662567138672e-01,9.540264606475830078e-01,9.698174953460693137e-01,9.350820779800415039e-01,9.366521358489989790e-01,6.130256876349449158e-02,7.152536585927009305e-02,1.365638673305511475e-01,1.331752166152000427e-01,2.425254569971002638e-05,2.425254569971002638e-05
4.404376506805419922e+00,3.778308677673339666e+00,4.404400825500488281e+00,3.778332996368408025e+00,1.551878690719604492e+00,1.260543382167816251e+00,9.567019939422607422e-01,9.724185347557068315e-01,9.368011951446533203e-01,9.366241931915283425e-01,6.526203453540802002e-02,7.146052941679954806e-02,8.937324881553649902e-01,5.372620761394500954e-01,2.425651291559915990e-05,2.425651291559915990e-05
3.263264656066894531e+00,3.232829928398132324e+00,3.263288974761962891e+00,3.232854247093200684e+00,1.040793776512145996e+00,1.030934202671051070e+00,9.684554338455200195e-01,9.669351577758789062e-01,9.362984299659729004e-01,9.366260468959808350e-01,7.032460719347000122e-02,7.150236219167709073e-02,2.473924905061721802e-01,2.268321782350540272e-01,2.425945422146469355e-05,2.425945422146469355e-05
2.958128452301025391e+00,3.045110297203064142e+00,2.958152770996093750e+00,3.045134615898132502e+00,8.900579810142517090e-01,9.434548914432525635e-01,9.464179873466491699e-01,9.666483461856841819e-01,9.355880022048950195e-01,9.366059720516204390e-01,6.129476055502891541e-02,7.145738974213600159e-02,1.247698068618774414e-01,1.269436687231063898e-01,2.426306491543073207e-05,2.426306491543073207e-05
3.007795810699462891e+00,3.044112944602966220e+00,3.007820129394531250e+00,3.044137263298034579e+00,9.328494071960449219e-01,9.450449407100677268e-01,9.594862461090087891e-01,9.681639313697815163e-01,9.361724853515625000e-01,9.365756452083587869e-01,6.147448718547821045e-02,7.139907181262969416e-02,1.178131848573684692e-01,1.229293309152126312e-01,2.426547871436923742e-05,2.426547871436923742e-05
3.030626535415649414e+00,3.042734026908874512e+00,3.030650854110717773e+00,3.042758345603942871e+00,9.451479315757751465e-01,9.546381294727325217e-01,9.730114936828613281e-01,9.684223055839538130e-01,9.342955350875854492e-01,9.365471780300140825e-01,7.999391853809356689e-02,7.132648080587386530e-02,9.817746281623840332e-02,1.117999359965324430e-01,2.426799437671434134e-05,2.426799437671434134e-05
3.101689338684082031e+00,3.165310668945312322e+00,3.101713657379150391e+00,3.165334987640380682e+00,9.835665225982666016e-01,1.033671689033508256e+00,9.856739640235900879e-01,9.690231978893280029e-01,9.358344078063964844e-01,9.365241885185241477e-01,6.130810454487800598e-02,7.127252295613288602e-02,1.353063732385635376e-01,1.548190146684646495e-01,2.427203071420080960e-05,2.427203071420080960e-05
3.589952230453491211e+00,3.656166052818298429e+00,3.589976549148559570e+00,3.656190371513366788e+00,1.267400741577148438e+00,1.306943416595458984e+00,9.749948382377624512e-01,9.676688075065612571e-01,9.356998801231384277e-01,9.364728391170501487e-01,8.700220286846160889e-02,7.133374586701393683e-02,3.248543143272399902e-01,3.737473130226135476e-01,2.427746585453860462e-05,2.427746585453860462e-05
3.037466049194335938e+00,3.105561900138854803e+00,3.037490367889404297e+00,3.105586218833923162e+00,9.328584671020507812e-01,1.008011424541473300e+00,9.803794622421264648e-01,9.687658429145813432e-01,9.355525970458984375e-01,9.364988148212433083e-01,7.799585908651351929e-02,7.113974317908286493e-02,1.106795296072959900e-01,1.211460866034030914e-01,2.428237894491758198e-05,2.428237894491758198e-05
3.015941858291625977e+00,3.039275264739990323e+00,3.015966176986694336e+00,3.039299583435058683e+00,9.457706212997436523e-01,9.509245336055756059e-01,9.425957202911376953e-01,9.667468845844269243e-01,9.368373155593872070e-01,9.366255283355713335e-01,6.639609485864639282e-02,7.108062133193016052e-02,1.243421509861946106e-01,1.138977386057376806e-01,2.428544394206255674e-05,2.428544394206255674e-05
2.999008655548095703e+00,3.059986925125122159e+00,2.999032974243164062e+00,3.060011243820190519e+00,9.394351243972778320e-01,9.670243144035339800e-01,9.435361623764038086e-01,9.687316417694091797e-01,9.348354935646057129e-01,9.366194427013396773e-01,6.090145558118820190e-02,7.105074599385260981e-02,1.203004643321037292e-01,1.165607534348964691e-01,2.428661719022784382e-05,2.428661719022784382e-05
3.365645170211791992e+00,3.493205308914184570e+00,3.365669488906860352e+00,3.493229627609252930e+00,1.097634196281433105e+00,1.180485403537750333e+00,9.669377803802490234e-01,9.722376704216003640e-01,9.359309673309326172e-01,9.359847187995911089e-01,6.832323968410491943e-02,7.096016705036163608e-02,2.968191206455230713e-01,3.335373133420944103e-01,2.429118467262014747e-05,2.429118467262014747e-05
3.422005891799926758e+00,3.308254623413085849e+00,3.422030210494995117e+00,3.308278942108154208e+00,1.104828596115112305e+00,1.073825955390930176e+00,9.548135399818420410e-01,9.650248765945435014e-01,9.340432286262512207e-01,9.358720302581786665e-01,7.532874494791030884e-02,7.098207324743270596e-02,3.529918193817138672e-01,2.625496685504913330e-01,2.429517189739271998e-05,2.429517189739271998e-05
3.115381240844726562e+00,3.133454656600952237e+00,3.115405559539794922e+00,3.133478975296020597e+00,9.750395417213439941e-01,9.995640099048614946e-01,9.580519795417785645e-01,9.678973853588104248e-01,9.350589513778686523e-01,9.362578988075256348e-01,8.085329085588455200e-02,7.092531248927116949e-02,1.663776636123657227e-01,1.588100656867027227e-01,2.429969026707112789e-05,2.429969026707112789e-05
3.045033454895019531e+00,3.046625185012817205e+00,3.045057773590087891e+00,3.046649503707885565e+00,9.511683583259582520e-01,9.481652617454529031e-01,9.689039587974548340e-01,9.672030508518218994e-01,9.355953931808471680e-01,9.364255011081695779e-01,7.141572982072830200e-02,7.085536867380141934e-02,1.179501786828041077e-01,1.239759802818298368e-01,2.430432141409255564e-05,2.430432141409255564e-05
3.029863595962524414e+00,3.048954129219055176e+00,3.029887914657592773e+00,3.048978447914123535e+00,9.231984615325927734e-01,9.491291284561157449e-01,9.470828771591186523e-01,9.657768666744231956e-01,9.342333078384399414e-01,9.361106038093567339e-01,8.671511709690093994e-02,7.071683332324027460e-02,1.386337578296661377e-01,1.272207044064998516e-01,2.430946187814697623e-05,2.430946187814697623e-05
3.022341251373291016e+00,3.059424805641174139e+00,3.022365570068359375e+00,3.059449124336242498e+00,9.356323480606079102e-01,9.610656797885894775e-01,9.552215337753295898e-01,9.663483262062072532e-01,9.350440502166748047e-01,9.369652807712555154e-01,6.403863430023193359e-02,7.065951824188232422e-02,1.324049234390258789e-01,1.243860028684139196e-01,2.431382381473667920e-05,2.431382381473667920e-05
3.078586101531982422e+00,3.093002128601074041e+00,3.078610420227050781e+00,3.093026447296142400e+00,9.782937169075012207e-01,9.678837895393371804e-01,9.097584486007690430e-01,9.660693526268004927e-01,9.354590177536010742e-01,9.369163095951080766e-01,6.072183698415756226e-02,7.060855031013488214e-02,1.943530440330505371e-01,1.515241727232932989e-01,2.431884786346927285e-05,2.431884786346927285e-05
3.097642898559570312e+00,3.087933373451233088e+00,3.097667217254638672e+00,3.087957692146301447e+00,1.018789052963256836e+00,9.664144635200500044e-01,9.532747864723205566e-01,9.673584103584289551e-01,9.346949458122253418e-01,9.366386950016021284e-01,6.063430383801460266e-02,7.054836973547935763e-02,1.302496194839477539e-01,1.469734489917755016e-01,2.432402106933295727e-05,2.432402106933295727e-05
3.325836896896362305e+00,3.300103354454040350e+00,3.325861215591430664e+00,3.300127673149108709e+00,1.247309565544128418e+00,1.204140579700470060e+00,9.568260908126831055e-01,9.688048183917998823e-01,9.353938102722167969e-01,9.396280646324157715e-01,7.255431264638900757e-02,7.034427151083946783e-02,1.137529909610748291e-01,1.171856664121150998e-01,2.432837391097564250e-05,2.432837391097564250e-05
3.008578300476074219e+00,3.044353151321411044e+00,3.008602619171142578e+00,3.044377470016479403e+00,9.463720321655273438e-01,9.598421812057494895e-01,9.674968123435974121e-01,9.660807013511657493e-01,9.349076747894287109e-01,9.363429784774780495e-01,6.058161705732345581e-02,7.004489898681640070e-02,9.922000765800476074e-02,1.120424136519432012e-01,2.432895598758477718e-05,2.432895598758477718e-05
3.055747270584106445e+00,3.051205849647522061e+00,3.055771589279174805e+00,3.051230168342590421e+00,9.680822491645812988e-01,9.679585874080658403e-01,9.792720675468444824e-01,9.671731412410735640e-01,9.348878860473632812e-01,9.361893355846404585e-01,7.187277078628540039e-02,6.981128379702568332e-02,1.016323640942573547e-01,1.100734464824199704e-01,2.433382724120747298e-05,2.433382724120747298e-05
2.996811389923095703e+00,3.010437726974487305e+00,2.996835708618164062e+00,3.010462045669555664e+00,9.177627563476562500e-01,9.433132469654083030e-01,9.631419181823730469e-01,9.663741528987884744e-01,9.356229305267333984e-01,9.360986828804016557e-01,6.483940780162811279e-02,6.971886977553368170e-02,1.154443696141242981e-01,9.493277296423911771e-02,2.434081034152768552e-05,2.434081034152768552e-05
3.455663442611694336e+00,3.444405627250671564e+00,3.455687761306762695e+00,3.444429945945739924e+00,1.181263804435729980e+00,1.152714276313781649e+00,9.621184468269348145e-01,9.706653833389282671e-01,9.359717965126037598e-01,9.359057545661926270e-01,6.379919499158859253e-02,7.004684135317802707e-02,3.125102818012237549e-01,3.150733500719070657e-01,2.434855923638679087e-05,2.434855923638679087e-05
6.925538063049316406e+00,1.212044115066528249e+01,6.925562381744384766e+00,1.212046594619750906e+01,2.665740251541137695e+00,5.086332321166992188e+00,9.945918321609497070e-01,9.965486228466033936e-01,9.360111951828002930e-01,9.398809552192688432e-01,8.964141458272933960e-02,7.039874047040939331e-02,2.239552736282348633e+00,5.027280521392822443e+00,2.435229180264286697e-05,2.435229180264286697e-05
3.166703224182128906e+00,3.157829475402832209e+00,3.166727542877197266e+00,3.157853794097900568e+00,9.982384443283081055e-01,1.001667886972427368e+00,9.656134247779846191e-01,9.680120229721069780e-01,9.352836608886718750e-01,9.364688336849212869e-01,6.068862229585647583e-02,7.118032500147819519e-02,2.068788558244705200e-01,1.805004239082336481e-01,2.436726936139166355e-05,2.436726936139166355e-05
3.447882652282714844e+00,3.430517125129699529e+00,3.447906970977783203e+00,3.430541443824767889e+00,1.119885325431823730e+00,1.118730700016021817e+00,9.487392902374267578e-01,9.662046790122985618e-01,9.341703653335571289e-01,9.356435298919677512e-01,6.208049505949020386e-02,7.150595858693123419e-02,3.830074965953826904e-01,3.384321540594100730e-01,2.437618968542665243e-05,2.437618968542665243e-05
3.287638187408447266e+00,3.310392332077026545e+00,3.287662506103515625e+00,3.310416650772094904e+00,1.055869102478027344e+00,1.063247025012969971e+00,9.634082317352294922e-01,9.669279932975769487e-01,9.350216388702392578e-01,9.352529525756836382e-01,6.348374485969543457e-02,7.159424126148224155e-02,2.698554992675781250e-01,2.733701109886169656e-01,2.438090450596064329e-05,2.438090450596064329e-05
3.062810182571411133e+00,3.061010742187499911e+00,3.062834501266479492e+00,3.061035060882568271e+00,9.100745916366577148e-01,9.522002339363098145e-01,9.793338775634765625e-01,9.655246078968048318e-01,9.345942735671997070e-01,9.352161765098572221e-01,6.094074249267578125e-02,7.156218141317367831e-02,1.778668016195297241e-01,1.365075454115867726e-01,2.438362935208715498e-05,2.438362935208715498e-05
3.001676082611083984e+00,3.045869398117065252e+00,3.001700401306152344e+00,3.045893716812133611e+00,9.302526116371154785e-01,9.440863430500030518e-01,9.514942169189453125e-01,9.662911772727966753e-01,9.335545301437377930e-01,9.352353453636169656e-01,6.091856583952903748e-02,7.151727229356766302e-02,1.254560798406600952e-01,1.287392571568489186e-01,2.438398223603144288e-05,2.438398223603144288e-05
3.042137861251831055e+00,3.065619921684265226e+00,3.042162179946899414e+00,3.065644240379333585e+00,9.630134701728820801e-01,9.587989866733550581e-01,9.650108218193054199e-01,9.650595724582672341e-01,9.335956573486328125e-01,9.352068781852722612e-01,6.986807286739349365e-02,7.143469676375388544e-02,1.106498390436172485e-01,1.351197838783264049e-01,2.438412047922611237e-05,2.438412047922611237e-05
3.021039724349975586e+00,3.070223546028137296e+00,3.021064043045043945e+00,3.070247864723205655e+00,9.557619094848632812e-01,9.489001750946044478e-01,9.547643065452575684e-01,9.664778530597686323e-01,9.330264329910278320e-01,9.466271996498107910e-01,6.111875176429748535e-02,7.137901559472084601e-02,1.163683012127876282e-01,1.368392705917358398e-01,2.438513547531329095e-05,2.438513547531329095e-05
3.041820764541625977e+00,3.060363340377807440e+00,3.041845083236694336e+00,3.060387659072875799e+00,9.264546632766723633e-01,9.525563538074492964e-01,9.480038285255432129e-01,9.657667458057404009e-01,9.345377087593078613e-01,9.440836191177368608e-01,7.036691904067993164e-02,7.129758000373839777e-02,1.624577641487121582e-01,1.266590416431427057e-01,2.438566298224031925e-05,2.438566298224031925e-05
3.068878412246704102e+00,3.096262884140014826e+00,3.068902730941772461e+00,3.096287202835083185e+00,9.581970572471618652e-01,9.685923814773559348e-01,9.135621786117553711e-01,9.651594102382660134e-01,9.340309500694274902e-01,9.435055494308471902e-01,6.156126037240028381e-02,7.128002047538757602e-02,2.015268802642822266e-01,1.477255389094352667e-01,2.438691808492876589e-05,2.438691808492876589e-05
3.055414915084838867e+00,3.113073682785034269e+00,3.055439233779907227e+00,3.113098001480102628e+00,9.523248672485351562e-01,9.862368404865264893e-01,9.761641621589660645e-01,9.665606081485748069e-01,9.346025586128234863e-01,9.432624995708465132e-01,6.426040828227996826e-02,7.121798917651175898e-02,1.280628591775894165e-01,1.457957580685615429e-01,2.438814408378675580e-05,2.438814408378675580e-05
3.005038499832153320e+00,3.022132682800292791e+00,3.005062818527221680e+00,3.022157001495361150e+00,9.500672817230224609e-01,9.394242107868194802e-01,9.576554894447326660e-01,9.662564218044280562e-01,9.358384013175964355e-01,9.431865632534026656e-01,6.713087111711502075e-02,7.114758491516112726e-02,9.434641897678375244e-02,1.021178424358367975e-01,2.438927913317456841e-05,2.438927913317456841e-05
3.009247541427612305e+00,3.044403791427612305e+00,3.009271860122680664e+00,3.044428110122680664e+00,9.356628656387329102e-01,9.537537932395935281e-01,9.709923267364501953e-01,9.679836690425872581e-01,9.348908066749572754e-01,9.412174344062804732e-01,6.767466664314270020e-02,7.106536328792571744e-02,1.000267416238784790e-01,1.103835389018058832e-01,2.439043964841403067e-05,2.439043964841403067e-05
3.050556898117065430e+00,3.075804281234741033e+00,3.050581216812133789e+00,3.075828599929809393e+00,9.561001062393188477e-01,9.823269903659820335e-01,9.721705913543701172e-01,9.655357837677002175e-01,9.346855878829956055e-01,9.400304198265075906e-01,6.409187614917755127e-02,7.095681056380272189e-02,1.235086992383003235e-01,1.169542290270328549e-01,2.439093441353179514e-05,2.439093441353179514e-05
3.084913015365600586e+00,3.101061391830444158e+00,3.084937334060668945e+00,3.101085710525512518e+00,9.910258054733276367e-01,9.858378529548644797e-01,9.736807942390441895e-01,9.661268711090087447e-01,9.330912828445434570e-01,9.395548045635223611e-01,8.084502816200256348e-02,7.093221172690392096e-02,1.062699109315872192e-01,1.386095926165580861e-01,2.439164381939917803e-05,2.439164381939917803e-05
3.030061960220336914e+00,3.075843405723571955e+00,3.030086278915405273e+00,3.075867724418640314e+00,9.409629702568054199e-01,9.553093910217285156e-01,9.739884734153747559e-01,9.659380197525024858e-01,9.324905872344970703e-01,9.394358575344086137e-01,6.080255284905433655e-02,7.083203271031379700e-02,1.218173429369926453e-01,1.443280786275863703e-01,2.439349191263318062e-05,2.439349191263318062e-05
3.087063074111938477e+00,3.089851188659667791e+00,3.087087392807006836e+00,3.089875507354736150e+00,9.492401480674743652e-01,9.616591989994048850e-01,9.775559306144714355e-01,9.652656018733978271e-01,9.353396296501159668e-01,9.393826067447662576e-01,7.607699185609817505e-02,7.084957212209701261e-02,1.488504558801651001e-01,1.526942193508148138e-01,2.439381751173641533e-05,2.439381751173641533e-05
3.180909633636474609e+00,3.189656209945678889e+00,3.180933952331542969e+00,3.189680528640747248e+00,1.025769114494323730e+00,1.020946836471557706e+00,9.671527147293090820e-01,9.652731597423553911e-01,9.346192479133605957e-01,9.357766985893249956e-01,6.007353588938713074e-02,7.079443335533142090e-02,1.932950466871261597e-01,1.968650385737419073e-01,2.439608215354382992e-05,2.439608215354382992e-05
3.023723840713500977e+00,3.065171599388122559e+00,3.023748159408569336e+00,3.065195918083190918e+00,9.134839177131652832e-01,9.460431635379791260e-01,9.834417700767517090e-01,9.666926264762878418e-01,9.347567558288574219e-01,9.461950898170471413e-01,7.718785852193832397e-02,7.073362395167351324e-02,1.148536354303359985e-01,1.355070188641548101e-01,2.439783565932884812e-05,2.439783565932884812e-05
2.985284566879272461e+00,3.029404568672179998e+00,2.985308885574340820e+00,3.029428887367248358e+00,8.929531574249267578e-01,9.299635350704192893e-01,9.564067125320434570e-01,9.669916152954101118e-01,9.338704943656921387e-01,9.358002960681914839e-01,5.985293164849281311e-02,7.064590454101563055e-02,1.422014236450195312e-01,1.260032400488853566e-01,2.439831405354198068e-05,2.439831405354198068e-05
3.023393630981445312e+00,3.022433090209960760e+00,3.023417949676513672e+00,3.022457408905029119e+00,9.251303672790527344e-01,9.256262958049774614e-01,9.531673192977905273e-01,9.665566027164459451e-01,9.344597458839416504e-01,9.355998158454894575e-01,5.969649553298950195e-02,7.056970000267029364e-02,1.509396731853485107e-01,1.240806594491004888e-01,2.439940726617351174e-05,2.439940726617351174e-05
3.114147186279296875e+00,3.121472573280334561e+00,3.114171504974365234e+00,3.121496891975402921e+00,9.744850397109985352e-01,9.975209772586822732e-01,9.838785529136657715e-01,9.649943411350250244e-01,9.342063069343566895e-01,9.353187322616577370e-01,5.988858267664909363e-02,7.051951810717582703e-02,1.616888940334320068e-01,1.531189933419227489e-01,2.440086973365396261e-05,2.440086973365396261e-05
3.067729711532592773e+00,3.025705099105834961e+00,3.067754030227661133e+00,3.025729417800903320e+00,9.526249170303344727e-01,9.296700000762939675e-01,9.537530541419982910e-01,9.650468289852142112e-01,9.343312382698059082e-01,9.352710366249084029e-01,7.909948378801345825e-02,7.043608501553536017e-02,1.479211747646331787e-01,1.252811141312122345e-01,2.440333628328517079e-05,2.440333628328517079e-05
3.097426176071166992e+00,3.084097766876220614e+00,3.097450494766235352e+00,3.084122085571288974e+00,1.007966279983520508e+00,9.786061823368072954e-01,9.715586304664611816e-01,9.674262523651122603e-01,9.336295723915100098e-01,9.373816370964049849e-01,7.509377598762512207e-02,7.036172300577163419e-02,1.091780364513397217e-01,1.303219050168991089e-01,2.440550088067539036e-05,2.440550088067539036e-05
3.016956806182861328e+00,3.041062188148498713e+00,3.016981124877929688e+00,3.041086506843567072e+00,9.263357520103454590e-01,9.524710774421691895e-01,9.676181674003601074e-01,9.665480375289916548e-01,9.343903064727783203e-01,9.349011301994323286e-01,7.260125130414962769e-02,7.029431238770485202e-02,1.160111352801322937e-01,1.168475814163684873e-01,2.440768730593845248e-05,2.440768730593845248e-05
3.004607439041137695e+00,3.046941566467284979e+00,3.004631757736206055e+00,3.046965885162353338e+00,9.182441830635070801e-01,9.597305655479431152e-01,9.731361865997314453e-01,9.663094103336333784e-01,9.343827366828918457e-01,9.347483277320861594e-01,5.965000018477439880e-02,7.022666484117508212e-02,1.191944405436515808e-01,1.159266434609889929e-01,2.440894240862689912e-05,2.440894240862689912e-05
3.039478302001953125e+00,3.045082020759582342e+00,3.039502620697021484e+00,3.045106339454650701e+00,9.635816812515258789e-01,9.600900113582611084e-01,9.659056663513183594e-01,9.646529972553252730e-01,9.309055209159851074e-01,9.347273468971252219e-01,8.649575710296630859e-02,7.021991759538651068e-02,9.258995205163955688e-02,1.153917565941810636e-01,2.440957905491814017e-05,2.440957905491814017e-05
3.039861679077148438e+00,3.035185217857360840e+00,3.039885997772216797e+00,3.035209536552429199e+00,9.660838842391967773e-01,9.386737346649169922e-01,9.647265076637268066e-01,9.670726478099822554e-01,9.334679245948791504e-01,9.346797287464141402e-01,7.275945693254470825e-02,7.015406414866447171e-02,1.028238534927368164e-01,1.246050648391246740e-01,2.441174729028716683e-05,2.441174729028716683e-05
3.012620210647583008e+00,3.016723346710205256e+00,3.012644529342651367e+00,3.016747665405273615e+00,9.370102286338806152e-01,9.440756618976593462e-01,9.809062480926513672e-01,9.645315527915954146e-01,9.343898296356201172e-01,9.346444368362426536e-01,6.604195386171340942e-02,7.007815986871719638e-02,9.427187591791152954e-02,1.033935435116291046e-01,2.441352989990264177e-05,2.441352989990264177e-05
3.025666475296020508e+00,3.022728872299194514e+00,3.025690793991088867e+00,3.022753190994262873e+00,9.331593513488769531e-01,9.278928697109222190e-01,9.485373497009277344e-01,9.656185448169708474e-01,9.354861974716186523e-01,9.364707469940185547e-01,6.955277174711227417e-02,6.996835097670554837e-02,1.389307975769042969e-01,1.227783545851707514e-01,2.441507785988505930e-05,2.441507785988505930e-05
2.932981491088867188e+00,2.990795969963073730e+00,2.933005809783935547e+00,2.990820288658142090e+00,8.951398134231567383e-01,9.309841454029083030e-01,9.587602019309997559e-01,9.664137244224548784e-01,9.335694909095764160e-01,9.396082460880279541e-01,6.336050480604171753e-02,6.986089497804641446e-02,8.215155452489852905e-02,8.392897173762321750e-02,2.441617107251659036e-05,2.441617107251659036e-05
2.999932527542114258e+00,2.984998273849487127e+00,2.999956846237182617e+00,2.985022592544555486e+00,9.307304024696350098e-01,9.315677881240844727e-01,9.728195071220397949e-01,9.656853437423705833e-01,9.340633749961853027e-01,9.377593636512756570e-01,7.785861194133758545e-02,6.984253749251365107e-02,8.446047455072402954e-02,8.014320880174637118e-02,2.441725519020110369e-05,2.441725519020110369e-05
3.013039588928222656e+00,2.990608739852905096e+00,3.013063907623291016e+00,2.990633058547973455e+00,9.506609439849853516e-01,9.400937974452971968e-01,9.778473377227783203e-01,9.649668872356415017e-01,9.328576922416687012e-01,9.364983737468719482e-01,7.758306711912155151e-02,6.976596713066100797e-02,7.409042119979858398e-02,7.928367257118225375e-02,2.441952165099792182e-05,2.441952165099792182e-05
3.045590639114379883e+00,2.983696007728576571e+00,3.045614957809448242e+00,2.983720326423644931e+00,9.792819023132324219e-01,9.346615731716155784e-01,9.892722964286804199e-01,9.652209579944610596e-01,9.342352151870727539e-01,9.360069036483764648e-01,7.866970449686050415e-02,6.970954537391663153e-02,6.413122266530990601e-02,7.809701263904571256e-02,2.442138429614715278e-05,2.442138429614715278e-05
3.188424825668334961e+00,3.173186731338501154e+00,3.188449144363403320e+00,3.173211050033569514e+00,1.048852443695068359e+00,1.042605018615722745e+00,9.533764123916625977e-01,9.656263768672943559e-01,9.352135062217712402e-01,9.355244100093841331e-01,7.172035425901412964e-02,6.958028599619865695e-02,1.792620718479156494e-01,1.598506689071655384e-01,2.442352342768572271e-05,2.442352342768572271e-05
3.251677274703979492e+00,3.458007550239563077e+00,3.251701593399047852e+00,3.458031868934631436e+00,1.065171957015991211e+00,1.172780728340149015e+00,9.782354235649108887e-01,9.665622591972351518e-01,9.340191483497619629e-01,9.346394717693329302e-01,5.851260945200920105e-02,6.966947764158248901e-02,2.157381623983383179e-01,3.143556028604507224e-01,2.442734148644376546e-05,2.442734148644376546e-05
2.968206882476806641e+00,3.032784676551818936e+00,2.968231201171875000e+00,3.032808995246887296e+00,9.257819056510925293e-01,9.449093818664551225e-01,9.441275000572204590e-01,9.658034086227417214e-01,9.329624176025390625e-01,9.343829274177550825e-01,5.952562019228935242e-02,6.972054615616798956e-02,1.058094948530197144e-01,1.179683916270732880e-01,2.442922414047643542e-05,2.442922414047643542e-05
3.506754398345947266e+00,3.483439135551452459e+00,3.506778955459594727e+00,3.483463692665099920e+00,1.155619025230407715e+00,1.132910358905792281e+00,9.745823740959167480e-01,9.671321034431457075e-01,9.331200718879699707e-01,9.406470298767090066e-01,6.266620755195617676e-02,6.953864917159080505e-02,3.807668983936309814e-01,3.732110053300857766e-01,2.443837365717627108e-05,2.443837365717627108e-05
3.063627004623413086e+00,3.106151366233825595e+00,3.063651561737060547e+00,3.106175923347473056e+00,9.005811214447021484e-01,9.645027339458465132e-01,9.749451279640197754e-01,9.680871605873108132e-01,9.331216812133789062e-01,9.516709208488464133e-01,1.025252044200897217e-01,7.002663090825081427e-02,1.524539887905120850e-01,1.518638998270034901e-01,2.444963683956302702e-05,2.444963683956302702e-05
2.936238765716552734e+00,3.014177608489990057e+00,2.936263322830200195e+00,3.014202165603637518e+00,8.742068409919738770e-01,9.149565756320953147e-01,9.516263604164123535e-01,9.643248856067657693e-01,9.338970184326171875e-01,9.477231502532958984e-01,6.904496252536773682e-02,7.009416520595550260e-02,1.074633821845054626e-01,1.170789144933223752e-01,2.445533755235373974e-05,2.445533755235373974e-05
3.014662504196166992e+00,3.011881566047668546e+00,3.014687061309814453e+00,3.011906123161316007e+00,9.474200606346130371e-01,9.205673635005950928e-01,9.807325601577758789e-01,9.675008475780486616e-01,9.340707659721374512e-01,9.395096540451050027e-01,6.296244263648986816e-02,6.978429779410362521e-02,8.947650343179702759e-02,1.145193725824356079e-01,2.445804602757561952e-05,2.445804602757561952e-05
3.023228406906127930e+00,3.011771869659424006e+00,3.023252964019775391e+00,3.011796426773071467e+00,9.354751706123352051e-01,9.189247369766235796e-01,9.760128259658813477e-01,9.665745735168457253e-01,9.337010979652404785e-01,9.423978984355926292e-01,5.957494676113128662e-02,6.968254297971725186e-02,1.184644326567649841e-01,1.141921095550060272e-01,2.446089638397097588e-05,2.446089638397097588e-05
2.974674224853515625e+00,3.006484413146972567e+00,2.974698781967163086e+00,3.006508970260620028e+00,8.872693181037902832e-01,9.119514167308807595e-01,9.553584456443786621e-01,9.669236063957213911e-01,9.340144991874694824e-01,9.350750982761383279e-01,7.123310118913650513e-02,7.205241024494171698e-02,1.267989277839660645e-01,1.204818457365035983e-01,2.446989310556091368e-05,2.446989310556091368e-05
2.951585054397583008e+00,3.023124003410339267e+00,2.951609611511230469e+00,3.023148560523986728e+00,8.903725743293762207e-01,9.240899562835693803e-01,9.505159854888916016e-01,9.669517099857329878e-01,9.334670901298522949e-01,9.337473988533020464e-01,7.362589985132217407e-02,7.265967950224876126e-02,1.036036312580108643e-01,1.256752632558345850e-01,2.447367660352028906e-05,2.447367660352028906e-05
3.009381055831909180e+00,3.008274602890014471e+00,3.009405612945556641e+00,3.008299160003661932e+00,9.050806164741516113e-01,9.260108053684235063e-01,9.767295718193054199e-01,9.655084967613219993e-01,9.329956769943237305e-01,9.349799454212188721e-01,8.141620457172393799e-02,7.237810492515564520e-02,1.131590381264686584e-01,1.093972533941268976e-01,2.447588303766679019e-05,2.447588303766679019e-05
2.954393386840820312e+00,2.975084257125854670e+00,2.954417943954467773e+00,2.975108814239502131e+00,9.056667089462280273e-01,9.018006980419158714e-01,9.584595561027526855e-01,9.657556533813476118e-01,9.324240088462829590e-01,9.348413705825805442e-01,6.040138378739356995e-02,7.195628136396407803e-02,9.744178503751754761e-02,1.007303103804588346e-01,2.447783845127560198e-05,2.447783845127560198e-05
2.975392103195190430e+00,2.975164747238159269e+00,2.975416660308837891e+00,2.975189304351806729e+00,9.151312708854675293e-01,9.063862502574920876e-01,9.579439759254455566e-01,9.669443130493163840e-01,9.357357025146484375e-01,9.336719393730164018e-01,1.001647859811782837e-01,7.182671576738357266e-02,6.641632318496704102e-02,9.633551612496375760e-02,2.447906626912299544e-05,2.447906626912299544e-05
2.981753349304199219e+00,2.973970007896423517e+00,2.981777906417846680e+00,2.973994565010070978e+00,9.131926894187927246e-01,9.090282499790192094e-01,9.674240946769714355e-01,9.649382054805755171e-01,9.337307810783386230e-01,9.364393413066863792e-01,8.082239329814910889e-02,7.149580791592598239e-02,8.658328652381896973e-02,9.206840172410010736e-02,2.448215309414081275e-05,2.448215309414081275e-05
2.962340354919433594e+00,2.966721296310424805e+00,2.962364912033081055e+00,2.966745853424072266e+00,9.028296470642089844e-01,9.051470994949341042e-01,9.670571684837341309e-01,9.653202772140503374e-01,9.333950877189636230e-01,9.336397767066955122e-01,6.254773586988449097e-02,7.144795805215835294e-02,9.651055186986923218e-02,9.116620048880577643e-02,2.448409941280260682e-05,2.448409941280260682e-05
2.950753927230834961e+00,2.966202378273010254e+00,2.950778484344482422e+00,2.966226935386657715e+00,8.905992507934570312e-01,9.049747407436370406e-01,9.718725681304931641e-01,9.653438329696655273e-01,9.335075020790100098e-01,9.336924970149993452e-01,7.299007475376129150e-02,7.117204368114471436e-02,8.178451657295227051e-02,9.101927205920219699e-02,2.448648592690005898e-05,2.448648592690005898e-05
2.911914348602294922e+00,2.972477912902832031e+00,2.911938905715942383e+00,2.972502470016479492e+00,8.755018711090087891e-01,9.077224671840667947e-01,9.543067812919616699e-01,9.661520540714263472e-01,9.327184557914733887e-01,9.341389298439025657e-01,5.733982846140861511e-02,7.099348902702332098e-02,9.204731136560440063e-02,9.347103908658027649e-02,2.449036037432961166e-05,2.449036037432961166e-05
2.965809822082519531e+00,2.994082236289977939e+00,2.965834379196166992e+00,2.994106793403625399e+00,9.165752530097961426e-01,9.186423718929290771e-01,9.644693136215209961e-01,9.646104335784911887e-01,9.318823218345642090e-01,9.347899377346038374e-01,6.138578429818153381e-02,7.081874087452888489e-02,9.149705618619918823e-02,1.052207693457603427e-01,2.449385283398441970e-05,2.449385283398441970e-05
2.963413953781127930e+00,3.000128388404846191e+00,2.963438510894775391e+00,3.000152945518493652e+00,8.851709365844726562e-01,9.044857442378997359e-01,9.594410061836242676e-01,9.656236946582794634e-01,9.337229728698730469e-01,9.347354412078857644e-01,6.387392431497573853e-02,7.078310102224349976e-02,1.212051212787628174e-01,1.245004303753376035e-01,2.449792737024836242e-05,2.449792737024836242e-05
3.301919937133789062e+00,3.125682640075683416e+00,3.301944494247436523e+00,3.125707197189330877e+00,9.111503362655639648e-01,9.217644989490508811e-01,8.995224833488464355e-01,9.640132427215576394e-01,9.317481517791748047e-01,9.331580996513366699e-01,6.660829484462738037e-02,7.049218341708182733e-02,4.928907155990600586e-01,2.362546354532241710e-01,2.450179454172030091e-05,2.450179454172030091e-05
2.960366487503051758e+00,2.962614655494689941e+00,2.960391044616699219e+00,2.962639212608337402e+00,8.905909061431884766e-01,9.049805462360381858e-01,9.523227810859680176e-01,9.652690768241882768e-01,9.327812194824218750e-01,9.330763220787048340e-01,7.734981179237365723e-02,7.041211202740668695e-02,1.073217839002609253e-01,8.887662068009376248e-02,2.450549436616711318e-05,2.450549436616711318e-05
2.950907945632934570e+00,2.967766070365905673e+00,2.950932502746582031e+00,2.967790627479553134e+00,8.950703740119934082e-01,9.083026826381683794e-01,9.801323413848876953e-01,9.643868744373321755e-01,9.329739212989807129e-01,9.368899226188659446e-01,6.635798513889312744e-02,6.999421715736389715e-02,7.637322694063186646e-02,8.819235339760780890e-02,2.450954343657940626e-05,2.450954343657940626e-05
2.939075946807861328e+00,2.947948431968689054e+00,2.939100503921508789e+00,2.947972989082336515e+00,8.670729994773864746e-01,8.983012914657593218e-01,9.597985744476318359e-01,9.668104350566864014e-01,9.490460753440856934e-01,9.331312477588653564e-01,7.216265052556991577e-02,6.992351710796355924e-02,9.099565446376800537e-02,7.978191450238228399e-02,2.451051477692089975e-05,2.451051477692089975e-05
2.906556129455566406e+00,2.940029120445251554e+00,2.906580686569213867e+00,2.940053677558899015e+00,8.560299873352050781e-01,9.021220266819000022e-01,9.712843298912048340e-01,9.650092601776123491e-01,9.325693845748901367e-01,9.329453527927398238e-01,6.544928252696990967e-02,6.939823627471923551e-02,8.122307807207107544e-02,7.055418789386749823e-02,2.451385807944461703e-05,2.451385807944461703e-05
2.975198745727539062e+00,2.974043297767638983e+00,2.975223302841186523e+00,2.974067854881286443e+00,9.197340011596679688e-01,9.228825986385345015e-01,9.749908447265625000e-01,9.653451204299926536e-01,9.338652491569519043e-01,9.327003300189972146e-01,6.694110482931137085e-02,6.688873320817947943e-02,7.966756820678710938e-02,8.622646853327750605e-02,2.451854743412695825e-05,2.451854743412695825e-05
2.965020418167114258e+00,2.944614863395691007e+00,2.965044975280761719e+00,2.944639420509338468e+00,9.217883348464965820e-01,8.977587521076202393e-01,9.768987894058227539e-01,9.737175345420837624e-01,9.322003722190856934e-01,9.326609015464782937e-01,6.365025788545608521e-02,6.635619848966597956e-02,7.048256695270538330e-02,7.412148043513297480e-02,2.452197804814204574e-05,2.452197804814204574e-05
3.001089572906494141e+00,2.931551241874694735e+00,3.001114130020141602e+00,2.931575798988342196e+00,9.618023037910461426e-01,9.031850218772887740e-01,9.790287613868713379e-01,9.649553835391998513e-01,9.325325489044189453e-01,9.326105058193207009e-01,5.716176703572273254e-02,6.612204313278198520e-02,7.056436687707901001e-02,6.467828154563903809e-02,2.452510670991614461e-05,2.452510670991614461e-05
2.961809158325195312e+00,2.954292535781860352e+00,2.961833715438842773e+00,2.954317092895507812e+00,9.194779992103576660e-01,9.176141500473022905e-01,9.860679507255554199e-01,9.657059013843536377e-01,9.333400726318359375e-01,9.325573801994323508e-01,7.032219320535659790e-02,6.612888127565383356e-02,5.260083824396133423e-02,7.228615805506706515e-02,2.452754961268510669e-05,2.452754961268510669e-05
2.869627475738525391e+00,2.915708446502685458e+00,2.869652032852172852e+00,2.915733003616332919e+00,8.718870282173156738e-01,8.963212251663208452e-01,9.526661634445190430e-01,9.647486507892608643e-01,9.330456256866455078e-01,9.324909150600433350e-01,6.048768758773803711e-02,6.573468595743178766e-02,5.154087394475936890e-02,5.641294941306114474e-02,2.453054185025393963e-05,2.453054185025393963e-05
2.921398401260375977e+00,2.922514581680297763e+00,2.921422958374023438e+00,2.922539138793945224e+00,8.867123126983642578e-01,9.030343532562256081e-01,9.566799402236938477e-01,9.640428066253662331e-01,9.327937364578247070e-01,9.324259281158446822e-01,7.499653100967407227e-02,6.552036777138710300e-02,7.021588087081909180e-02,5.749117769300937653e-02,2.453343040542677045e-05,2.453343040542677045e-05
2.909057140350341797e+00,2.930343651771545321e+00,2.909081697463989258e+00,2.930368208885192782e+00,8.938027024269104004e-01,8.975782394409179688e-01,9.436693787574768066e-01,9.669351100921630415e-01,9.337880015373229980e-01,9.323590040206909402e-01,6.063541769981384277e-02,6.548849567770957669e-02,7.716174423694610596e-02,6.798276752233504971e-02,2.453642082400619984e-05,2.453642082400619984e-05
2.830841779708862305e+00,2.908300709724426447e+00,2.830866336822509766e+00,2.908325266838073908e+00,8.647096157073974609e-01,8.913509249687194824e-01,9.162607789039611816e-01,9.645873963832855003e-01,9.301899671554565430e-01,9.323096632957458274e-01,5.915751680731773376e-02,6.573239713907241821e-02,6.052407249808311462e-02,5.432030744850635529e-02,2.453970955684781075e-05,2.453970955684781075e-05
2.918071985244750977e+00,2.942332506179809570e+00,2.918096542358398438e+00,2.942357063293457031e+00,8.889347314834594727e-01,9.117904841899872048e-01,9.753243923187255859e-01,9.645329236984252486e-01,9.322050213813781738e-01,9.322948396205902322e-01,6.164783984422683716e-02,6.567224115133285522e-02,5.995979905128479004e-02,6.804204955697060186e-02,2.454085552017204463e-05,2.454085552017204463e-05
2.960863113403320312e+00,2.943237948417663397e+00,2.960887670516967773e+00,2.943262505531310858e+00,8.830189704895019531e-01,8.982343792915343794e-01,9.790136814117431641e-01,9.647820293903350830e-01,9.318537712097167969e-01,9.322513341903686523e-01,7.413338869810104370e-02,6.536028236150741300e-02,9.284330904483795166e-02,8.260995149612426758e-02,2.454506466165184975e-05,2.454506466165184975e-05
2.889620065689086914e+00,2.921008062362671076e+00,2.889644622802734375e+00,2.921032619476318537e+00,8.895162940025329590e-01,8.935971140861511675e-01,9.318447113037109375e-01,9.645185887813567671e-01,9.320881962776184082e-01,9.321995437145232932e-01,6.023006886243820190e-02,6.514113247394562323e-02,7.594095170497894287e-02,6.555171087384223383e-02,2.454824607411865145e-05,2.454824607411865145e-05
2.886855602264404297e+00,2.918430948257446200e+00,2.886880159378051758e+00,2.918455505371093661e+00,8.725203871726989746e-01,9.053733468055724654e-01,9.554502367973327637e-01,9.658444941043853316e-01,9.314640760421752930e-01,9.321375072002411333e-01,8.137090504169464111e-02,6.484294831752776544e-02,4.604999721050262451e-02,5.023263506591320315e-02,2.455127105349674821e-05,2.455127105349674821e-05
2.933983564376831055e+00,2.938606381416320801e+00,2.934008121490478516e+00,2.938630938529968262e+00,8.794688582420349121e-01,8.922193884849548562e-01,9.526467919349670410e-01,9.652929306030273438e-01,9.324636459350585938e-01,9.320638954639435259e-01,7.093907147645950317e-02,6.470884010195732117e-02,9.846513718366622925e-02,8.432138487696647089e-02,2.455443063809070736e-05,2.455443063809070736e-05
2.945460081100463867e+00,2.933146429061889826e+00,2.945484638214111328e+00,2.933170986175537287e+00,9.143681526184082031e-01,8.961012601852417214e-01,9.650503396987915039e-01,9.659035623073577437e-01,9.323894977569580078e-01,9.319980978965759499e-01,6.643176823854446411e-02,6.468867212533950528e-02,6.722027808427810669e-02,7.445480599999428073e-02,2.455832145642489195e-05,2.455832145642489195e-05
2.928297519683837891e+00,2.909178400039672763e+00,2.928322076797485352e+00,2.909202957153320224e+00,9.035943746566772461e-01,8.935454070568085161e-01,9.806883931159973145e-01,9.662878513336181641e-01,9.317737221717834473e-01,9.319382190704346147e-01,5.476231500506401062e-02,6.457747295498847406e-02,5.747877061367034912e-02,5.282948687672615190e-02,2.456178845022805035e-05,2.456178845022805035e-05
3.049753189086914062e+00,3.042488503456115545e+00,3.049777746200561523e+00,3.042513060569763006e+00,9.169524908065795898e-01,9.166142523288727251e-01,9.546194672584533691e-01,9.664258480072021040e-01,9.315409660339355469e-01,9.318727433681488481e-01,6.889709830284118652e-02,6.434160843491554260e-02,1.777431070804595947e-01,1.632340490818023626e-01,2.456498441461008042e-05,2.456498441461008042e-05
2.916424036026000977e+00,2.926903629302978427e+00,2.916448593139648438e+00,2.926928186416625888e+00,8.943215012550354004e-01,9.151644766330718772e-01,9.675058722496032715e-01,9.649239540100097434e-01,9.324409365653991699e-01,9.317964851856231911e-01,6.533275544643402100e-02,6.421383917331695279e-02,5.682303756475448608e-02,5.080485492944717546e-02,2.456783113302662969e-05,2.456783113302662969e-05
2.876694679260253906e+00,2.911848330497741610e+00,2.876719236373901367e+00,2.911872887611389071e+00,8.693559169769287109e-01,9.008328437805175337e-01,9.692615270614624023e-01,9.659628152847290483e-01,9.309077262878417969e-01,9.317325353622436523e-01,6.198840960860252380e-02,6.403671205043792725e-02,4.518136382102966309e-02,4.928337261080741744e-02,2.457180016790516675e-05,2.457180016790516675e-05
2.909344911575317383e+00,2.897744655609130859e+00,2.909369468688964844e+00,2.897769212722778320e+00,8.936753869056701660e-01,8.899219453334807906e-01,9.649960994720458984e-01,9.650489330291748269e-01,9.326962828636169434e-01,9.317139387130737305e-01,6.822063773870468140e-02,6.411273032426834106e-02,4.975664243102073669e-02,4.694711081683635573e-02,2.457318259985186160e-05,2.457318259985186160e-05
2.952109336853027344e+00,2.963010644912719815e+00,2.952133893966674805e+00,2.963035202026367276e+00,8.928650021553039551e-01,9.094904482364654097e-01,9.529860019683837891e-01,9.649666488170624001e-01,9.320400953292846680e-01,9.316483378410339578e-01,5.970212444663047791e-02,6.390752494335175116e-02,1.145159751176834106e-01,9.299769178032875339e-02,2.457693699398078024e-05,2.457693699398078024e-05
3.031502008438110352e+00,3.073946905136108576e+00,3.031526565551757812e+00,3.073971462249756037e+00,9.175791740417480469e-01,9.161438465118407759e-01,9.789611697196960449e-01,9.640080630779266357e-01,9.320944547653198242e-01,9.315530061721801758e-01,7.503923028707504272e-02,6.392188817262649259e-02,1.278281509876251221e-01,1.983200192451476940e-01,2.458024391671642661e-05,2.458024391671642661e-05
2.952351331710815430e+00,2.994204854965210050e+00,2.952375888824462891e+00,2.994229412078857511e+00,9.008384943008422852e-01,9.347689747810363770e-01,9.735190868377685547e-01,9.670580029487609863e-01,9.318795800209045410e-01,9.314567863941192183e-01,6.618785113096237183e-02,6.393595039844512939e-02,7.992630451917648315e-02,9.698517769575118463e-02,2.458471681165974587e-05,2.458471681165974587e-05
2.975179195404052734e+00,2.923104667663574130e+00,2.975203752517700195e+00,2.923129224777221591e+00,9.330502748489379883e-01,9.045807361602783425e-01,9.785579442977905273e-01,9.650082051753997581e-01,9.316697716712951660e-01,9.313792705535888228e-01,5.913596600294113159e-02,6.402127742767334262e-02,7.276528328657150269e-02,5.811522081494331637e-02,2.458846574882045388e-05,2.458846574882045388e-05
2.940867424011230469e+00,2.933638405799865900e+00,2.940891981124877930e+00,2.933662962913513361e+00,9.029757976531982422e-01,8.968457460403442827e-01,9.488609433174133301e-01,9.652989923954009566e-01,9.313074350357055664e-01,9.313083946704864280e-01,6.824550777673721313e-02,6.412157341837883273e-02,8.947813510894775391e-02,7.606367319822311679e-02,2.459281313349492848e-05,2.459281313349492848e-05
2.949992179870605469e+00,2.918784761428832919e+00,2.950016736984252930e+00,2.918809318542480380e+00,8.956924080848693848e-01,8.913543224334716797e-01,9.806804060935974121e-01,9.651129245758056641e-01,9.328155517578125000e-01,9.312358021736144575e-01,7.808539271354675293e-02,6.396852061152458191e-02,6.271834671497344971e-02,6.711316257715224665e-02,2.459684037603437901e-05,2.459684037603437901e-05
2.968923330307006836e+00,2.984063291549682528e+00,2.968947887420654297e+00,2.984087848663329989e+00,8.965211510658264160e-01,9.153989195823669656e-01,9.784181118011474609e-01,9.641767621040344682e-01,9.317228198051452637e-01,9.311611771583556685e-01,5.654463917016983032e-02,6.377483569085598547e-02,1.057166084647178650e-01,1.095516264438629178e-01,2.460068935761228204e-05,2.460068935761228204e-05
2.921645402908325195e+00,2.923352527618408025e+00,2.921669960021972656e+00,2.923377084732055486e+00,8.997538089752197266e-01,9.017942190170288308e-01,9.823812842369079590e-01,9.699078023433684859e-01,9.314723014831542969e-01,9.310850024223327193e-01,5.864953994750976562e-02,6.346863508224487305e-02,4.938841983675956726e-02,5.709685571491718292e-02,2.460395990055985749e-05,2.460395990055985749e-05
2.915367841720581055e+00,2.905578732490539551e+00,2.915392398834228516e+00,2.905603289604187012e+00,9.004364013671875000e-01,8.956442117691040261e-01,9.693130254745483398e-01,9.655301213264465554e-01,9.304349422454833984e-01,9.310118496417999490e-01,7.088953256607055664e-02,6.355618275701999109e-02,4.429416730999946594e-02,4.983634576201438626e-02,2.460805626469664276e-05,2.460805626469664276e-05
2.933216571807861328e+00,2.910089659690856756e+00,2.933241128921508789e+00,2.910114216804504217e+00,9.141355156898498535e-01,9.019349396228790727e-01,9.830932617187500000e-01,9.655584216117858443e-01,9.306191802024841309e-01,9.309895753860473189e-01,6.390445679426193237e-02,6.353994198143482486e-02,4.146409034729003906e-02,4.806679412722587863e-02,2.460913310642354190e-05,2.460913310642354190e-05
2.873141765594482422e+00,2.896747922897338956e+00,2.873166322708129883e+00,2.896772480010986417e+00,8.712952733039855957e-01,8.949977815151214378e-01,9.698292613029479980e-01,9.662639558315276878e-01,9.316745400428771973e-01,9.309174716472625732e-01,6.305010616779327393e-02,6.356553211808205206e-02,3.729281574487686157e-02,4.100311845541000644e-02,2.461376971041318029e-05,2.461376971041318029e-05
2.896012306213378906e+00,2.891292476654052646e+00,2.896036863327026367e+00,2.891317033767700106e+00,8.960257172584533691e-01,8.933279931545257124e-01,9.616802930831909180e-01,9.650379657745361550e-01,9.304196834564208984e-01,9.308409452438354270e-01,7.004621624946594238e-02,6.313766092061996738e-02,3.784035146236419678e-02,3.894790858030319075e-02,2.461774056428112090e-05,2.461774056428112090e-05
2.862849950790405273e+00,2.896309041976928622e+00,2.862874507904052734e+00,2.896333599090576083e+00,8.659303188323974609e-01,9.023561537265777366e-01,9.764096140861511230e-01,9.650915741920471635e-01,9.300379753112792969e-01,9.307608246803283913e-01,5.510604754090309143e-02,6.284972541034221372e-02,3.536593541502952576e-02,3.525074720382690568e-02,2.462160045979544520e-05,2.462160045979544520e-05
2.873502254486083984e+00,2.883287024497986017e+00,2.873526811599731445e+00,2.883311581611633478e+00,8.830921053886413574e-01,8.896952629089355247e-01,9.613964557647705078e-01,9.659804582595825639e-01,9.305204749107360840e-01,9.306815326213836448e-01,6.050285696983337402e-02,6.285700276494025907e-02,3.799041733145713806e-02,3.407276310026645383e-02,2.462495467625558376e-05,2.462495467625558376e-05
2.880069255828857422e+00,2.884990191459655851e+00,2.880093812942504883e+00,2.885014748573303311e+00,8.849476575851440430e-01,8.947834312915802224e-01,9.706467390060424805e-01,9.652557253837585893e-01,9.311219453811645508e-01,9.305995047092437966e-01,6.244981661438941956e-02,6.259914599359035769e-02,3.090276941657066345e-02,3.175242170691490451e-02,2.462872180331032723e-05,2.462872180331032723e-05
3.153017282485961914e+00,3.242290258407592773e+00,3.153041839599609375e+00,3.242314815521240234e+00,9.922672510147094727e-01,1.039550483226776123e+00,9.619467258453369141e-01,9.679387032985686812e-01,9.298799037933349609e-01,9.305142045021057573e-01,6.242852658033370972e-02,6.270101480185985565e-02,2.064950913190841675e-01,2.415858358144760132e-01,2.463326745782978833e-05,2.463326745782978833e-05
2.946735620498657227e+00,3.010474276542663752e+00,2.946760177612304688e+00,3.010498833656311213e+00,8.639003038406372070e-01,9.252486050128936323e-01,9.664701223373413086e-01,9.641093850135803445e-01,9.289301633834838867e-01,9.304106295108794944e-01,6.623090803623199463e-02,6.209690086543560167e-02,1.212037876248359680e-01,1.286087960004806408e-01,2.463826604071073234e-05,2.463826604071073234e-05
2.842477083206176758e+00,2.903508090972900302e+00,2.842501640319824219e+00,2.903532648086547763e+00,8.495595455169677734e-01,8.919397473335266557e-01,9.572718739509582520e-01,9.639396488666533980e-01,9.303216338157653809e-01,9.303152382373809370e-01,6.499031186103820801e-02,6.182488799095153809e-02,4.033365473151206970e-02,5.548855960369110385e-02,2.464403587509877980e-05,2.464403587509877980e-05
2.926657676696777344e+00,2.918159747123718173e+00,2.926682233810424805e+00,2.918184304237365634e+00,9.007055163383483887e-01,9.076532125473022461e-01,9.776437282562255859e-01,9.672356963157653365e-01,9.296982884407043457e-01,9.302263617515563743e-01,6.329043209552764893e-02,6.174147836863994737e-02,5.531977117061614990e-02,5.130302943289279799e-02,2.464829776727128774e-05,2.464829776727128774e-05
2.913533210754394531e+00,2.918671345710754483e+00,2.913557767868041992e+00,2.918695902824401944e+00,8.854215741157531738e-01,9.047900795936584251e-01,9.795590043067932129e-01,9.653815269470215066e-01,9.305085539817810059e-01,9.301990985870360884e-01,7.423958927392959595e-02,6.170257702469825883e-02,4.380469769239425659e-02,5.659800134599209109e-02,2.464930003043264151e-05,2.464930003043264151e-05
2.872491359710693359e+00,2.901924633979797274e+00,2.872515916824340820e+00,2.901949191093444735e+00,8.808659315109252930e-01,9.002525806427001953e-01,9.612956047058105469e-01,9.651050209999084695e-01,9.315270185470581055e-01,9.301027536392212358e-01,5.921207368373870850e-02,6.122615933418273926e-02,3.959082439541816711e-02,4.523807689547539035e-02,2.465254874550737441e-05,2.465254874550737441e-05
2.931253671646118164e+00,2.905688476562500178e+00,2.931278228759765625e+00,2.905713033676147639e+00,9.047105908393859863e-01,8.866985499858855979e-01,9.803711175918579102e-01,9.653452217578888384e-01,9.318748116493225098e-01,9.300127863883972390e-01,6.796344369649887085e-02,6.148719154298305789e-02,4.633378610014915466e-02,6.214471161365509033e-02,2.465619763825088739e-05,2.465619763825088739e-05
2.941503047943115234e+00,2.917174339294433594e+00,2.941527605056762695e+00,2.917198896408081055e+00,9.379598498344421387e-01,9.155208945274353471e-01,9.729854464530944824e-01,9.654233872890471968e-01,9.315516352653503418e-01,9.299181401729583740e-01,5.751397088170051575e-02,6.137200035154819627e-02,4.149218276143074036e-02,4.493995383381843567e-02,2.465999023115728050e-05,2.465999023115728050e-05
2.900431632995605469e+00,2.893700742721557528e+00,2.900456190109252930e+00,2.893725299835204989e+00,8.987535834312438965e-01,8.843867182731628418e-01,9.674426913261413574e-01,9.680395305156708208e-01,9.301586747169494629e-01,9.298214554786682351e-01,5.141129344701766968e-02,6.083135902881622176e-02,5.266528949141502380e-02,5.062168464064598083e-02,2.466441947035491467e-05,2.466441947035491467e-05
2.853046178817749023e+00,2.900034785270690918e+00,2.853070735931396484e+00,2.900059342384338379e+00,8.382940888404846191e-01,8.817164659500121848e-01,9.325659275054931641e-01,9.717621803283691406e-01,9.298406243324279785e-01,9.297267138957977517e-01,7.195831090211868286e-02,6.080638282001018385e-02,8.038743585348129272e-02,5.602303408086299619e-02,2.466835940140299499e-05,2.466835940140299499e-05
2.858204364776611328e+00,2.874498462677002042e+00,2.858228921890258789e+00,2.874523019790649503e+00,8.759301900863647461e-01,8.842026114463805708e-01,9.674767255783081055e-01,9.650816738605498823e-01,9.292896986007690430e-01,9.296241641044616921e-01,5.205396190285682678e-02,6.034529358148574968e-02,3.345382213592529297e-02,3.524473644793033739e-02,2.467246667947620153e-05,2.467246667947620153e-05
2.949703216552734375e+00,2.886807537078857511e+00,2.949727773666381836e+00,2.886832094192504972e+00,9.332498311996459961e-01,8.965864717960357888e-01,9.853515625000000000e-01,9.650786638259887251e-01,9.299050569534301758e-01,9.295376956462859663e-01,6.694687157869338989e-02,6.050918027758598466e-02,3.424975275993347168e-02,3.509554527699947080e-02,2.467617741785943508e-05,2.467617741785943508e-05
2.847437381744384766e+00,2.902194619178771973e+00,2.847462177276611328e+00,2.902219414710998535e+00,8.478999137878417969e-01,9.118247210979462114e-01,9.815689325332641602e-01,9.648075103759765625e-01,9.288666844367980957e-01,9.294418811798095259e-01,5.679196864366531372e-02,6.029079109430313110e-02,3.230973705649375916e-02,3.582969680428504944e-02,2.468064121785573661e-05,2.468064121785573661e-05
2.894189357757568359e+00,2.904893040657043457e+00,2.894214153289794922e+00,2.904917836189270020e+00,8.773493170738220215e-01,8.864232897758483887e-01,9.682473540306091309e-01,9.723552107810974343e-01,9.315068125724792480e-01,9.293474078178405318e-01,6.629689782857894897e-02,6.032777614891528944e-02,5.078902095556259155e-02,5.643933042883873125e-02,2.468489765306003392e-05,2.468489765306003392e-05
2.939646005630493164e+00,2.916430068016052424e+00,2.939670801162719727e+00,2.916454863548278986e+00,9.159454107284545898e-01,8.905949056148528831e-01,9.691437482833862305e-01,9.701906502246856467e-01,9.296265840530395508e-01,9.293148577213287131e-01,6.148250773549079895e-02,6.024369373917579790e-02,6.344779580831527710e-02,6.608594432473183233e-02,2.468671300448477268e-05,2.468671300448477268e-05
2.904196262359619141e+00,2.866479563713073553e+00,2.904221057891845703e+00,2.866504359245300115e+00,9.116802811622619629e-01,8.808716595172881858e-01,9.718963503837585449e-01,9.666373312473297563e-01,9.275856018066406250e-01,9.292018115520477295e-01,6.361938267946243286e-02,5.976530648767948428e-02,2.941465377807617188e-02,3.000348936766385893e-02,2.469099490554071963e-05,2.469099490554071963e-05
2.904601573944091797e+00,2.921137857437133611e+00,2.904626369476318359e+00,2.921162652969360174e+00,8.774282932281494141e-01,8.945472419261932817e-01,9.382203817367553711e-01,9.653334498405456987e-01,9.273017644882202148e-01,9.291025578975677934e-01,6.301012635231018066e-02,5.968550406396389008e-02,9.864100068807601929e-02,7.246915847063065130e-02,2.469583705533295870e-05,2.469583705533295870e-05
3.010880470275878906e+00,3.044574856758117676e+00,3.010905265808105469e+00,3.044599652290344238e+00,8.969900608062744141e-01,9.092644572257995161e-01,9.717088341712951660e-01,9.654641628265381303e-01,9.281238317489624023e-01,9.289741098880768266e-01,6.506485491991043091e-02,5.988441891968250552e-02,1.489931344985961914e-01,1.809877201914787404e-01,2.470102117513306439e-05,2.470102117513306439e-05
3.013867139816284180e+00,3.003502774238586248e+00,3.013891935348510742e+00,3.003527569770812811e+00,9.588617086410522461e-01,9.467457652091979536e-01,9.771505594253540039e-01,9.667382657527923140e-01,9.270573854446411133e-01,9.287563025951385276e-01,5.460788309574127197e-02,6.048210784792899808e-02,9.618964046239852905e-02,1.007802747189998627e-01,2.471173502271994948e-05,2.471173502271994948e-05
2.935772895812988281e+00,2.906815981864929288e+00,2.935797691345214844e+00,2.906840777397155851e+00,9.046750068664550781e-01,8.890108704566955788e-01,9.695446491241455078e-01,9.684369742870331255e-01,9.283728003501892090e-01,9.285643279552460161e-01,7.036513090133666992e-02,6.070476956665515900e-02,6.281524896621704102e-02,6.009893007576465329e-02,2.472205960657447577e-05,2.472205960657447577e-05
2.895907163619995117e+00,2.891096091270446866e+00,2.895931959152221680e+00,2.891120886802673429e+00,8.749768733978271484e-01,8.819105327129364014e-01,9.824090600013732910e-01,9.661713123321533647e-01,9.284946918487548828e-01,9.284092962741852251e-01,5.754300579428672791e-02,5.964794643223285397e-02,5.248363688588142395e-02,5.495699755847453793e-02,2.473009226378053427e-05,2.473009226378053427e-05
2.897438287734985352e+00,2.901096510887145818e+00,2.897463083267211914e+00,2.901121306419372381e+00,8.842521309852600098e-01,8.937210142612457275e-01,9.774420261383056641e-01,9.653398394584655762e-01,9.274579286575317383e-01,9.282871723175049050e-01,5.727334693074226379e-02,5.890263244509696960e-02,5.101270601153373718e-02,5.484590455889701982e-02,2.473678614478558302e-05,2.473678614478558302e-05
2.903642892837524414e+00,2.889959335327148438e+00,2.903667688369750977e+00,2.889984130859375000e+00,9.180558323860168457e-01,8.955287933349609375e-01,9.661968946456909180e-01,9.643019020557404009e-01,9.268205761909484863e-01,9.282072424888611062e-01,5.429934337735176086e-02,5.912686958909034451e-02,3.827016428112983704e-02,4.279449954628944397e-02,2.474014763720333576e-05,2.474014763720333576e-05
2.841069698333740234e+00,2.873995018005371271e+00,2.841094493865966797e+00,2.874019813537597834e+00,8.500132560729980469e-01,8.763287842273712602e-01,9.534689188003540039e-01,9.671897351741790549e-01,9.286703467369079590e-01,9.281086683273315208e-01,5.926211178302764893e-02,5.843563899397850175e-02,4.965523257851600647e-02,4.393215700984001021e-02,2.474365464877337217e-05,2.474365464877337217e-05
2.914394617080688477e+00,2.873922252655029208e+00,2.914419412612915039e+00,2.873947048187255771e+00,9.244291782379150391e-01,8.771070420742035356e-01,9.623122215270996094e-01,9.649981915950774924e-01,9.277853369712829590e-01,9.280757248401642068e-01,5.579466372728347778e-02,5.834283642470836778e-02,4.407305642962455750e-02,4.539851434528827806e-02,2.474520806572400033e-05,2.474520806572400033e-05
2.896762609481811523e+00,2.871259403228759943e+00,2.896787405014038086e+00,2.871284198760986506e+00,9.103622436523437500e-01,8.836307764053344949e-01,9.589693546295166016e-01,9.642987549304962158e-01,9.283894300460815430e-01,9.279720783233642578e-01,5.938511714339256287e-02,5.788275599479675293e-02,3.965671733021736145e-02,3.747502006590366225e-02,2.474913344485685229e-05,2.474913344485685229e-05
2.927323102951049805e+00,2.954066824913025080e+00,2.927347898483276367e+00,2.954091620445251642e+00,8.573185801506042480e-01,8.954614639282226785e-01,9.572530984878540039e-01,9.658623397350311057e-01,9.266626238822937012e-01,9.278685390949249490e-01,6.747387349605560303e-02,5.785034075379371504e-02,1.186149790883064270e-01,1.070242054760456030e-01,2.475285509717650712e-05,2.475285509717650712e-05
2.843702077865600586e+00,2.874098753929138272e+00,2.843726873397827148e+00,2.874123549461364835e+00,8.810108900070190430e-01,8.832364737987518089e-01,9.449787735939025879e-01,9.648566305637359397e-01,9.270703792572021484e-01,9.277578175067902055e-01,5.200623348355293274e-02,5.808000266551971436e-02,3.863582760095596313e-02,4.016781114041804990e-02,2.475801738910377026e-05,2.475801738910377026e-05
2.831905364990234375e+00,2.864936256408691317e+00,2.831930160522460938e+00,2.864961051940917880e+00,8.600503802299499512e-01,8.781323254108428511e-01,9.530808329582214355e-01,9.656044781208038552e-01,9.256815314292907715e-01,9.276494622230530007e-01,5.348384007811546326e-02,5.806458666920662204e-02,3.960896655917167664e-02,3.548545204102993011e-02,2.476205190760083497e-05,2.476205190760083497e-05
2.847199201583862305e+00,2.863624954223632724e+00,2.847223997116088867e+00,2.863649749755859286e+00,8.685103058815002441e-01,8.830644309520720991e-01,9.677882194519042969e-01,9.664411664009093794e-01,9.270939230918884277e-01,9.275290369987487793e-01,5.154497921466827393e-02,5.720302127301692824e-02,3.226194903254508972e-02,2.938729580491781374e-02,2.476658846717327833e-05,2.476658846717327833e-05
2.863322734832763672e+00,2.857346320152282626e+00,2.863347530364990234e+00,2.857371115684509189e+00,8.787372708320617676e-01,8.737356305122375710e-01,9.664002060890197754e-01,9.660763263702392134e-01,9.271883964538574219e-01,9.274137675762176292e-01,5.891874805092811584e-02,5.674856379628181319e-02,3.207799419760704041e-02,3.337202519178390780e-02,2.477156340319197625e-05,2.477156340319197625e-05
2.872243165969848633e+00,2.893400168418884366e+00,2.872267961502075195e+00,2.893424963951110929e+00,8.592737317085266113e-01,8.923317968845367876e-01,9.684007167816162109e-01,9.635420143604278564e-01,9.292346835136413574e-01,9.272941529750824419e-01,5.251921340823173523e-02,5.666627287864685336e-02,6.281460076570510864e-02,5.356587059795856615e-02,2.477574707882013172e-05,2.477574707882013172e-05
2.854730606079101562e+00,2.860774230957031428e+00,2.854755401611328125e+00,2.860799026489257990e+00,8.850740194320678711e-01,8.817782998085021973e-01,9.595214128494262695e-01,9.653383493423461914e-01,9.280947446823120117e-01,9.271763384342193159e-01,5.605365708470344543e-02,5.683049596846103529e-02,2.598658204078674316e-02,2.965071462094783644e-02,2.477992529748007655e-05,2.477992529748007655e-05
2.743887186050415039e+00,2.848134803771972479e+00,2.743911981582641602e+00,2.848159599304199041e+00,7.996638417243957520e-01,8.714289307594299538e-01,9.312007427215576172e-01,9.650847315788269043e-01,9.276121258735656738e-01,9.270411372184753640e-01,6.145920976996421814e-02,5.611965507268905362e-02,2.395136840641498566e-02,2.846033107489347527e-02,2.478431269992142916e-05,2.478431269992142916e-05
2.868990421295166016e+00,2.888926982879638672e+00,2.869015216827392578e+00,2.888951778411865234e+00,8.614267706871032715e-01,8.863354742527007613e-01,9.802896380424499512e-01,9.664648413658142312e-01,9.267070293426513672e-01,9.270011782646179199e-01,5.053368583321571350e-02,5.625480785965919495e-02,5.003298819065093994e-02,5.287071578204631528e-02,2.478586975485086441e-05,2.478586975485086441e-05
2.923364639282226562e+00,2.855333352088928134e+00,2.923389434814453125e+00,2.855358147621154696e+00,9.229128956794738770e-01,8.749305129051208052e-01,9.862461686134338379e-01,9.661991178989410844e-01,9.255572557449340820e-01,9.268815577030181663e-01,6.470112502574920654e-02,5.659559778869151930e-02,2.394734881818294525e-02,3.072652090340852876e-02,2.479053364368155599e-05,2.479053364368155599e-05
2.784662961959838867e+00,2.846555042266845525e+00,2.784687757492065430e+00,2.846579837799072088e+00,8.507950901985168457e-01,8.743111312389373335e-01,9.273837208747863770e-01,9.641287207603455034e-01,9.271938800811767578e-01,9.267584741115569846e-01,5.508974567055702209e-02,5.612629316747188429e-02,2.420043759047985077e-02,2.523041404783725808e-02,2.479390241205692291e-05,2.479390241205692291e-05
2.878046751022338867e+00,2.886533904075622381e+00,2.878071546554565430e+00,2.886558699607848943e+00,8.958070874214172363e-01,9.010027050971984863e-01,9.710623025894165039e-01,9.650920093059539573e-01,9.264565706253051758e-01,9.266214847564697710e-01,5.076407268643379211e-02,5.554976761341094693e-02,3.395671397447586060e-02,3.826788403093814989e-02,2.479819704603869468e-05,2.479819704603869468e-05
2.865264177322387695e+00,2.874871087074279963e+00,2.865288972854614258e+00,2.874895882606506525e+00,8.931298255920410156e-01,8.870967745780944380e-01,9.654909372329711914e-01,9.693071365356444868e-01,9.276878833770751953e-01,9.264577627182006836e-01,4.827618226408958435e-02,5.531574450433254103e-02,3.067923523485660553e-02,3.669362775981425961e-02,2.480431430740281940e-05,2.480431430740281940e-05
2.848401069641113281e+00,2.861610674858093173e+00,2.848425865173339844e+00,2.861635470390319735e+00,8.734707832336425781e-01,8.853414058685302734e-01,9.733442664146423340e-01,9.671790599822998047e-01,9.266856312751770020e-01,9.263185262680053711e-01,4.957863688468933105e-02,5.491942688822746416e-02,2.532184123992919922e-02,2.785228155553341051e-02,2.481139017618261278e-05,2.481139017618261278e-05
2.856209754943847656e+00,2.874946546554565607e+00,2.856234550476074219e+00,2.874971342086792170e+00,8.908873796463012695e-01,8.994896113872528076e-01,9.529536366462707520e-01,9.653693854808806929e-01,9.257699251174926758e-01,9.261970639228820357e-01,5.426296591758728027e-02,5.461944416165352006e-02,3.233591094613075256e-02,2.927106861025095125e-02,2.481785486452281475e-05,2.481785486452281475e-05
2.887156963348388672e+00,2.854573845863342285e+00,2.887181758880615234e+00,2.854598641395568848e+00,8.985074162483215332e-01,8.760801672935485396e-01,9.806553721427917480e-01,9.645669996738434060e-01,9.264146089553833008e-01,9.260522782802581565e-01,5.370299145579338074e-02,5.481596477329730988e-02,2.787650562822818756e-02,3.305841349065304080e-02,2.482453965058084577e-05,2.482453965058084577e-05
2.832011222839355469e+00,2.856225943565368741e+00,2.832036018371582031e+00,2.856250739097595304e+00,8.558282256126403809e-01,8.760097801685333696e-01,9.590750932693481445e-01,9.650989174842834473e-01,9.276401996612548828e-01,9.258999407291412798e-01,4.962540045380592346e-02,5.476453639566898624e-02,3.984247520565986633e-02,3.445284552872181216e-02,2.483020216459408402e-05,2.483020216459408402e-05
2.849118471145629883e+00,2.864992213249206721e+00,2.849143266677856445e+00,2.865017008781433283e+00,8.688623309135437012e-01,8.890095591545105203e-01,9.841299653053283691e-01,9.706180930137634499e-01,9.247826933860778809e-01,9.257433950901031716e-01,4.980728775262832642e-02,5.376068875193595886e-02,2.153621613979339600e-02,2.586046140640974045e-02,2.483721618773415685e-05,2.483721618773415685e-05
2.807368755340576172e+00,2.876236033439636408e+00,2.807393550872802734e+00,2.876260828971862971e+00,8.460733890533447266e-01,9.029037535190582719e-01,9.622557759284973145e-01,9.705237746238708496e-01,9.258635640144348145e-01,9.257022261619567427e-01,5.180176720023155212e-02,5.361615754663943967e-02,2.137455344200134277e-02,2.349015083163976531e-02,2.483927892171777785e-05,2.483927892171777785e-05
2.866589307785034180e+00,2.843432116508483709e+00,2.866614103317260742e+00,2.843456912040710272e+00,8.839491009712219238e-01,8.762426912784576638e-01,9.700819253921508789e-01,9.644895851612090842e-01,9.263746142387390137e-01,9.255461871623993364e-01,6.237808242440223694e-02,5.341803021728992740e-02,2.380527183413505554e-02,2.373560052365064621e-02,2.484789547452237457e-05,2.484789547452237457e-05
2.832394123077392578e+00,2.838329005241393865e+00,2.832418918609619141e+00,2.838353800773620428e+00,8.654893040657043457e-01,8.722877800464630127e-01,9.549587368965148926e-01,9.641258239746093306e-01,9.264642596244812012e-01,9.254020512104034202e-01,6.169065460562705994e-02,5.329661332070827207e-02,2.379138953983783722e-02,2.321673817932605813e-02,2.485551885911263525e-05,2.485551885911263525e-05
2.847383737564086914e+00,2.841558480262756259e+00,2.847408533096313477e+00,2.841583275794982821e+00,8.851913213729858398e-01,8.703286230564117876e-01,9.648512005805969238e-01,9.676952600479126199e-01,9.246869683265686035e-01,9.252611815929412398e-01,4.720526933670043945e-02,5.316216871142387390e-02,2.544896304607391357e-02,2.511123269796371529e-02,2.486404446244705468e-05,2.486404446244705468e-05
2.765685319900512695e+00,2.849769520759582342e+00,2.765710115432739258e+00,2.849794316291808904e+00,8.152386546134948730e-01,8.833539903163909468e-01,9.504844546318054199e-01,9.637877225875854936e-01,9.265348315238952637e-01,9.251232922077179399e-01,5.292345210909843445e-02,5.278858467936516086e-02,2.050394192337989807e-02,2.471588198095560004e-02,2.487186429789289832e-05,2.487186429789289832e-05
2.785028934478759766e+00,2.842158651351928800e+00,2.785053730010986328e+00,2.842183446884155362e+00,8.233824968338012695e-01,8.686921179294586626e-01,9.512013196945190430e-01,9.646705448627471702e-01,9.259663820266723633e-01,9.249498605728149192e-01,4.670095443725585938e-02,5.335902646183967452e-02,3.777798265218734741e-02,3.048713076859712462e-02,2.487993151589762419e-05,2.487993151589762419e-05
2.783446311950683594e+00,2.843974423408508478e+00,2.783471107482910156e+00,2.843999218940735041e+00,8.231588602066040039e-01,8.671313941478728804e-01,9.566723704338073730e-01,9.635195255279540572e-01,9.235826730728149414e-01,9.247964799404144731e-01,5.100928992033004761e-02,5.476314239203929762e-02,2.902311459183692932e-02,3.376388512551784654e-02,2.488542668288573623e-05,2.488542668288573623e-05
2.786494255065917969e+00,2.831820249557495117e+00,2.786519050598144531e+00,2.831845045089721680e+00,8.444377779960632324e-01,8.657945692539215088e-01,9.432863593101501465e-01,9.642321228981017844e-01,9.229663610458374023e-01,9.246439933776855469e-01,4.868916049599647522e-02,5.263873934745788574e-02,2.711472846567630768e-02,2.451079785823822091e-02,2.489089456503279507e-05,2.489089456503279507e-05
2.873717308044433594e+00,2.867239403724670233e+00,2.873742103576660156e+00,2.867264199256896795e+00,9.004287123680114746e-01,8.920462667942047341e-01,9.682494997978210449e-01,9.657366275787353516e-01,9.244069457054138184e-01,9.244515120983123335e-01,4.966799542307853699e-02,5.181448794901370725e-02,3.096419014036655426e-02,3.319048210978507718e-02,2.489813414285890758e-05,2.489813414285890758e-05
2.863725423812866211e+00,2.859155607223510920e+00,2.863750219345092773e+00,2.859180402755737482e+00,8.772135972976684570e-01,8.824334263801574263e-01,9.816639423370361328e-01,9.670882344245910200e-01,9.232456684112548828e-01,9.241981565952300803e-01,4.808297753334045410e-02,5.166152492165565491e-02,3.351934254169464111e-02,3.377423956990242143e-02,2.490760380169376731e-05,2.490760380169376731e-05
2.831216573715209961e+00,2.840888786315917791e+00,2.831241369247436523e+00,2.840913581848144354e+00,8.453768491744995117e-01,8.692286372184753196e-01,9.826945662498474121e-01,9.660096049308777300e-01,9.248182177543640137e-01,9.241289615631103072e-01,4.768973588943481445e-02,5.152943916618824005e-02,3.063716553151607513e-02,2.999208755791187356e-02,2.491007398930378258e-05,2.491007398930378258e-05
2.823195219039916992e+00,2.835272169113159269e+00,2.823220252990722656e+00,2.835297203063964933e+00,8.714253306388854980e-01,8.686335265636444536e-01,9.477108120918273926e-01,9.654581427574158159e-01,9.255767464637756348e-01,9.239542901515960249e-01,5.045239999890327454e-02,5.104365833103656491e-02,2.802984230220317841e-02,2.618252951651811600e-02,2.491804116289131343e-05,2.491804116289131343e-05
2.808171272277832031e+00,2.827584910392761053e+00,2.808196306228637695e+00,2.827609944343566717e+00,8.605082035064697266e-01,8.647787988185882124e-01,9.528930783271789551e-01,9.665022969245911089e-01,9.245829582214355469e-01,9.237967133522033691e-01,4.786371812224388123e-02,5.069594718515872678e-02,2.232344076037406921e-02,2.181108538061380525e-02,2.492419662303291261e-05,2.492419662303291261e-05
2.909109115600585938e+00,2.839754199981689542e+00,2.909134149551391602e+00,2.839779233932495206e+00,9.248933792114257812e-01,8.769650518894195335e-01,9.870665669441223145e-01,9.657807528972626177e-01,9.236589670181274414e-01,9.236247658729552779e-01,5.106276273727416992e-02,5.027553662657737593e-02,2.242728322744369507e-02,2.310809642076492448e-02,2.493140164006035775e-05,2.493140164006035775e-05
2.842712163925170898e+00,2.836214971542358576e+00,2.842737197875976562e+00,2.836240005493164240e+00,8.862385749816894531e-01,8.773391842842102051e-01,9.658268690109252930e-01,9.652565538883208784e-01,9.230860471725463867e-01,9.234561204910278764e-01,4.826261103153228760e-02,4.940029047429561615e-02,1.929806172847747803e-02,2.076288778334856033e-02,2.493864303687587380e-05,2.493864303687587380e-05
2.766449928283691406e+00,2.833730292320251642e+00,2.766474962234497070e+00,2.833755326271057307e+00,8.167067766189575195e-01,8.722415328025817649e-01,9.553287029266357422e-01,9.656757533550262007e-01,9.224500656127929688e-01,9.232635557651519553e-01,4.772226512432098389e-02,4.860620908439159532e-02,2.424185909330844879e-02,2.394334673881530831e-02,2.494567161193117499e-05,2.494567161193117499e-05
2.895138502120971680e+00,2.856860613822937101e+00,2.895163536071777344e+00,2.856885647773742765e+00,9.207681417465209961e-01,8.806473553180694802e-01,9.656533598899841309e-01,9.689741671085357888e-01,9.252040386199951172e-01,9.230653166770934615e-01,4.439170286059379578e-02,4.650550112128257890e-02,3.912148252129554749e-02,3.766822963953018327e-02,2.495264925528317690e-05,2.495264925528317690e-05
2.813094615936279297e+00,2.834962940216064542e+00,2.813119649887084961e+00,2.834987974166870206e+00,8.623786568641662598e-01,8.723844051361083762e-01,9.584972858428955078e-01,9.677295923233032449e-01,9.235903620719909668e-01,9.228604197502136008e-01,4.396207258105278015e-02,4.564695060253143311e-02,2.466625161468982697e-02,2.634153850376606126e-02,2.496029082976747304e-05,2.496029082976747304e-05
2.798615694046020508e+00,2.823315048217773349e+00,2.798640727996826172e+00,2.823340082168579013e+00,8.716389536857604980e-01,8.633574724197388139e-01,9.342892169952392578e-01,9.672001481056213823e-01,9.208337068557739258e-01,9.226776659488677979e-01,4.550971835851669312e-02,4.547534063458442966e-02,2.634404972195625305e-02,2.460443340241908958e-02,2.496741035429295152e-05,2.496741035429295152e-05
2.790399789810180664e+00,2.835417103767395197e+00,2.790424823760986328e+00,2.835442137718200861e+00,8.361263871192932129e-01,8.643989384174346480e-01,9.446995258331298828e-01,9.659716427326202615e-01,9.231786131858825684e-01,9.224813103675841841e-01,4.585570096969604492e-02,4.533911198377608975e-02,4.053961113095283508e-02,3.722605891525745253e-02,2.497441710147541016e-05,2.497441710147541016e-05
2.839128971099853516e+00,2.818259620666503817e+00,2.839154005050659180e+00,2.818284654617309481e+00,8.798868656158447266e-01,8.615898132324218972e-01,9.700649380683898926e-01,9.675719916820526567e-01,9.207770228385925293e-01,9.224165916442871316e-01,4.528493806719779968e-02,4.540373869240284244e-02,2.311526052653789520e-02,2.127747833728790144e-02,2.497612513252533972e-05,2.497612513252533972e-05
2.859638929367065430e+00,2.871184611320495517e+00,2.859663963317871094e+00,2.871209645271301181e+00,8.649122714996337891e-01,8.833638012409210649e-01,9.792469143867492676e-01,9.663693666458129661e-01,9.228791594505310059e-01,9.221845388412475142e-01,4.426732659339904785e-02,4.532998614013195038e-02,4.833325371146202087e-02,5.393698140978812894e-02,2.498407957318704575e-05,2.498407957318704575e-05
2.848142385482788086e+00,2.820743346214294345e+00,2.848167419433593750e+00,2.820768380165100009e+00,8.955679535865783691e-01,8.672269940376281516e-01,9.636884331703186035e-01,9.652595043182372603e-01,9.228621721267700195e-01,9.219850718975066695e-01,4.413739964365959167e-02,4.473501332104205808e-02,2.188636362552642822e-02,2.153673358261585374e-02,2.499123365851119161e-05,2.499123365851119161e-05
2.811161994934082031e+00,2.827941131591797053e+00,2.811187028884887695e+00,2.827966165542602717e+00,8.666049838066101074e-01,8.728714227676391824e-01,9.574581980705261230e-01,9.657886385917663352e-01,9.213961362838745117e-01,9.217940270900726318e-01,4.482234269380569458e-02,4.448992162942886491e-02,2.088029868900775909e-02,2.299712970852851868e-02,2.499813490430824459e-05,2.499813490430824459e-05
2.848950147628784180e+00,2.855980277061462402e+00,2.848975181579589844e+00,2.856005311012268066e+00,8.745148777961730957e-01,8.671462535858154297e-01,9.446798563003540039e-01,9.644536197185515913e-01,9.212281703948974609e-01,9.214632332324981245e-01,4.351292550563812256e-02,4.596981741487980028e-02,6.501433253288269043e-02,5.694736465811729709e-02,2.500708797015249729e-05,2.500708797015249729e-05
2.902937412261962891e+00,2.889631700515747248e+00,2.902962446212768555e+00,2.889656734466552912e+00,9.070382714271545410e-01,8.861487925052642378e-01,9.817678928375244141e-01,9.657805263996124268e-01,9.203376770019531250e-01,9.209732770919799583e-01,4.696542024612426758e-02,4.560304954648018022e-02,4.682834073901176453e-02,7.112606614828109741e-02,2.502136339899152517e-05,2.502136339899152517e-05
2.877568721771240234e+00,2.845896553993225275e+00,2.877593755722045898e+00,2.845921587944030939e+00,9.051571488380432129e-01,8.724663436412811723e-01,9.692794084548950195e-01,9.665731668472290483e-01,9.193976521492004395e-01,9.207379400730133501e-01,4.287859797477722168e-02,4.414629079401492795e-02,4.085579887032508850e-02,4.197280295193195343e-02,2.503216455806978047e-05,2.503216455806978047e-05
2.826339960098266602e+00,2.818531751632690430e+00,2.826364994049072266e+00,2.818556785583496094e+00,8.824512362480163574e-01,8.633067190647125688e-01,9.538641571998596191e-01,9.663660466670990212e-01,9.190077185630798340e-01,9.205515086650848389e-01,4.582070931792259216e-02,4.406334310770034651e-02,2.519606426358222961e-02,2.424416467547416826e-02,2.503967334632761776e-05,2.503967334632761776e-05
2.837194442749023438e+00,2.822283387184143066e+00,2.837219476699829102e+00,2.822308421134948730e+00,8.722769021987915039e-01,8.657291650772094282e-01,9.768254160881042480e-01,9.683951139450073242e-01,9.185429811477661133e-01,9.203372597694396973e-01,4.285448789596557617e-02,4.422698505222797533e-02,2.669447474181652069e-02,2.359484881162643433e-02,2.504549593140836805e-05,2.504549593140836805e-05
2.793649911880493164e+00,2.813204956054687678e+00,2.793674945831298828e+00,2.813229990005493342e+00,8.538249135017395020e-01,8.615942895412445068e-01,9.508873224258422852e-01,9.657233834266663042e-01,9.209783673286437988e-01,9.201382040977478249e-01,4.493050649762153625e-02,4.389879629015922685e-02,2.302896045148372650e-02,2.185031045228242805e-02,2.505045449652243406e-05,2.505045449652243406e-05
2.790488243103027344e+00,2.817269039154052912e+00,2.790513277053833008e+00,2.817294073104858576e+00,8.547982573509216309e-01,8.664957463741302934e-01,9.533489346504211426e-01,9.654124736785888450e-01,9.194694161415100098e-01,9.200583219528197798e-01,4.263399168848991394e-02,4.398412890732288083e-02,2.023759856820106506e-02,2.131833154708146980e-02,2.505214797565713525e-05,2.505214797565713525e-05
2.734877347946166992e+00,2.822267866134643644e+00,2.734902381896972656e+00,2.822292900085449308e+00,7.874174118041992188e-01,8.664789497852325439e-01,9.586214423179626465e-01,9.668734550476074663e-01,9.221072196960449219e-01,9.198197305202484575e-01,4.397415742278099060e-02,4.387854784727096558e-02,2.275704778730869293e-02,2.521719168871641020e-02,2.505904376448597759e-05,2.505904376448597759e-05
2.849414348602294922e+00,2.823556780815124512e+00,2.849439382553100586e+00,2.823581814765930176e+00,8.854134678840637207e-01,8.572070658206939475e-01,9.805357456207275391e-01,9.758594393730163352e-01,9.209379553794860840e-01,9.196107149124145286e-01,4.265805706381797791e-02,4.340242557227611681e-02,1.986907795071601868e-02,2.747712414711713652e-02,2.506621240172535181e-05,2.506621240172535181e-05
2.799057006835937500e+00,2.821727538108825595e+00,2.799082040786743164e+00,2.821752572059631259e+00,8.416363596916198730e-01,8.669040203094482422e-01,9.702559113502502441e-01,9.690912604331970437e-01,9.184468388557434082e-01,9.193664431571960671e-01,4.273302108049392700e-02,4.353936985135078291e-02,2.598488330841064453e-02,2.282648738473653724e-02,2.507079625502228737e-05,2.507079625502228737e-05
2.741824865341186523e+00,2.817602396011352539e+00,2.741849899291992188e+00,2.817627429962158203e+00,8.196115493774414062e-01,8.592642009258270042e-01,9.322521090507507324e-01,9.688144505023956743e-01,9.188726544380187988e-01,9.191455006599426047e-01,4.157653823494911194e-02,4.297007806599140167e-02,2.951201237738132477e-02,2.740815784782171111e-02,2.507633689674548805e-05,2.507633689674548805e-05
2.845173597335815430e+00,2.814865040779113592e+00,2.845198631286621094e+00,2.814890074729919256e+00,8.750921487808227539e-01,8.561287045478820357e-01,9.826608300209045410e-01,9.695327162742615190e-01,9.207747578620910645e-01,9.188707888126372847e-01,4.425932094454765320e-02,4.309034831821918765e-02,2.238649874925613403e-02,2.724243290722370286e-02,2.508347824914380908e-05,2.508347824914380908e-05
2.761425495147705078e+00,2.818681359291076660e+00,2.761450529098510742e+00,2.818706393241882324e+00,7.892799377441406250e-01,8.539848625659942627e-01,9.786096811294555664e-01,9.747150659561156782e-01,9.189895987510681152e-01,9.186563909053802046e-01,4.388974606990814209e-02,4.237739853560924808e-02,3.065647557377815247e-02,2.894764654338359902e-02,2.508846228010952473e-05,2.508846228010952473e-05
2.791628599166870117e+00,2.826538538932800382e+00,2.791653633117675781e+00,2.826563572883606046e+00,8.415777087211608887e-01,8.777677416801452637e-01,9.587199687957763672e-01,9.654791533946991411e-01,9.190595149993896484e-01,9.183955609798430952e-01,3.999746963381767273e-02,4.231661856174469272e-02,3.227366879582405090e-02,2.257938645780086656e-02,2.509385376470163465e-05,2.509385376470163465e-05
2.832791805267333984e+00,2.832947444915771662e+00,2.832816839218139648e+00,2.832972478866577326e+00,8.553026318550109863e-01,8.592672586441040261e-01,9.835404753684997559e-01,9.750742256641388161e-01,9.182420969009399414e-01,9.181167840957641380e-01,4.072155058383941650e-02,4.222944118082523624e-02,3.498492017388343811e-02,3.825977370142936984e-02,2.510006015654653311e-05,2.510006015654653311e-05
2.840060472488403320e+00,2.801544570922851474e+00,2.840085506439208984e+00,2.801569604873657138e+00,8.792358636856079102e-01,8.551404356956482378e-01,9.758096933364868164e-01,9.679717421531677246e-01,9.200919270515441895e-01,9.178448081016540305e-01,4.285649582743644714e-02,4.199659936130047122e-02,2.206652238965034485e-02,1.859093829989433289e-02,2.510676495148800313e-05,2.510676495148800313e-05
2.769376277923583984e+00,2.808000612258910955e+00,2.769401311874389648e+00,2.808025646209716619e+00,8.254072070121765137e-01,8.601930141448974609e-01,9.652704000473022461e-01,9.672632575035094993e-01,9.194887876510620117e-01,9.177570879459381326e-01,4.176283255219459534e-02,4.208909645676613132e-02,1.744704693555831909e-02,2.069816850125789573e-02,2.510901686036959291e-05,2.510901686036959291e-05
2.822153568267822266e+00,2.806901240348815829e+00,2.822178602218627930e+00,2.806926274299621493e+00,8.649935722351074219e-01,8.603075742721557617e-01,9.719833135604858398e-01,9.682067871093750222e-01,9.181928038597106934e-01,9.174922108650207520e-01,4.207471013069152832e-02,4.165161512792110721e-02,2.490934729576110840e-02,1.924302931874990324e-02,2.511419370421208441e-05,2.511419370421208441e-05
2.765117406845092773e+00,2.804203081130981268e+00,2.765142440795898438e+00,2.804228115081786932e+00,8.100666999816894531e-01,8.556592762470245361e-01,9.816278219223022461e-01,9.703400671482086404e-01,9.172159433364868164e-01,9.172427177429198775e-01,4.092236608266830444e-02,4.121272005140781680e-02,1.528455037623643875e-02,1.974834501743316650e-02,2.511912680347450078e-05,2.511912680347450078e-05
2.805113315582275391e+00,2.820594859123230158e+00,2.805138349533081055e+00,2.820619893074035822e+00,8.321600556373596191e-01,8.547241270542145219e-01,9.773145914077758789e-01,9.711057722568512407e-01,9.166527390480041504e-01,9.168949306011200395e-01,4.195317998528480530e-02,4.178657867014408389e-02,3.703286498785018921e-02,3.608347065746784349e-02,2.512389983166940510e-05,2.512389983166940510e-05
2.777355194091796875e+00,2.802728748321533292e+00,2.777380228042602539e+00,2.802753782272338956e+00,8.260388970375061035e-01,8.506733417510986550e-01,9.787072539329528809e-01,9.757402956485747847e-01,9.172951579093933105e-01,9.166297614574432373e-01,3.923455253243446350e-02,4.091640003025531769e-02,1.607910543680191040e-02,1.876892764121294160e-02,2.512942228349857032e-05,2.512942228349857032e-05
2.823507785797119141e+00,2.795065999031066895e+00,2.823532819747924805e+00,2.795091032981872559e+00,8.705810904502868652e-01,8.538950979709625244e-01,9.806852936744689941e-01,9.665961325168609397e-01,9.153096675872802734e-01,9.163413882255554421e-01,4.099773988127708435e-02,4.060564376413822174e-02,1.593388617038726807e-02,1.762776002287864616e-02,2.513397157599683851e-05,2.513397157599683851e-05
2.788511276245117188e+00,2.790896797180175692e+00,2.788536310195922852e+00,2.790921831130981356e+00,8.514657616615295410e-01,8.481557965278625488e-01,9.575821161270141602e-01,9.679293811321258989e-01,9.169468283653259277e-01,9.160309791564941184e-01,4.252200946211814880e-02,4.061613380908966203e-02,1.999458298087120056e-02,1.816452853381633759e-02,2.513948857085779309e-05,2.513948857085779309e-05
2.816962480545043945e+00,2.804496693611144842e+00,2.816987514495849609e+00,2.804521727561950506e+00,8.793998956680297852e-01,8.596315026283264382e-01,9.625032544136047363e-01,9.676992475986481157e-01,9.144980907440185547e-01,9.157210946083068626e-01,4.029598087072372437e-02,4.053638763725757321e-02,2.026512846350669861e-02,2.090847957879304886e-02,2.514501647965516895e-05,2.514501647965516895e-05
2.724285125732421875e+00,2.799221205711364568e+00,2.724310159683227539e+00,2.799246239662170233e+00,8.082577586174011230e-01,8.524322807788848877e-01,9.389820694923400879e-01,9.712242245674133079e-01,9.152314662933349609e-01,9.153740584850311723e-01,4.072681069374084473e-02,4.032493568956851959e-02,2.108686603605747223e-02,1.986578106880187988e-02,2.515146297810133547e-05,2.515146297810133547e-05
2.782444477081298828e+00,2.795756602287292392e+00,2.782469749450683594e+00,2.795781874656677157e+00,8.528896570205688477e-01,8.509669661521911399e-01,9.541584849357604980e-01,9.718372523784637451e-01,9.157691597938537598e-01,9.150564670562744141e-01,4.051493108272552490e-02,4.008967429399490356e-02,1.911232620477676392e-02,1.780622769147157530e-02,2.515685264370404184e-05,2.515685264370404184e-05
2.804838657379150391e+00,2.790630817413330078e+00,2.804863929748535156e+00,2.790656089782714844e+00,8.711639642715454102e-01,8.485912322998047097e-01,9.626370072364807129e-01,9.698756217956543413e-01,9.140287637710571289e-01,9.149643659591675249e-01,4.054672271013259888e-02,3.991071134805679321e-02,1.646205782890319824e-02,1.728887688368558814e-02,2.515802407287992537e-05,2.515802407287992537e-05
2.862633705139160156e+00,2.846208071708679288e+00,2.862658977508544922e+00,2.846233344078064054e+00,8.745886087417602539e-01,8.671177744865417036e-01,9.839999675750732422e-01,9.697674751281738503e-01,9.156827926635742188e-01,9.145501554012298584e-01,4.124831035733222961e-02,4.002334699034690996e-02,4.711378738284111023e-02,5.474930256605148315e-02,2.516445783840026706e-05,2.516445783840026706e-05
2.790635585784912109e+00,2.800960779190063477e+00,2.790660858154296875e+00,2.800986051559448242e+00,8.674473762512207031e-01,8.544828712940215620e-01,9.504688978195190430e-01,9.725100576877594438e-01,9.148358106613159180e-01,9.141715228557586448e-01,3.915386646986007690e-02,3.988710157573223392e-02,1.872965507209300995e-02,1.990925278514623503e-02,2.517173561500385404e-05,2.517173561500385404e-05
2.788727283477783203e+00,2.797957730293274103e+00,2.788752555847167969e+00,2.797983002662658869e+00,8.494110107421875000e-01,8.539387881755828857e-01,9.567368030548095703e-01,9.686262249946594460e-01,9.139797687530517578e-01,9.138044893741608110e-01,4.130904003977775574e-02,3.985418304800987521e-02,2.729057520627975464e-02,2.173404246568679671e-02,2.517800021450966597e-05,2.517800021450966597e-05
2.804620265960693359e+00,2.801361727714538397e+00,2.804645538330078125e+00,2.801387000083923162e+00,8.508431911468505859e-01,8.606980800628661887e-01,9.790477752685546875e-01,9.674722254276275635e-01,9.117863178253173828e-01,9.134683907032012939e-01,4.053752869367599487e-02,3.932345323264598708e-02,2.240529283881187439e-02,2.039966341108083794e-02,2.518334804335609078e-05,2.518334804335609078e-05
2.781704187393188477e+00,2.795178866386413663e+00,2.781729459762573242e+00,2.795204138755798429e+00,8.565793633460998535e-01,8.575115740299225076e-01,9.605168700218200684e-01,9.672260344028472678e-01,9.112381339073181152e-01,9.130786657333374023e-01,3.845244646072387695e-02,3.938203863799571991e-02,1.491727307438850403e-02,1.798056382685899596e-02,2.518882683943957090e-05,2.518882683943957090e-05
2.783885002136230469e+00,2.807230401039123358e+00,2.783910274505615234e+00,2.807255673408508123e+00,8.609592914581298828e-01,8.704923748970031516e-01,9.541711211204528809e-01,9.657111942768097368e-01,9.148941040039062500e-01,9.126885771751404031e-01,3.912979364395141602e-02,3.932951092720031461e-02,1.473062671720981598e-02,1.900870632380247116e-02,2.519385816412977874e-05,2.519385816412977874e-05
2.852665424346923828e+00,2.792093753814697266e+00,2.852690696716308594e+00,2.792119026184082031e+00,8.915002346038818359e-01,8.510503232479095237e-01,9.897825121879577637e-01,9.711308717727661355e-01,9.130088090896606445e-01,9.122940182685852495e-01,3.808887302875518799e-02,3.875344209372997423e-02,2.028512954711914062e-02,1.886509321630001207e-02,2.519882400520145893e-05,2.519882400520145893e-05
2.774661302566528320e+00,2.804323601722717108e+00,2.774686574935913086e+00,2.804348874092101873e+00,8.305312395095825195e-01,8.574769616127013716e-01,9.692334532737731934e-01,9.730125725269317405e-01,9.151961803436279297e-01,9.118618786334991011e-01,4.130892828106880188e-02,3.874314688146114627e-02,1.839150488376617432e-02,2.322895787656307359e-02,2.520577982068061829e-05,2.520577982068061829e-05
2.807884216308593750e+00,2.791509985923767090e+00,2.807909488677978516e+00,2.791535258293151855e+00,8.657191991806030273e-01,8.521706163883209229e-01,9.694706201553344727e-01,9.696378290653229204e-01,9.115688800811767578e-01,9.114144980907440408e-01,4.134884104132652283e-02,3.919290080666541776e-02,1.977649331092834473e-02,1.909416187554597785e-02,2.521243732189759612e-05,2.521243732189759612e-05
2.843537569046020508e+00,2.870352172851562411e+00,2.843562841415405273e+00,2.870377445220947177e+00,8.585305213928222656e-01,8.724635481834411843e-01,9.622916579246520996e-01,9.733967721462249978e-01,9.119817614555358887e-01,9.112140119075775591e-01,4.052118584513664246e-02,3.972997814416885654e-02,7.021231949329376221e-02,7.354788780212402621e-02,2.521591159165836871e-05,2.521591159165836871e-05
2.742211818695068359e+00,2.785159730911254794e+00,2.742237091064453125e+00,2.785185003280639560e+00,8.183691501617431641e-01,8.489809215068817583e-01,9.573141336441040039e-01,9.682554423809051070e-01,9.092275500297546387e-01,9.107671201229095015e-01,3.740619122982025146e-02,3.865153975784778317e-02,1.989472843706607819e-02,1.850470136851072381e-02,2.522601607779506594e-05,2.522601607779506594e-05
2.802628278732299805e+00,2.793771481513977140e+00,2.802653551101684570e+00,2.793796753883361905e+00,8.555057048797607422e-01,8.546997249126434548e-01,9.804241061210632324e-01,9.719584584236145020e-01,9.109991192817687988e-01,9.103563904762268510e-01,3.748449683189392090e-02,3.799281232059002061e-02,1.821501366794109344e-02,1.876410581171512534e-02,2.523311195545829833e-05,2.523311195545829833e-05
2.709623098373413086e+00,2.784941554069519043e+00,2.709648370742797852e+00,2.784966826438903809e+00,8.015993237495422363e-01,8.519117236137390137e-01,9.346413612365722656e-01,9.674342036247253196e-01,9.124663472175598145e-01,9.098997533321380171e-01,4.256543144583702087e-02,3.866672553122043471e-02,1.835083588957786560e-02,1.702915187925100465e-02,2.523983494029380381e-05,2.523983494029380381e-05
2.800104618072509766e+00,2.785474061965942383e+00,2.800129890441894531e+00,2.785499334335327148e+00,8.679650425910949707e-01,8.490458846092223677e-01,9.684520959854125977e-01,9.692920386791229470e-01,9.093465209007263184e-01,9.094249308109283447e-01,3.725679591298103333e-02,3.806107454001903673e-02,1.708411239087581635e-02,1.965014152228832314e-02,2.524565934436395764e-05,2.524565934436395764e-05
2.790357112884521484e+00,2.794011449813842862e+00,2.790382385253906250e+00,2.794036722183227628e+00,8.361105918884277344e-01,8.555314064025878462e-01,9.866898059844970703e-01,9.692772388458251731e-01,9.094129204750061035e-01,9.089492738246918169e-01,3.829556331038475037e-02,3.810139223933219771e-02,1.984846405684947968e-02,2.215219195932149887e-02,2.525165473343804479e-05,2.525165473343804479e-05
2.873679399490356445e+00,2.845772147178649902e+00,2.873704671859741211e+00,2.845797419548034668e+00,9.251615405082702637e-01,8.938164472579955833e-01,9.509432315826416016e-01,9.672257661819457786e-01,9.093059301376342773e-01,9.083415508270263894e-01,4.038259014487266541e-02,3.927831538021564484e-02,4.788583517074584961e-02,3.711005225777626315e-02,2.526167372707277536e-05,2.526167372707277536e-05
2.804132938385009766e+00,2.800061964988708407e+00,2.804158210754394531e+00,2.800087237358093173e+00,8.662635087966918945e-01,8.585667610168457031e-01,9.664475321769714355e-01,9.680440723896026611e-01,9.077793955802917480e-01,9.079989135265350564e-01,3.801485896110534668e-02,3.646409213542937955e-02,2.562771737575531006e-02,2.898812070488929887e-02,2.527228571125306189e-05,2.527228571125306189e-05
2.768604278564453125e+00,2.796443486213683993e+00,2.768629550933837891e+00,2.796468758583068759e+00,8.317057490348815918e-01,8.609393775463104470e-01,9.718914031982421875e-01,9.688482880592346191e-01,9.096071124076843262e-01,9.074425816535949263e-01,3.845983371138572693e-02,3.844804316759109497e-02,1.694017834961414337e-02,2.076515741646289825e-02,2.527998913137707859e-05,2.527998913137707859e-05
2.704529285430908203e+00,2.774692606925964533e+00,2.704554557800292969e+00,2.774717879295349299e+00,7.811466455459594727e-01,8.457666099071502464e-01,9.638633131980895996e-01,9.699445366859436035e-01,9.064298272132873535e-01,9.069285452365875022e-01,3.716973587870597839e-02,3.691458031535148343e-02,1.592003181576728821e-02,1.513821799308061669e-02,2.528440927562769502e-05,2.528440927562769502e-05
2.778886318206787109e+00,2.777484393119812101e+00,2.778911590576171875e+00,2.777509665489196866e+00,8.431434631347656250e-01,8.456285417079925093e-01,9.740990996360778809e-01,9.695151269435882124e-01,9.084927439689636230e-01,9.067819595336914507e-01,3.546465188264846802e-02,3.674688339233398576e-02,1.768620871007442474e-02,1.881187036633491516e-02,2.528615004848688841e-05,2.528615004848688841e-05
2.833545446395874023e+00,2.777307629585266113e+00,2.833570718765258789e+00,2.777332901954650879e+00,8.937284946441650391e-01,8.430981099605560081e-01,9.782678484916687012e-01,9.714919388294219749e-01,9.058347940444946289e-01,9.062157869338989258e-01,3.793855756521224976e-02,3.689893111586570879e-02,1.777581311762332916e-02,1.960285399109125068e-02,2.529235825932119042e-05,2.529235825932119042e-05
2.845766067504882812e+00,2.813954663276672541e+00,2.845791339874267578e+00,2.813979935646057307e+00,8.961475491523742676e-01,8.705678045749664085e-01,9.844335317611694336e-01,9.652832686901092751e-01,9.042196273803710938e-01,9.055627644062042014e-01,3.690250217914581299e-02,3.765926398336887082e-02,2.406281046569347382e-02,3.488156013190746307e-02,2.529803896322846413e-05,2.529803896322846413e-05
2.823880434036254883e+00,2.802265334129333318e+00,2.823905706405639648e+00,2.802290606498718084e+00,8.960460424423217773e-01,8.582858443260192871e-01,9.589484930038452148e-01,9.707865536212920698e-01,9.015271067619323730e-01,9.049248933792114480e-01,3.594145923852920532e-02,3.722407296299934387e-02,3.141727671027183533e-02,3.104396779090166231e-02,2.530707024561706930e-05,2.530707024561706930e-05
2.779211521148681641e+00,2.776896524429321111e+00,2.779236793518066406e+00,2.776921796798705877e+00,8.514066338539123535e-01,8.495488762855529785e-01,9.656329154968261719e-01,9.676097273826599343e-01,9.037708640098571777e-01,9.042792856693268044e-01,3.558493778109550476e-02,3.635030873119830808e-02,2.281615510582923889e-02,1.910834927111864159e-02,2.531523750803899020e-05,2.531523750803899020e-05
2.795586109161376953e+00,2.780044102668762118e+00,2.795611381530761719e+00,2.780069375038146884e+00,8.573025465011596680e-01,8.505108356475830078e-01,9.800916910171508789e-01,9.699814915657043457e-01,9.047721624374389648e-01,9.036051332950592041e-01,3.928564116358757019e-02,3.604261912405491014e-02,1.413392275571823120e-02,1.990408655256032874e-02,2.532230064389295876e-05,2.532230064389295876e-05
2.735363960266113281e+00,2.783444499969482511e+00,2.735389232635498047e+00,2.783469772338867276e+00,8.238517642021179199e-01,8.485140204429626465e-01,9.437808394432067871e-01,9.700687527656555176e-01,9.040148258209228516e-01,9.029905021190642866e-01,3.613534197211265564e-02,3.582495935261249820e-02,2.758101373910903931e-02,2.604624368250369956e-02,2.532847429392859340e-05,2.532847429392859340e-05
2.845708847045898438e+00,2.785146617889404208e+00,2.845734119415283203e+00,2.785171890258788974e+00,9.086630344390869141e-01,8.601604044437408669e-01,9.810090065002441406e-01,9.696240782737731712e-01,9.014124870300292969e-01,9.022641777992248535e-01,3.752509132027626038e-02,3.651217631995677670e-02,1.709921658039093018e-02,1.658574938774108956e-02,2.533442420826759189e-05,2.533442420826759189e-05
2.776135683059692383e+00,2.771049880981445224e+00,2.776160955429077148e+00,2.771075153350829989e+00,8.479556441307067871e-01,8.460943281650543657e-01,9.733288288116455078e-01,9.693508207798003928e-01,8.999806642532348633e-01,9.016131997108459695e-01,3.596417978405952454e-02,3.527608662843704362e-02,1.890620030462741852e-02,1.871548015624284814e-02,2.534102713980246335e-05,2.534102713980246335e-05
2.715169429779052734e+00,2.764914965629577726e+00,2.715194702148437500e+00,2.764940237998962491e+00,8.015897274017333984e-01,8.445449173450469971e-01,9.623715281486511230e-01,9.678093850612640159e-01,8.989289402961730957e-01,9.008466541767120583e-01,3.427334502339363098e-02,3.571722954511642734e-02,1.800576411187648773e-02,1.599681880325078825e-02,2.534722807467915118e-05,2.534722807467915118e-05
2.781746149063110352e+00,2.777444267272949130e+00,2.781771421432495117e+00,2.777469539642333896e+00,8.449915051460266113e-01,8.553487241268158403e-01,9.823549389839172363e-01,9.684299528598785400e-01,9.036457538604736328e-01,9.006339430809020552e-01,3.614857047796249390e-02,3.559107594192027768e-02,1.460519991815090179e-02,1.744063608348369460e-02,2.534939267206937075e-05,2.534939267206937075e-05
2.784455060958862305e+00,2.772622919082641690e+00,2.784480333328247070e+00,2.772648191452026456e+00,8.559966087341308594e-01,8.487895786762237327e-01,9.764883518218994141e-01,9.696344912052154985e-01,9.001454710960388184e-01,8.999004423618316428e-01,3.509516641497612000e-02,3.483794890344142636e-02,1.672943867743015289e-02,1.946047376841306825e-02,2.535567182349041104e-05,2.535567182349041104e-05
2.767887830734252930e+00,2.785487771034240723e+00,2.767913103103637695e+00,2.785513043403625488e+00,8.329769968986511230e-01,8.604698717594146951e-01,9.831042289733886719e-01,9.686565041542053445e-01,8.982617855072021484e-01,8.991395056247710738e-01,3.357674181461334229e-02,3.540697842836380144e-02,1.996798068284988403e-02,2.181490138173103333e-02,2.536126157792750746e-05,2.536126157792750746e-05
2.764553308486938477e+00,2.765275073051452814e+00,2.764578580856323242e+00,2.765300345420837580e+00,8.552548885345458984e-01,8.446739494800568071e-01,9.573361277580261230e-01,9.723624050617217796e-01,8.982781767845153809e-01,8.984138429164886253e-01,3.390926495194435120e-02,3.393530100584030151e-02,1.977468281984329224e-02,1.588957495987415244e-02,2.536796637286897749e-05,2.536796637286897749e-05
2.757361173629760742e+00,2.776936888694763184e+00,2.757386445999145508e+00,2.776962161064147949e+00,8.592649102210998535e-01,8.515118241310120073e-01,9.373858571052551270e-01,9.677162051200867143e-01,8.952863812446594238e-01,8.975314736366272195e-01,3.685409203171730042e-02,3.600969389081001143e-02,2.856984175741672516e-02,2.416776716709136824e-02,2.537565706006716937e-05,2.537565706006716937e-05
2.750004053115844727e+00,2.774414014816284357e+00,2.750029325485229492e+00,2.774439287185669123e+00,8.419979214668273926e-01,8.527363479137420876e-01,9.568699598312377930e-01,9.699217736721038596e-01,8.976801633834838867e-01,8.966794371604919212e-01,3.210535645484924316e-02,3.437349721789360185e-02,2.135066874325275421e-02,2.070291675627231737e-02,2.538237822591327131e-05,2.538237822591327131e-05
2.740196228027343750e+00,2.763089179992675781e+00,2.740221500396728516e+00,2.763114452362060547e+00,8.413276076316833496e-01,8.440123856067657249e-01,9.549713730812072754e-01,9.730570375919341819e-01,8.932144045829772949e-01,8.958256542682647705e-01,3.307218104600906372e-02,3.366028033196925839e-02,1.761055551469326019e-02,1.653391551226377626e-02,2.538945227570366114e-05,2.538945227570366114e-05
2.783548116683959961e+00,2.817882561683654696e+00,2.783573627471923828e+00,2.817908072471618564e+00,8.372977972030639648e-01,8.592988431453705278e-01,9.566189646720886230e-01,9.695419371128082275e-01,8.937277793884277344e-01,8.947596490383148415e-01,3.374348580837249756e-02,3.430045619606971602e-02,6.216036155819892883e-02,5.998171642422676225e-02,2.539772322052158415e-05,2.539772322052158415e-05
2.791944503784179688e+00,2.771881890296936213e+00,2.791970014572143555e+00,2.771907401084900080e+00,8.723032474517822266e-01,8.526670396327972190e-01,9.754023551940917969e-01,9.710016489028930886e-01,8.937937021255493164e-01,8.938765585422515647e-01,3.318710625171661377e-02,3.328642323613166532e-02,1.725800521671772003e-02,2.105023916810750892e-02,2.540789137128740549e-05,2.540789137128740549e-05
2.735584497451782227e+00,2.759662246704101651e+00,2.735610008239746094e+00,2.759687757492065519e+00,8.409339785575866699e-01,8.496338248252868208e-01,9.555398821830749512e-01,9.681384384632110152e-01,8.898580670356750488e-01,8.929350137710571067e-01,3.231490030884742737e-02,3.355916813015937666e-02,1.693746261298656464e-02,1.539582824334502151e-02,2.541431240388192236e-05,2.541431240388192236e-05
2.663156986236572266e+00,2.758695483207702637e+00,2.663182497024536133e+00,2.758720993995666504e+00,7.675468325614929199e-01,8.470509290695190652e-01,9.492875933647155762e-01,9.688056468963622825e-01,8.956719636917114258e-01,8.926262855529785156e-01,3.444647043943405151e-02,3.344513513147830824e-02,1.620421372354030609e-02,1.676747389137744904e-02,2.541638241382315755e-05,2.541638241382315755e-05
2.770898103713989258e+00,2.749569177627563477e+00,2.770923614501953125e+00,2.749594688415527344e+00,8.617120385169982910e-01,8.438808321952819824e-01,9.705436229705810547e-01,9.678122639656067117e-01,8.932685852050781250e-01,8.916264533996581809e-01,3.358233347535133362e-02,3.238380886614322662e-02,1.179153937846422195e-02,1.386578436940908397e-02,2.542241054470650852e-05,2.542241054470650852e-05
2.759464740753173828e+00,2.756499648094177246e+00,2.759490251541137695e+00,2.756525158882141113e+00,8.546283245086669922e-01,8.437104105949402300e-01,9.611456990242004395e-01,9.695457458496093972e-01,8.916124701499938965e-01,8.905046403408050093e-01,3.294695168733596802e-02,3.312429264187812666e-02,1.913119107484817505e-02,1.961450316011905531e-02,2.542816946515813470e-05,2.542816946515813470e-05
2.785389900207519531e+00,2.766488218307495028e+00,2.785415410995483398e+00,2.766513729095458896e+00,8.691532015800476074e-01,8.520111799240112083e-01,9.782831072807312012e-01,9.712712049484253374e-01,8.884387016296386719e-01,8.894092321395874468e-01,3.287446871399879456e-02,3.241191357374191562e-02,1.664016954600811005e-02,2.138469126075506072e-02,2.543530354159884155e-05,2.543530354159884155e-05
2.756408214569091797e+00,2.764778208732605158e+00,2.756433725357055664e+00,2.764803719520569025e+00,8.368614912033081055e-01,8.493858575820922852e-01,9.746481180191040039e-01,9.704283893108367476e-01,8.891668319702148438e-01,8.881686866283416970e-01,3.341200947761535645e-02,3.207583352923393250e-02,2.231982164084911346e-02,2.471941784024238656e-02,2.544126800785306841e-05,2.544126800785306841e-05
2.743562221527099609e+00,2.766351699829101562e+00,2.743587732315063477e+00,2.766377210617065430e+00,8.359603285789489746e-01,8.517121374607086182e-01,9.687563180923461914e-01,9.698143243789673074e-01,8.841251134872436523e-01,8.868497550487518533e-01,3.425404801964759827e-02,3.264974132180213651e-02,2.046634443104267120e-02,2.532568834722042153e-02,2.544705057516694069e-05,2.544705057516694069e-05
2.745816707611083984e+00,2.745471334457397550e+00,2.745842218399047852e+00,2.745496845245361417e+00,8.465048670768737793e-01,8.456659495830536333e-01,9.695717096328735352e-01,9.675703465938567671e-01,8.838318586349487305e-01,8.855713665485381858e-01,3.193023055791854858e-02,3.226273022592067441e-02,1.397821120917797089e-02,1.440089326351881062e-02,2.545300230849534273e-05,2.545300230849534273e-05
2.757518053054809570e+00,2.801565051078796387e+00,2.757543563842773438e+00,2.801590561866760254e+00,8.266636729240417480e-01,8.591705381870269331e-01,9.621564745903015137e-01,9.714114546775818315e-01,8.828344345092773438e-01,8.841392397880554199e-01,3.189669921994209290e-02,3.237931579351425310e-02,5.396667495369911194e-02,5.446452237665653368e-02,2.546016185078769922e-05,2.546016185078769922e-05
2.732642173767089844e+00,2.765233731269836515e+00,2.732667684555053711e+00,2.765259242057800382e+00,8.325065374374389648e-01,8.576047420501708984e-01,9.656438231468200684e-01,9.690521538257599321e-01,8.832798600196838379e-01,8.827279567718505637e-01,3.246192261576652527e-02,3.250786699354648451e-02,1.875019259750843048e-02,2.334100175648927758e-02,2.546862378949299455e-05,2.546862378949299455e-05
2.803121328353881836e+00,2.810542392730712713e+00,2.803146839141845703e+00,2.810567903518676580e+00,8.571630716323852539e-01,8.627477526664734109e-01,9.911811351776123047e-01,9.703640282154083474e-01,8.806464076042175293e-01,8.810433328151703325e-01,3.365517035126686096e-02,3.221513256430626193e-02,4.047550261020660400e-02,6.417227126657962244e-02,2.547636904637329280e-05,2.547636904637329280e-05
2.809382677078247070e+00,2.807236242294311346e+00,2.809408187866210938e+00,2.807261753082275213e+00,8.688080906867980957e-01,8.642162084579467773e-01,9.798682332038879395e-01,9.658281028270720991e-01,8.817703723907470703e-01,8.805025875568389671e-01,3.162912651896476746e-02,3.275071568787098208e-02,4.730670154094696045e-02,6.393868327140808661e-02,2.547969779698178172e-05,2.547969779698178172e-05
2.746521711349487305e+00,2.741292023658752353e+00,2.746547222137451172e+00,2.741317534446716220e+00,8.489203453063964844e-01,8.475104451179504839e-01,9.725137352943420410e-01,9.677420139312744585e-01,8.788059949874877930e-01,8.789156258106232134e-01,3.136675432324409485e-02,3.115785364061594148e-02,1.491472218185663223e-02,1.596607379615306785e-02,2.548880001995712519e-05,2.548880001995712519e-05
2.749919891357421875e+00,2.780584144592284979e+00,2.749945402145385742e+00,2.780609655380248846e+00,8.448228836059570312e-01,8.551047205924987571e-01,9.499443769454956055e-01,9.681045711040496826e-01,8.773071765899658203e-01,8.772656321525573730e-01,3.142713755369186401e-02,3.199988752603531023e-02,4.641835018992424011e-02,4.810929112136363983e-02,2.549366399762220681e-05,2.549366399762220681e-05
2.795126676559448242e+00,2.753502869606017978e+00,2.795152187347412109e+00,2.753528380393981845e+00,8.911041617393493652e-01,8.551487267017364724e-01,9.802924990653991699e-01,9.703680217266082986e-01,8.767926692962646484e-01,8.754379570484160933e-01,2.857272513210773468e-02,3.191025331616401811e-02,1.836447976529598236e-02,2.063783165067434311e-02,2.550180943217128515e-05,2.550180943217128515e-05
2.717090368270874023e+00,2.742844939231872559e+00,2.717115879058837891e+00,2.742870450019836426e+00,8.393486142158508301e-01,8.483480393886566606e-01,9.572830200195312500e-01,9.708403229713440385e-01,8.725477457046508789e-01,8.734748899936676247e-01,3.024762123823165894e-02,3.139264639467000823e-02,1.766318269073963165e-02,1.878898739814758440e-02,2.551040961407124996e-05,2.551040961407124996e-05
2.655299425125122070e+00,2.748571515083312988e+00,2.655324935913085938e+00,2.748597025871276855e+00,7.793928980827331543e-01,8.494654119014739546e-01,9.301090836524963379e-01,9.666584014892578569e-01,8.730030655860900879e-01,8.712861061096190962e-01,3.046697005629539490e-02,3.129109181463718414e-02,4.232729598879814148e-02,2.987055312842130592e-02,2.551640864112414420e-05,2.551640864112414420e-05
2.767430543899536133e+00,2.810086965560913086e+00,2.767456054687500000e+00,2.810112476348876953e+00,8.376870155334472656e-01,8.737580716609955056e-01,9.546607136726379395e-01,9.687338590621947798e-01,8.722496032714843750e-01,8.696698129177093950e-01,2.921676822006702423e-02,3.051690775901079108e-02,7.361651211977005005e-02,6.740827709436417181e-02,2.552537262090481818e-05,2.552537262090481818e-05
2.751436233520507812e+00,2.772659373283386408e+00,2.751461744308471680e+00,2.772684884071350275e+00,8.517092466354370117e-01,8.666537046432495339e-01,9.661517143249511719e-01,9.668501853942871316e-01,8.674632310867309570e-01,8.671701073646544966e-01,3.231186419725418091e-02,3.055008724331855635e-02,3.380016982555389404e-02,4.143524095416069308e-02,2.553466583776753396e-05,2.553466583776753396e-05
2.744186878204345703e+00,2.761164927482604892e+00,2.744212388992309570e+00,2.761190438270568759e+00,8.561456799507141113e-01,8.633519291877747026e-01,9.473435282707214355e-01,9.648664772510529009e-01,8.631772398948669434e-01,8.645404577255249023e-01,3.286672011017799377e-02,3.077648840844631264e-02,4.465370625257492065e-02,3.762961290776729861e-02,2.554280763433780521e-05,2.554280763433780521e-05
2.749993562698364258e+00,2.720682024955749512e+00,2.750019073486328125e+00,2.720707535743713379e+00,8.577831387519836426e-01,8.467669963836670366e-01,9.814388751983642578e-01,9.675651907920836958e-01,8.649761676788330078e-01,8.617940187454223855e-01,3.584959357976913452e-02,3.045658916234970232e-02,9.945873171091079712e-03,1.409922167658805847e-02,2.555057471909094602e-05,2.555057471909094602e-05
2.737920522689819336e+00,2.722155356407165439e+00,2.737946033477783203e+00,2.722180867195129306e+00,8.611212372779846191e-01,8.440588116645812988e-01,9.697801470756530762e-01,9.683299005031585915e-01,8.582196831703186035e-01,8.609252929687499778e-01,3.159258514642715454e-02,2.994632665067911009e-02,1.720694452524185181e-02,1.889495532959699700e-02,2.555201353970915079e-05,2.555201353970915079e-05
2.718141078948974609e+00,2.730678963661193670e+00,2.718166589736938477e+00,2.730704474449157537e+00,8.390740156173706055e-01,8.535336315631866233e-01,9.765798449516296387e-01,9.711060643196105513e-01,8.573929667472839355e-01,8.580207467079162820e-01,2.976670861244201660e-02,2.990953866392374177e-02,1.532745454460382462e-02,1.810893509536981583e-02,2.555941682658158243e-05,2.555941682658158243e-05
2.739381551742553711e+00,2.727809977531433283e+00,2.739407062530517578e+00,2.727835488319397150e+00,8.729480504989624023e-01,8.510614752769469771e-01,9.590710401535034180e-01,9.701642274856567827e-01,8.542807698249816895e-01,8.546962916851044145e-01,2.883519791066646576e-02,3.092844076454639296e-02,2.424650639295578003e-02,2.095951084047555785e-02,2.556893559813033789e-05,2.556893559813033789e-05
2.656465768814086914e+00,2.707507061958312811e+00,2.656491279602050781e+00,2.707532572746276678e+00,7.862314581871032715e-01,8.419369280338286909e-01,9.684348106384277344e-01,9.700721025466918501e-01,8.584886789321899414e-01,8.512916445732117143e-01,2.825775370001792908e-02,2.928650900721550127e-02,1.505311578512191772e-02,1.491987537592649390e-02,2.557442712713964283e-05,2.557442712713964283e-05
2.686209917068481445e+00,2.702954459190368475e+00,2.686235427856445312e+00,2.702979969978332342e+00,8.410081863403320312e-01,8.457425594329833762e-01,9.575468301773071289e-01,9.677568733692168967e-01,8.449354171752929688e-01,8.476286053657531294e-01,2.905431948602199554e-02,2.920296937227249284e-02,1.366521418094635010e-02,1.262342715635895660e-02,2.558225605753250420e-05,2.558225605753250420e-05
2.694427490234375000e+00,2.717991209030151456e+00,2.694453001022338867e+00,2.718016719818115323e+00,8.334813117980957031e-01,8.504405617713928223e-01,9.622178077697753906e-01,9.715411543846130815e-01,8.454691171646118164e-01,8.435001671314239502e-01,3.175007179379463196e-02,2.916501965373754363e-02,2.150944620370864868e-02,2.334431596100330214e-02,2.558730557211674750e-05,2.558730557211674750e-05
2.752113580703735352e+00,2.715316796302795321e+00,2.752139091491699219e+00,2.715342307090759189e+00,8.786612749099731445e-01,8.583188235759735552e-01,9.794057607650756836e-01,9.657505393028259499e-01,8.439198136329650879e-01,8.390440285205841286e-01,2.914401330053806305e-02,2.882751431316137383e-02,2.098264731466770172e-02,2.337590530514717033e-02,2.559421045589260757e-05,2.559421045589260757e-05
2.668249845504760742e+00,2.719433927536010653e+00,2.668275356292724609e+00,2.719459438323974521e+00,8.095741271972656250e-01,8.616279482841491255e-01,9.710946083068847656e-01,9.652270317077636941e-01,8.352381587028503418e-01,8.337199568748474565e-01,2.926190197467803955e-02,2.915396019816398482e-02,2.308113873004913330e-02,2.970506846904754500e-02,2.560465509304776788e-05,2.560465509304776788e-05
2.685951948165893555e+00,2.706377553939819158e+00,2.685977458953857422e+00,2.706403064727783025e+00,8.478173613548278809e-01,8.576797425746918169e-01,9.607791304588317871e-01,9.643804550170897993e-01,8.272457122802734375e-01,8.281705975532531738e-01,2.917802147567272186e-02,2.906536757946014474e-02,2.093164809048175812e-02,2.708142772316932817e-02,2.561245310062076896e-05,2.561245310062076896e-05
2.695405960083007812e+00,2.690051507949829279e+00,2.695431470870971680e+00,2.690077018737793146e+00,8.507050871849060059e-01,8.506561517715454102e-01,9.741752147674560547e-01,9.672090113162994385e-01,8.253120183944702148e-01,8.218008160591125932e-01,2.818900905549526215e-02,2.815271783620119234e-02,1.702482812106609344e-02,2.223281729966402123e-02,2.562190093158278614e-05,2.562190093158278614e-05
2.735305309295654297e+00,2.692288112640381037e+00,2.735330820083618164e+00,2.692313623428344904e+00,8.950175642967224121e-01,8.599219381809234397e-01,9.763801693916320801e-01,9.664101183414459673e-01,8.190528154373168945e-01,8.197332143783568892e-01,2.757222764194011688e-02,2.821812871843576431e-02,1.728253811597824097e-02,1.800480410456657340e-02,2.562414010753855109e-05,2.562414010753855109e-05
2.719798088073730469e+00,2.686810612678527832e+00,2.719823837280273438e+00,2.686836361885070801e+00,8.876864910125732422e-01,8.652070701122284158e-01,9.709142446517944336e-01,9.632131695747375710e-01,8.121699094772338867e-01,8.118503570556641069e-01,2.967175841331481934e-02,2.863342482596635888e-02,1.935567520558834076e-02,1.790664177387952735e-02,2.563103043939918280e-05,2.563103043939918280e-05
2.623491764068603516e+00,2.671439981460571378e+00,2.623517513275146484e+00,2.671465730667114347e+00,8.127256631851196289e-01,8.577365398406981978e-01,9.570881128311157227e-01,9.649604499340057595e-01,8.069482445716857910e-01,8.029655039310454878e-01,2.958234213292598724e-02,2.810021676123142242e-02,1.714758016169071198e-02,1.767734475433826308e-02,2.563974339864216745e-05,2.563974339864216745e-05
2.663086175918579102e+00,2.665194416046142489e+00,2.663111925125122070e+00,2.665220165252685458e+00,8.498349189758300781e-01,8.588751375675200972e-01,9.698066115379333496e-01,9.668878197669983354e-01,7.988027930259704590e-01,7.923623561859131081e-01,3.186770901083946228e-02,2.811944596469402244e-02,1.277389936149120331e-02,1.894959360361099174e-02,2.564785245340317488e-05,2.564785245340317488e-05
2.624458312988281250e+00,2.642145729064941495e+00,2.624484062194824219e+00,2.642171478271484464e+00,8.395115733146667480e-01,8.518672287464141846e-01,9.537326097488403320e-01,9.643837511539459229e-01,7.859231233596801758e-01,7.792861998081207497e-01,2.804070338606834412e-02,2.773524727672338486e-02,1.725030876696109772e-02,1.887333411723375251e-02,2.565662543929647654e-05,2.565662543929647654e-05
2.618551254272460938e+00,2.634160423278808505e+00,2.618577003479003906e+00,2.634186172485351474e+00,8.570491671562194824e-01,8.584999620914459673e-01,9.486129879951477051e-01,9.620600283145904763e-01,7.654932737350463867e-01,7.640920877456665039e-01,2.749845944344997406e-02,2.672661077231168816e-02,1.989719271659851074e-02,2.278176546096801619e-02,2.566374678281135857e-05,2.566374678281135857e-05
2.627644777297973633e+00,2.616009783744812189e+00,2.627670526504516602e+00,2.616035532951355158e+00,8.761836886405944824e-01,8.566969931125640869e-01,9.626701474189758301e-01,9.633364260196686235e-01,7.349232435226440430e-01,7.430800437927246316e-01,2.752899006009101868e-02,2.841199040412902693e-02,2.633856609463691711e-02,2.448426559567451477e-02,2.567395131336525083e-05,2.567395131336525083e-05
2.589283704757690430e+00,2.580945920944214045e+00,2.589309453964233398e+00,2.580971670150757014e+00,8.654332160949707031e-01,8.535138130187988059e-01,9.500455260276794434e-01,9.626342296600342019e-01,7.268441319465637207e-01,7.166958928108215776e-01,2.969453111290931702e-02,2.746969312429427962e-02,1.726636476814746857e-02,2.063231337815523217e-02,2.568480340414680541e-05,2.568480340414680541e-05
2.547881841659545898e+00,2.548990321159362971e+00,2.547907590866088867e+00,2.549016070365905939e+00,8.678520321846008301e-01,8.572519540786742720e-01,9.494045376777648926e-01,9.559241116046905962e-01,6.737429499626159668e-01,6.785621106624603049e-01,2.815705724060535431e-02,2.734952922910451750e-02,2.872534655034542084e-02,2.990255244076251914e-02,2.569410571595653892e-05,2.569410571595653892e-05
2.418792247772216797e+00,2.477230477333068670e+00,2.418817996978759766e+00,2.477256226539611639e+00,8.248611688613891602e-01,8.588400483131408691e-01,9.296932816505432129e-01,9.565799593925475852e-01,6.272810101509094238e-01,6.222505509853363259e-01,2.598691172897815704e-02,2.665753737092018197e-02,1.096997968852519989e-02,1.290230238810181548e-02,2.569947173469699919e-05,2.569947173469699919e-05
2.472040414810180664e+00,2.468817448616027921e+00,2.472066164016723633e+00,2.468843197822570890e+00,8.769040703773498535e-01,8.647907197475432906e-01,9.598159790039062500e-01,9.569970548152924028e-01,5.896893739700317383e-01,6.002588331699371116e-01,2.760314941406250000e-02,2.629162110388278892e-02,1.802813261747360229e-02,2.047915644943714211e-02,2.570092692621983588e-05,2.570092692621983588e-05
2.265264987945556641e+00,2.374243760108947665e+00,2.265290737152099609e+00,2.374269509315490634e+00,8.369980454444885254e-01,8.802480816841125044e-01,9.155136942863464355e-01,9.500178933143615945e-01,4.730879068374633789e-01,5.016959667205810325e-01,2.569434233009815216e-02,2.568980902433395247e-02,1.397096365690231323e-02,1.659203860908746789e-02,2.570372089394368231e-05,2.570372089394368231e-05
2.208701372146606445e+00,2.292892384529113592e+00,2.208727121353149414e+00,2.292918133735656561e+00,8.726938366889953613e-01,8.870099723339081033e-01,9.368953108787536621e-01,9.720206320285796897e-01,3.391100168228149414e-01,3.650931954383850320e-01,2.461463399231433868e-02,2.469732575118541856e-02,3.538748249411582947e-02,4.407117068767547885e-02,2.570082142483443022e-05,2.570082142483443022e-05
2.222042083740234375e+00,2.288566613197326571e+00,2.222067832946777344e+00,2.288592362403869540e+00,9.263334274291992188e-01,9.314116239547729492e-01,9.522848725318908691e-01,9.856618762016295943e-01,2.674687206745147705e-01,2.963528990745544212e-01,2.652821503579616547e-02,2.864450365304947038e-02,4.942701756954193115e-02,4.649564139544963559e-02,2.569740718172397465e-05,2.569740718172397465e-05
2.069118738174438477e+00,2.149892354011535556e+00,2.069144487380981445e+00,2.149918103218078524e+00,8.664447665214538574e-01,8.770411431789397749e-01,9.439442157745361328e-01,9.700408339500427024e-01,1.963589787483215332e-01,2.411285579204559271e-01,2.584056369960308075e-02,2.655798345804214616e-02,3.653034195303916931e-02,3.512377999722957750e-02,2.570049036876298487e-05,2.570049036876298487e-05
2.061996698379516602e+00,2.217187619209289640e+00,2.062022447586059570e+00,2.217213368415832608e+00,8.479855060577392578e-01,8.792280316352844016e-01,9.031918048858642578e-01,9.810899078845978227e-01,2.176173180341720581e-01,2.676129430532455666e-01,3.627990186214447021e-02,3.085014466196298738e-02,5.692229419946670532e-02,5.840659514069557190e-02,2.570439392002299428e-05,2.570439392002299428e-05
2.037084102630615234e+00,2.136232924461364924e+00,2.037109851837158203e+00,2.136258673667907892e+00,8.822992444038391113e-01,8.961766660213470459e-01,9.112878441810607910e-01,9.750199258327484353e-01,1.838602274656295776e-01,1.831453800201416071e-01,2.648888342082500458e-02,2.857798039913177560e-02,3.314798697829246521e-02,5.331300683319568912e-02,2.569162825238890946e-05,2.569162825238890946e-05
1.993358731269836426e+00,2.200285053253173917e+00,1.993384361267089844e+00,2.200310802459716886e+00,9.170424342155456543e-01,9.825107455253601074e-01,9.158030748367309570e-01,1.018894761800765991e+00,1.115074902772903442e-01,1.433696076273918152e-01,2.537270821630954742e-02,2.720040623098611901e-02,2.363302186131477356e-02,2.830949500203132699e-02,2.567365299910306931e-05,2.567365299910306931e-05
2.004524469375610352e+00,2.053015589714050293e+00,2.004550218582153320e+00,2.053041338920593262e+00,8.891441226005554199e-01,8.888687610626220259e-01,9.207955002784729004e-01,9.383677124977112260e-01,1.333545446395874023e-01,1.592001661658287159e-01,3.186909481883049011e-02,3.161282241344452043e-02,2.936127781867980957e-02,3.496611751616000852e-02,2.567838964750990272e-05,2.567838964750990272e-05
2.052010059356689453e+00,1.965259146690368608e+00,2.052035808563232422e+00,1.965284776687622026e+00,8.384552597999572754e-01,8.670743525028228316e-01,1.012633204460144043e+00,9.218759655952453169e-01,1.520621478557586670e-01,1.296519815921783336e-01,2.655695937573909760e-02,2.740834150463342805e-02,2.230234071612358093e-02,1.924852598458528380e-02,2.567545016063377261e-05,2.567545016063377261e-05
2.282656669616699219e+00,2.018183422088623225e+00,2.282682418823242188e+00,2.018209171295166193e+00,9.048640727996826172e-01,8.935483753681182639e-01,1.040033102035522461e+00,9.371567428112029807e-01,2.857362031936645508e-01,1.278664596378803198e-01,2.799029462039470673e-02,2.805720418691635271e-02,2.403311617672443390e-02,3.155464064329862456e-02,2.567485898907762021e-05,2.567485898907762021e-05
1.998460173606872559e+00,1.996887600421905606e+00,1.998485803604125977e+00,1.996913278102874667e+00,8.951262831687927246e-01,8.885357677936553955e-01,9.220711588859558105e-01,9.193774461746215820e-01,1.235863119363784790e-01,1.279241159558296148e-01,2.741827070713043213e-02,2.859341017901897292e-02,3.025812469422817230e-02,3.245682157576083859e-02,2.567598494351841509e-05,2.567598494351841509e-05
2.081241607666015625e+00,1.977138078212738126e+00,2.081267356872558594e+00,1.977163708209991544e+00,9.157971143722534180e-01,8.830462932586670144e-01,9.598088264465332031e-01,9.203302204608917458e-01,1.351984143257141113e-01,1.086506396532058716e-01,2.686702646315097809e-02,2.693100143224001070e-02,4.357020929455757141e-02,3.817993700504303256e-02,2.567687261034734547e-05,2.567687261034734547e-05
1.837735176086425781e+00,1.901533567905425937e+00,1.837760806083679199e+00,1.901559197902679355e+00,8.258369565010070801e-01,8.590116620063781294e-01,8.836238980293273926e-01,8.990727782249450240e-01,8.055609464645385742e-02,9.382664039731025696e-02,2.629175223410129547e-02,2.756726816296577523e-02,2.142657339572906494e-02,2.205522842705249717e-02,2.567531737440731376e-05,2.567531737440731376e-05
1.916224479675292969e+00,1.890470576286315874e+00,1.916250109672546387e+00,1.890496206283569292e+00,8.657215237617492676e-01,8.556863307952881081e-01,8.828778266906738281e-01,8.880709886550903764e-01,1.231303215026855469e-01,9.710344895720482428e-02,2.829418890178203583e-02,3.008701056241989275e-02,1.620062813162803650e-02,1.952278222888708184e-02,2.567430055933073163e-05,2.567430055933073163e-05
1.837004661560058594e+00,1.890474963188171431e+00,1.837030291557312012e+00,1.890500593185424849e+00,8.130085468292236328e-01,8.662744581699370894e-01,8.819013833999633789e-01,9.018235504627227783e-01,9.167396277189254761e-02,7.647800743579864780e-02,2.461203001439571381e-02,2.621377017349004607e-02,2.580864913761615753e-02,1.968516688793897629e-02,2.567428600741550326e-05,2.567428600741550326e-05
1.869931221008300781e+00,1.886065697669982999e+00,1.869956851005554199e+00,1.886091327667236417e+00,8.278148174285888672e-01,8.690063118934631126e-01,8.644250631332397461e-01,8.884238123893737349e-01,1.289860159158706665e-01,8.440852090716362277e-02,2.807069756090641022e-02,2.933940291404724121e-02,2.063467726111412048e-02,1.488767294213175739e-02,2.567965020716655999e-05,2.567965020716655999e-05
1.969023346900939941e+00,1.879841971397399947e+00,1.969048976898193359e+00,1.879867601394653365e+00,9.065423607826232910e-01,8.662999153137207475e-01,9.219744205474853516e-01,8.940422356128692183e-01,8.316172659397125244e-02,7.187014892697334012e-02,4.179050400853157043e-02,2.697333190590143343e-02,1.555439177900552750e-02,2.065633088350295882e-02,2.567855881352443248e-05,2.567855881352443248e-05
1.787095785140991211e+00,1.883409905433654830e+00,1.787121415138244629e+00,1.883435535430908248e+00,8.137226700782775879e-01,8.686564207077026589e-01,8.350610136985778809e-01,8.951630830764770730e-01,7.793784886598587036e-02,6.987449303269385736e-02,2.404613420367240906e-02,2.726189866662025521e-02,3.632806241512298584e-02,2.245405577123165200e-02,2.568006675573997200e-05,2.568006675573997200e-05
1.859568357467651367e+00,1.886564719676971480e+00,1.859593987464904785e+00,1.886590349674224898e+00,8.520497083663940430e-01,8.591308355331420676e-01,8.745509982109069824e-01,8.866166174411773682e-01,5.210642516613006592e-02,6.863956302404403131e-02,2.425480820238590240e-02,2.751862499862909456e-02,5.660647153854370117e-02,4.465912319719791274e-02,2.568011223047506064e-05,2.568011223047506064e-05
2.095547676086425781e+00,2.028112888336181641e+00,2.095573425292968750e+00,2.028138637542724609e+00,9.357206225395202637e-01,9.071678280830383079e-01,9.546751379966735840e-01,9.284712076187133789e-01,8.219330012798309326e-02,7.189167141914368231e-02,2.441021054983139038e-02,2.840933725237846513e-02,9.854853153228759766e-02,9.217286109924316406e-02,2.568083618825767189e-05,2.568083618825767189e-05
1.898847818374633789e+00,1.923381733894348189e+00,1.898873448371887207e+00,1.923407363891601607e+00,8.668825626373291016e-01,8.779510378837585005e-01,8.859335184097290039e-01,9.040646255016326904e-01,6.916647404432296753e-02,7.185596153140068332e-02,2.473064325749874115e-02,2.856190316379070282e-02,5.213460698723793030e-02,4.094815850257873396e-02,2.568198397057130933e-05,2.568198397057130933e-05
1.872461199760437012e+00,1.854138743877410844e+00,1.872486829757690430e+00,1.854164373874664262e+00,8.866075873374938965e-01,8.607983708381652388e-01,8.985934257507324219e-01,8.846919834613800049e-01,4.437651857733726501e-02,6.328363865613936823e-02,2.593560516834259033e-02,2.663748376071452956e-02,1.694793812930583954e-02,1.872728615999221663e-02,2.567933552199974656e-05,2.567933552199974656e-05
1.876391053199768066e+00,1.930124294757842973e+00,1.876416683197021484e+00,1.930149924755096391e+00,8.677197694778442383e-01,8.817845642566680686e-01,8.768386244773864746e-01,9.046448528766631858e-01,5.340301990509033203e-02,6.026404090225696841e-02,2.974397689104080200e-02,2.539831865578889847e-02,4.868564009666442871e-02,5.803255923092365265e-02,2.568148738646414131e-05,2.568148738646414131e-05
1.868105530738830566e+00,1.848850035667419345e+00,1.868131160736083984e+00,1.848875665664672763e+00,8.718013167381286621e-01,8.622185885906219482e-01,8.851892948150634766e-01,8.808147430419921431e-01,6.738996505737304688e-02,6.161393895745277682e-02,2.972430363297462463e-02,2.775798812508583138e-02,1.400052662938833237e-02,1.644483041018247535e-02,2.568315176176838577e-05,2.568315176176838577e-05
1.795580863952636719e+00,1.903839313983917148e+00,1.795606493949890137e+00,1.903864943981170565e+00,8.181481957435607910e-01,8.668976068496704324e-01,8.476295471191406250e-01,8.944236099720000999e-01,5.590780079364776611e-02,6.807099282741546631e-02,2.767461352050304413e-02,3.173721283674239835e-02,4.622082039713859558e-02,4.270986951887607852e-02,2.568437048466876149e-05,2.568437048466876149e-05
1.897526025772094727e+00,1.858625853061675937e+00,1.897551655769348145e+00,1.858651483058929355e+00,8.794499039649963379e-01,8.589807748794555664e-01,9.114450812339782715e-01,8.878164649009704368e-01,5.512905865907669067e-02,6.165209002792835374e-02,2.999954670667648315e-02,2.849087845534086297e-02,2.150253392755985260e-02,2.168567553162574837e-02,2.568418494774959981e-05,2.568418494774959981e-05
1.867605566978454590e+00,1.918593800067901700e+00,1.867631196975708008e+00,1.918619430065155118e+00,8.831877708435058594e-01,8.897870779037475586e-01,8.905427455902099609e-01,9.107826769351958784e-01,3.385158628225326538e-02,5.391766317188739777e-02,2.484419010579586029e-02,2.564164306968450685e-02,3.517922386527061462e-02,3.846472874283790588e-02,2.568656054791063070e-05,2.568656054791063070e-05
1.876399517059326172e+00,1.830103361606597812e+00,1.876425147056579590e+00,1.830128991603851230e+00,8.589596748352050781e-01,8.534618616104125977e-01,8.986647129058837891e-01,8.813602030277252197e-01,7.757891714572906494e-02,5.490287281572818479e-02,2.855451591312885284e-02,2.668606191873550484e-02,1.264171488583087921e-02,1.369234304875135456e-02,2.568869604147039354e-05,2.568869604147039354e-05
1.957741975784301758e+00,1.865179371833801225e+00,1.957767724990844727e+00,1.865205121040344194e+00,8.926101326942443848e-01,8.612814068794250044e-01,9.454310536384582520e-01,8.837292730808258279e-01,5.479291826486587524e-02,5.503552556037902971e-02,2.879173308610916138e-02,2.767941597849130769e-02,3.611610829830169678e-02,3.745374567806721011e-02,2.569011303421575576e-05,2.569011303421575576e-05
1.811163067817687988e+00,1.839056587219238370e+00,1.811188817024230957e+00,1.839082336425781339e+00,8.556184172630310059e-01,8.553360700607299805e-01,8.596204519271850586e-01,8.780956923961639182e-01,4.313930124044418335e-02,5.595803074538707733e-02,3.045839816331863403e-02,2.813562322407960753e-02,2.232643589377403259e-02,2.153118699789047241e-02,2.569047137512825429e-05,2.569047137512825429e-05
1.908461809158325195e+00,1.866215312480926425e+00,1.908487558364868164e+00,1.866241061687469394e+00,8.862057924270629883e-01,8.562390804290771484e-01,9.011435508728027344e-01,8.825713992118835449e-01,5.224090069532394409e-02,5.036675445735454282e-02,2.810902893543243408e-02,2.578115295618772437e-02,4.076249524950981140e-02,5.125694572925567488e-02,2.569217031123116612e-05,2.569217031123116612e-05
1.783994197845458984e+00,1.874146223068237305e+00,1.784019947052001953e+00,1.874171972274780273e+00,8.280478119850158691e-01,8.657099664211272971e-01,8.453304171562194824e-01,8.886836647987366167e-01,4.202667623758316040e-02,4.796592630445957461e-02,2.225931547582149506e-02,2.443208992481231759e-02,4.632996395230293274e-02,4.735457077622413913e-02,2.569514435890596360e-05,2.569514435890596360e-05
1.952203989028930664e+00,1.916060137748718306e+00,1.952229738235473633e+00,1.916085886955261275e+00,8.794382214546203613e-01,8.810271739959716353e-01,8.946064710617065430e-01,8.982470512390137163e-01,8.550165593624114990e-02,5.791391953825950761e-02,3.258236125111579895e-02,2.928409036248922487e-02,6.007514148950576782e-02,4.958791956305504123e-02,2.569744719949085265e-05,2.569744719949085265e-05
1.788445115089416504e+00,1.867887520790100009e+00,1.788470864295959473e+00,1.867913269996642978e+00,8.034071922302246094e-01,8.548088908195495828e-01,8.329328894615173340e-01,8.816047668457031028e-01,7.475379854440689087e-02,5.778006501495838027e-02,3.394723683595657349e-02,2.968761194497347017e-02,4.340393468737602234e-02,4.400617852807044844e-02,2.569848584244027734e-05,2.569848584244027734e-05
1.754101753234863281e+00,1.833974075317382768e+00,1.754127502441406250e+00,1.833999824523925737e+00,8.052174448966979980e-01,8.554644584655761719e-01,8.301776647567749023e-01,8.777491390705108865e-01,5.861581489443778992e-02,4.802557602524757524e-02,2.512443251907825470e-02,2.493757400661706855e-02,3.496650233864784241e-02,2.779736090451478958e-02,2.569685238995589316e-05,2.569685238995589316e-05
1.800388216972351074e+00,1.828801858425140425e+00,1.800413966178894043e+00,1.828827607631683394e+00,8.295426368713378906e-01,8.504141092300414595e-01,8.595021963119506836e-01,8.753434062004089578e-01,5.946851521730422974e-02,5.383440256118774553e-02,2.734679356217384338e-02,2.809313945472240517e-02,2.452797256410121918e-02,2.111680749803781371e-02,2.569877688074484468e-05,2.569877688074484468e-05
1.956164956092834473e+00,1.875728547573089600e+00,1.956190705299377441e+00,1.875754296779632568e+00,9.054287075996398926e-01,8.667442679405212846e-01,9.220919013023376465e-01,8.919540643692016602e-01,6.033295020461082458e-02,5.613667033612727841e-02,3.476009145379066467e-02,2.903677038848400185e-02,3.355136513710021973e-02,3.185673654079437117e-02,2.570265132817439735e-05,2.570265132817439735e-05
1.779653191566467285e+00,1.821640586853027433e+00,1.779678940773010254e+00,1.821666336059570401e+00,8.438988327980041504e-01,8.541050851345062256e-01,8.541896939277648926e-01,8.791563332080840620e-01,4.131323099136352539e-02,4.940269701182842255e-02,2.491558343172073364e-02,2.547215931117534707e-02,1.533579546958208084e-02,1.350431395694613387e-02,2.570405558799393475e-05,2.570405558799393475e-05
1.868336319923400879e+00,1.829849171638488814e+00,1.868362069129943848e+00,1.829874920845031783e+00,8.840445876121520996e-01,8.592122733592987283e-01,9.003736972808837891e-01,8.754804968833923562e-01,4.222843050956726074e-02,5.056323632597923418e-02,2.543111331760883331e-02,2.679714672267436912e-02,1.625835150480270386e-02,1.779600884765386581e-02,2.570643482613377273e-05,2.570643482613377273e-05
1.824227213859558105e+00,1.829152226448059082e+00,1.824252963066101074e+00,1.829177975654602051e+00,8.469767570495605469e-01,8.551732718944549116e-01,8.881712555885314941e-01,8.782415032386780007e-01,4.812069237232208252e-02,5.303223654627799849e-02,2.991216629743576050e-02,2.844293024390935967e-02,1.104637142270803452e-02,1.426230883225798607e-02,2.570740616647526622e-05,2.570740616647526622e-05
1.931518197059631348e+00,1.856601512432098477e+00,1.931543946266174316e+00,1.856627261638641446e+00,8.977712988853454590e-01,8.620512306690215620e-01,9.197698831558227539e-01,8.816006720066070779e-01,5.045700445771217346e-02,4.878429286181926866e-02,2.600867860019207001e-02,2.566629070788621972e-02,3.751137107610702515e-02,3.849901482462882857e-02,2.570946890045888722e-05,2.570946890045888722e-05
1.929403543472290039e+00,1.846761620044708341e+00,1.929429292678833008e+00,1.846787369251251310e+00,8.854832649230957031e-01,8.657879829406738281e-01,9.044075608253479004e-01,8.818562150001525435e-01,8.090753108263015747e-02,4.820560291409492493e-02,3.178410604596138000e-02,2.647649720311164717e-02,2.682113461196422577e-02,2.443532478064298560e-02,2.570977085269987583e-05,2.570977085269987583e-05
1.803410887718200684e+00,1.821618509292602495e+00,1.803436636924743652e+00,1.821644258499145463e+00,8.556899428367614746e-01,8.614554345607757790e-01,8.619368076324462891e-01,8.742557287216186079e-01,4.518530890345573425e-02,4.417614229023456712e-02,2.693526446819305420e-02,2.505719345062971254e-02,1.366347447037696838e-02,1.667405851185321808e-02,2.571109871496446431e-05,2.571109871496446431e-05
1.788172960281372070e+00,1.816529870033264160e+00,1.788198709487915039e+00,1.816555619239807129e+00,8.488386273384094238e-01,8.481782853603363481e-01,8.614087104797363281e-01,8.750154316425323708e-01,3.493918478488922119e-02,4.892073608934879164e-02,2.843911573290824890e-02,2.790632806718349596e-02,1.454733312129974365e-02,1.650908086448907991e-02,2.571560798969585449e-05,2.571560798969585449e-05
1.772348999977111816e+00,1.809589302539825528e+00,1.772374749183654785e+00,1.809615051746368497e+00,8.455469608306884766e-01,8.540509581565857156e-01,8.559249639511108398e-01,8.768697679042816162e-01,3.327172622084617615e-02,4.187161326408386092e-02,2.431900613009929657e-02,2.409244775772094796e-02,1.328634843230247498e-02,1.270452821627259324e-02,2.571567347331438214e-05,2.571567347331438214e-05
1.935021877288818359e+00,1.852559101581573442e+00,1.935047626495361328e+00,1.852584850788116411e+00,8.820637464523315430e-01,8.628659307956695335e-01,9.365918040275573730e-01,8.833820044994353804e-01,5.405580252408981323e-02,5.093186423182487210e-02,3.678302839398384094e-02,2.952920533716678689e-02,2.552757784724235535e-02,2.585008423775434633e-02,2.571791992522776127e-05,2.571791992522776127e-05
1.913583874702453613e+00,1.845394837856292769e+00,1.913609623908996582e+00,1.845420587062835738e+00,8.881017565727233887e-01,8.576527059078216109e-01,9.018658399581909180e-01,8.797348022460937944e-01,4.968527331948280334e-02,4.660964384675025940e-02,2.593257836997509003e-02,2.677344121038913866e-02,4.799859225749969482e-02,3.462420925498008867e-02,2.571437653386965394e-05,2.571437653386965394e-05
1.884684443473815918e+00,1.916846525669097856e+00,1.884710192680358887e+00,1.916872274875640825e+00,8.938689827919006348e-01,8.965962946414947066e-01,8.770091533660888672e-01,9.059269905090332475e-01,4.281042516231536865e-02,4.507589526474475861e-02,2.438317239284515381e-02,2.485411036759615014e-02,4.661273583769798279e-02,4.439323283731937131e-02,2.571550794527865946e-05,2.571550794527865946e-05
1.830379605293273926e+00,1.838120973110199063e+00,1.830405354499816895e+00,1.838146722316742032e+00,8.698521256446838379e-01,8.632143676280975564e-01,8.777405023574829102e-01,8.803282558917999712e-01,3.993767499923706055e-02,4.663004428148269376e-02,2.543529495596885681e-02,2.705056313425302505e-02,1.741386018693447113e-02,2.089776229113340239e-02,2.571941695350687951e-05,2.571941695350687951e-05
1.744747042655944824e+00,1.797370278835296542e+00,1.744772791862487793e+00,1.797396028041839511e+00,8.187279105186462402e-01,8.435467720031738503e-01,8.390179276466369629e-01,8.672160148620605691e-01,4.349923133850097656e-02,4.578895531594753127e-02,2.682046964764595032e-02,2.705133222043514321e-02,1.668154634535312653e-02,1.376721132546663250e-02,2.572079938545357436e-05,2.572079938545357436e-05
1.838654160499572754e+00,1.842387497425079346e+00,1.838679909706115723e+00,1.842413246631622314e+00,8.659822344779968262e-01,8.552686035633086936e-01,8.663285970687866211e-01,8.761845290660857932e-01,3.564211353659629822e-02,4.536208920180797438e-02,2.602519653737545013e-02,2.552769780158996651e-02,4.467611759901046753e-02,4.004457555711269517e-02,2.572330595285166055e-05,2.572330595285166055e-05
1.861767411231994629e+00,1.789005005359649569e+00,1.861793160438537598e+00,1.789030754566192538e+00,8.640338182449340820e-01,8.450532317161559837e-01,9.052028059959411621e-01,8.659809172153473122e-01,5.290153995156288147e-02,4.135023616254329681e-02,2.817906066775321960e-02,2.393996026366949220e-02,1.145028788596391678e-02,1.268071280792355468e-02,2.572519588284194469e-05,2.572519588284194469e-05
1.776003479957580566e+00,1.813069415092468217e+00,1.776029229164123535e+00,1.813095164299011186e+00,8.311477303504943848e-01,8.519315183162688987e-01,8.493518829345703125e-01,8.706110656261444314e-01,4.852242022752761841e-02,4.894158989191055298e-02,3.480717167258262634e-02,2.901750095188617568e-02,1.217423006892204285e-02,1.256773965433239867e-02,2.573261190264020115e-05,2.573261190264020115e-05
1.862480521202087402e+00,1.830446231365203902e+00,1.862506270408630371e+00,1.830471980571746871e+00,8.853729367256164551e-01,8.646396875381470171e-01,9.068522453308105469e-01,8.791436851024627686e-01,2.907277084887027740e-02,4.012306444346904616e-02,2.203778363764286041e-02,2.482395395636558671e-02,1.914489455521106720e-02,2.171584088355302949e-02,2.572792436694726348e-05,2.572792436694726348e-05
1.905704498291015625e+00,1.825910246372222989e+00,1.905730247497558594e+00,1.825935995578765958e+00,8.678337335586547852e-01,8.521051943302154763e-01,8.959362506866455078e-01,8.788495898246765359e-01,9.059761464595794678e-02,4.963152855634689331e-02,3.155638277530670166e-02,3.054691329598426680e-02,1.978052593767642975e-02,1.477705510333180393e-02,2.573145138740073889e-05,2.573145138740073889e-05
1.870311141014099121e+00,1.809895527362823442e+00,1.870336890220642090e+00,1.809921276569366411e+00,8.812338709831237793e-01,8.498166561126708762e-01,8.945475816726684570e-01,8.701717257499694824e-01,5.146677419543266296e-02,4.580716118216514310e-02,2.981827780604362488e-02,2.758401371538638999e-02,1.324462518095970154e-02,1.651598792523145676e-02,2.573019082774408162e-05,2.573019082774408162e-05
1.851209878921508789e+00,1.814464676380157515e+00,1.851235628128051758e+00,1.814490425586700484e+00,8.487176895141601562e-01,8.532249033451080322e-01,8.779729604721069336e-01,8.696147024631499800e-01,6.462074071168899536e-02,3.984889313578605929e-02,2.590827643871307373e-02,2.399626746773719788e-02,3.399030119180679321e-02,2.777987904846668243e-02,2.573129677330143750e-05,2.573129677330143750e-05
1.701149702072143555e+00,1.791078174114227206e+00,1.701175451278686523e+00,1.791103923320770175e+00,8.033894300460815430e-01,8.465062916278839333e-01,8.288649916648864746e-01,8.648889362812042236e-01,3.157803043723106384e-02,4.172802418470382413e-02,2.237564697861671448e-02,2.528591006994247367e-02,1.494161598384380341e-02,1.266901809722185100e-02,2.573469100752845407e-05,2.573469100752845407e-05
1.714754462242126465e+00,1.809808933734893710e+00,1.714780211448669434e+00,1.809834682941436679e+00,8.161743283271789551e-01,8.557411909103393999e-01,8.245035409927368164e-01,8.747278749942779541e-01,3.694765642285346985e-02,4.038351587951183319e-02,2.480788156390190125e-02,2.527091298252344062e-02,1.232098322361707687e-02,1.368547659367322887e-02,2.573375240899622440e-05,2.573375240899622440e-05
1.818783044815063477e+00,1.871224558353424161e+00,1.818808794021606445e+00,1.871250307559967130e+00,8.698306083679199219e-01,8.769083797931671587e-01,8.718125820159912109e-01,8.931480228900909868e-01,2.635556831955909729e-02,4.141850955784320831e-02,2.337084524333477020e-02,2.596980091184377532e-02,2.741334028542041779e-02,3.377983272075653354e-02,2.573460551502648741e-05,2.573460551502648741e-05
1.800032615661621094e+00,1.809016370773315341e+00,1.800058364868164062e+00,1.809042119979858310e+00,8.371863365173339844e-01,8.513392269611358421e-01,8.715168833732604980e-01,8.699686586856841819e-01,4.064601287245750427e-02,4.054009616374969205e-02,2.135550044476985931e-02,2.499785237014293809e-02,2.932788431644439697e-02,2.217054311186075072e-02,2.573841084085870534e-05,2.573841084085870534e-05
1.750197529792785645e+00,1.812892377376556396e+00,1.750223278999328613e+00,1.812918126583099365e+00,8.097326159477233887e-01,8.454457402229309526e-01,8.478099107742309570e-01,8.665394961833954302e-01,4.131342843174934387e-02,4.757012389600277086e-02,2.649419941008090973e-02,2.945233955979347298e-02,2.484754659235477448e-02,2.388465460389852663e-02,2.574029895185958594e-05,2.574029895185958594e-05
1.735453844070434570e+00,1.832077932357788042e+00,1.735479593276977539e+00,1.832103681564331010e+00,8.273901939392089844e-01,8.548823475837707964e-01,8.351447582244873047e-01,8.736289203166961448e-01,2.657175436615943909e-02,4.053244255483150205e-02,2.580810338258743286e-02,2.662034016102552553e-02,2.053898945450782776e-02,3.641387932002544681e-02,2.573832171037793159e-05,2.573832171037793159e-05
1.868347525596618652e+00,1.788502323627471968e+00,1.868373274803161621e+00,1.788528072834014937e+00,8.846746683120727539e-01,8.432609617710113969e-01,9.116925597190856934e-01,8.646063387393951860e-01,3.469337522983551025e-02,4.144407026469707628e-02,2.610603347420692444e-02,2.775419373065233369e-02,1.118098199367523193e-02,1.143671749159693753e-02,2.573734127508942038e-05,2.573734127508942038e-05
1.697309374809265137e+00,1.797155213356018022e+00,1.697335124015808105e+00,1.797180962562560991e+00,8.102390170097351074e-01,8.503375828266144243e-01,8.220408558845520020e-01,8.694281637668609397e-01,3.260428458452224731e-02,3.686913363635539731e-02,1.903101243078708649e-02,2.338684704154729913e-02,1.339409407228231430e-02,1.713347751647233824e-02,2.573982419562526047e-05,2.573982419562526047e-05
1.797415614128112793e+00,1.839086043834686324e+00,1.797441363334655762e+00,1.839111793041229292e+00,8.336225748062133789e-01,8.607711374759674516e-01,8.578401803970336914e-01,8.779198586940765159e-01,4.468434676527976990e-02,4.163553752005100250e-02,2.950088866055011749e-02,2.661658264696598053e-02,3.176776692271232605e-02,3.214293830096721927e-02,2.574259633547626436e-05,2.574259633547626436e-05
1.717831492424011230e+00,1.793123924732208163e+00,1.717857241630554199e+00,1.793149673938751132e+00,7.970540523529052734e-01,8.434078335762024148e-01,8.413304090499877930e-01,8.637182652950287087e-01,2.914197184145450592e-02,3.984342589974403104e-02,2.632788754999637604e-02,2.657950315624475410e-02,2.397717162966728210e-02,1.957492418587207864e-02,2.574227983132004738e-05,2.574227983132004738e-05
1.746760129928588867e+00,1.810987925529480069e+00,1.746785879135131836e+00,1.811013674736023038e+00,8.355787396430969238e-01,8.577069163322448286e-01,8.451192975044250488e-01,8.773037791252136230e-01,3.013416752219200134e-02,3.855015635490417758e-02,2.366147004067897797e-02,2.466389574110507826e-02,1.226643752306699753e-02,1.276317005977034569e-02,2.574143582023680210e-05,2.574143582023680210e-05
1.760936617851257324e+00,1.814317893981933549e+00,1.760962367057800293e+00,1.814343643188476518e+00,8.314626216888427734e-01,8.500895321369170698e-01,8.414872884750366211e-01,8.716502785682678223e-01,2.990901656448841095e-02,4.043216705322265347e-02,3.225419297814369202e-02,2.720217872411012650e-02,2.582348510622978210e-02,2.494369503110647340e-02,2.574202153482474387e-05,2.574202153482474387e-05
1.804324507713317871e+00,1.789498388767242432e+00,1.804350256919860840e+00,1.789524137973785400e+00,8.417207598686218262e-01,8.448963284492492232e-01,8.812318444252014160e-01,8.662220239639282227e-01,4.062798246741294861e-02,3.978573307394981523e-02,2.516197599470615387e-02,2.574613932520151277e-02,1.558200083673000336e-02,1.284815529361367156e-02,2.574310201453045011e-05,2.574310201453045011e-05
1.772598624229431152e+00,1.800161457061767667e+00,1.772624373435974121e+00,1.800187206268310636e+00,8.532457351684570312e-01,8.537689805030822532e-01,8.584551811218261719e-01,8.724303960800170454e-01,2.075122855603694916e-02,3.697393126785755019e-02,2.761479467153549194e-02,2.386544737964868546e-02,1.253160275518894196e-02,1.312267379835247924e-02,2.574308382463641465e-05,2.574308382463641465e-05
1.795807600021362305e+00,1.847106993198394775e+00,1.795833349227905273e+00,1.847132742404937744e+00,8.667421340942382812e-01,8.696782946586608665e-01,8.659142851829528809e-01,8.882612526416778786e-01,2.173139713704586029e-02,4.021392576396465302e-02,3.044747374951839447e-02,2.722548153251409461e-02,1.097231637686491013e-02,2.172803860157728265e-02,2.574299651314504445e-05,2.574299651314504445e-05
1.851125478744506836e+00,1.819583928585052579e+00,1.851151227951049805e+00,1.819609677791595548e+00,8.814226984977722168e-01,8.586139082908630371e-01,8.969096541404724121e-01,8.778962254524230735e-01,2.942149154841899872e-02,4.005826637148857117e-02,2.608222886919975281e-02,2.731293030083179613e-02,1.728940941393375397e-02,1.570260105654597282e-02,2.574536301835905761e-05,2.574536301835905761e-05
1.860843062400817871e+00,1.849911606311798185e+00,1.860868811607360840e+00,1.849937355518341153e+00,8.620353341102600098e-01,8.635587930679321511e-01,8.744009137153625488e-01,8.829028069972991721e-01,6.970595568418502808e-02,3.867955580353736600e-02,2.287250570952892303e-02,2.635528780519962380e-02,3.182835504412651062e-02,3.841514177620410780e-02,2.574591781012713909e-05,2.574591781012713909e-05
1.684504270553588867e+00,1.869099640846252353e+00,1.684530019760131836e+00,1.869125390052795321e+00,7.717185616493225098e-01,8.638123214244842751e-01,7.839243412017822266e-01,8.798072993755340354e-01,4.824032634496688843e-02,3.903752677142620364e-02,2.417428046464920044e-02,2.636653054505586763e-02,5.644685029983520508e-02,6.007596477866172791e-02,2.574779864517040551e-05,2.574779864517040551e-05
1.886013627052307129e+00,1.911242258548736528e+00,1.886039376258850098e+00,1.911268007755279497e+00,8.717684149742126465e-01,8.757205307483673096e-01,8.804191350936889648e-01,8.933078289031982644e-01,3.149337694048881531e-02,4.116727970540523529e-02,2.260166034102439880e-02,2.816787455230951309e-02,7.973106950521469116e-02,7.287878468632698337e-02,2.574976315372623503e-05,2.574976315372623503e-05
1.779726982116699219e+00,1.877985179424285889e+00,1.779752731323242188e+00,1.878010928630828857e+00,8.213813900947570801e-01,8.651478111743926558e-01,8.487888574600219727e-01,8.896460413932800737e-01,3.942092508077621460e-02,4.865215159952640533e-02,3.057843632996082306e-02,3.325561992824077606e-02,3.955717012286186218e-02,4.128355160355567932e-02,2.575182952568866313e-05,2.575182952568866313e-05
1.871588587760925293e+00,2.002677738666534424e+00,1.871614336967468262e+00,2.002703487873077393e+00,8.755792379379272461e-01,9.184699714183807151e-01,8.775906562805175781e-01,9.312015414237976296e-01,4.188035055994987488e-02,4.550708718597888669e-02,3.170158714056015015e-02,3.194055967032909116e-02,4.483679682016372681e-02,7.555858194828032892e-02,2.575213511590845883e-05,2.575213511590845883e-05
1.770040512084960938e+00,1.842973148822784513e+00,1.770066261291503906e+00,1.842998898029327481e+00,8.367285728454589844e-01,8.610052764415740967e-01,8.477145433425903320e-01,8.836971879005431907e-01,3.981566429138183594e-02,4.642425142228603224e-02,2.896802127361297607e-02,3.155983015894889970e-02,1.681381277740001678e-02,2.028658855706453462e-02,2.575226244516670704e-05,2.575226244516670704e-05
1.892271161079406738e+00,1.911111879348754927e+00,1.892296910285949707e+00,1.911137628555297896e+00,9.006047248840332031e-01,8.942596614360809326e-01,8.923429250717163086e-01,9.046370446681976096e-01,3.902913630008697510e-02,4.175106026232242723e-02,2.840822376310825348e-02,2.721397336572408537e-02,3.188618272542953491e-02,4.325015321373939375e-02,2.575141115812584758e-05,2.575141115812584758e-05
1.806542754173278809e+00,1.832891750335693404e+00,1.806568503379821777e+00,1.832917499542236373e+00,8.556087613105773926e-01,8.614463567733764426e-01,8.546896576881408691e-01,8.773777246475219505e-01,4.263744130730628967e-02,4.132284559309482713e-02,3.181275725364685059e-02,2.776671592146158149e-02,2.179402858018875122e-02,2.497808858752250533e-02,2.574979407654609531e-05,2.574979407654609531e-05
1.798190474510192871e+00,1.830759155750274703e+00,1.798216223716735840e+00,1.830784904956817671e+00,8.546553850173950195e-01,8.647046267986298052e-01,8.669341802597045898e-01,8.820888459682464378e-01,3.005660511553287506e-02,3.932695649564266205e-02,2.749030478298664093e-02,2.704080920666456292e-02,1.905408501625061035e-02,1.759789977222681046e-02,2.574880454631056637e-05,2.574880454631056637e-05
1.839008569717407227e+00,1.800216805934905961e+00,1.839034318923950195e+00,1.800242555141448930e+00,8.659901618957519531e-01,8.528870701789855735e-01,8.874381184577941895e-01,8.679375469684600386e-01,5.059097334742546082e-02,3.772258274257182797e-02,2.153768576681613922e-02,2.523539103567600320e-02,1.345168147236108780e-02,1.643420197069644928e-02,2.575055077613797039e-05,2.575055077613797039e-05
1.890701293945312500e+00,1.833144605159759521e+00,1.890727043151855469e+00,1.833170354366302490e+00,8.808470964431762695e-01,8.545218408107757568e-01,9.238691926002502441e-01,8.690206766128539817e-01,2.854309044778347015e-02,3.405936155468225479e-02,2.308047562837600708e-02,2.238694075495004793e-02,3.436132147908210754e-02,5.315580591559410095e-02,2.575135295046493411e-05,2.575135295046493411e-05
1.826518535614013672e+00,1.812134933471679643e+00,1.826544284820556641e+00,1.812160682678222612e+00,8.667524456977844238e-01,8.521027743816376177e-01,8.832846879959106445e-01,8.696008682250976340e-01,2.574061788618564606e-02,4.090987294912338396e-02,3.396800532937049866e-02,3.148834612220526019e-02,1.677277311682701111e-02,1.803309172391891549e-02,2.575043617980554700e-05,2.575043617980554700e-05
1.844655036926269531e+00,1.784168875217437833e+00,1.844680786132812500e+00,1.784194624423980802e+00,8.805172443389892578e-01,8.465221762657165749e-01,8.925288319587707520e-01,8.626087546348571999e-01,3.785740211606025696e-02,3.776543848216533383e-02,2.301294170320034027e-02,2.583816312253475050e-02,1.073865313082933426e-02,1.143435379490256344e-02,2.574824247858487070e-05,2.574824247858487070e-05
1.666269063949584961e+00,1.832345879077911466e+00,1.666294813156127930e+00,1.832371628284454435e+00,7.877900600433349609e-01,8.577365458011627641e-01,8.090699911117553711e-01,8.827484488487243874e-01,2.252807840704917908e-02,3.904929123818874637e-02,2.254062704741954803e-02,2.846026681363582680e-02,2.434038370847702026e-02,2.435128539800644060e-02,2.575094913481734693e-05,2.575094913481734693e-05
1.809716701507568359e+00,1.779333174228668213e+00,1.809742450714111328e+00,1.779358923435211182e+00,8.537777662277221680e-01,8.451272130012512651e-01,8.784499168395996094e-01,8.638761341571807861e-01,4.371237009763717651e-02,3.532369565218686919e-02,2.298517338931560516e-02,2.484797872602939606e-02,1.079142559319734573e-02,1.015816787257790496e-02,2.575328107923269272e-05,2.575328107923269272e-05
1.904059052467346191e+00,1.859337401390075639e+00,1.904084801673889160e+00,1.859363150596618608e+00,8.961666226387023926e-01,8.705432534217834029e-01,9.148252606391906738e-01,8.849813282489776833e-01,3.170659393072128296e-02,3.557199686765670499e-02,2.176930382847785950e-02,2.539817858487367769e-02,3.959126025438308716e-02,4.284263364970684190e-02,2.575620783318299800e-05,2.575620783318299800e-05
1.799654603004455566e+00,1.819405460357665927e+00,1.799680352210998535e+00,1.819431209564208896e+00,8.586593866348266602e-01,8.591329991817474587e-01,8.712288737297058105e-01,8.774711132049560769e-01,2.845431677997112274e-02,3.823324479162693024e-02,2.770978398621082306e-02,2.817049343138933182e-02,1.360231358557939529e-02,1.639761216938495636e-02,2.575656981207430363e-05,2.575656981207430363e-05
1.818122386932373047e+00,1.868504381179809659e+00,1.818148136138916016e+00,1.868530130386352628e+00,8.483628630638122559e-01,8.709552347660064475e-01,8.575507998466491699e-01,8.832103192806244341e-01,3.810865804553031921e-02,3.922049961984157285e-02,2.438051067292690277e-02,3.011237960308790068e-02,4.971941187977790833e-02,4.500596150755882541e-02,2.575491453171707690e-05,2.575491453171707690e-05
1.754226803779602051e+00,1.881628918647766158e+00,1.754252552986145020e+00,1.881654667854309126e+00,8.275158405303955078e-01,8.728098750114441362e-01,8.330051302909851074e-01,8.889003634452820046e-01,2.041363157331943512e-02,3.892808854579925260e-02,2.581390924751758575e-02,2.730182930827140808e-02,4.747818782925605774e-02,5.368875078856945315e-02,2.575326288933865726e-05,2.575326288933865726e-05
1.808228969573974609e+00,1.855909979343414395e+00,1.808254718780517578e+00,1.855935728549957364e+00,8.538257479667663574e-01,8.804369509220123513e-01,8.633069396018981934e-01,8.930293858051300271e-01,4.962699487805366516e-02,3.733916766941547394e-02,2.674155868589878082e-02,2.691656779497862001e-02,1.472778897732496262e-02,1.818788442760705878e-02,2.575362486822996289e-05,2.575362486822996289e-05
1.795881032943725586e+00,1.779846644401550382e+00,1.795906782150268555e+00,1.779872393608093351e+00,8.463179469108581543e-01,8.453427731990814653e-01,8.546959161758422852e-01,8.606812655925750732e-01,5.515141412615776062e-02,3.673302754759788513e-02,2.687352523207664490e-02,2.649002298712730546e-02,1.284233108162879944e-02,1.059952070936560561e-02,2.575469989096745849e-05,2.575469989096745849e-05
1.755547046661376953e+00,1.770990657806396529e+00,1.755572795867919922e+00,1.771016407012939498e+00,8.301753401756286621e-01,8.366568565368652788e-01,8.376938700675964355e-01,8.553853332996368408e-01,4.549099504947662354e-02,3.721451312303543368e-02,2.576902322471141815e-02,2.968549374490976264e-02,1.641790941357612610e-02,1.204846650362014805e-02,2.575436519691720605e-05,2.575436519691720605e-05
1.798047661781311035e+00,1.787343990802764848e+00,1.798073410987854004e+00,1.787369740009307817e+00,8.463572859764099121e-01,8.410492241382598877e-01,8.600943088531494141e-01,8.580723345279693826e-01,4.603177309036254883e-02,3.740845397114753862e-02,2.490575425326824188e-02,3.034638315439224313e-02,2.065843902528285980e-02,2.046757731586694787e-02,2.575590406195260584e-05,2.575590406195260584e-05
1.707837700843811035e+00,1.851230144500732422e+00,1.707863450050354004e+00,1.851255893707275391e+00,8.055719137191772461e-01,8.690666317939758079e-01,8.047406673431396484e-01,8.830847501754760520e-01,3.546626120805740356e-02,3.403249233961105208e-02,2.706403844058513641e-02,2.560401186347007613e-02,3.499470651149749756e-02,3.944223970174789290e-02,2.575178223196417093e-05,2.575178223196417093e-05
1.768058538436889648e+00,1.774350011348724276e+00,1.768084287643432617e+00,1.774375760555267245e+00,8.412646055221557617e-01,8.375460326671599898e-01,8.614513874053955078e-01,8.585011303424835427e-01,2.103274688124656677e-02,3.632232733070850372e-02,3.049036487936973572e-02,2.871876619756221632e-02,1.381941791623830795e-02,1.326176924630999635e-02,2.575521830294746906e-05,2.575521830294746906e-05
1.872347354888916016e+00,1.806923294067382724e+00,1.872373104095458984e+00,1.806949043273925692e+00,8.734518289566040039e-01,8.497344374656676802e-01,9.027444720268249512e-01,8.677375912666320801e-01,4.528808593750000000e-02,3.608417212963103970e-02,3.057623468339443207e-02,2.858946137130260329e-02,2.028683386743068695e-02,2.477763555943966051e-02,2.575585858721751720e-05,2.575585858721751720e-05
1.633411288261413574e+00,1.783283603191375688e+00,1.633437037467956543e+00,1.783309352397918657e+00,7.735298275947570801e-01,8.409942805767058882e-01,7.834079265594482422e-01,8.582254588603973611e-01,2.726101875305175781e-02,3.504712544381618361e-02,2.727004885673522949e-02,2.763996925204992294e-02,2.194251492619514465e-02,2.137678880244493415e-02,2.575507460278458893e-05,2.575507460278458893e-05
1.773408293724060059e+00,1.833250665664672763e+00,1.773434042930603027e+00,1.833276414871215731e+00,8.253054618835449219e-01,8.613511860370636208e-01,8.447453379631042480e-01,8.764910578727722612e-01,4.017368704080581665e-02,3.347309157252311568e-02,3.034999407827854156e-02,2.621639482676983018e-02,3.283378854393959045e-02,3.571892715990543365e-02,2.575539474491961300e-05,2.575539474491961300e-05
1.760417580604553223e+00,1.781662297248840288e+00,1.760443329811096191e+00,1.781688046455383256e+00,8.296708464622497559e-01,8.440630733966827393e-01,8.406289815902709961e-01,8.594440102577209917e-01,5.082507804036140442e-02,3.488814756274223605e-02,2.298540249466896057e-02,2.685226015746593545e-02,1.630717888474464417e-02,1.641484871506691118e-02,2.575642429292201996e-05,2.575642429292201996e-05
1.711483359336853027e+00,1.799969720840454146e+00,1.711509108543395996e+00,1.799995470046997115e+00,8.233535885810852051e-01,8.522237658500670943e-01,8.263263106346130371e-01,8.687789320945740190e-01,1.761662587523460388e-02,3.317035418003797670e-02,2.395683340728282928e-02,2.454330474138259957e-02,2.023007534444332123e-02,2.125339992344379286e-02,2.575289545347914100e-05,2.575289545347914100e-05
1.633098840713500977e+00,1.791090452671050937e+00,1.633124589920043945e+00,1.791116201877593905e+00,7.500316500663757324e-01,8.449879527091980203e-01,7.880869507789611816e-01,8.637971580028533936e-01,4.472709447145462036e-02,3.405926618725061555e-02,2.642184309661388397e-02,2.615026775747537544e-02,2.383135259151458740e-02,2.209579832851886819e-02,2.575666076154448092e-05,2.575666076154448092e-05
1.798124074935913086e+00,1.787818491458892822e+00,1.798149824142456055e+00,1.787844240665435791e+00,8.654943704605102539e-01,8.484289050102233887e-01,8.735845088958740234e-01,8.665959417819977251e-01,2.577667869627475739e-02,3.273766264319420000e-02,2.055289223790168762e-02,2.467571869492530753e-02,1.271566934883594513e-02,1.538027124479413033e-02,2.575699181761592627e-05,2.575699181761592627e-05
1.796850562095642090e+00,1.817173719406127930e+00,1.796876311302185059e+00,1.817199468612670898e+00,8.348949551582336426e-01,8.512777328491211160e-01,8.576866388320922852e-01,8.690300941467284934e-01,3.630710393190383911e-02,3.392007499933243075e-02,2.562191151082515717e-02,2.606591451913118501e-02,4.233988001942634583e-02,3.687987662851810455e-02,2.575567668827716261e-05,2.575567668827716261e-05
1.836286306381225586e+00,1.902889549732208252e+00,1.836312055587768555e+00,1.902915298938751221e+00,8.456665277481079102e-01,8.661157310009002241e-01,8.508562445640563965e-01,8.792861163616180198e-01,2.232841402292251587e-02,3.501676842570304593e-02,2.446224354207515717e-02,2.759817745536565642e-02,9.297298640012741089e-02,9.487273097038269321e-02,2.575556391093414277e-05,2.575556391093414277e-05
1.700765490531921387e+00,1.774890220165252774e+00,1.700791239738464355e+00,1.774915969371795743e+00,8.138412833213806152e-01,8.391248047351836936e-01,8.199797868728637695e-01,8.585097908973693404e-01,1.726118102669715881e-02,3.474226109683513364e-02,3.216208517551422119e-02,2.848412897437811037e-02,1.752124354243278503e-02,1.402927786111831700e-02,2.575528924353420734e-05,2.575528924353420734e-05
1.808878898620605469e+00,1.793793892860412686e+00,1.808904647827148438e+00,1.793819642066955655e+00,8.578768968582153320e-01,8.491683244705200417e-01,8.845316171646118164e-01,8.687097549438476118e-01,2.947416715323925018e-02,3.438156768679619113e-02,2.339314855635166168e-02,2.880268283188342979e-02,1.360309869050979614e-02,1.273156721144914558e-02,2.575670623627956957e-05,2.575670623627956957e-05
1.730098605155944824e+00,1.797809815406799405e+00,1.730124354362487793e+00,1.797835564613342374e+00,8.206839561462402344e-01,8.449734032154083696e-01,8.393879532814025879e-01,8.711713492870331033e-01,3.080000169575214386e-02,3.776034563779830794e-02,2.643698081374168396e-02,3.223923090845346590e-02,1.278984546661376953e-02,1.166548896580934559e-02,2.575782127678394318e-05,2.575782127678394318e-05
1.828547120094299316e+00,1.797850382328033403e+00,1.828572869300842285e+00,1.797876131534576372e+00,8.713667392730712891e-01,8.479382157325744407e-01,8.819873332977294922e-01,8.696011304855346680e-01,3.113054856657981873e-02,3.466284722089767178e-02,2.683636732399463654e-02,3.010183516889810423e-02,1.722610741853713989e-02,1.554632568731903995e-02,2.575610778876580298e-05,2.575610778876580298e-05
1.696108818054199219e+00,1.785801315307617099e+00,1.696134567260742188e+00,1.785827064514160067e+00,8.187586665153503418e-01,8.513944506645202415e-01,8.305705785751342773e-01,8.669121682643889937e-01,1.200396008789539337e-02,3.291970975697040835e-02,2.281017787754535675e-02,2.417783737182617118e-02,1.196534745395183563e-02,1.039715399965643848e-02,2.575712460384238511e-05,2.575712460384238511e-05
1.850887060165405273e+00,1.889762532711029008e+00,1.850912809371948242e+00,1.889788281917571977e+00,8.448545336723327637e-01,8.659663736820221169e-01,8.594832420349121094e-01,8.837026178836822066e-01,2.927348949015140533e-02,3.395858909934759001e-02,2.640962786972522736e-02,2.831321433186530928e-02,9.086605161428451538e-02,7.782178148627280634e-02,2.575795770098920912e-05,2.575795770098920912e-05
1.857030630111694336e+00,1.787932705879211381e+00,1.857056379318237305e+00,1.787958455085754350e+00,8.921630978584289551e-01,8.477643251419066939e-01,8.964903950691223145e-01,8.640217304229735884e-01,2.357263490557670593e-02,3.222154323011636873e-02,3.134795650839805603e-02,2.608728427439927985e-02,1.345647126436233521e-02,1.783777736127376695e-02,2.576034057710785419e-05,2.576034057710785419e-05
1.764341235160827637e+00,1.851176965236663863e+00,1.764366984367370605e+00,1.851202714443206832e+00,8.274900317192077637e-01,8.594116210937500222e-01,8.338751792907714844e-01,8.788378298282623069e-01,2.370474673807621002e-02,3.318677265197038373e-02,2.434750087559223175e-02,2.722069770097732683e-02,5.492370575666427612e-02,5.252005085349083224e-02,2.576119914010632783e-05,2.576119914010632783e-05
1.782665252685546875e+00,1.790751266479492232e+00,1.782691001892089844e+00,1.790777015686035201e+00,8.495791554450988770e-01,8.480461478233337624e-01,8.546257615089416504e-01,8.650257527828216775e-01,3.360680490732192993e-02,3.216087613254785260e-02,2.996081486344337463e-02,2.708460781723260810e-02,1.489265169948339462e-02,1.843388993293047090e-02,2.575915641500614583e-05,2.575915641500614583e-05
1.816130638122558594e+00,1.827181458473205566e+00,1.816156387329101562e+00,1.827207207679748535e+00,8.604729771614074707e-01,8.657962203025817427e-01,8.854631781578063965e-01,8.830868065357208030e-01,3.296576440334320068e-02,3.361988309770822664e-02,2.546412497758865356e-02,2.711038831621408532e-02,1.176458038389682770e-02,1.756814457476139207e-02,2.576052065705880523e-05,2.576052065705880523e-05
1.806669473648071289e+00,1.841663122177124023e+00,1.806695222854614258e+00,1.841688871383666992e+00,8.273835778236389160e-01,8.537394523620605025e-01,8.574226498603820801e-01,8.732691049575805886e-01,4.033518582582473755e-02,3.558860272169113437e-02,3.674017265439033508e-02,3.243602253496646881e-02,4.478786513209342957e-02,4.662994928658008298e-02,2.576237238827161491e-05,2.576237238827161491e-05
1.729587435722351074e+00,1.791661310195922896e+00,1.729613184928894043e+00,1.791687059402465865e+00,8.256648182868957520e-01,8.454332947731018066e-01,8.364783525466918945e-01,8.695414423942565696e-01,2.167676202952861786e-02,3.173985891044139862e-02,2.226805686950683594e-02,2.553232833743095467e-02,2.349934354424476624e-02,1.941437404602765898e-02,2.576181213953532279e-05,2.576181213953532279e-05
1.574177503585815430e+00,1.773175156116485685e+00,1.574203252792358398e+00,1.773200905323028653e+00,7.526457309722900391e-01,8.381263673305511253e-01,7.580403685569763184e-01,8.601872742176055464e-01,2.334586530923843384e-02,3.294523712247610092e-02,2.885254845023155212e-02,2.729981634765863557e-02,1.129292976111173630e-02,1.461647292599082062e-02,2.576245242380537093e-05,2.576245242380537093e-05
1.830632209777832031e+00,1.786651682853698686e+00,1.830657958984375000e+00,1.786677432060241655e+00,8.707420229911804199e-01,8.486296534538269043e-01,8.887091279029846191e-01,8.661889970302582009e-01,2.604505233466625214e-02,3.296966534107923646e-02,2.660417370498180389e-02,2.773916479200124602e-02,1.853173971176147461e-02,1.112419459968805313e-02,2.576453334768302739e-05,2.576453334768302739e-05
1.742872834205627441e+00,1.775804340839385986e+00,1.742898583412170410e+00,1.775830090045928955e+00,8.456393480300903320e-01,8.463687181472778764e-01,8.438909649848937988e-01,8.645186603069305864e-01,2.356126345694065094e-02,2.997755669057369093e-02,1.904591172933578491e-02,2.405404318124055793e-02,1.073528546839952469e-02,1.088534826412796905e-02,2.576238694018684328e-05,2.576238694018684328e-05
1.859898924827575684e+00,1.841349947452545210e+00,1.859924674034118652e+00,1.841375696659088179e+00,8.857228755950927734e-01,8.535653710365295188e-01,8.882448673248291016e-01,8.756687223911285844e-01,2.530992031097412109e-02,3.250679317861795287e-02,2.528598345816135406e-02,2.679148856550455163e-02,3.533533960580825806e-02,5.281757153570652147e-02,2.576423685241024941e-05,2.576423685241024941e-05
1.751155734062194824e+00,1.777627706527709961e+00,1.751181483268737793e+00,1.777653455734252930e+00,8.324888348579406738e-01,8.435961484909058061e-01,8.405368328094482422e-01,8.642230570316314919e-01,4.056370630860328674e-02,3.331290110945701877e-02,2.578508853912353516e-02,2.623110413551330705e-02,1.178132276982069016e-02,1.026452230289578472e-02,2.576206679805181921e-05,2.576206679805181921e-05
1.823602795600891113e+00,1.826222360134124756e+00,1.823628544807434082e+00,1.826248109340667725e+00,8.599101305007934570e-01,8.541767179965973344e-01,8.763172030448913574e-01,8.731854498386383279e-01,2.874832972884178162e-02,3.334204033017158786e-02,2.080214582383632660e-02,2.827121727168559889e-02,3.782514855265617371e-02,3.724694587290287157e-02,2.576505721663124859e-05,2.576505721663124859e-05
1.689143180847167969e+00,1.815859937667846591e+00,1.689168930053710938e+00,1.815885686874389560e+00,7.985039353370666504e-01,8.585558831691741943e-01,8.253583312034606934e-01,8.757220268249511497e-01,2.435229159891605377e-02,3.189060408622026305e-02,2.509309351444244385e-02,2.770554348826408456e-02,1.583548448979854584e-02,2.198589369654655595e-02,2.576377301011234522e-05,2.576377301011234522e-05
1.666187644004821777e+00,1.768492567539215132e+00,1.666213393211364746e+00,1.768518316745758101e+00,7.847038507461547852e-01,8.365922093391418013e-01,8.093686103820800781e-01,8.588183283805846946e-01,3.385602310299873352e-02,3.338139057159424106e-02,2.162820659577846527e-02,2.917188387364149163e-02,1.663085259497165680e-02,1.052876617759466137e-02,2.576322185632307082e-05,2.576322185632307082e-05
2.296950817108154297e+00,2.197567844390869052e+00,2.296976566314697266e+00,2.197593593597412021e+00,1.002728462219238281e+00,9.591384530067443848e-01,9.977391958236694336e-01,9.604909062385559304e-01,4.041706025600433350e-02,4.444867782294750075e-02,5.753462761640548706e-02,3.814425617456436435e-02,1.985314637422561646e-01,1.953454881906509510e-01,2.576887345639988780e-05,2.576887345639988780e-05
2.866406202316284180e+00,2.995444703102111639e+00,2.866431951522827148e+00,2.995470452308654608e+00,9.774931073188781738e-01,9.840186536312103271e-01,1.057328701019287109e+00,1.062887465953826993e+00,3.855170607566833496e-01,5.109639674425124900e-01,3.214960396289825439e-01,3.000540792942046897e-01,1.245712935924530029e-01,1.375206083059311024e-01,2.581830995040945709e-05,2.581830995040945709e-05
2.700365066528320312e+00,2.911022615432739435e+00,2.700390815734863281e+00,2.911048364639282404e+00,9.615199565887451172e-01,9.483632922172546831e-01,1.000613689422607422e+00,1.021845567226409957e+00,3.609947860240936279e-01,5.495832026004791038e-01,3.043146729469299316e-01,3.032667756080627552e-01,7.292194664478302002e-02,8.796383365988731662e-02,2.583472632977645844e-05,2.583472632977645844e-05
2.782670736312866211e+00,2.825197339057922363e+00,2.782696723937988281e+00,2.825223326683044434e+00,9.554433822631835938e-01,9.318542122840881570e-01,9.788488149642944336e-01,9.727406144142151101e-01,6.027126908302307129e-01,6.006428658962249534e-01,2.264491766691207886e-01,2.889225304126739613e-01,1.921650208532810211e-02,3.103713802993297508e-02,2.589717223600018770e-05,2.589717223600018770e-05
2.683922529220581055e+00,2.798015213012695401e+00,2.683948516845703125e+00,2.798041200637817472e+00,9.259767532348632812e-01,9.256292462348938432e-01,9.510334730148315430e-01,9.526529133319854292e-01,5.599874258041381836e-01,6.071076929569244607e-01,2.300489246845245361e-01,2.854893684387206920e-01,1.687604933977127075e-02,2.713598962873220444e-02,2.592492091935127974e-05,2.592492091935127974e-05
2.721369266510009766e+00,2.766745257377624334e+00,2.721395254135131836e+00,2.766771245002746404e+00,9.271510243415832520e-01,9.195591807365417480e-01,9.469769001007080078e-01,9.455409646034240723e-01,5.498688220977783203e-01,5.960478246212005393e-01,2.741828262805938721e-01,2.846211940050125122e-01,2.318983897566795349e-02,2.097607497125864029e-02,2.595080150058493018e-05,2.595080150058493018e-05
2.821529388427734375e+00,2.735976529121399103e+00,2.821555376052856445e+00,2.736002516746521174e+00,9.293274283409118652e-01,9.160731732845306396e-01,9.463047981262207031e-01,9.400438785552978072e-01,6.277638673782348633e-01,5.842701554298400657e-01,3.089070916175842285e-01,2.841663271188735740e-01,9.226363152265548706e-03,1.142299436032772134e-02,2.597609636723063886e-05,2.597609636723063886e-05
2.816272020339965820e+00,2.723723506927490323e+00,2.816298007965087891e+00,2.723749494552612394e+00,9.043541550636291504e-01,9.157142102718353049e-01,9.302839636802673340e-01,9.470727741718292236e-01,6.817693114280700684e-01,5.656748116016387939e-01,2.911033630371093750e-01,2.835452705621719360e-01,8.761195465922355652e-03,1.171642104163765977e-02,2.598343417048454285e-05,2.598343417048454285e-05
2.644751310348510742e+00,2.702838325500488192e+00,2.644777297973632812e+00,2.702864313125610263e+00,8.958489894866943359e-01,9.145826697349548340e-01,9.254657030105590820e-01,9.437547147274016890e-01,5.283358693122863770e-01,5.513781845569610818e-01,2.864090800285339355e-01,2.828070253133773693e-01,8.691527880728244781e-03,1.031565042212605546e-02,2.599398430902510881e-05,2.599398430902510881e-05
2.602088928222656250e+00,2.696271634101867765e+00,2.602114915847778320e+00,2.696297621726989835e+00,9.209331274032592773e-01,9.196116089820861594e-01,9.479810595512390137e-01,9.463794291019439475e-01,4.572131931781768799e-01,5.374003887176513894e-01,2.680029273033142090e-01,2.824934005737304576e-01,7.958752103149890900e-03,1.038681454956531455e-02,2.600375228212215006e-05,2.600375228212215006e-05
2.723080158233642578e+00,2.682728362083435236e+00,2.723106145858764648e+00,2.682754349708557307e+00,9.271492958068847656e-01,9.121636688709259255e-01,9.552217125892639160e-01,9.417999446392059104e-01,5.435677766799926758e-01,5.340736210346221924e-01,2.871995270252227783e-01,2.826595604419708252e-01,9.942168369889259338e-03,1.203157436102628673e-02,2.601341293484438211e-05,2.601341293484438211e-05
2.570734024047851562e+00,2.659669446945190252e+00,2.570760011672973633e+00,2.659695434570312322e+00,9.133822321891784668e-01,9.099773764610290527e-01,9.351122379302978516e-01,9.410222530364990012e-01,4.275097250938415527e-01,5.167042225599288718e-01,2.835685610771179199e-01,2.827045679092407005e-01,1.116100791841745377e-02,9.261056408286094319e-03,2.602105087134987116e-05,2.602105087134987116e-05
2.625452041625976562e+00,2.648194503784179865e+00,2.625478029251098633e+00,2.648220491409301935e+00,8.979057669639587402e-01,9.114383041858673540e-01,9.295608997344970703e-01,9.409630477428436723e-01,5.211642980575561523e-01,5.051853746175766213e-01,2.714452445507049561e-01,2.827297985553741677e-01,5.375793203711509705e-03,7.877995353192090641e-03,2.602279164420906454e-05,2.602279164420906454e-05
2.811386585235595703e+00,2.645904850959778010e+00,2.811412572860717773e+00,2.645930838584900080e+00,9.061519503593444824e-01,9.092307507991790327e-01,9.252741932868957520e-01,9.387262344360352007e-01,6.884858012199401855e-01,5.085577666759490967e-01,2.857778966426849365e-01,2.815574377775192372e-01,5.696784704923629761e-03,7.832706067711114536e-03,2.602809581730980426e-05,2.602809581730980426e-05
2.583830356597900391e+00,2.631045842170715243e+00,2.583856344223022461e+00,2.631071829795837314e+00,9.279152154922485352e-01,9.114780843257903609e-01,9.509356021881103516e-01,9.395348131656646729e-01,3.687186241149902344e-01,4.927074432373046986e-01,3.286693096160888672e-01,2.799244254827499279e-01,7.591536734253168106e-03,7.401154981926083912e-03,2.603366374387405813e-05,2.603366374387405813e-05
2.590132474899291992e+00,2.627637505531311035e+00,2.590158462524414062e+00,2.627663493156433105e+00,9.614889025688171387e-01,9.110881447792053001e-01,9.852496981620788574e-01,9.382682561874389204e-01,3.600556850433349609e-01,4.901989579200744518e-01,2.760039269924163818e-01,2.788787573575973733e-01,7.334493100643157959e-03,9.203360602259635231e-03,2.604040491860359907e-05,2.604040491860359907e-05
3.057930946350097656e+00,2.620360398292541415e+00,3.057956933975219727e+00,2.620386385917663485e+00,8.933914303779602051e-01,9.079912066459655540e-01,9.158436655998229980e-01,9.369234323501587358e-01,9.235951304435729980e-01,4.900378495454787986e-01,3.168255686759948730e-01,2.775546789169311412e-01,8.274972438812255859e-03,7.853229530155658722e-03,2.604555811558384448e-05,2.604555811558384448e-05
2.428407907485961914e+00,2.617827248573303400e+00,2.428433895111083984e+00,2.617853236198425471e+00,8.794083595275878906e-01,9.075163781642914262e-01,9.084854722023010254e-01,9.356317281723022239e-01,3.080427348613739014e-01,4.913502365350723156e-01,3.256264626979827881e-01,2.770285397768020852e-01,6.844947580248117447e-03,6.300343666225671768e-03,2.604981273179873824e-05,2.604981273179873824e-05
2.787193775177001953e+00,2.608440423011779696e+00,2.787219762802124023e+00,2.608466410636901767e+00,9.158909916877746582e-01,9.061303496360778587e-01,9.405571818351745605e-01,9.343890190124511941e-01,6.189951896667480469e-01,4.841986417770385853e-01,3.017361462116241455e-01,2.772273153066635021e-01,1.001437753438949585e-02,6.495019933208823031e-03,2.605290865176357329e-05,2.605290865176357329e-05
3.072794198989868164e+00,2.608321762084961026e+00,3.072820186614990234e+00,2.608347749710083097e+00,9.255706667900085449e-01,9.052255988121032937e-01,9.450198411941528320e-01,9.347557723522186279e-01,9.590272903442382812e-01,4.844059765338897816e-01,2.373632490634918213e-01,2.773872315883636475e-01,5.813096184283494949e-03,6.547250179573893200e-03,2.605939516797661781e-05,2.605939516797661781e-05
2.411462068557739258e+00,2.611309862136840909e+00,2.411488056182861328e+00,2.611335849761962979e+00,8.986482620239257812e-01,9.062199056148528831e-01,9.602446556091308594e-01,9.341525375843048318e-01,3.209179937839508057e-01,4.887217402458191029e-01,2.246702611446380615e-01,2.751718670129775779e-01,6.980855017900466919e-03,7.043855497613549232e-03,2.606432099128141999e-05,2.606432099128141999e-05
2.454312801361083984e+00,2.639512872695922940e+00,2.454338788986206055e+00,2.639538860321045011e+00,9.288933873176574707e-01,9.040625691413879395e-01,9.562211036682128906e-01,9.345490813255310503e-01,3.309149742126464844e-01,5.214305400848389116e-01,2.335045784711837769e-01,2.733618140220642201e-01,4.778843373060226440e-03,6.108870776370167559e-03,2.606676753202918917e-05,2.606676753202918917e-05
2.446744441986083984e+00,2.624905204772949308e+00,2.446770429611206055e+00,2.624931192398071378e+00,9.295468330383300781e-01,9.029847264289856401e-01,9.742271304130554199e-01,9.348823547363280806e-01,3.247292935848236084e-01,5.081979990005492942e-01,2.109796851873397827e-01,2.729227513074874989e-01,7.261440623551607132e-03,5.917384615167975079e-03,2.606730049592442811e-05,2.606730049592442811e-05
2.590029001235961914e+00,2.626686716079711825e+00,2.590054988861083984e+00,2.626712703704833896e+00,9.545940160751342773e-01,9.087942481040954812e-01,9.652251601219177246e-01,9.367800712585448997e-01,3.118979036808013916e-01,5.021057844161986861e-01,3.536554872989654541e-01,2.722763985395431630e-01,4.656358156353235245e-03,6.730247009545564825e-03,2.607122223707847297e-05,2.607122223707847297e-05
2.614384412765502930e+00,2.628586602210998713e+00,2.614410400390625000e+00,2.628612589836120783e+00,8.730841875076293945e-01,9.022469758987426980e-01,9.079036712646484375e-01,9.365318715572357178e-01,5.372955203056335449e-01,5.089462190866470559e-01,2.825551033020019531e-01,2.722536653280258068e-01,1.354609243571758270e-02,8.607854042202234615e-03,2.607659371278714389e-05,2.607659371278714389e-05
2.381821870803833008e+00,2.616014552116394221e+00,2.381847858428955078e+00,2.616040539741516291e+00,9.112212061882019043e-01,9.037984073162078635e-01,9.307990074157714844e-01,9.339271128177643044e-01,2.688729763031005859e-01,4.983653277158737183e-01,2.637027204036712646e-01,2.724325358867645264e-01,7.226086687296628952e-03,7.491187332198024143e-03,2.607862916192971170e-05,2.607862916192971170e-05
2.618332862854003906e+00,2.606788825988769709e+00,2.618358850479125977e+00,2.606814813613891779e+00,9.000198245048522949e-01,9.016544640064239058e-01,9.425929188728332520e-01,9.338814198970795122e-01,5.187717676162719727e-01,4.928071230649948009e-01,2.512822449207305908e-01,2.715815275907516591e-01,5.666139535605907440e-03,6.864270381629467184e-03,2.607990245451219380e-05,2.607990245451219380e-05
2.337092876434326172e+00,2.623411226272582830e+00,2.337118864059448242e+00,2.623437213897704900e+00,8.844689726829528809e-01,9.028883874416351318e-01,9.263613224029541016e-01,9.330217421054840532e-01,2.915842831134796143e-01,5.112343162298202959e-01,2.285814732313156128e-01,2.713452398777008168e-01,6.096791941672563553e-03,4.921470768749713898e-03,2.608217982924543321e-05,2.608217982924543321e-05
2.551880359649658203e+00,2.613515543937682928e+00,2.551906347274780273e+00,2.613541531562804998e+00,8.874835371971130371e-01,9.007427215576171431e-01,9.362431168556213379e-01,9.338966548442840798e-01,5.124430060386657715e-01,5.015306919813156128e-01,2.064305841922760010e-01,2.717130124568939431e-01,9.279881604015827179e-03,5.632455460727214813e-03,2.608398426673375070e-05,2.608398426673375070e-05
2.370255947113037109e+00,2.613639998435973943e+00,2.370281934738159180e+00,2.613665986061096014e+00,8.653423786163330078e-01,8.993051171302794966e-01,8.963186740875244141e-01,9.366884350776671919e-01,3.053227663040161133e-01,5.001813799142837969e-01,2.966397106647491455e-01,2.714657962322234996e-01,6.632634904235601425e-03,5.999270081520080740e-03,2.608644899737555534e-05,2.608644899737555534e-05
2.343167781829833984e+00,2.609094905853271307e+00,2.343193769454956055e+00,2.609120893478393377e+00,8.755356073379516602e-01,8.985610842704773171e-01,9.183077216148376465e-01,9.326606929302215798e-01,2.944917678833007812e-01,5.004909485578536987e-01,2.470345646142959595e-01,2.712816268205642811e-01,7.798169273883104324e-03,6.100561004132032394e-03,2.608893737487960607e-05,2.608893737487960607e-05
2.399698972702026367e+00,2.613434004783630193e+00,2.399724960327148438e+00,2.613459992408752264e+00,8.933165073394775391e-01,8.960645258426666038e-01,9.406582713127136230e-01,9.405247688293456587e-01,3.151584863662719727e-01,5.018315047025680986e-01,2.461343854665756226e-01,2.698375195264816062e-01,4.431542009115219116e-03,5.175729375332593571e-03,2.609065631986595690e-05,2.609065631986595690e-05
2.472435235977172852e+00,2.603480148315429510e+00,2.472461223602294922e+00,2.603506135940551580e+00,8.774394392967224121e-01,8.984187781810760720e-01,9.196450710296630859e-01,9.344266653060913086e-01,3.637867569923400879e-01,4.943817675113678090e-01,3.061644136905670166e-01,2.696712940931320079e-01,5.399442277848720551e-03,6.581661943346262152e-03,2.609244256746023893e-05,2.609244256746023893e-05
2.505936622619628906e+00,2.606966590881347745e+00,2.505962610244750977e+00,2.606992578506469815e+00,9.310449957847595215e-01,8.972241342067718284e-01,9.674800038337707520e-01,9.331069529056549294e-01,3.354159593582153320e-01,5.014901220798492210e-01,2.664583325386047363e-01,2.697718471288680919e-01,5.537257529795169830e-03,5.373499635607003992e-03,2.609102193673606962e-05,2.609102193673606962e-05
2.610232591629028320e+00,2.603169488906860174e+00,2.610258579254150391e+00,2.603195476531982244e+00,9.076013565063476562e-01,9.005822241306304932e-01,9.279825687408447266e-01,9.319229722023010254e-01,4.981298744678497314e-01,4.971711277961731179e-01,2.711570262908935547e-01,2.683267980813980325e-01,5.361792631447315216e-03,5.166317103430628777e-03,2.609255170682445168e-05,2.609255170682445168e-05
2.418879508972167969e+00,2.583999705314636408e+00,2.418905496597290039e+00,2.584025692939758478e+00,8.940557837486267090e-01,8.954057395458221436e-01,9.330489635467529297e-01,9.324190020561218262e-01,2.984443902969360352e-01,4.802956283092498779e-01,2.853578925132751465e-01,2.674558758735656738e-01,7.972311228513717651e-03,8.423520438373088143e-03,2.609335570014081895e-05,2.609335570014081895e-05
2.408483266830444336e+00,2.600601506233215510e+00,2.408509254455566406e+00,2.600627493858337580e+00,8.905272483825683594e-01,9.000886917114258035e-01,9.240708947181701660e-01,9.325299799442291482e-01,2.887413203716278076e-01,4.927538394927978294e-01,2.997449338436126709e-01,2.676206052303314320e-01,5.398974288254976273e-03,7.608413044363260096e-03,2.609406874398700893e-05,2.609406874398700893e-05
2.386448383331298828e+00,2.588999652862548739e+00,2.386474370956420898e+00,2.589025640487670810e+00,9.104463458061218262e-01,8.920652210712433083e-01,9.471669197082519531e-01,9.311247527599334495e-01,2.513933777809143066e-01,4.922006636857986228e-01,2.715632021427154541e-01,2.670749157667159923e-01,5.878441035747528076e-03,6.534047657623887062e-03,2.609854345791973174e-05,2.609854345791973174e-05
2.327506542205810547e+00,2.594025325775146662e+00,2.327532529830932617e+00,2.594051313400268732e+00,9.017772078514099121e-01,8.960903227329254372e-01,9.335157871246337891e-01,9.293026387691497581e-01,2.569587230682373047e-01,4.929148077964782826e-01,2.282935678958892822e-01,2.677323251962661632e-01,6.961221806704998016e-03,7.985121058300136826e-03,2.609401781228370965e-05,2.609401781228370965e-05
3.092825651168823242e+00,2.615200519561767578e+00,3.092851638793945312e+00,2.615226507186889648e+00,9.005815386772155762e-01,8.983259499073028564e-01,9.375230669975280762e-01,9.322160542011260764e-01,9.830480813980102539e-01,5.115908652544021162e-01,2.669262588024139404e-01,2.675088614225387684e-01,4.746611695736646652e-03,5.558792641386390079e-03,2.609018702059984207e-05,2.609018702059984207e-05
2.765379905700683594e+00,2.587766313552856356e+00,2.765405893325805664e+00,2.587792301177978427e+00,8.796766400337219238e-01,8.874838292598724587e-01,9.294174909591674805e-01,9.365370512008667214e-01,7.089884877204895020e-01,4.904150724411010520e-01,2.404349595308303833e-01,2.668472111225128063e-01,6.862342357635498047e-03,6.483250902965665211e-03,2.609004332043696195e-05,2.609004332043696195e-05
2.328921318054199219e+00,2.631179738044738592e+00,2.328947305679321289e+00,2.631205725669860662e+00,8.947136998176574707e-01,8.895004808902740034e-01,9.470179677009582520e-01,9.309774339199066162e-01,2.428235262632369995e-01,5.400164932012557761e-01,2.393916249275207520e-01,2.659856438636779563e-01,4.974551498889923096e-03,4.699689289554953749e-03,2.609381590445991606e-05,2.609381590445991606e-05
2.327428579330444336e+00,2.615260744094848544e+00,2.327454566955566406e+00,2.615286731719970614e+00,8.817285895347595215e-01,8.882201254367828591e-01,9.326677918434143066e-01,9.381502091884612593e-01,2.378833293914794922e-01,5.187531411647796631e-01,2.705475986003875732e-01,2.657432347536087258e-01,4.601333755999803543e-03,4.394005890935659756e-03,2.609557850519195199e-05,2.609557850519195199e-05
2.349548816680908203e+00,2.589655303955078036e+00,2.349574804306030273e+00,2.589681291580200106e+00,8.724446296691894531e-01,8.903631925582885520e-01,9.084593057632446289e-01,9.334168374538421853e-01,2.459945678710937500e-01,4.958588629961013794e-01,3.172486722469329834e-01,2.649200081825256459e-01,5.401814822107553482e-03,5.096346978098154415e-03,2.609615694382227957e-05,2.609615694382227957e-05
2.301715135574340820e+00,2.612180852890014560e+00,2.301741123199462891e+00,2.612206840515136630e+00,8.681329488754272461e-01,8.945291697978973167e-01,9.025608897209167480e-01,9.309592068195342573e-01,2.504683732986450195e-01,5.159248292446136919e-01,2.729198634624481201e-01,2.648780047893524170e-01,7.633214350789785385e-03,5.889680096879601132e-03,2.609683906484860927e-05,2.609683906484860927e-05
2.326615095138549805e+00,2.629474663734435946e+00,2.326641082763671875e+00,2.629500651359558017e+00,8.745989203453063965e-01,8.927775859832763894e-01,9.296568036079406738e-01,9.325248181819916216e-01,2.190244644880294800e-01,5.335423082113266435e-01,2.991803586483001709e-01,2.646395444869995006e-01,4.154721274971961975e-03,5.990479886531829661e-03,2.609724833746440709e-05,2.609724833746440709e-05
2.278594017028808594e+00,2.704942464828491211e+00,2.278620004653930664e+00,2.704968452453613281e+00,9.158231616020202637e-01,9.094244897365569846e-01,9.238527417182922363e-01,9.308041453361510786e-01,1.756574213504791260e-01,5.907882243394851907e-01,2.490174472332000732e-01,2.643554866313934104e-01,1.424323953688144684e-02,9.570079203695059517e-03,2.609691910038236529e-05,2.609691910038236529e-05
2.225651502609252930e+00,2.646201133728027344e+00,2.225677490234375000e+00,2.646227121353149414e+00,8.840040564537048340e-01,8.884534597396850364e-01,9.506986141204833984e-01,9.349537014961242232e-01,1.879621148109436035e-01,5.507669597864151001e-01,1.948845386505126953e-01,2.643588274717331155e-01,8.102254942059516907e-03,7.668169634416699583e-03,2.609740840853191912e-05,2.609740840853191912e-05
2.319167852401733398e+00,2.636892342567443759e+00,2.319193840026855469e+00,2.636918330192565829e+00,8.963279724121093750e-01,8.878337979316711648e-01,9.224900007247924805e-01,9.340874433517456499e-01,2.154921740293502808e-01,5.459107041358948198e-01,2.795209288597106934e-01,2.640025824308395164e-01,5.336767528206110001e-03,5.057858489453792745e-03,2.609781222417950630e-05,2.609781222417950630e-05
2.861719608306884766e+00,2.594281053543090909e+00,2.861745595932006836e+00,2.594307041168212979e+00,8.528406620025634766e-01,8.849277913570403609e-01,8.886094689369201660e-01,9.379977822303772195e-01,8.151736259460449219e-01,5.036018669605255571e-01,2.996560335159301758e-01,2.624028712511062844e-01,5.439802072942256927e-03,5.350730242207646023e-03,2.609750299598090351e-05,2.609750299598090351e-05
2.304614782333374023e+00,2.601052594184875666e+00,2.304640769958496094e+00,2.601078581809997736e+00,8.915034532546997070e-01,8.891356647014617698e-01,9.270326495170593262e-01,9.304638445377350076e-01,2.180715203285217285e-01,5.150465518236160278e-01,2.627291679382324219e-01,2.615732342004776223e-01,5.278206430375576019e-03,4.833261249586939812e-03,2.609811053844168782e-05,2.609811053844168782e-05
2.193598747253417969e+00,2.645215463638305842e+00,2.193624734878540039e+00,2.645241451263427912e+00,8.719260096549987793e-01,8.924369037151336226e-01,8.880572319030761719e-01,9.288659393787384033e-01,1.977625489234924316e-01,5.561447620391846147e-01,2.289078682661056519e-01,2.626729846000671609e-01,6.945106200873851776e-03,5.094851600006222725e-03,2.609836337796878070e-05,2.609836337796878070e-05
3.430617094039916992e+00,2.623430633544921786e+00,3.430643081665039062e+00,2.623456621170043856e+00,9.041677713394165039e-01,8.807249903678894265e-01,9.457260370254516602e-01,9.347521722316741721e-01,1.300780296325683594e+00,5.392358571290969405e-01,2.766865789890289307e-01,2.628552615642547607e-01,3.256271826103329659e-03,5.862309504300356258e-03,2.609891453175805509e-05,2.609891453175805509e-05
2.338215589523315430e+00,2.608169174194336026e+00,2.338241577148437500e+00,2.608195161819458097e+00,9.044054746627807617e-01,8.851444005966186968e-01,9.509350061416625977e-01,9.355142951011657937e-01,2.544695138931274414e-01,5.192338854074478594e-01,2.204793095588684082e-01,2.620422005653381126e-01,7.926508784294128418e-03,6.234381999820470983e-03,2.609966759337112308e-05,2.609966759337112308e-05
2.353890180587768555e+00,2.576769375801086337e+00,2.353916168212890625e+00,2.576795363426208407e+00,8.472474813461303711e-01,8.768758118152618630e-01,8.947407603263854980e-01,9.325706481933593306e-01,2.683907151222229004e-01,5.008979886770248413e-01,3.388958275318145752e-01,2.620265424251556619e-01,4.615657962858676910e-03,4.398464458063244820e-03,2.610028604976832867e-05,2.610028604976832867e-05
2.540895462036132812e+00,2.607552790641784579e+00,2.540921449661254883e+00,2.607578778266906649e+00,8.696066141128540039e-01,8.772392034530639426e-01,9.109726548194885254e-01,9.308640956878662109e-01,5.039572715759277344e-01,5.335025131702423318e-01,2.519076764583587646e-01,2.620802611112594827e-01,4.451326094567775726e-03,3.866705670952797023e-03,2.610009505588095635e-05,2.610009505588095635e-05
2.348706722259521484e+00,2.606515860557556241e+00,2.348732709884643555e+00,2.606541848182678311e+00,9.240235686302185059e-01,8.847361624240874800e-01,9.572286009788513184e-01,9.299105286598206010e-01,2.105618417263031006e-01,5.241129547357559204e-01,2.533351480960845947e-01,2.618319958448410145e-01,3.557530464604496956e-03,5.924259545281529427e-03,2.609972943901084363e-05,2.609972943901084363e-05
2.381474018096923828e+00,2.617510986328125178e+00,2.381500005722045898e+00,2.617536973953247248e+00,9.186525344848632812e-01,8.992415070533752441e-01,9.545411467552185059e-01,9.393816947937011497e-01,2.639358043670654297e-01,5.088554024696350098e-01,2.335901260375976562e-01,2.606462478637695535e-01,1.075428817421197891e-02,9.386078454554080963e-03,2.609975854284130037e-05,2.609975854284130037e-05
2.387518644332885742e+00,2.603313612937927068e+00,2.387544631958007812e+00,2.603339600563049139e+00,8.475199937820434570e-01,8.781797945499419944e-01,9.034766554832458496e-01,9.490770578384399858e-01,2.747084498405456543e-01,5.013723969459533691e-01,3.456956446170806885e-01,2.607378512620925903e-01,1.611783355474472046e-02,1.394647965207695961e-02,2.610010051284916699e-05,2.610010051284916699e-05
2.360689163208007812e+00,2.589550399780273349e+00,2.360715150833129883e+00,2.589576387405395419e+00,9.144020676612854004e-01,8.738713502883911355e-01,9.729959964752197266e-01,9.374483048915862593e-01,2.723901271820068359e-01,5.103155791759490523e-01,1.946483105421066284e-01,2.602103531360626110e-01,6.252829916775226593e-03,7.704819878563284527e-03,2.610057890706229955e-05,2.610057890706229955e-05
2.586398839950561523e+00,2.587443447113037198e+00,2.586424827575683594e+00,2.587469434738159269e+00,8.796281218528747559e-01,8.736122965812682661e-01,9.336501359939575195e-01,9.431093990802764671e-01,4.714234471321105957e-01,5.058598816394805908e-01,2.970318496227264404e-01,2.602935105562210194e-01,4.665429238229990005e-03,4.568371269851922815e-03,2.610003139125183225e-05,2.610003139125183225e-05
2.194542407989501953e+00,2.590936899185180664e+00,2.194568395614624023e+00,2.590962886810302734e+00,8.504894971847534180e-01,8.766757965087890181e-01,8.873401880264282227e-01,9.316714346408844216e-01,1.969734877347946167e-01,5.162324160337448120e-01,2.549672722816467285e-01,2.610685616731643899e-01,4.771865438669919968e-03,5.288735404610634197e-03,2.609841976664029062e-05,2.609841976664029062e-05
2.445489883422851562e+00,2.628281927108764737e+00,2.445515871047973633e+00,2.628307914733886808e+00,9.321010112762451172e-01,8.907054245471954790e-01,9.559904336929321289e-01,9.332777976989745650e-01,2.377153337001800537e-01,5.342810302972793579e-01,3.120652735233306885e-01,2.612449914216995461e-01,7.617595139890909195e-03,8.772579114884137760e-03,2.609932562336325645e-05,2.609932562336325645e-05
2.868895769119262695e+00,2.589547252655029386e+00,2.868921756744384766e+00,2.589573240280151456e+00,8.542177081108093262e-01,8.733749508857726607e-01,9.157469272613525391e-01,9.315461456775665505e-01,7.886700034141540527e-01,5.191156893968582597e-01,3.075275421142578125e-01,2.611786365509033425e-01,2.733580535277724266e-03,4.331869119778275316e-03,2.610019691928755492e-05,2.610019691928755492e-05
2.552673339843750000e+00,2.642556881904602140e+00,2.552699327468872070e+00,2.642582869529724210e+00,8.830164074897766113e-01,8.799711704254150613e-01,9.300161600112915039e-01,9.290741205215453657e-01,4.979945123195648193e-01,5.674053251743316206e-01,2.368498444557189941e-01,2.612802416086196788e-01,4.796474706381559372e-03,4.826065571978688414e-03,2.610070077935233712e-05,2.610070077935233712e-05
2.325803041458129883e+00,2.591890335083007812e+00,2.325829029083251953e+00,2.591916322708129883e+00,8.610472083091735840e-01,8.713960587978363259e-01,9.297237992286682129e-01,9.371413528919220193e-01,2.810133397579193115e-01,5.174052923917770164e-01,2.464188188314437866e-01,2.609132409095764049e-01,7.600146811455488205e-03,5.034383246675133358e-03,2.610145020298659801e-05,2.610145020298659801e-05
2.434501647949218750e+00,2.562168264389037997e+00,2.434527635574340820e+00,2.562194252014160067e+00,8.917112350463867188e-01,8.671336591243743452e-01,9.484817385673522949e-01,9.347627520561218040e-01,3.261968195438385010e-01,4.935004055500030740e-01,2.622162103652954102e-01,2.619032859802246094e-01,5.895547568798065186e-03,4.868138069286942655e-03,2.610339106468018144e-05,2.610339106468018144e-05
2.550668716430664062e+00,2.575391221046447576e+00,2.550694704055786133e+00,2.575417208671569647e+00,8.615496754646301270e-01,8.671539068222046120e-01,9.672144055366516113e-01,9.379236936569214089e-01,4.731185138225555420e-01,5.040790170431137529e-01,2.456175535917282104e-01,2.626002579927444458e-01,3.168666735291481018e-03,3.634355566464364702e-03,2.610578667372465134e-05,2.610578667372465134e-05
2.431139945983886719e+00,2.550358438491821200e+00,2.431165933609008789e+00,2.550384426116943271e+00,8.787307739257812500e-01,8.657113730907439741e-01,9.307417869567871094e-01,9.359792768955230713e-01,2.990622520446777344e-01,4.802493631839752086e-01,3.178095817565917969e-01,2.629925101995468362e-01,4.795622080564498901e-03,5.425859754905104464e-03,2.610506271594204009e-05,2.610506271594204009e-05
2.716778278350830078e+00,2.575834774971008212e+00,2.716804265975952148e+00,2.575860762596130282e+00,8.630254268646240234e-01,8.718092083930969460e-01,9.056376814842224121e-01,9.320328950881957564e-01,6.640946269035339355e-01,5.051228046417236550e-01,2.807001769542694092e-01,2.632064461708069070e-01,3.320225980132818222e-03,3.663442330434918404e-03,2.610674346215091646e-05,2.610674346215091646e-05
2.531813383102416992e+00,2.550319361686706365e+00,2.531839609146118164e+00,2.550345587730407537e+00,8.729717731475830078e-01,8.603506684303283691e-01,9.574186801910400391e-01,9.352563321590423584e-01,3.819108009338378906e-01,4.862101674079895020e-01,3.167868256568908691e-01,2.640831500291824230e-01,2.725262893363833427e-03,4.418987757526337753e-03,2.610807496239431202e-05,2.610807496239431202e-05
2.429509401321411133e+00,2.551776385307312101e+00,2.429535627365112305e+00,2.551802611351013272e+00,8.670294284820556641e-01,8.569398701190948930e-01,9.641811847686767578e-01,9.363523244857787642e-01,3.357167840003967285e-01,4.868518233299255482e-01,2.566575407981872559e-01,2.646349698305129894e-01,5.924460943788290024e-03,6.997443130239843975e-03,2.611057971080299467e-05,2.611057971080299467e-05
2.401721954345703125e+00,2.560795331001281649e+00,2.401748180389404297e+00,2.560821557044982821e+00,8.638021349906921387e-01,8.570889532566070557e-01,9.445185065269470215e-01,9.373026490211486816e-01,3.545124828815460205e-01,4.975860565900802612e-01,2.349724471569061279e-01,2.645645469427108654e-01,3.916207700967788696e-03,4.253062466159462755e-03,2.610978845041245222e-05,2.610978845041245222e-05
2.500646591186523438e+00,2.570178818702697932e+00,2.500672817230224609e+00,2.570205044746399103e+00,8.424535393714904785e-01,8.553812444210052712e-01,9.127580523490905762e-01,9.518569529056548628e-01,4.652839601039886475e-01,4.909496903419494629e-01,2.732509672641754150e-01,2.656313925981521606e-01,6.899966392666101456e-03,6.359543045982718121e-03,2.611133095342665911e-05,2.611133095342665911e-05
2.684355020523071289e+00,2.564756822586059748e+00,2.684381246566772461e+00,2.564783048629760920e+00,8.961152434349060059e-01,8.509347617626190630e-01,1.002175569534301758e+00,9.482212543487549272e-01,4.838667809963226318e-01,4.953266769647598489e-01,2.989458143711090088e-01,2.666195601224899403e-01,3.251514630392193794e-03,3.654654882848262613e-03,2.611507443361915648e-05,2.611507443361915648e-05
2.360906839370727539e+00,2.540225172042846591e+00,2.360933065414428711e+00,2.540251398086547763e+00,8.234724402427673340e-01,8.517743706703185813e-01,9.130364060401916504e-01,9.317537486553192361e-01,4.350925683975219727e-01,4.857706636190414207e-01,1.854627132415771484e-01,2.667796105146408303e-01,3.842908656224608421e-03,4.146826034411787813e-03,2.611533454910386354e-05,2.611533454910386354e-05
2.372075557708740234e+00,2.549966382980346502e+00,2.372101783752441406e+00,2.549992609024047674e+00,8.572643399238586426e-01,8.557168245315551758e-01,9.324008226394653320e-01,9.295636534690856490e-01,2.963283956050872803e-01,4.927288979291916116e-01,2.829711437225341797e-01,2.666303217411041260e-01,3.110920079052448273e-03,5.326677346602082253e-03,2.611705713206902146e-05,2.611705713206902146e-05
2.671147108078002930e+00,2.535101103782653631e+00,2.671173334121704102e+00,2.535127329826354803e+00,8.067463040351867676e-01,8.467444956302643266e-01,9.095079898834228516e-01,9.319478094577788863e-01,6.537798643112182617e-01,4.871419429779052512e-01,2.949363589286804199e-01,2.656846076250076183e-01,6.176503840833902359e-03,3.582288813777268106e-03,2.611843592603690922e-05,2.611843592603690922e-05
2.636448621749877930e+00,2.534524655342102140e+00,2.636474847793579102e+00,2.534550881385803311e+00,8.470408320426940918e-01,8.422789633274078147e-01,9.490334391593933105e-01,9.350093007087707520e-01,5.097059607505798340e-01,4.849760890007018821e-01,3.277842700481414795e-01,2.663857698440551536e-01,2.884161192923784256e-03,5.874606641009449612e-03,2.611915260786190629e-05,2.611915260786190629e-05
2.533918857574462891e+00,2.523700976371765048e+00,2.533945083618164062e+00,2.523727202415466220e+00,8.619583845138549805e-01,8.395305514335632546e-01,9.370341300964355469e-01,9.346386194229125977e-01,4.556425511837005615e-01,4.826843738555908203e-01,2.767578363418579102e-01,2.631141304969787376e-01,2.525815973058342934e-03,3.733369568362831896e-03,2.612044772831723094e-05,2.612044772831723094e-05
2.454814672470092773e+00,2.515196156501770197e+00,2.454840898513793945e+00,2.515222382545471369e+00,8.903266191482543945e-01,8.346215724945068581e-01,9.590074419975280762e-01,9.306334316730499046e-01,2.784365117549896240e-01,4.828874051570892223e-01,3.245450556278228760e-01,2.628870934247970470e-01,2.499148016795516014e-03,4.166639456525444811e-03,2.612229218357242644e-05,2.612229218357242644e-05
2.277831554412841797e+00,2.517587399482727140e+00,2.277857780456542969e+00,2.517613625526428311e+00,8.108718991279602051e-01,8.319418787956237571e-01,9.348700046539306641e-01,9.303498625755309837e-01,2.819116115570068359e-01,4.888752669095993153e-01,2.464789450168609619e-01,2.630476772785186879e-01,3.699127351865172386e-03,3.372625331394374371e-03,2.612470052554272115e-05,2.612470052554272115e-05
2.218668699264526367e+00,2.536352825164795100e+00,2.218694925308227539e+00,2.536379051208496271e+00,7.895756363868713379e-01,8.343229889869689941e-01,8.970389366149902344e-01,9.330526530742645486e-01,2.618920803070068359e-01,5.017735749483108743e-01,2.647995948791503906e-01,2.631296187639236561e-01,5.362469237297773361e-03,4.073945945128798832e-03,2.612420939840376377e-05,2.612420939840376377e-05
2.316849470138549805e+00,2.515609526634216220e+00,2.316875696182250977e+00,2.515635752677917392e+00,8.421524763107299805e-01,8.321810841560364214e-01,9.394787549972534180e-01,9.294672966003417747e-01,2.612490057945251465e-01,4.875449001789092796e-01,2.701209485530853271e-01,2.622729390859603882e-01,3.848256077617406845e-03,4.143310757353901690e-03,2.612490061437711120e-05,2.612490061437711120e-05
2.323098421096801758e+00,2.521617698669433416e+00,2.323124647140502930e+00,2.521643924713134588e+00,8.605978488922119141e-01,8.297914445400238481e-01,9.370315074920654297e-01,9.391781389713287354e-01,2.315280139446258545e-01,4.867939263582229392e-01,2.906504273414611816e-01,2.623496145009994729e-01,3.290534950792789459e-03,3.504599421285092917e-03,2.612754906294867396e-05,2.612754906294867396e-05
7.534725189208984375e+00,2.530284452438354315e+00,7.534751415252685547e+00,2.530310678482055486e+00,8.406541943550109863e-01,8.376901090145111306e-01,9.166676998138427734e-01,9.268223404884338157e-01,5.468846797943115234e+00,4.952349841594695934e-01,2.997840344905853271e-01,2.634718239307403675e-01,8.772571571171283722e-03,7.065128535032272339e-03,2.612920798128470778e-05,2.612920798128470778e-05
2.214013814926147461e+00,2.506559371948242188e+00,2.214040040969848633e+00,2.506585597991943359e+00,8.058477640151977539e-01,8.352850556373596635e-01,9.172851443290710449e-01,9.257066488265991433e-01,2.533059418201446533e-01,4.773441821336746327e-01,2.338035106658935547e-01,2.642003059387206809e-01,3.771462244912981987e-03,4.023130843415856014e-03,2.612774187582544982e-05,2.612774187582544982e-05
2.290999650955200195e+00,2.513497638702392400e+00,2.291025876998901367e+00,2.513523864746093572e+00,8.461306691169738770e-01,8.382157266139984575e-01,9.058391451835632324e-01,9.283960878849029097e-01,2.753177285194396973e-01,4.783567160367965809e-01,2.607757449150085449e-01,2.651724666357040405e-01,2.936458447948098183e-03,3.356596338562667370e-03,2.612715616123750806e-05,2.612715616123750806e-05
2.195760726928710938e+00,2.505798459053039551e+00,2.195786952972412109e+00,2.505824685096740723e+00,7.964262962341308594e-01,8.266700804233551025e-01,9.229084849357604980e-01,9.295592844486236794e-01,2.691158652305603027e-01,4.793469458818435669e-01,2.016606777906417847e-01,2.648228377103805653e-01,5.649426952004432678e-03,5.399305326864123518e-03,2.612920798128470778e-05,2.612920798128470778e-05
2.333108425140380859e+00,2.548620486259460360e+00,2.333134651184082031e+00,2.548646712303161532e+00,8.821879625320434570e-01,8.838718295097350852e-01,9.296560883522033691e-01,9.293859481811523882e-01,2.722880840301513672e-01,4.674989193677902000e-01,2.446789890527725220e-01,2.638709574937820324e-01,4.297282081097364426e-03,3.992840950377285654e-03,2.613045217003673315e-05,2.613045217003673315e-05
2.264766454696655273e+00,2.518380188941955478e+00,2.264792680740356445e+00,2.518406414985656649e+00,7.878541946411132812e-01,8.301402390003204124e-01,8.896613121032714844e-01,9.288172006607056108e-01,3.384512662887573242e-01,4.926417171955108643e-01,2.438445538282394409e-01,2.627768427133559959e-01,4.955037962645292282e-03,4.004186950623989105e-03,2.612926255096681416e-05,2.612926255096681416e-05
2.440033435821533203e+00,2.542389106750488459e+00,2.440059661865234375e+00,2.542415332794189631e+00,8.628725409507751465e-01,8.289313614368438721e-01,9.594907164573669434e-01,9.340959072113037553e-01,3.823730349540710449e-01,5.106059640645981279e-01,2.299539893865585327e-01,2.627687722444534413e-01,5.343301221728324890e-03,5.987056111916899508e-03,2.612932985357474536e-05,2.612932985357474536e-05
2.417965173721313477e+00,2.533966612815857111e+00,2.417991399765014648e+00,2.533992838859558283e+00,8.271049857139587402e-01,8.335502028465271440e-01,9.577763080596923828e-01,9.339756131172179954e-01,3.751124441623687744e-01,4.989503026008605957e-01,2.541356980800628662e-01,2.626770436763763428e-01,3.835663199424743652e-03,4.813415883108973677e-03,2.612992102513089776e-05,2.612992102513089776e-05
2.342268228530883789e+00,2.511695885658264071e+00,2.342294454574584961e+00,2.511722111701965243e+00,7.923141121864318848e-01,8.211562454700469527e-01,9.020774364471435547e-01,9.356174051761627641e-01,3.634229898452758789e-01,4.890228599309921487e-01,2.809156775474548340e-01,2.617116153240203746e-01,3.537845565006136894e-03,4.187735868617892612e-03,2.613103060866706073e-05,2.613103060866706073e-05
2.346800327301025391e+00,2.535122275352478027e+00,2.346826553344726562e+00,2.535148501396179199e+00,8.450062274932861328e-01,8.355115771293639693e-01,9.408300518989562988e-01,9.351828873157501665e-01,3.379796445369720459e-01,4.952880948781966941e-01,2.130086869001388550e-01,2.617245703935623391e-01,9.975863620638847351e-03,7.415067823603749449e-03,2.612934804346878082e-05,2.612934804346878082e-05
2.503479480743408203e+00,2.531044077873230158e+00,2.503505706787109375e+00,2.531070303916931330e+00,8.374204635620117188e-01,8.306440472602844016e-01,9.208564162254333496e-01,9.299263000488281472e-01,4.321555197238922119e-01,5.020600944757461770e-01,3.066592216491699219e-01,2.616439312696456909e-01,6.387802306562662125e-03,6.769698811694979668e-03,2.613080869195982814e-05,2.613080869195982814e-05
2.301537752151489258e+00,2.532850956916809171e+00,2.301563978195190430e+00,2.532877182960510343e+00,8.244550228118896484e-01,8.235361754894257036e-01,9.374003410339355469e-01,9.328248560428619163e-01,2.966244518756866455e-01,5.105449497699737771e-01,2.383768558502197266e-01,2.612115025520324596e-01,4.681095946580171585e-03,4.733375506475567818e-03,2.613171091070398688e-05,2.613171091070398688e-05
2.264277458190917969e+00,2.516750645637512385e+00,2.264303684234619141e+00,2.516776871681213557e+00,7.907153367996215820e-01,8.213789641857147661e-01,9.240521788597106934e-01,9.388840675354004350e-01,3.153883218765258789e-01,4.915382355451584084e-01,2.278179824352264404e-01,2.599803775548935048e-01,6.303704809397459030e-03,4.968944704160094261e-03,2.613254036987200379e-05,2.613254036987200379e-05
2.598269224166870117e+00,2.523632717132568537e+00,2.598295450210571289e+00,2.523658943176269709e+00,8.124446272850036621e-01,8.257176697254180464e-01,9.278085231781005859e-01,9.348677456378936546e-01,6.124545931816101074e-01,5.001193553209304365e-01,2.409371584653854370e-01,2.589315742254257313e-01,4.624234978109598160e-03,3.996377834118903030e-03,2.613244578242301941e-05,2.613244578242301941e-05
2.403583765029907227e+00,2.509995460510253906e+00,2.403609991073608398e+00,2.510021686553955078e+00,8.462322950363159180e-01,8.239147901535034402e-01,9.582875967025756836e-01,9.306226134300231712e-01,3.356506526470184326e-01,4.887185901403426902e-01,2.525059878826141357e-01,2.578673362731933594e-01,1.090713590383529663e-02,8.872085809707641255e-03,2.613364995340816677e-05,2.613364995340816677e-05
2.440990924835205078e+00,2.497468709945678711e+00,2.441017150878906250e+00,2.497494935989379883e+00,8.483719229698181152e-01,8.224769830703735352e-01,9.540939331054687500e-01,9.324336051940917969e-01,3.038557469844818115e-01,4.772608876228332520e-01,3.281420469284057617e-01,2.577104926109313743e-01,6.527311168611049652e-03,7.586773019284009933e-03,2.613452124933246523e-05,2.613452124933246523e-05
2.332033157348632812e+00,2.494790410995483487e+00,2.332059383392333984e+00,2.494816637039184659e+00,8.389505147933959961e-01,8.213613748550414595e-01,9.248946905136108398e-01,9.286987602710723433e-01,2.713296413421630859e-01,4.821894556283951028e-01,2.918708920478820801e-01,2.580755442380905373e-01,4.987434018403291702e-03,4.465211369097232992e-03,2.613694960018619895e-05,2.613694960018619895e-05
4.235356330871582031e+00,2.514079642295837580e+00,4.235382556915283203e+00,2.514105868339538752e+00,8.197711110115051270e-01,8.235744237899780273e-01,9.241445660591125488e-01,9.275720477104186790e-01,2.216961383819580078e+00,4.968675076961517334e-01,2.654061019420623779e-01,2.573408842086791770e-01,9.073154069483280182e-03,8.724837284535168908e-03,2.613604374346323311e-05,2.613604374346323311e-05
2.339077234268188477e+00,2.513577318191528409e+00,2.339103460311889648e+00,2.513603544235229581e+00,8.465775847434997559e-01,8.254724264144897017e-01,9.253150820732116699e-01,9.264429748058319314e-01,2.871247828006744385e-01,5.012424379587173684e-01,2.769775986671447754e-01,2.567315459251403587e-01,3.082374110817909241e-03,3.687924775294959719e-03,2.613701508380472660e-05,2.613701508380472660e-05
2.327107906341552734e+00,2.527925419807433904e+00,2.327134132385253906e+00,2.527951645851135076e+00,8.255442380905151367e-01,8.605156540870666504e-01,9.031262397766113281e-01,9.286883950233459917e-01,2.987163662910461426e-01,4.783427536487579457e-01,2.955292463302612305e-01,2.559798628091812245e-01,4.191795829683542252e-03,4.398784413933753794e-03,2.613797732919920236e-05,2.613797732919920236e-05
2.992126941680908203e+00,2.511404609680175870e+00,2.992153167724609375e+00,2.511430835723877042e+00,8.229836821556091309e-01,8.292763590812682883e-01,9.254731535911560059e-01,9.283239483833313210e-01,9.782475829124450684e-01,4.947029709815978782e-01,2.612871229648590088e-01,2.556285709142684937e-01,4.135420080274343491e-03,3.472792217507958412e-03,2.613725700939539820e-05,2.613725700939539820e-05
3.061232089996337891e+00,2.515573740005493164e+00,3.061258316040039062e+00,2.515599966049194336e+00,8.301817178726196289e-01,8.323150694370269331e-01,8.907365202903747559e-01,9.485922455787658691e-01,9.922577738761901855e-01,4.761069476604461448e-01,3.436585366725921631e-01,2.541272297501563915e-01,4.397527780383825302e-03,4.432195611298084086e-03,2.613912693050224334e-05,2.613912693050224334e-05
2.327086687088012695e+00,2.516387367248535067e+00,2.327112913131713867e+00,2.516413593292236239e+00,8.447685241699218750e-01,8.368624150753021240e-01,9.055691361427307129e-01,9.290415465831756148e-01,2.631317079067230225e-01,4.926245093345641979e-01,3.079433739185333252e-01,2.531907781958580017e-01,5.674066022038459778e-03,4.668201832100748842e-03,2.613871947687584907e-05,2.613871947687584907e-05
2.471773147583007812e+00,2.514811754226684570e+00,2.471799373626708984e+00,2.514837980270385742e+00,8.916012644767761230e-01,8.364512205123901811e-01,9.434455037117004395e-01,9.243609189987183061e-01,3.226359188556671143e-01,4.852820456027984730e-01,3.026930093765258789e-01,2.542056486010551564e-01,1.139731146395206451e-02,1.451185597106814315e-02,2.613818469399120659e-05,2.613818469399120659e-05
2.289331436157226562e+00,2.487975716590881348e+00,2.289357662200927734e+00,2.488001942634582520e+00,8.435049653053283691e-01,8.312770128250122070e-01,9.292665719985961914e-01,9.271433115005492942e-01,2.664184272289276123e-01,4.715890854597091786e-01,2.466655820608139038e-01,2.542857363820075767e-01,3.475944744423031807e-03,3.680581157095730131e-03,2.613854303490370512e-05,2.613854303490370512e-05
2.388988733291625977e+00,2.529274868965148748e+00,2.389014959335327148e+00,2.529301095008849920e+00,8.851872682571411133e-01,8.221733033657073753e-01,9.599568843841552734e-01,9.305931746959685835e-01,2.683865129947662354e-01,5.117154657840728982e-01,2.677486836910247803e-01,2.552056416869163402e-01,7.709550671279430389e-03,9.587227739393711437e-03,2.613957076391670853e-05,2.613957076391670853e-05
2.284501791000366211e+00,2.499287080764770685e+00,2.284528017044067383e+00,2.499313306808471857e+00,8.549963831901550293e-01,8.227261424064635786e-01,9.639313220977783203e-01,9.282587230205535667e-01,2.923968732357025146e-01,4.902139842510223611e-01,1.657008677721023560e-01,2.512194439768791199e-01,7.476412691175937653e-03,6.868777703493833889e-03,2.613920332805719227e-05,2.613920332805719227e-05
2.275510787963867188e+00,2.496242308616638095e+00,2.275537014007568359e+00,2.496268534660339267e+00,8.097308278083801270e-01,8.200953483581543413e-01,9.079906344413757324e-01,9.309474408626556841e-01,2.906163334846496582e-01,4.880177319049835427e-01,2.613924741744995117e-01,2.501482352614402549e-01,5.780756007879972458e-03,7.033539796248077999e-03,2.614022014313377440e-05,2.614022014313377440e-05
2.284774065017700195e+00,2.506781554222107022e+00,2.284800291061401367e+00,2.506807780265808194e+00,8.271913528442382812e-01,8.258597195148468240e-01,9.433473348617553711e-01,9.320106208324432373e-01,2.839083075523376465e-01,4.955021679401397927e-01,2.249908298254013062e-01,2.490020975470542963e-01,5.336381029337644577e-03,4.406959889456630100e-03,2.613988181110471487e-05,2.613988181110471487e-05
2.295212268829345703e+00,2.516698813438415616e+00,2.295238494873046875e+00,2.516725039482116788e+00,8.290672302246093750e-01,8.210174620151520219e-01,9.348089098930358887e-01,9.308768928050994429e-01,2.757794857025146484e-01,5.088393688201904297e-01,2.490506470203399658e-01,2.489537745714187622e-01,6.505929399281740189e-03,7.011390151455998074e-03,2.614116783661302179e-05,2.614116783661302179e-05
2.291331291198730469e+00,2.506705331802367986e+00,2.291357517242431641e+00,2.506731557846069158e+00,8.460447788238525391e-01,8.268210351467132346e-01,9.289724826812744141e-01,9.282136440277100053e-01,2.686824202537536621e-01,4.997188299894332886e-01,2.416624873876571655e-01,2.466651931405067499e-01,5.968989804387092590e-03,5.286621442064642733e-03,2.614323966554366052e-05,2.614323966554366052e-05
2.302115917205810547e+00,2.560967588424682528e+00,2.302142143249511719e+00,2.560993814468383700e+00,8.034582734107971191e-01,8.414227247238159624e-01,8.911419510841369629e-01,9.282578706741333452e-01,3.008856475353240967e-01,5.254206806421279907e-01,2.929320931434631348e-01,2.463188692927360535e-01,1.369776483625173569e-02,1.954742018133402010e-02,2.614345976326148957e-05,2.614345976326148957e-05
2.650999546051025391e+00,2.521499490737915128e+00,2.651025772094726562e+00,2.521525716781616300e+00,8.823222517967224121e-01,8.276415646076202837e-01,9.724372625350952148e-01,9.319470643997191939e-01,5.354567170143127441e-01,5.083252876996994241e-01,2.562074661254882812e-01,2.472561523318290710e-01,4.575938452035188675e-03,6.329384865239262581e-03,2.614451659610494971e-05,2.614451659610494971e-05
2.167791128158569336e+00,2.501812863349914373e+00,2.167817354202270508e+00,2.501839089393615545e+00,7.678751945495605469e-01,8.232449591159820557e-01,9.025750160217285156e-01,9.302329719066619873e-01,2.893161773681640625e-01,4.976159185171127319e-01,2.030232697725296021e-01,2.471277385950088612e-01,5.001556593924760818e-03,3.591291629709303292e-03,2.614504410303197801e-05,2.614504410303197801e-05
2.165608167648315430e+00,2.504951739311218173e+00,2.165634393692016602e+00,2.504977965354919345e+00,7.599672675132751465e-01,8.202997803688049094e-01,9.008362293243408203e-01,9.320686399936676247e-01,2.786402702331542969e-01,4.988014519214630238e-01,2.200893014669418335e-01,2.488270387053489741e-01,6.075140088796615601e-03,4.954799031838774855e-03,2.614501863718032837e-05,2.614501863718032837e-05
2.357866287231445312e+00,2.500096702575683505e+00,2.357892513275146484e+00,2.500122928619384677e+00,8.312882184982299805e-01,8.213582038879394531e-01,9.258445501327514648e-01,9.268515110015869141e-01,2.949362397193908691e-01,4.957104533910751121e-01,3.017777502536773682e-01,2.494043976068496815e-01,4.019383341073989868e-03,6.772105256095528950e-03,2.614365803310647607e-05,2.614365803310647607e-05
2.937986612319946289e+00,2.544999551773071467e+00,2.938012838363647461e+00,2.545025777816772639e+00,8.451174497604370117e-01,8.446798026561737061e-01,9.152880311012268066e-01,9.315561294555664285e-01,8.489565253257751465e-01,5.036879539489745872e-01,3.027746081352233887e-01,2.461739957332610973e-01,2.584985829889774323e-02,1.890167389065027306e-02,2.614377808640711010e-05,2.614377808640711010e-05
2.336445569992065430e+00,2.541726207733154386e+00,2.336471796035766602e+00,2.541752433776855558e+00,8.607301712036132812e-01,8.472966909408569114e-01,9.332844614982604980e-01,9.326884508132934348e-01,3.279203474521636963e-01,5.051823616027831809e-01,1.983382403850555420e-01,2.446022525429725758e-01,1.617218181490898132e-02,1.195644084364175762e-02,2.614510958665050566e-05,2.614510958665050566e-05
2.529582977294921875e+00,2.567860460281372159e+00,2.529609203338623047e+00,2.567886686325073331e+00,8.143795728683471680e-01,8.580629944801330122e-01,9.209647178649902344e-01,9.456834971904755083e-01,5.814667344093322754e-01,5.129161804914474931e-01,2.013929337263107300e-01,2.430747136473655756e-01,1.137905009090900421e-02,8.123043505474925735e-03,2.614664117572829127e-05,2.614664117572829127e-05
2.312631368637084961e+00,2.523342156410217196e+00,2.312657594680786133e+00,2.523368382453918368e+00,8.198382854461669922e-01,8.383154153823852983e-01,9.330864548683166504e-01,9.325203955173492210e-01,3.498739600181579590e-01,5.019487321376800981e-01,2.006347179412841797e-01,2.429417446255683899e-01,9.197926148772239685e-03,7.615870935842395176e-03,2.614701588754542172e-05,2.614701588754542172e-05
2.357576131820678711e+00,2.504706573486328303e+00,2.357602357864379883e+00,2.504732799530029475e+00,8.372191786766052246e-01,8.215602993965148704e-01,9.351255297660827637e-01,9.334653496742248979e-01,3.323300182819366455e-01,5.024627983570099099e-01,2.477045655250549316e-01,2.425500944256782643e-01,5.196818150579929352e-03,4.668050399050116712e-03,2.614778350107371807e-05,2.614778350107371807e-05
2.331471204757690430e+00,2.496760010719299316e+00,2.331497430801391602e+00,2.496786236763000488e+00,7.923548221588134766e-01,8.228397667407989502e-01,9.309286475181579590e-01,9.286589384078979270e-01,3.207035362720489502e-01,4.968261718750000000e-01,2.811713516712188721e-01,2.428997918963432257e-01,6.312764249742031097e-03,5.535299563780427326e-03,2.614891855046153069e-05,2.614891855046153069e-05
2.866501808166503906e+00,2.498828411102294922e+00,2.866528034210205078e+00,2.498854637145996094e+00,8.237878680229187012e-01,8.267096221446991189e-01,9.208549261093139648e-01,9.314964115619659424e-01,8.318030238151550293e-01,4.874477148056030051e-01,2.779969274997711182e-01,2.428487747907638605e-01,1.205907296389341354e-02,1.032584700733423302e-02,2.614966433611698449e-05,2.614966433611698449e-05
2.856626987457275391e+00,2.492157793045044034e+00,2.856653213500976562e+00,2.492184019088745206e+00,8.357823491096496582e-01,8.202523589134216309e-01,9.228540658950805664e-01,9.303941309452057329e-01,8.230980634689331055e-01,4.942543745040893777e-01,2.698200941085815430e-01,2.421863690018653814e-01,5.072062369436025620e-03,5.070654954761266535e-03,2.615113953652326018e-05,2.615113953652326018e-05
2.272467374801635742e+00,2.501469182968139471e+00,2.272493600845336914e+00,2.501495409011840643e+00,8.262205123901367188e-01,8.194598138332367387e-01,9.377250075340270996e-01,9.293202161788940430e-01,2.773393690586090088e-01,5.064803957939147949e-01,2.258570492267608643e-01,2.414696276187896784e-01,5.325230304151773453e-03,4.739178204908966671e-03,2.615318953758105636e-05,2.615318953758105636e-05
2.827850103378295898e+00,2.505766153335571289e+00,2.827876329421997070e+00,2.505792379379272461e+00,8.378792405128479004e-01,8.267669022083282693e-01,9.328270554542541504e-01,9.278895735740662065e-01,8.101570606231689453e-01,5.037417918443679588e-01,2.416844516992568970e-01,2.406635075807571356e-01,5.302200093865394592e-03,6.704399688169359814e-03,2.615434459585230798e-05,2.615434459585230798e-05
2.418648719787597656e+00,2.613639569282531827e+00,2.418674945831298828e+00,2.613665795326232999e+00,8.500930666923522949e-01,9.055795788764953169e-01,9.374826550483703613e-01,9.373188376426696555e-01,3.434004783630371094e-01,5.178305000066757424e-01,2.799652814865112305e-01,2.404568627476692255e-01,7.707211188971996307e-03,1.245388565585017239e-02,2.615577614051289856e-05,2.615577614051289856e-05
2.256648063659667969e+00,2.566141963005065918e+00,2.256674289703369141e+00,2.566168189048767090e+00,8.215553164482116699e-01,8.575598120689391646e-01,9.390810132026672363e-01,9.330007731914520264e-01,2.687074840068817139e-01,5.269773244857788308e-01,2.164518833160400391e-01,2.406922012567520031e-01,1.085235457867383957e-02,7.911916356533765793e-03,2.615644916659221053e-05,2.615644916659221053e-05
2.299281358718872070e+00,2.516025495529174982e+00,2.299307584762573242e+00,2.516051721572876154e+00,8.385544419288635254e-01,8.286558091640472412e-01,9.445662498474121094e-01,9.300108075141906294e-01,2.927179932594299316e-01,5.118672728538513628e-01,2.174726873636245728e-01,2.398188054561614935e-01,5.970057100057601929e-03,5.672772182151675224e-03,2.615913763293065131e-05,2.615913763293065131e-05
2.265542268753051758e+00,2.498124527931213201e+00,2.265568494796752930e+00,2.498150753974914373e+00,7.872704267501831055e-01,8.232257604598999245e-01,9.204070568084716797e-01,9.303605496883392556e-01,3.298295140266418457e-01,5.010411113500594649e-01,2.224337309598922729e-01,2.390743404626846369e-01,5.601302720606327057e-03,4.422762617468834097e-03,2.616119672893546522e-05,2.616119672893546522e-05
2.290167331695556641e+00,2.497743844985961914e+00,2.290193557739257812e+00,2.497770071029663086e+00,8.345336318016052246e-01,8.206085383892058882e-01,9.535883069038391113e-01,9.328254878520965132e-01,3.265051543712615967e-01,5.008037000894546287e-01,1.694690883159637451e-01,2.395139455795288197e-01,6.071209441870450974e-03,3.992143808864057411e-03,2.616156962176319212e-05,2.616156962176319212e-05
4.210387229919433594e+00,2.563469314575195224e+00,4.210413455963134766e+00,2.563495540618896396e+00,8.370823860168457031e-01,8.559008300304412620e-01,8.854396939277648926e-01,9.317784786224365678e-01,2.184571266174316406e+00,5.342854797840118630e-01,2.970645427703857422e-01,2.370816543698310852e-01,6.229606457054615021e-03,4.422866087406873530e-03,2.616347046568989754e-05,2.616347046568989754e-05
2.260905742645263672e+00,2.547111845016479581e+00,2.260931968688964844e+00,2.547138071060180753e+00,7.515824437141418457e-01,8.379858374595642312e-01,9.079449176788330078e-01,9.326044082641601340e-01,3.277949392795562744e-01,5.339534908533096758e-01,2.678750455379486084e-01,2.366775020956993214e-01,5.708571057766675949e-03,5.890563549473881895e-03,2.616730125737376511e-05,2.616730125737376511e-05
2.583097457885742188e+00,2.584905147552490234e+00,2.583123683929443359e+00,2.584931373596191406e+00,8.975753188133239746e-01,8.962129175662993941e-01,9.381841421127319336e-01,9.378702044486999512e-01,4.808742403984069824e-01,5.036834448575973067e-01,2.578153014183044434e-01,2.373938485980033875e-01,8.648482151329517365e-03,9.744760114699602127e-03,2.616954952827654779e-05,2.616954952827654779e-05
2.895117282867431641e+00,2.491811227798462092e+00,2.895143508911132812e+00,2.491837453842163264e+00,8.351141810417175293e-01,8.291101992130279763e-01,9.363625049591064453e-01,9.290550887584686501e-01,8.660158514976501465e-01,4.838781833648681530e-01,2.482569068670272827e-01,2.412744954228401295e-01,9.367651306092739105e-03,8.493190817534922860e-03,2.616972960822749883e-05,2.616972960822749883e-05
2.301944017410278320e+00,2.543177437782287775e+00,2.301970243453979492e+00,2.543203663825988947e+00,8.451930284500122070e-01,8.378617107868194802e-01,9.238668084144592285e-01,9.337137639522552490e-01,2.931025922298431396e-01,5.245310842990875688e-01,2.356483042240142822e-01,2.421304196119308527e-01,4.133301787078380585e-03,4.940368607640266765e-03,2.617156133055686951e-05,2.617156133055686951e-05
2.199730634689331055e+00,2.511843395233154475e+00,2.199756860733032227e+00,2.511869621276855646e+00,8.123899102210998535e-01,8.292410492897033247e-01,9.384571909904479980e-01,9.327401936054229292e-01,2.661225199699401855e-01,4.988832831382751243e-01,1.747377812862396240e-01,2.437350794672966114e-01,8.023309521377086639e-03,7.243855344131589109e-03,2.617374411784112453e-05,2.617374411784112453e-05
2.230057477951049805e+00,2.534295654296875089e+00,2.230083703994750977e+00,2.534321880340576261e+00,8.044245839118957520e-01,8.187221467494965044e-01,9.535260200500488281e-01,9.305056750774383101e-01,2.718565165996551514e-01,5.310311526060104148e-01,1.930200159549713135e-01,2.441325753927230946e-01,7.230342831462621689e-03,9.904060047119855881e-03,2.617531572468578815e-05,2.617531572468578815e-05
2.690789222717285156e+00,2.524481391906738370e+00,2.690815448760986328e+00,2.524507617950439542e+00,8.695966005325317383e-01,8.429334223270416038e-01,9.425511956214904785e-01,9.282330751419067827e-01,5.509851574897766113e-01,5.042386680841446367e-01,3.247676789760589600e-01,2.456557869911193959e-01,2.888789167627692223e-03,3.420463926158845251e-03,2.618306098156608641e-05,2.618306098156608641e-05
2.274929761886596680e+00,2.490576052665710360e+00,2.274955987930297852e+00,2.490602278709411532e+00,7.862085103988647461e-01,8.158881723880767600e-01,9.170022010803222656e-01,9.319635987281799094e-01,3.278537690639495850e-01,4.960732966661453025e-01,2.389760464429855347e-01,2.432328611612319946e-01,4.889301024377346039e-03,3.418070427142083471e-03,2.618099097162485123e-05,2.618099097162485123e-05
2.666823148727416992e+00,2.477761411666870028e+00,2.666849374771118164e+00,2.477787637710571200e+00,8.501691818237304688e-01,8.175383865833282249e-01,9.287284016609191895e-01,9.269944608211517778e-01,6.050139665603637695e-01,4.863713383674621582e-01,2.780364155769348145e-01,2.423420831561088618e-01,4.875116515904664993e-03,4.515199502930044954e-03,2.617931932036299258e-05,2.617931932036299258e-05
2.248500823974609375e+00,2.495058488845825373e+00,2.248527050018310547e+00,2.495084714889526545e+00,7.903029322624206543e-01,8.217499136924744096e-01,9.263843297958374023e-01,9.277446269989013672e-01,3.058165311813354492e-01,4.998233705759048684e-01,2.212362885475158691e-01,2.419330164790153559e-01,4.760672803968191147e-03,3.807565686292946252e-03,2.617829886730760336e-05,2.617829886730760336e-05
2.321631669998168945e+00,2.490361380577087225e+00,2.321657896041870117e+00,2.490387606620788397e+00,8.276433944702148438e-01,8.173651456832885520e-01,9.305138587951660156e-01,9.261024117469787154e-01,2.820574641227722168e-01,5.009922653436660323e-01,2.778390944004058838e-01,2.423634007573127747e-01,3.577675670385360718e-03,3.538165008649230003e-03,2.617884456412866712e-05,2.617884456412866712e-05
2.507276296615600586e+00,2.512136864662170233e+00,2.507302522659301758e+00,2.512163090705871404e+00,8.700396418571472168e-01,8.137936770915985552e-01,9.413891434669494629e-01,9.271303355693817361e-01,4.420299828052520752e-01,5.243799209594726118e-01,2.497328519821166992e-01,2.423593342304229681e-01,4.084917716681957245e-03,4.473605053499340664e-03,2.617914651636965573e-05,2.617914651636965573e-05
2.394247770309448242e+00,2.527390956878662109e+00,2.394273996353149414e+00,2.527417182922363281e+00,8.674653768539428711e-01,8.376475691795348677e-01,9.454388618469238281e-01,9.260993897914886475e-01,3.017604649066925049e-01,5.179399311542510764e-01,2.765340507030487061e-01,2.425170868635177501e-01,3.048997605219483376e-03,3.186990786343812769e-03,2.618105281726457179e-05,2.618105281726457179e-05
2.382318735122680664e+00,2.496138119697570712e+00,2.382344961166381836e+00,2.496164345741271884e+00,8.693516254425048828e-01,8.200758397579193115e-01,9.611449241638183594e-01,9.267302930355072466e-01,2.973764240741729736e-01,5.018285244703293291e-01,2.508517503738403320e-01,2.429555460810661205e-01,3.594168229028582573e-03,4.547918867319822485e-03,2.618151120259426534e-05,2.618151120259426534e-05
2.306067228317260742e+00,2.480914950370788574e+00,2.306093454360961914e+00,2.480941176414489746e+00,8.147907853126525879e-01,8.172329306602478249e-01,9.079992771148681641e-01,9.258783400058746560e-01,3.121674656867980957e-01,4.916352093219756858e-01,2.677225172519683838e-01,2.429270863533020131e-01,3.387145465239882469e-03,3.241374483332038012e-03,2.618218422867357731e-05,2.618218422867357731e-05
2.192340612411499023e+00,2.497141480445861816e+00,2.192366838455200195e+00,2.497167706489562988e+00,7.738445401191711426e-01,8.124568045139313188e-01,9.133390188217163086e-01,9.315052211284637895e-01,2.850958108901977539e-01,5.072706878185272439e-01,2.162163257598876953e-01,2.426438882946967968e-01,3.844946390017867088e-03,3.264890704303980047e-03,2.618119106045924127e-05,2.618119106045924127e-05
2.545331478118896484e+00,2.498084259033203303e+00,2.545357704162597656e+00,2.498110485076904475e+00,8.398315310478210449e-01,8.166902065277099609e-01,9.319465756416320801e-01,9.289083659648895708e-01,5.373758077621459961e-01,5.054907292127609475e-01,2.283375859260559082e-01,2.415232688188552745e-01,7.839931175112724304e-03,5.471755797043442553e-03,2.618257713038474321e-05,2.618257713038474321e-05
2.204233646392822266e+00,2.508154654502868564e+00,2.204259872436523438e+00,2.508180880546569735e+00,7.930135726928710938e-01,8.160905003547668235e-01,9.225316643714904785e-01,9.261238276958465576e-01,2.580441534519195557e-01,5.208265364170074907e-01,2.264841645956039429e-01,2.415748059749603383e-01,4.160072654485702515e-03,3.539054933935403650e-03,2.618342477944679558e-05,2.618342477944679558e-05
2.253823041915893555e+00,2.490184044837951749e+00,2.253849267959594727e+00,2.490210270881652921e+00,8.215282559394836426e-01,8.197246313095092329e-01,9.195993542671203613e-01,9.245945572853088157e-01,2.859298884868621826e-01,4.997977375984191672e-01,2.229351401329040527e-01,2.424406319856643732e-01,3.830475499853491783e-03,3.626487846486270254e-03,2.618472353788092732e-05,2.618472353788092732e-05
2.287752866744995117e+00,2.494117307662963690e+00,2.287779092788696289e+00,2.494143533706664861e+00,8.174861073493957520e-01,8.182105064392090066e-01,9.250186085700988770e-01,9.313336730003356490e-01,3.090420067310333252e-01,4.989766180515289307e-01,2.314484119415283203e-01,2.404576003551483210e-01,4.757666029036045074e-03,5.138980271294712847e-03,2.618662256281822920e-05,2.618662256281822920e-05
2.283402919769287109e+00,2.481165838241577326e+00,2.283429145812988281e+00,2.481192064285278498e+00,8.276751637458801270e-01,8.171013832092285378e-01,9.446015954017639160e-01,9.273487389087676780e-01,3.092269003391265869e-01,4.931776851415634044e-01,1.971413046121597290e-01,2.394643008708953746e-01,4.757773596793413162e-03,4.073752253316342657e-03,2.618772850837558508e-05,2.618772850837558508e-05
2.427205324172973633e+00,2.487669491767883212e+00,2.427231550216674805e+00,2.487695717811584384e+00,8.049078583717346191e-01,8.145132005214691384e-01,9.196059703826904297e-01,9.288063406944274680e-01,4.863815903663635254e-01,5.016405344009399192e-01,2.111297547817230225e-01,2.386579722166061457e-01,5.180429667234420776e-03,4.051425145007669926e-03,2.618660073494538665e-05,2.618660073494538665e-05
2.247437715530395508e+00,2.544140553474426358e+00,2.247463941574096680e+00,2.544166779518127530e+00,8.267511129379272461e-01,8.173374831676483154e-01,9.370697140693664551e-01,9.276118576526641846e-01,2.581739425659179688e-01,5.562791287899017112e-01,2.204075604677200317e-01,2.380152791738510132e-01,5.035389214754104614e-03,4.896784899756312370e-03,2.618858343339525163e-05,2.618858343339525163e-05
2.316385746002197266e+00,2.510303640365600497e+00,2.316411972045898438e+00,2.510329866409301669e+00,8.259571194648742676e-01,8.217827737331390159e-01,9.474647045135498047e-01,9.254761993885040061e-01,2.731339931488037109e-01,5.226215720176696777e-01,2.659690082073211670e-01,2.371998444199562017e-01,3.860841505229473114e-03,3.223194787278771227e-03,2.618902726680971682e-05,2.618902726680971682e-05
2.304167985916137695e+00,2.501558923721313388e+00,2.304194211959838867e+00,2.501585149765014560e+00,8.257625102996826172e-01,8.172653555870056374e-01,9.498552083969116211e-01,9.398501574993133323e-01,3.195658624172210693e-01,5.029623776674270186e-01,2.068202048540115356e-01,2.378159627318382208e-01,2.164008095860481262e-03,3.665103926323354244e-03,2.618988946778699756e-05,2.618988946778699756e-05
2.304352521896362305e+00,2.492538428306579679e+00,2.304378747940063477e+00,2.492564654350280851e+00,7.729308009147644043e-01,8.167866408824920876e-01,8.846742510795593262e-01,9.305884659290313277e-01,3.644224703311920166e-01,5.026374250650406106e-01,2.773759961128234863e-01,2.382132366299629100e-01,4.949018824845552444e-03,4.312610626220703472e-03,2.619037695694714785e-05,2.619037695694714785e-05
2.636375904083251953e+00,2.480298662185668856e+00,2.636402130126953125e+00,2.480324888229370028e+00,7.752652764320373535e-01,8.161918342113494429e-01,8.880457282066345215e-01,9.279161870479584184e-01,7.265458703041076660e-01,4.897211283445358498e-01,2.330142557621002197e-01,2.385605439543724005e-01,1.350466720759868622e-02,7.908964296802878380e-03,2.619041333673521876e-05,2.619041333673521876e-05
2.338084220886230469e+00,2.505765938758850009e+00,2.338110446929931641e+00,2.505792164802551181e+00,8.428638577461242676e-01,8.212002158164978249e-01,9.615412950515747070e-01,9.358398735523223433e-01,3.106015920639038086e-01,5.029542088508606179e-01,2.143793553113937378e-01,2.359481960535049494e-01,8.698070421814918518e-03,9.823381621390580437e-03,2.619015140226110816e-05,2.619015140226110816e-05
2.379326581954956055e+00,2.512929439544677734e+00,2.379352807998657227e+00,2.512955665588378906e+00,8.124337196350097656e-01,8.231262028217315452e-01,9.130434989929199219e-01,9.338166475296020286e-01,3.341371417045593262e-01,5.109062939882278442e-01,3.119348287582397461e-01,2.351318672299385071e-01,7.777546998113393784e-03,9.948418661952018044e-03,2.619055521790869534e-05,2.619055521790869534e-05
2.392094373703002930e+00,2.510114741325378596e+00,2.392120599746704102e+00,2.510140967369079767e+00,8.287546038627624512e-01,8.145203769207001177e-01,9.941017627716064453e-01,9.308404386043548362e-01,3.193899095058441162e-01,5.249654024839400801e-01,2.449418455362319946e-01,2.349450588226318359e-01,4.906129557639360428e-03,4.843447031453252186e-03,2.618928556330502033e-05,2.618928556330502033e-05
2.204571962356567383e+00,2.573912334442138850e+00,2.204598188400268555e+00,2.573938560485840021e+00,8.158587813377380371e-01,8.170762121677398460e-01,9.424827694892883301e-01,9.287864923477172630e-01,1.978235989809036255e-01,5.894939661026000755e-01,2.413191348314285278e-01,2.343744754791259877e-01,7.087791804224252701e-03,4.181211395189165896e-03,2.619290535221807659e-05,2.619290535221807659e-05
2.209006071090698242e+00,2.550772213935851962e+00,2.209032297134399414e+00,2.550798439979553134e+00,8.449926376342773438e-01,8.233970999717712402e-01,9.419830441474914551e-01,9.266709268093109575e-01,2.159779071807861328e-01,5.617899924516678301e-01,2.016911059617996216e-01,2.353468313813209534e-01,4.361352417618036270e-03,3.567254683002829378e-03,2.619417682581115514e-05,2.619417682581115514e-05
3.171574354171752930e+00,2.490349435806274325e+00,3.171600580215454102e+00,2.490375661849975497e+00,8.502019047737121582e-01,8.184836566448211448e-01,9.517529010772705078e-01,9.274283409118652122e-01,1.146439075469970703e+00,5.019605010747909546e-01,2.178479880094528198e-01,2.382501259446144215e-01,5.332524422556161880e-03,4.226769087836146355e-03,2.619461884023621678e-05,2.619461884023621678e-05
2.130862474441528320e+00,2.527224850654602228e+00,2.130888700485229492e+00,2.527251076698303400e+00,7.597956061363220215e-01,8.172515451908111128e-01,9.080741405487060547e-01,9.249689221382141335e-01,2.350236475467681885e-01,5.428392857313155684e-01,2.239366173744201660e-01,2.387647643685340826e-01,4.032422322779893875e-03,3.400267846882343119e-03,2.619461156427860260e-05,2.619461156427860260e-05
2.824106454849243164e+00,2.547040104866027832e+00,2.824132680892944336e+00,2.547066330909729004e+00,8.070440888404846191e-01,8.154288470745086892e-01,9.254073500633239746e-01,9.518454849720001665e-01,8.098440170288085938e-01,5.325521111488342729e-01,2.773030698299407959e-01,2.408260643482208196e-01,4.508045502007007599e-03,6.387586938217282295e-03,2.619553197291679680e-05,2.619553197291679680e-05
2.357262372970581055e+00,2.539231276512146085e+00,2.357288599014282227e+00,2.539257502555847257e+00,8.768129348754882812e-01,8.274045407772063765e-01,9.559456706047058105e-01,9.263630747795105203e-01,2.667353451251983643e-01,5.394230484962463379e-01,2.547827363014221191e-01,2.415704518556594793e-01,2.985810628160834312e-03,4.470228636637330229e-03,2.619569931994192302e-05,2.619569931994192302e-05
2.318717002868652344e+00,2.494830179214477361e+00,2.318743228912353516e+00,2.494856405258178533e+00,8.475448489189147949e-01,8.213967442512511985e-01,9.518758654594421387e-01,9.267262876033782737e-01,2.730202674865722656e-01,4.999485701322555764e-01,2.424269467592239380e-01,2.430879518389701954e-01,3.848943393677473068e-03,3.670649533160030668e-03,2.619526458147447556e-05,2.619526458147447556e-05
2.540664672851562500e+00,2.481163263320922852e+00,2.540690898895263672e+00,2.481189489364624023e+00,8.348321318626403809e-01,8.168572187423706055e-01,9.324656724929809570e-01,9.279005289077758567e-01,4.895613789558410645e-01,4.911816030740737693e-01,2.805106639862060547e-01,2.411723867058754023e-01,3.294857684522867203e-03,4.051505192182958300e-03,2.619444057927466929e-05,2.619444057927466929e-05
2.263670206069946289e+00,2.506885194778442294e+00,2.263696432113647461e+00,2.506911420822143466e+00,7.618214488029479980e-01,8.380192577838897483e-01,8.792130351066589355e-01,9.276013374328613281e-01,3.125545084476470947e-01,4.938007712364196888e-01,3.060442507266998291e-01,2.405667021870613043e-01,4.036802332848310471e-03,6.897194031625986273e-03,2.619396218506153673e-05,2.619396218506153673e-05
2.197572469711303711e+00,2.487799715995788752e+00,2.197598695755004883e+00,2.487825942039489924e+00,8.048607110977172852e-01,8.128732383251190408e-01,9.382233619689941406e-01,9.329947769641876443e-01,2.429227530956268311e-01,4.979904592037200928e-01,2.086015641689300537e-01,2.402392804622650035e-01,2.963979495689272881e-03,3.701905440539121801e-03,2.619358383526559919e-05,2.619358383526559919e-05
2.240370035171508789e+00,2.501352334022521884e+00,2.240396261215209961e+00,2.501378560066223056e+00,7.825565934181213379e-01,8.149966478347778764e-01,9.109090566635131836e-01,9.323201835155486839e-01,3.047480583190917969e-01,5.146179348230361938e-01,2.367740273475646973e-01,2.346949845552444569e-01,5.382234696298837662e-03,4.722644528374076063e-03,2.619286169647239149e-05,2.619286169647239149e-05
2.484898328781127930e+00,2.499105358123779208e+00,2.484924554824829102e+00,2.499131584167480380e+00,8.048973083496093750e-01,8.217661619186401589e-01,9.181551933288574219e-01,9.300536572933196799e-01,5.031076073646545410e-01,5.117682307958603127e-01,2.556139528751373291e-01,2.321303620934486445e-01,3.124281996861100197e-03,3.386953310109674757e-03,2.619192309794016182e-05,2.619192309794016182e-05
2.309126377105712891e+00,2.496572256088256836e+00,2.309152603149414062e+00,2.496598482131958008e+00,8.335533142089843750e-01,8.162382662296294722e-01,9.281392693519592285e-01,9.330447852611541970e-01,2.651729881763458252e-01,5.100339293479919656e-01,2.766371369361877441e-01,2.315231263637542725e-01,5.623890087008476257e-03,5.732135614380240440e-03,2.619165024952962995e-05,2.619165024952962995e-05
3.223865747451782227e+00,2.488065791130066096e+00,3.223891973495483398e+00,2.488092017173767267e+00,7.786189317703247070e-01,8.224759995937347412e-01,9.128527641296386719e-01,9.264474332332610640e-01,1.277304649353027344e+00,5.032127857208251731e-01,2.512560188770294189e-01,2.323426052927970997e-01,3.833593335002660751e-03,3.587031923234462912e-03,2.619153747218661010e-05,2.619153747218661010e-05
2.258016347885131836e+00,2.493061089515685946e+00,2.258042573928833008e+00,2.493087315559387118e+00,7.959086298942565918e-01,8.172730088233948198e-01,9.189047813415527344e-01,9.335240781307220237e-01,2.974345088005065918e-01,5.068662703037262185e-01,2.431448698043823242e-01,2.326782435178756658e-01,2.623277483507990837e-03,2.719496423378586596e-03,2.619264341774396598e-05,2.619264341774396598e-05
3.008306741714477539e+00,2.496622323989868164e+00,3.008332967758178711e+00,2.496648550033569336e+00,8.664436340332031250e-01,8.395902514457702637e-01,9.433876276016235352e-01,9.287450730800628218e-01,9.470079541206359863e-01,4.915412068367004395e-01,2.490095496177673340e-01,2.326781272888183705e-01,2.457785885781049728e-03,4.067673161625861948e-03,2.619337828946299851e-05,2.619337828946299851e-05
2.376605510711669922e+00,2.476080632209777921e+00,2.376631736755371094e+00,2.476106858253479093e+00,8.418251276016235352e-01,8.211473703384399858e-01,9.481313824653625488e-01,9.329432249069213867e-01,3.123353123664855957e-01,4.841326922178268433e-01,2.711701393127441406e-01,2.329628124833106884e-01,3.143541980534791946e-03,4.894510656595229929e-03,2.619485894683748484e-05,2.619485894683748484e-05
3.247958421707153320e+00,2.491695070266723544e+00,3.247984647750854492e+00,2.491721296310424716e+00,7.467401623725891113e-01,8.195983469486236572e-01,8.798795342445373535e-01,9.322203755378722922e-01,1.394386768341064453e+00,5.005708813667297807e-01,2.171536982059478760e-01,2.328014761209487860e-01,9.798114188015460968e-03,6.504039745777845383e-03,2.619643419166095555e-05,2.619643419166095555e-05
2.332069635391235352e+00,2.495437908172607244e+00,2.332095861434936523e+00,2.495464134216308416e+00,8.241911530494689941e-01,8.208512485027312788e-01,9.423891305923461914e-01,9.350671172142028809e-01,3.189090192317962646e-01,5.032546222209930420e-01,2.415426522493362427e-01,2.313758134841918945e-01,5.037706810981035233e-03,4.889102466404437845e-03,2.619464612507726997e-05,2.619464612507726997e-05
2.334300756454467773e+00,2.474276995658874601e+00,2.334326982498168945e+00,2.474303221702575772e+00,8.491383790969848633e-01,8.202603876590728316e-01,9.456455111503601074e-01,9.315183460712432861e-01,3.128345012664794922e-01,4.873091936111449973e-01,2.239756137132644653e-01,2.317197293043136708e-01,2.706694882363080978e-03,3.469302062876522628e-03,2.619475526444148272e-05,2.619475526444148272e-05
2.233982563018798828e+00,2.493909859657287509e+00,2.234008789062500000e+00,2.493936085700988681e+00,7.981527447700500488e-01,8.190607070922851785e-01,9.308051466941833496e-01,9.377060413360596147e-01,2.999181747436523438e-01,4.941682964563369751e-01,1.963197886943817139e-01,2.326803803443908691e-01,8.786630816757678986e-03,1.029451759532093967e-02,2.619586666696704924e-05,2.619586666696704924e-05
2.717933416366577148e+00,2.488747549057007014e+00,2.717959642410278320e+00,2.488773775100708185e+00,8.066996932029724121e-01,8.205857634544372337e-01,9.097270369529724121e-01,9.323115825653076616e-01,7.035825252532958984e-01,4.985175728797912598e-01,2.941727042198181152e-01,2.328387811779975836e-01,3.751514945179224014e-03,4.493778152391314333e-03,2.619697261252440512e-05,2.619697261252440512e-05
2.545409202575683594e+00,2.459620690345764249e+00,2.545435428619384766e+00,2.459646916389465421e+00,8.666490316390991211e-01,8.239260911941528320e-01,9.470738172531127930e-01,9.323254048824309859e-01,4.987941980361938477e-01,4.656938672065734641e-01,2.249992191791534424e-01,2.315091818571090587e-01,7.892857305705547333e-03,6.166084902361035347e-03,2.619832048367243260e-05,2.619832048367243260e-05
2.291373014450073242e+00,2.457831239700317472e+00,2.291399240493774414e+00,2.457857465744018644e+00,8.143888711929321289e-01,8.156220972537994163e-01,9.313442111015319824e-01,9.345710873603820801e-01,3.037755489349365234e-01,4.648876607418060414e-01,2.322089821100234985e-01,2.307284638285636846e-01,9.655434638261795044e-03,1.202187584713101422e-02,2.619703445816412568e-05,2.619703445816412568e-05
2.498204469680786133e+00,2.461400604248046964e+00,2.498230695724487305e+00,2.461426830291748136e+00,8.184697628021240234e-01,8.200871646404266357e-01,9.355921745300292969e-01,9.311419785022735374e-01,5.773820281028747559e-01,4.752729713916778453e-01,1.614163368940353394e-01,2.307610824704170172e-01,5.344256293028593063e-03,4.137417254969477827e-03,2.619827500893734396e-05,2.619827500893734396e-05
2.649142265319824219e+00,2.454284143447876154e+00,2.649168491363525391e+00,2.454310369491577326e+00,7.760154604911804199e-01,8.144629895687103271e-01,9.229890704154968262e-01,9.314738154411316140e-01,7.402360439300537109e-01,4.742418318986892922e-01,2.068884670734405518e-01,2.306909397244453486e-01,3.013477893546223640e-03,3.414605511352419853e-03,2.619870610942598432e-05,2.619870610942598432e-05
2.792844057083129883e+00,2.452561187744140447e+00,2.792870283126831055e+00,2.452587413787841619e+00,8.075891137123107910e-01,8.127198994159698930e-01,9.176391363143920898e-01,9.345230281352996382e-01,7.845495343208312988e-01,4.683246731758117787e-01,2.775905728340148926e-01,2.302229508757591137e-01,5.475862417370080948e-03,6.770687038078903805e-03,2.619846418383531272e-05,2.619846418383531272e-05
2.203875780105590820e+00,2.474631881713867276e+00,2.203902006149291992e+00,2.474658107757568448e+00,8.358950018882751465e-01,8.256211459636688677e-01,9.152483940124511719e-01,9.313986003398895264e-01,2.406563162803649902e-01,4.853228211402892955e-01,2.082683742046356201e-01,2.287387445569038502e-01,3.807607805356383324e-03,3.550494764931500045e-03,2.619934093672782183e-05,2.619934093672782183e-05
2.221208095550537109e+00,2.480808687210083185e+00,2.221234321594238281e+00,2.480834913253784357e+00,8.391885757446289062e-01,8.287150979042052779e-01,9.232172369956970215e-01,9.321475744247436079e-01,2.408941537141799927e-01,4.880585968494415283e-01,2.126679867506027222e-01,2.278204262256622314e-01,5.240316968411207199e-03,4.066993249580264091e-03,2.619781662360765040e-05,2.619781662360765040e-05
3.199722290039062500e+00,2.461756587028503418e+00,3.199748516082763672e+00,2.461782813072204590e+00,8.757141232490539551e-01,8.192697584629058394e-01,9.347615242004394531e-01,9.374457299709320068e-01,1.138853311538696289e+00,4.729534387588500977e-01,2.426858991384506226e-01,2.254464283585548290e-01,7.707508280873298645e-03,6.641206936910748829e-03,2.619830047478899360e-05,2.619830047478899360e-05
2.327568769454956055e+00,2.461377382278442383e+00,2.327594995498657227e+00,2.461403608322143555e+00,8.590847253799438477e-01,8.387684881687164085e-01,9.454980492591857910e-01,9.350170791149139404e-01,2.908778488636016846e-01,4.576772987842560036e-01,2.254078984260559082e-01,2.235693395137786921e-01,6.700377911329269409e-03,6.345236860215664083e-03,2.619754377519711852e-05,2.619754377519711852e-05
2.279450893402099609e+00,2.500563740730285645e+00,2.279477119445800781e+00,2.500589966773986816e+00,8.567174077033996582e-01,8.574534475803374800e-01,9.444634318351745605e-01,9.337129116058349165e-01,2.535175979137420654e-01,4.784088492393493430e-01,2.187920063734054565e-01,2.238348037004470881e-01,5.960569716989994049e-03,7.153735030442476273e-03,2.619720544316805899e-05,2.619720544316805899e-05
2.211917638778686523e+00,2.467312645912170588e+00,2.211943864822387695e+00,2.467338871955871760e+00,8.105288743972778320e-01,8.193890154361724854e-01,9.228394031524658203e-01,9.324625968933105691e-01,2.586582899093627930e-01,4.825984001159667747e-01,2.104157656431198120e-01,2.243558213114738575e-01,9.475158527493476868e-03,8.506796509027480385e-03,2.619739098008722067e-05,2.619739098008722067e-05
2.338597297668457031e+00,2.453379321098327459e+00,2.338623523712158203e+00,2.453405547142028631e+00,8.307188153266906738e-01,8.215881109237670454e-01,9.532545208930969238e-01,9.411871254444121870e-01,2.868357896804809570e-01,4.625181555747985840e-01,2.637032866477966309e-01,2.238858655095100347e-01,4.084737040102481842e-03,4.200045019388198853e-03,2.619665610836818814e-05,2.619665610836818814e-05
2.290955066680908203e+00,2.490165305137634455e+00,2.290981292724609375e+00,2.490191531181335627e+00,8.630186319351196289e-01,8.571680486202239990e-01,9.363991022109985352e-01,9.319757103919983354e-01,3.096667826175689697e-01,4.723238855600356834e-01,1.786982417106628418e-01,2.239865303039550726e-01,3.172252094373106956e-03,4.711104277521372015e-03,2.619765291456133127e-05,2.619765291456133127e-05
2.289916515350341797e+00,2.459077024459838778e+00,2.289942741394042969e+00,2.459103250503539950e+00,8.131020665168762207e-01,8.249000430107116255e-01,9.414064288139343262e-01,9.397000670433044434e-01,3.019108772277832031e-01,4.646182984113693126e-01,2.286406755447387695e-01,2.237116485834121649e-01,4.856475628912448883e-03,6.146932812407612454e-03,2.619632141431793571e-05,2.619632141431793571e-05
2.312006473541259766e+00,2.494188117980956854e+00,2.312032699584960938e+00,2.494214344024658025e+00,8.602897524833679199e-01,8.591985762119292991e-01,9.444604516029357910e-01,9.381431519985199419e-01,3.335914015769958496e-01,4.674478024244308472e-01,1.659337580204010010e-01,2.203557312488556019e-01,7.731016725301742554e-03,9.042866155505180012e-03,2.619564111228100955e-05,2.619564111228100955e-05
2.349631071090698242e+00,2.484532666206360041e+00,2.349657297134399414e+00,2.484558892250061213e+00,8.501104712486267090e-01,8.466242790222168191e-01,9.473613500595092773e-01,9.381347358226775901e-01,3.351151943206787109e-01,4.678262054920196422e-01,2.072635889053344727e-01,2.192529231309890692e-01,9.780597873032093048e-03,1.269457405433058704e-02,2.619555743876844645e-05,2.619555743876844645e-05
2.320502996444702148e+00,2.445370769500732511e+00,2.320529222488403320e+00,2.445396995544433683e+00,8.318511247634887695e-01,8.237061560153960960e-01,9.445195794105529785e-01,9.352802157402038130e-01,3.163419067859649658e-01,4.628762632608413585e-01,2.238844484090805054e-01,2.184279665350913890e-01,3.905947785824537277e-03,5.080188810825348074e-03,2.619633960421197116e-05,2.619633960421197116e-05
2.222349166870117188e+00,2.476384782791137606e+00,2.222375392913818359e+00,2.476411008834838778e+00,8.108496069908142090e-01,8.424788296222687212e-01,9.218177199363708496e-01,9.363600969314574973e-01,2.986401319503784180e-01,4.645521253347396629e-01,1.654673367738723755e-01,2.173699185252189747e-01,2.557441219687461853e-02,1.562374252825975487e-02,2.619436054374091327e-05,2.619436054374091327e-05
2.314991712570190430e+00,2.455556797981262029e+00,2.315017938613891602e+00,2.455583024024963201e+00,8.496877551078796387e-01,8.455809354782104492e-01,9.350962638854980469e-01,9.370961129665374978e-01,2.893250584602355957e-01,4.499969094991683738e-01,2.363163232803344727e-01,2.167086705565452465e-01,4.566545598208904266e-03,6.174131762236356735e-03,2.619328370201401412e-05,2.619328370201401412e-05
2.355335474014282227e+00,2.513889241218566717e+00,2.355361700057983398e+00,2.513915467262267889e+00,9.036111235618591309e-01,8.728934943675994429e-01,9.560149908065795898e-01,9.366721093654633012e-01,2.922722101211547852e-01,4.685465246438980103e-01,1.848319023847579956e-01,2.176158711314201410e-01,1.860533095896244049e-02,1.816124077886343072e-02,2.619289807626046240e-05,2.619289807626046240e-05
2.369017839431762695e+00,2.622934317588806241e+00,2.369044065475463867e+00,2.622960543632507413e+00,8.577576279640197754e-01,8.730325102806091309e-01,9.859398007392883301e-01,9.696971595287322554e-01,2.863994836807250977e-01,4.584715515375137329e-01,1.678389161825180054e-01,2.184137627482414246e-01,7.108211517333984375e-02,1.033193171024322510e-01,2.619109545776154846e-05,2.619109545776154846e-05
2.946361064910888672e+00,2.524900126457214178e+00,2.946387290954589844e+00,2.524926352500915350e+00,8.739683032035827637e-01,8.770490825176239236e-01,9.335648417472839355e-01,9.483405232429504839e-01,8.519713878631591797e-01,4.663806825876236073e-01,2.707933485507965088e-01,2.152440071105957142e-01,1.606331393122673035e-02,1.788587030023336411e-02,2.619046426843851805e-05,2.619046426843851805e-05
2.533313035964965820e+00,2.487018179893493830e+00,2.533339262008666992e+00,2.487044405937195002e+00,7.869106531143188477e-01,8.416011750698089156e-01,9.056639671325683594e-01,9.428745031356811079e-01,6.464437842369079590e-01,4.783842384815216175e-01,1.794641166925430298e-01,2.138833492994308416e-01,1.483059208840131760e-02,1.027497369796037674e-02,2.619093902467284352e-05,2.619093902467284352e-05
2.247772455215454102e+00,2.481897640228271307e+00,2.247798681259155273e+00,2.481923866271972479e+00,8.127782940864562988e-01,8.427011013031006081e-01,9.215559363365173340e-01,9.405952930450439675e-01,2.916048467159271240e-01,4.534540742635727040e-01,2.006083130836486816e-01,2.136817187070846613e-01,2.122532576322555542e-02,3.146546334028244019e-02,2.619188308017328382e-05,2.619188308017328382e-05
2.533577919006347656e+00,2.452629137039184393e+00,2.533604145050048828e+00,2.452655363082885565e+00,8.677687644958496094e-01,8.362165749073028342e-01,9.560225605964660645e-01,9.349667429924011230e-01,5.099099874496459961e-01,4.624467521905898937e-01,1.944366544485092163e-01,2.135281294584274181e-01,5.440337583422660828e-03,5.470959423109889204e-03,2.619206134113483131e-05,2.619206134113483131e-05
2.294211387634277344e+00,2.468570780754089533e+00,2.294237613677978516e+00,2.468597006797790705e+00,8.251315355300903320e-01,8.423998296260833962e-01,9.574639201164245605e-01,9.410541832447052446e-01,3.087669610977172852e-01,4.658295005559921487e-01,1.961335241794586182e-01,2.123745352029800526e-01,6.715386640280485153e-03,6.912683974951506008e-03,2.619408405735157430e-05,2.619408405735157430e-05
2.370829343795776367e+00,2.447460222244262518e+00,2.370855569839477539e+00,2.447486448287963690e+00,8.564869165420532227e-01,8.342462480068206787e-01,9.650506377220153809e-01,9.369448423385620117e-01,3.159967660903930664e-01,4.600704371929168479e-01,2.274990081787109375e-01,2.114902853965759388e-01,5.796171724796295166e-03,4.708379274234175682e-03,2.619353290356229991e-05,2.619353290356229991e-05
2.703248023986816406e+00,2.509305310249328791e+00,2.703274250030517578e+00,2.509331536293029963e+00,9.444275498390197754e-01,9.031797707080840842e-01,9.119068384170532227e-01,9.356709957122802956e-01,6.491677165031433105e-01,4.532249778509139793e-01,1.881589144468307495e-01,2.109760895371436962e-01,9.586839005351066589e-03,6.253516487777233297e-03,2.619332735775969923e-05,2.619332735775969923e-05
2.462658166885375977e+00,2.557187223434448153e+00,2.462684392929077148e+00,2.557213449478149325e+00,9.151374697685241699e-01,9.116674661636352539e-01,9.713086485862731934e-01,9.555948555469513384e-01,3.171991407871246338e-01,4.478754937648773415e-01,2.294224947690963745e-01,2.115289852023124750e-01,2.959033846855163574e-02,3.052039761096238951e-02,2.619107544887810946e-05,2.619107544887810946e-05
2.473067760467529297e+00,2.522359657287597479e+00,2.473093986511230469e+00,2.522385883331298650e+00,9.155001044273376465e-01,8.977134346961974654e-01,9.525701403617858887e-01,9.499877750873565452e-01,3.189879953861236572e-01,4.500296503305435403e-01,2.744292616844177246e-01,2.109940975904464611e-01,1.158022973686456680e-02,1.363476775586605107e-02,2.619176484586205333e-05,2.619176484586205333e-05
2.772314071655273438e+00,2.516791415214538752e+00,2.772340297698974609e+00,2.516817641258239924e+00,9.007077217102050781e-01,8.963667929172516313e-01,9.558737874031066895e-01,9.426741003990173340e-01,6.919989585876464844e-01,4.535738825798034668e-01,2.137244343757629395e-01,2.113242477178573497e-01,1.000930182635784149e-02,1.285245921462774277e-02,2.619421138660982251e-05,2.619421138660982251e-05
2.295650482177734375e+00,2.488893485069274991e+00,2.295676708221435547e+00,2.488919711112976163e+00,8.907917737960815430e-01,8.740410566329955833e-01,9.476151466369628906e-01,9.442698955535888672e-01,2.786605358123779297e-01,4.499178200960159413e-01,1.728610098361968994e-01,2.123983725905418396e-01,5.722106900066137314e-03,8.266292093321681717e-03,2.619308361317962408e-05,2.619308361317962408e-05
3.364711284637451172e+00,2.497584843635558993e+00,3.364737510681152344e+00,2.497611069679260165e+00,8.850369453430175781e-01,8.782883644104003684e-01,9.422572851181030273e-01,9.477289676666259544e-01,1.288914203643798828e+00,4.532750040292740090e-01,2.419804632663726807e-01,2.119497239589691051e-01,6.522117648273706436e-03,6.342745153233408928e-03,2.619206497911363840e-05,2.619206497911363840e-05
2.353611230850219727e+00,2.564412951469421387e+00,2.353637456893920898e+00,2.564439177513122559e+00,8.802310824394226074e-01,9.072823762893676980e-01,9.408212900161743164e-01,9.433886468410491721e-01,2.581732571125030518e-01,4.676651984453201183e-01,2.502140402793884277e-01,2.117359101772308405e-01,2.417165227234363556e-02,3.434085883200168471e-02,2.619084261823445559e-05,2.619084261823445559e-05
2.255666017532348633e+00,2.484380125999450684e+00,2.255692243576049805e+00,2.484406352043151855e+00,8.837132453918457031e-01,8.711902797222137451e-01,9.299992918968200684e-01,9.392867982387542725e-01,2.476972192525863647e-01,4.551041305065154918e-01,1.862714588642120361e-01,2.114109247922897339e-01,7.984916679561138153e-03,7.388003123924136335e-03,2.619008046167436987e-05,2.619008046167436987e-05
2.320393800735473633e+00,2.474319434165954679e+00,2.320420026779174805e+00,2.474345660209655851e+00,8.605329394340515137e-01,8.627240359783172607e-01,9.463087320327758789e-01,9.391705989837646484e-01,2.959655225276947021e-01,4.542715460062026755e-01,2.079285234212875366e-01,2.107853874564170893e-01,9.658404625952243805e-03,7.367886183783411806e-03,2.619040242279879749e-05,2.619040242279879749e-05
2.244968175888061523e+00,2.454942989349365057e+00,2.244994401931762695e+00,2.454969215393066229e+00,8.163695335388183594e-01,8.329346716403961404e-01,9.380777478218078613e-01,9.454023778438568337e-01,3.029069304466247559e-01,4.620114177465438621e-01,1.788514852523803711e-01,2.096699997782707214e-01,8.762694895267486572e-03,4.924511723220348532e-03,2.618940197862684727e-05,2.618940197862684727e-05
2.204138278961181641e+00,2.457869052886962891e+00,2.204164505004882812e+00,2.457895278930664062e+00,8.347974419593811035e-01,8.317792952060699685e-01,9.224011301994323730e-01,9.407116472721099854e-01,2.598912715911865234e-01,4.722995817661285178e-01,1.827424317598342896e-01,2.089632138609886225e-01,4.305979702621698380e-03,4.115327657200395887e-03,2.618831240397412330e-05,2.618831240397412330e-05
2.264592409133911133e+00,2.470325970649719149e+00,2.264618635177612305e+00,2.470352196693420321e+00,8.432905673980712891e-01,8.324777781963348389e-01,9.497833251953125000e-01,9.382125198841094749e-01,2.444745898246765137e-01,4.829037874937057717e-01,2.193643897771835327e-01,2.095585972070694025e-01,7.679364643990993500e-03,7.173276040703058243e-03,2.618758662720210850e-05,2.618758662720210850e-05
2.234816551208496094e+00,2.474678707122802912e+00,2.234842777252197266e+00,2.474704933166504084e+00,8.381164669990539551e-01,8.310151636600494607e-01,9.547849297523498535e-01,9.438575744628906472e-01,2.450499981641769409e-01,4.833360940217971691e-01,1.906619518995285034e-01,2.110045000910759083e-01,6.203211843967437744e-03,5.465407436713576143e-03,2.618743747007101774e-05,2.618743747007101774e-05
2.347334146499633789e+00,2.471361398696899414e+00,2.347360372543334961e+00,2.471387624740600586e+00,8.622265458106994629e-01,8.512057721614837424e-01,9.498434662818908691e-01,9.378812193870544878e-01,2.638414204120635986e-01,4.626654416322708019e-01,2.678865790367126465e-01,2.125681415200233459e-01,3.535966388881206512e-03,7.040856359526515180e-03,2.618673534016124904e-05,2.618673534016124904e-05
2.740683317184448242e+00,2.488739299774169744e+00,2.740709543228149414e+00,2.488765525817870916e+00,8.420186042785644531e-01,8.604057490825652854e-01,9.530915617942810059e-01,9.410769522190094438e-01,7.545449137687683105e-01,4.683025360107421764e-01,1.855720132589340210e-01,2.130047008395195007e-01,5.456091836094856262e-03,5.949295870959758585e-03,2.618588951008860022e-05,2.618588951008860022e-05
2.753632068634033203e+00,2.450309109687805353e+00,2.753658294677734375e+00,2.450335335731506525e+00,7.913743853569030762e-01,8.292306602001190408e-01,9.318389296531677246e-01,9.380596995353698286e-01,8.210855126380920410e-01,4.653241068124771007e-01,2.067140638828277588e-01,2.129867032170295604e-01,2.618988277390599251e-03,4.707961343228816986e-03,2.618447069835383445e-05,2.618447069835383445e-05
2.946070432662963867e+00,2.479658031463622958e+00,2.946096658706665039e+00,2.479684257507324130e+00,8.375434279441833496e-01,8.331547021865844949e-01,9.566426277160644531e-01,9.384958326816559282e-01,9.388563036918640137e-01,4.880848795175552479e-01,2.073895335197448730e-01,2.132414326071739308e-01,5.638323724269866943e-03,6.681132782250642950e-03,2.618441067170351744e-05,2.618441067170351744e-05
3.223662376403808594e+00,2.509575772285461248e+00,3.223688602447509766e+00,2.509601998329162420e+00,8.011912703514099121e-01,8.239298224449157493e-01,1.088816046714782715e+00,9.653084158897400346e-01,1.117469191551208496e+00,4.931492090225219616e-01,2.086222916841506958e-01,2.202366605401039068e-01,7.563808932900428772e-03,6.951644318178296089e-03,2.618296275613829494e-05,2.618296275613829494e-05
2.513163328170776367e+00,2.529561853408813565e+00,2.513189554214477539e+00,2.529588079452514737e+00,8.821180462837219238e-01,8.330568909645080788e-01,9.487203955650329590e-01,9.292926669120789018e-01,4.239718914031982422e-01,5.345150142908096091e-01,2.539603710174560547e-01,2.252788290381431691e-01,4.392563365399837494e-03,7.418438373133539980e-03,2.617896825540810823e-05,2.617896825540810823e-05
2.218856334686279297e+00,2.504720735549926580e+00,2.218882560729980469e+00,2.504746961593627752e+00,8.221752047538757324e-01,8.261603593826294389e-01,9.160608649253845215e-01,9.353394806385040283e-01,2.255859673023223877e-01,5.140437632799148560e-01,2.497709691524505615e-01,2.235928893089294545e-01,5.263299215584993362e-03,5.584231810644268990e-03,2.618226426420733333e-05,2.618226426420733333e-05
2.139241218566894531e+00,2.566346478462219416e+00,2.139267444610595703e+00,2.566372704505920588e+00,8.039435744285583496e-01,8.262256145477294700e-01,9.544509649276733398e-01,9.344681680202484575e-01,1.982665359973907471e-01,5.656132191419601662e-01,1.668775379657745361e-01,2.232422709465026744e-01,1.570264436304569244e-02,1.679719006642699242e-02,2.618776852614246309e-05,2.618776852614246309e-05
2.219585418701171875e+00,2.507094264030456543e+00,2.219611644744873047e+00,2.507120490074157715e+00,8.122795820236206055e-01,8.326598465442657249e-01,9.154396653175354004e-01,9.327594041824340820e-01,2.377376556396484375e-01,5.127992898225783858e-01,2.480594813823699951e-01,2.240130573511123768e-01,6.068862974643707275e-03,4.862683312967419798e-03,2.618942016852088273e-05,2.618942016852088273e-05
2.398154497146606445e+00,2.476050829887390226e+00,2.398180723190307617e+00,2.476077055931091397e+00,8.621655106544494629e-01,8.175255060195922852e-01,9.551144242286682129e-01,9.382492005825042725e-01,3.139773905277252197e-01,4.874859720468521229e-01,2.627890110015869141e-01,2.260721728205680736e-01,4.108208231627941132e-03,6.717943260446191181e-03,2.619198858155868948e-05,2.619198858155868948e-05
2.576511383056640625e+00,2.461202716827392667e+00,2.576537609100341797e+00,2.461228942871093839e+00,7.949514985084533691e-01,8.200717449188232866e-01,9.034317731857299805e-01,9.339051485061645730e-01,5.628550648689270020e-01,4.772747784852981456e-01,3.111020624637603760e-01,2.249194145202636774e-01,4.170917905867099762e-03,5.031678313389420683e-03,2.619458791741635650e-05,2.619458791741635650e-05
2.525518655776977539e+00,2.470375275611877530e+00,2.525544881820678711e+00,2.470401501655578702e+00,8.287500143051147461e-01,8.261048436164856179e-01,9.376225471496582031e-01,9.405095875263214111e-01,5.283483862876892090e-01,4.726346939802169578e-01,2.250479459762573242e-01,2.254419997334480286e-01,5.749966483563184738e-03,5.684105306863784443e-03,2.619738006615079939e-05,2.619738006615079939e-05
2.304533720016479492e+00,2.463137745857238770e+00,2.304559946060180664e+00,2.463163971900939941e+00,8.383953571319580078e-01,8.176954388618469238e-01,9.307904243469238281e-01,9.398928940296172874e-01,2.951028048992156982e-01,4.736983537673949973e-01,2.344442307949066162e-01,2.254084885120391790e-01,5.800969433039426804e-03,6.442634947597980152e-03,2.619838051032274961e-05,2.619838051032274961e-05
2.329545974731445312e+00,2.460204362869262695e+00,2.329572200775146484e+00,2.460230588912963867e+00,8.170720934867858887e-01,8.180927455425262007e-01,9.220322966575622559e-01,9.338290035724640115e-01,3.026899695396423340e-01,4.794627845287323109e-01,2.847443819046020508e-01,2.252510711550712585e-01,3.007322549819946289e-03,3.568724985234439286e-03,2.619794759084470570e-05,2.619794759084470570e-05
2.281917810440063477e+00,2.453569293022155762e+00,2.281944036483764648e+00,2.453595519065856934e+00,8.219434022903442383e-01,8.212433099746704324e-01,9.498285651206970215e-01,9.297509193420410156e-01,2.911472320556640625e-01,4.737150222063064575e-01,2.162662893533706665e-01,2.259095996618270819e-01,2.732226159423589706e-03,2.950456226244568825e-03,2.619925362523645163e-05,2.619925362523645163e-05
2.256024599075317383e+00,2.463705992698669522e+00,2.256050825119018555e+00,2.463732218742370694e+00,8.219519853591918945e-01,8.181243062019347700e-01,9.109908342361450195e-01,9.290497720241546187e-01,2.680097222328186035e-01,4.855228632688522450e-01,2.520083785057067871e-01,2.274019256234169062e-01,3.063639393076300621e-03,3.607088164426386183e-03,2.620156374177895486e-05,2.620156374177895486e-05
2.707080125808715820e+00,2.469201540946960538e+00,2.707106351852416992e+00,2.469227766990661710e+00,8.854815363883972168e-01,8.217734456062316672e-01,9.435302019119262695e-01,9.332307457923889604e-01,6.072309613227844238e-01,4.777958840131759644e-01,2.663568258285522461e-01,2.314431697130203136e-01,4.480599891394376755e-03,4.958228673785924911e-03,2.620242776174563915e-05,2.620242776174563915e-05
2.641891479492187500e+00,2.461227321624755771e+00,2.641917705535888672e+00,2.461253547668456942e+00,8.028568029403686523e-01,8.220340251922607644e-01,9.164392948150634766e-01,9.318646252155303733e-01,6.881983876228332520e-01,4.693089425563812256e-01,2.307008802890777588e-01,2.324986442923545893e-01,3.695919411256909370e-03,5.521103087812661951e-03,2.620499981276225299e-05,2.620499981276225299e-05
3.448617219924926758e+00,2.458330845832824796e+00,3.448643445968627930e+00,2.458357071876525968e+00,8.051822781562805176e-01,8.135541915893554910e-01,9.273919463157653809e-01,9.322454214096069780e-01,1.542619109153747559e+00,4.782675594091415627e-01,1.709014326333999634e-01,2.313851013779640309e-01,2.522542839869856834e-03,2.878579823300242251e-03,2.620494888105895370e-05,2.620494888105895370e-05
3.818746805191040039e+00,2.478763794898986905e+00,3.818773031234741211e+00,2.478790020942688077e+00,8.051773309707641602e-01,8.251233577728271928e-01,9.090040326118469238e-01,9.288012742996215598e-01,1.866534709930419922e+00,4.874364584684371948e-01,2.334990352392196655e-01,2.321745872497558705e-01,4.531537648290395737e-03,5.228058528155088078e-03,2.620509803819004446e-05,2.620509803819004446e-05
2.291099309921264648e+00,2.470453500747680664e+00,2.291125535964965820e+00,2.470479726791381836e+00,8.185695409774780273e-01,8.211350560188293013e-01,9.427179694175720215e-01,9.304238736629486528e-01,3.334378600120544434e-01,4.810746848583221658e-01,1.909704655408859253e-01,2.330063477158546559e-01,5.403625778853893280e-03,4.813488246873021473e-03,2.620683881104923785e-05,2.620683881104923785e-05
2.314835786819458008e+00,2.478768420219421564e+00,2.314862012863159180e+00,2.478794646263122736e+00,8.155310153961181641e-01,8.180689573287963645e-01,9.417067170143127441e-01,9.337110996246338335e-01,3.263801634311676025e-01,4.904514163732528464e-01,2.247195094823837280e-01,2.315655782818794306e-01,6.498376373201608658e-03,4.971405304968356913e-03,2.620754275994841009e-05,2.620754275994841009e-05
2.389770984649658203e+00,2.465196943283081144e+00,2.389797210693359375e+00,2.465223169326782315e+00,8.538545966148376465e-01,8.199369192123413530e-01,9.120870828628540039e-01,9.316666722297668457e-01,3.346720933914184570e-01,4.757704704999923817e-01,2.832984924316406250e-01,2.321766749024391230e-01,5.858837161213159561e-03,5.646252492442727262e-03,2.621012754389084876e-05,2.621012754389084876e-05
2.686839342117309570e+00,2.454618096351623535e+00,2.686865568161010742e+00,2.454644322395324707e+00,7.737954854965209961e-01,8.137234807014465110e-01,9.146720170974731445e-01,9.323208510875702348e-01,7.607945203781127930e-01,4.725070774555206188e-01,2.333602458238601685e-01,2.325690567493438610e-01,4.216862842440605164e-03,3.497635666280985052e-03,2.620997111080214381e-05,2.620997111080214381e-05
2.329946279525756836e+00,2.468758702278137207e+00,2.329972505569458008e+00,2.468784928321838379e+00,8.367362618446350098e-01,8.226714193820953147e-01,9.624543190002441406e-01,9.294763088226318803e-01,3.242310881614685059e-01,4.768236726522445679e-01,2.011117935180664062e-01,2.335070475935935863e-01,5.412752274423837662e-03,6.280150450766086752e-03,2.621137900860048831e-05,2.621137900860048831e-05
2.310444116592407227e+00,2.450328063964843928e+00,2.310470342636108398e+00,2.450354290008545100e+00,8.066722154617309570e-01,8.213977515697479248e-01,9.040763974189758301e-01,9.305549442768097368e-01,3.390955924987792969e-01,4.602889895439147838e-01,2.573190927505493164e-01,2.331993833184242138e-01,3.280862933024764061e-03,4.886951483786106283e-03,2.621353633003309369e-05,2.621353633003309369e-05
2.306206941604614258e+00,2.457217192649841397e+00,2.306233167648315430e+00,2.457243418693542569e+00,8.226398229598999023e-01,8.173323273658752441e-01,9.300177097320556641e-01,9.275512218475341353e-01,3.262722790241241455e-01,4.762876957654952892e-01,2.219211906194686890e-01,2.319368883967399542e-01,5.355885718017816544e-03,4.109117528423666607e-03,2.621595922391861677e-05,2.621595922391861677e-05
2.176879167556762695e+00,2.461283731460571111e+00,2.176905393600463867e+00,2.461309957504272283e+00,7.756674289703369141e-01,8.164454758167266624e-01,9.271694421768188477e-01,9.324017107486725076e-01,3.002099692821502686e-01,4.772014707326889260e-01,1.680994778871536255e-01,2.310189276933670155e-01,5.733000114560127258e-03,4.216177342459559614e-03,2.621708335937000811e-05,2.621708335937000811e-05
2.376335859298706055e+00,2.474952840805053622e+00,2.376362085342407227e+00,2.474979066848754794e+00,8.408903479576110840e-01,8.124652385711670366e-01,9.631264209747314453e-01,9.320704817771912065e-01,3.234885334968566895e-01,4.975261002779006736e-01,2.465045452117919922e-01,2.297189414501190075e-01,2.326044021174311638e-03,3.172072302550077612e-03,2.621737439767457545e-05,2.621737439767457545e-05
2.305663585662841797e+00,2.465071105957031161e+00,2.305689811706542969e+00,2.465097332000732333e+00,8.276118636131286621e-01,8.174642384052276389e-01,9.048901200294494629e-01,9.325820028781890425e-01,2.844045460224151611e-01,4.809361129999160656e-01,2.843418419361114502e-01,2.288653403520584106e-01,4.415306262671947479e-03,5.223423847928643574e-03,2.621891690068878233e-05,2.621891690068878233e-05
2.309796571731567383e+00,2.467838025093078702e+00,2.309822797775268555e+00,2.467864251136779874e+00,8.655488491058349609e-01,8.143820643424988237e-01,9.320263862609863281e-01,9.316281676292419434e-01,2.756810188293457031e-01,4.859402537345886008e-01,2.314597815275192261e-01,2.304976135492324829e-01,5.080459173768758774e-03,5.389893054962157856e-03,2.622096872073598206e-05,2.622096872073598206e-05
2.222930192947387695e+00,2.461754345893859774e+00,2.222956418991088867e+00,2.461780571937560946e+00,8.285241127014160156e-01,8.157737374305724654e-01,9.354495406150817871e-01,9.257843434810638650e-01,2.828416824340820312e-01,4.860930323600768932e-01,1.738159507513046265e-01,2.315804526209831182e-01,2.298878971487283707e-03,2.522739092819392768e-03,2.622145257191732526e-05,2.622145257191732526e-05
2.333065986633300781e+00,2.473296451568603338e+00,2.333092212677001953e+00,2.473322677612304510e+00,7.951681017875671387e-01,8.191428363323212114e-01,9.281070232391357422e-01,9.256777226924896018e-01,3.590074479579925537e-01,4.929032117128372414e-01,2.476532459259033203e-01,2.314616203308105524e-01,3.130260389298200607e-03,4.111008183099329298e-03,2.622260763018857688e-05,2.622260763018857688e-05
2.267573833465576172e+00,2.462309098243713468e+00,2.267600059509277344e+00,2.462335324287414640e+00,8.203101158142089844e-01,8.137954890727996382e-01,9.497311115264892578e-01,9.306763052940368874e-01,2.746488749980926514e-01,4.821904093027115090e-01,2.200570255517959595e-01,2.319161176681518444e-01,2.826748881489038467e-03,3.730778326280415145e-03,2.622264219098724425e-05,2.622264219098724425e-05
2.096805334091186523e+00,2.477197599411010920e+00,2.096831560134887695e+00,2.477223825454712092e+00,7.713669538497924805e-01,8.143048942089080589e-01,9.104835391044616699e-01,9.253568887710571511e-01,2.736725807189941406e-01,5.029858618974685225e-01,1.376528143882751465e-01,2.321034982800483648e-01,3.629453713074326515e-03,2.446363540366292087e-03,2.622401370899751782e-05,2.622401370899751782e-05
2.281728267669677734e+00,2.474037361145019709e+00,2.281754493713378906e+00,2.474063587188720881e+00,8.377604484558105469e-01,8.184494912624359353e-01,9.554823040962219238e-01,9.265778720378875510e-01,2.736224234104156494e-01,4.920291483402252086e-01,2.089542299509048462e-01,2.317519441246986278e-01,5.908785853534936905e-03,5.228929407894611532e-03,2.622415559017099440e-05,2.622415559017099440e-05
2.237692832946777344e+00,2.475079512596130460e+00,2.237719058990478516e+00,2.475105738639831632e+00,8.038781285285949707e-01,8.212237536907196489e-01,9.307462573051452637e-01,9.247723996639252153e-01,2.746101617813110352e-01,4.930660068988800271e-01,2.203414738178253174e-01,2.297787919640540966e-01,8.116973564028739929e-03,6.238590506836771792e-03,2.622590909595601261e-05,2.622590909595601261e-05
2.266091108322143555e+00,2.466258215904235662e+00,2.266117334365844727e+00,2.466284441947936834e+00,8.169949650764465332e-01,8.171006977558136208e-01,9.000060558319091797e-01,9.308243095874786377e-01,2.871652841567993164e-01,4.816432714462280384e-01,2.559241354465484619e-01,2.280375018715858348e-01,6.000841967761516571e-03,8.652439527213572762e-03,2.622878673719242215e-05,2.622878673719242215e-05
2.312206029891967773e+00,2.426486682891845881e+00,2.312232255935668945e+00,2.426512908935547053e+00,8.467771410942077637e-01,8.155171930789947288e-01,9.530031085014343262e-01,9.318609833717346191e-01,2.810044288635253906e-01,4.458235532045364269e-01,2.246918976306915283e-01,2.260299235582351740e-01,6.729398388415575027e-03,7.255000481382012541e-03,2.623018372105434537e-05,2.623018372105434537e-05
2.592140913009643555e+00,2.438014602661132901e+00,2.592167139053344727e+00,2.438040828704834073e+00,8.487904667854309082e-01,8.145697593688965288e-01,9.522188305854797363e-01,9.313430368900299516e-01,5.592975020408630371e-01,4.638935178518295288e-01,2.295728027820587158e-01,2.251579165458679199e-01,2.261314308270812035e-03,3.050348279066383752e-03,2.623197360662743449e-05,2.623197360662743449e-05
2.267956018447875977e+00,2.443161368370056152e+00,2.267982244491577148e+00,2.443187594413757324e+00,8.230009675025939941e-01,8.181420147418976274e-01,9.345724582672119141e-01,9.273993015289306863e-01,2.841543555259704590e-01,4.684207260608673207e-01,2.238322496414184570e-01,2.252798050642013661e-01,2.395964227616786957e-03,3.919511754065752203e-03,2.623282853164710104e-05,2.623282853164710104e-05
2.265702724456787109e+00,2.456476712226867587e+00,2.265728950500488281e+00,2.456502938270568759e+00,8.084161877632141113e-01,8.329223275184631792e-01,8.801086544990539551e-01,9.291063070297240767e-01,2.750778198242187500e-01,4.653777807950973400e-01,2.982100546360015869e-01,2.241942822933196966e-01,3.889928339049220085e-03,4.876066325232386242e-03,2.623430737003218383e-05,2.623430737003218383e-05
2.335222482681274414e+00,2.444749259948730380e+00,2.335248708724975586e+00,2.444775485992431552e+00,8.308686017990112305e-01,8.183935582637786865e-01,9.516250491142272949e-01,9.360845446586608665e-01,2.531602680683135986e-01,4.601267755031585582e-01,2.951103150844573975e-01,2.230046659708023182e-01,4.458373412489891052e-03,7.139679975807666779e-03,2.623301770654506981e-05,2.623301770654506981e-05
2.143661260604858398e+00,2.454746651649474920e+00,2.143687486648559570e+00,2.454772877693176092e+00,7.912605404853820801e-01,8.215173184871673584e-01,9.161306619644165039e-01,9.292402327060699241e-01,2.480478584766387939e-01,4.754753202199936135e-01,1.833636909723281860e-01,2.230758979916572515e-01,4.858510103076696396e-03,5.437871022149920290e-03,2.623448926897253841e-05,2.623448926897253841e-05
2.412655830383300781e+00,2.460633778572082431e+00,2.412682056427001953e+00,2.460660004615783603e+00,8.538454771041870117e-01,8.177931189537048784e-01,9.550682306289672852e-01,9.321491301059723344e-01,3.830484449863433838e-01,4.838025808334350808e-01,2.186542749404907227e-01,2.229662105441093389e-01,2.039483282715082169e-03,3.922720253467559641e-03,2.623476757435128093e-05,2.623476757435128093e-05
2.039175748825073242e+00,2.485335254669189364e+00,2.039201974868774414e+00,2.485361480712890536e+00,8.040171861648559570e-01,8.265906274318695068e-01,9.140234589576721191e-01,9.210447192192077193e-01,1.656037271022796631e-01,5.104716718196868896e-01,1.514414846897125244e-01,2.238739654421806335e-01,4.089886788278818130e-03,3.354281187057495117e-03,2.623734690132550895e-05,2.623734690132550895e-05
6.648865222930908203e+00,2.679551148414611728e+00,6.648891448974609375e+00,2.679577374458312899e+00,9.355796575546264648e-01,9.461541652679443803e-01,9.486975073814392090e-01,9.526129484176635298e-01,4.490562438964843750e+00,5.250695675611496416e-01,2.286264896392822266e-01,2.247893646359443720e-01,4.539909586310386658e-02,3.092509750276804109e-02,2.624112312332727015e-05,2.624112312332727015e-05
3.580429553985595703e+00,2.564173865318298162e+00,3.580455780029296875e+00,2.564200091361999334e+00,8.593179583549499512e-01,8.665712893009185347e-01,9.643402099609375000e-01,9.491471648216247559e-01,1.557362675666809082e+00,4.981696665287017600e-01,1.804586648941040039e-01,2.287458017468452509e-01,1.894990541040897369e-02,2.153994441032409599e-02,2.624361877678893507e-05,2.624361877678893507e-05
3.302125692367553711e+00,2.546379518508911310e+00,3.302151918411254883e+00,2.546405744552612482e+00,8.267343044281005859e-01,8.382743000984191895e-01,9.162356853485107422e-01,9.879412293434143288e-01,1.328793883323669434e+00,4.747208088636398204e-01,2.194613665342330933e-01,2.335277155041694530e-01,1.090033352375030518e-02,1.191549906507134368e-02,2.624585977173410356e-05,2.624585977173410356e-05
2.420458793640136719e+00,2.547796225547790616e+00,2.420485019683837891e+00,2.547822451591491788e+00,8.703079819679260254e-01,8.493642330169677290e-01,9.177752733230590820e-01,9.515717744827270064e-01,4.071694016456604004e-01,4.973415493965148704e-01,2.051734179258346558e-01,2.336632862687110790e-01,2.003257721662521362e-02,1.585536720231175284e-02,2.624905027914792299e-05,2.624905027914792299e-05
3.189961671829223633e+00,2.501700663566589267e+00,3.189987897872924805e+00,2.501726889610290439e+00,8.447986841201782227e-01,8.286938190460204634e-01,9.360017180442810059e-01,9.671633720397949663e-01,1.114024758338928223e+00,4.606831520795822144e-01,2.741888165473937988e-01,2.313915088772773854e-01,2.094797790050506592e-02,1.376883154734969208e-02,2.624984881549607962e-05,2.624984881549607962e-05
2.142260551452636719e+00,2.512343811988830389e+00,2.142286777496337891e+00,2.512370038032531561e+00,8.259315490722656250e-01,8.314382016658783403e-01,9.434642791748046875e-01,9.212949037551879661e-01,1.742912828922271729e-01,5.202222645282745805e-01,1.912623941898345947e-01,2.282992780208587535e-01,7.311193272471427917e-03,1.108907079324126209e-02,2.623920227051712573e-05,2.623920227051712573e-05
2.287893772125244141e+00,2.525379300117492676e+00,2.287919998168945312e+00,2.525405526161193848e+00,8.620228767395019531e-01,8.498487889766692671e-01,9.472196102142333984e-01,9.427958548068999800e-01,2.643709182739257812e-01,5.038860112428664717e-01,2.088246643543243408e-01,2.201537281274795477e-01,5.455655977129936218e-03,8.694985229521990516e-03,2.623744876473210752e-05,2.623744876473210752e-05
2.458663225173950195e+00,2.496143198013305753e+00,2.458689451217651367e+00,2.496169424057006925e+00,8.436542749404907227e-01,8.296025156974792258e-01,9.305370450019836426e-01,9.329888582229614036e-01,4.346008598804473877e-01,4.836935877799987682e-01,2.272012978792190552e-01,2.197357177734375056e-01,2.266988344490528107e-02,3.012258838862180710e-02,2.623709224280901253e-05,2.623709224280901253e-05
2.227530956268310547e+00,2.480713820457458585e+00,2.227557182312011719e+00,2.480740046501159757e+00,8.511479496955871582e-01,8.305011153221130149e-01,9.336279034614562988e-01,9.301749169826507568e-01,2.493178099393844604e-01,4.904356300830841064e-01,1.791747808456420898e-01,2.210255369544029125e-01,1.426259428262710571e-02,8.576660044491290699e-03,2.623786713229492307e-05,2.623786713229492307e-05
2.917133808135986328e+00,2.473784494400024236e+00,2.917160034179687500e+00,2.473810720443725408e+00,8.076931238174438477e-01,8.220484495162964089e-01,9.221820235252380371e-01,9.261207163333893266e-01,9.836360812187194824e-01,4.984736979007721169e-01,1.979720592498779297e-01,2.214689195156097357e-01,5.650595296174287796e-03,5.672703590244054447e-03,2.623814179969485849e-05,2.623814179969485849e-05
2.143548011779785156e+00,2.520408844947815030e+00,2.143574237823486328e+00,2.520435070991516202e+00,8.110222816467285156e-01,8.173756659030914085e-01,9.133305549621582031e-01,9.309172749519347700e-01,1.683423221111297607e-01,5.430549263954163042e-01,2.444075942039489746e-01,2.212063014507293646e-01,6.445069331675767899e-03,7.854667305946350792e-03,2.623849104566033930e-05,2.623849104566033930e-05
2.062026262283325195e+00,2.604549431800842196e+00,2.062052488327026367e+00,2.604575657844543368e+00,8.155326843261718750e-01,8.318930685520171675e-01,9.215965867042541504e-01,9.238889873027801292e-01,1.576867103576660156e-01,6.251650929450989214e-01,1.620319336652755737e-01,2.192276328802108820e-01,5.178472958505153656e-03,4.374681552872061556e-03,2.624027183628641069e-05,2.624027183628641069e-05
2.147146224975585938e+00,2.557480716705322177e+00,2.147172451019287109e+00,2.557506942749023349e+00,8.387669324874877930e-01,8.259550154209136519e-01,9.299095273017883301e-01,9.218903660774231401e-01,1.378404051065444946e-01,5.847909301519393921e-01,2.333847284317016602e-01,2.192311063408851624e-01,7.244539447128772736e-03,5.613306630402803074e-03,2.623894033604301512e-05,2.623894033604301512e-05
2.132168054580688477e+00,2.627854752540588201e+00,2.132194280624389648e+00,2.627880978584289373e+00,8.275046348571777344e-01,8.279294550418854204e-01,9.089846611022949219e-01,9.179617941379547563e-01,1.193701550364494324e-01,6.526783198118210061e-01,2.657955884933471680e-01,2.194525495171547047e-01,1.051317714154720306e-02,9.832615591585635792e-03,2.624059197842143476e-05,2.624059197842143476e-05
3.128533840179443359e+00,2.640564656257629483e+00,3.128560066223144531e+00,2.640590882301330655e+00,8.266885876655578613e-01,8.697486996650696245e-01,9.107441902160644531e-01,9.218717455863952859e-01,1.142431497573852539e+00,6.215854614973068681e-01,2.384388446807861328e-01,2.154052689671516474e-01,1.023077219724655151e-02,1.195345949381589924e-02,2.623935142764821649e-05,2.623935142764821649e-05
2.169790983200073242e+00,2.498128151893615811e+00,2.169817209243774414e+00,2.498154377937316983e+00,8.317658901214599609e-01,8.287363231182098833e-01,9.258223176002502441e-01,9.291885495185852051e-01,1.821227669715881348e-01,5.208203822374344316e-01,2.254204899072647095e-01,2.123558148741722107e-01,4.659692756831645966e-03,7.027047639712691481e-03,2.624102853587828577e-05,2.624102853587828577e-05
2.131941318511962891e+00,2.460894346237182617e+00,2.131967544555664062e+00,2.460920572280883789e+00,8.012201189994812012e-01,8.342105269432067427e-01,9.263148307800292969e-01,9.307663023471832719e-01,2.418786883354187012e-01,4.756434231996536366e-01,1.527105420827865601e-01,2.139367014169692993e-01,9.817149490118026733e-03,6.337490025907754551e-03,2.624381886562332511e-05,2.624381886562332511e-05
2.322949409484863281e+00,2.535672068595886230e+00,2.322975635528564453e+00,2.535698294639587402e+00,9.072624444961547852e-01,8.438555181026459184e-01,9.566544294357299805e-01,9.315525829792022927e-01,2.373083382844924927e-01,5.387855887413024458e-01,2.168812602758407593e-01,2.147541731595992986e-01,4.843067377805709839e-03,6.724229594692587679e-03,2.624376247695181519e-05,2.624376247695181519e-05
2.882326364517211914e+00,2.497617936134338468e+00,2.882352590560913086e+00,2.497644162178039640e+00,8.179996609687805176e-01,8.279829025268554688e-01,8.784647583961486816e-01,9.329231798648833784e-01,9.490127563476562500e-01,5.136722922325134277e-01,2.272076010704040527e-01,2.153910711407661382e-01,9.641519747674465179e-03,7.648522406816482891e-03,2.624295666464604437e-05,2.624295666464604437e-05
2.211658239364624023e+00,2.491074419021606534e+00,2.211684465408325195e+00,2.491100645065307706e+00,7.997131943702697754e-01,8.187515616416931596e-01,9.462310075759887695e-01,9.325966775417328103e-01,2.673415243625640869e-01,5.214387655258179155e-01,1.945879757404327393e-01,2.151452571153640858e-01,3.784379456192255020e-03,3.142192983068525704e-03,2.624350054247770458e-05,2.624350054247770458e-05
2.367880821228027344e+00,2.474793004989623846e+00,2.367907047271728516e+00,2.474819231033325018e+00,8.503239154815673828e-01,8.221724569797516091e-01,9.573115706443786621e-01,9.303880274295807107e-01,3.376555442810058594e-01,5.025719404220581055e-01,2.175827622413635254e-01,2.146352529525756836e-01,5.007021129131317139e-03,5.025313654914498503e-03,2.624295666464604437e-05,2.624295666464604437e-05
2.265527248382568359e+00,2.463391661643981934e+00,2.265553474426269531e+00,2.463417887687683105e+00,8.281210064888000488e-01,8.180090248584747092e-01,9.135308265686035156e-01,9.348471999168396218e-01,2.800507545471191406e-01,4.873418301343918069e-01,2.383484244346618652e-01,2.160661920905113109e-01,5.476163234561681747e-03,7.127426518127322370e-03,2.624462103995028883e-05,2.624462103995028883e-05
2.275040388107299805e+00,2.592618489265441806e+00,2.275066614151000977e+00,2.592644715309142978e+00,8.421114683151245117e-01,8.735262632369995561e-01,9.491912126541137695e-01,9.493378341197967751e-01,2.758124768733978271e-01,5.102339476346969827e-01,1.773324161767959595e-01,2.153067305684089605e-01,3.059294261038303375e-02,4.421374276280402860e-02,2.624362969072535634e-05,2.624362969072535634e-05
2.448238134384155273e+00,2.520924115180969149e+00,2.448264360427856445e+00,2.520950341224670321e+00,8.695171475410461426e-01,8.573839485645293745e-01,9.364092946052551270e-01,9.420907676219940630e-01,3.495951890945434570e-01,5.003346651792526245e-01,2.837751507759094238e-01,2.093941181898117121e-01,8.941518142819404602e-03,1.172061208635568653e-02,2.624258195282891393e-05,2.624258195282891393e-05
2.297851800918579102e+00,2.519459533691406072e+00,2.297878026962280273e+00,2.519485759735107244e+00,8.293623328208923340e-01,8.351739645004272461e-01,9.420041441917419434e-01,9.474908053874969704e-01,3.200921416282653809e-01,4.921007782220840343e-01,1.692590564489364624e-01,2.096675008535385243e-01,3.713407367467880249e-02,3.502648025751113614e-02,2.624325134092941880e-05,2.624325134092941880e-05
2.521720886230468750e+00,2.684775733947753817e+00,2.521747112274169922e+00,2.684801959991454989e+00,9.506965279579162598e-01,9.543063580989837869e-01,9.235992431640625000e-01,9.481984794139861616e-01,3.016516864299774170e-01,4.812968850135803112e-01,2.320870906114578247e-01,2.085257321596145630e-01,1.136863753199577332e-01,9.244824796915054876e-02,2.624413900775834918e-05,2.624413900775834918e-05
2.275053977966308594e+00,2.516896104812622159e+00,2.275080204010009766e+00,2.516922330856323331e+00,8.218519687652587891e-01,8.476208150386810303e-01,9.275045990943908691e-01,9.437348425388336626e-01,2.877287566661834717e-01,5.058761864900589433e-01,2.260121405124664307e-01,2.079488307237625233e-01,1.195651572197675705e-02,1.171547947451472352e-02,2.624702028697356582e-05,2.624702028697356582e-05
3.089098691940307617e+00,2.539549612998962314e+00,3.089124917984008789e+00,2.539575839042663485e+00,8.787616491317749023e-01,8.651777744293213113e-01,9.245324730873107910e-01,9.396441400051116499e-01,1.012658238410949707e+00,4.994709610939025990e-01,2.592329978942871094e-01,2.082677289843559154e-01,1.391351129859685898e-02,2.698903251439332962e-02,2.624660555738955736e-05,2.624660555738955736e-05
2.280014753341674805e+00,2.529227137565612793e+00,2.280040979385375977e+00,2.529253363609313965e+00,8.780901432037353516e-01,8.730325937271118386e-01,9.408468604087829590e-01,9.453325569629669189e-01,2.895145118236541748e-01,4.789088308811187966e-01,1.446814090013504028e-01,2.062490865588188227e-01,2.688162773847579956e-02,2.570408321917056968e-02,2.624785702209919691e-05,2.624785702209919691e-05
2.762177228927612305e+00,2.493926620483398526e+00,2.762203454971313477e+00,2.493952846527099698e+00,9.064273238182067871e-01,8.617523610591888428e-01,9.547028541564941406e-01,9.398986220359801802e-01,6.335290670394897461e-01,4.783867686986923440e-01,2.617199420928955078e-01,2.054278969764709584e-01,5.797921214252710342e-03,8.461007755249739040e-03,2.625001616252120584e-05,2.625001616252120584e-05
2.164030075073242188e+00,2.473873329162597834e+00,2.164056301116943359e+00,2.473899555206299006e+00,7.840945720672607422e-01,8.339156925678252730e-01,9.188908934593200684e-01,9.383996248245238814e-01,2.686581015586853027e-01,4.888804435729980358e-01,1.865478157997131348e-01,2.048166662454605214e-01,5.838707555085420609e-03,7.860911637544631611e-03,2.624903027026448399e-05,2.624903027026448399e-05
2.347969055175781250e+00,2.485529279708862394e+00,2.347995281219482422e+00,2.485555505752563565e+00,8.607643842697143555e-01,8.400553703308105691e-01,9.515078663825988770e-01,9.454810678958892600e-01,2.750437259674072266e-01,4.873807936906814353e-01,2.544743716716766357e-01,2.047585144639015309e-01,6.178659386932849884e-03,7.853625342249870300e-03,2.624941771500743926e-05,2.624941771500743926e-05
2.181020498275756836e+00,2.464636015892028631e+00,2.181046724319458008e+00,2.464662241935729803e+00,7.861251831054687500e-01,8.256374537944793923e-01,9.345600605010986328e-01,9.378870725631713867e-01,2.614837288856506348e-01,4.900589078664779885e-01,1.932542771100997925e-01,2.044854357838630787e-01,5.597311537712812424e-03,6.567144067957997322e-03,2.625023444124963135e-05,2.625023444124963135e-05
2.321759462356567383e+00,2.485854935646057307e+00,2.321785688400268555e+00,2.485881161689758478e+00,8.727275729179382324e-01,8.273840725421905962e-01,9.347672462463378906e-01,9.385933458805084673e-01,2.779049575328826904e-01,5.069059163331985918e-01,2.248764187097549438e-01,2.049775645136833191e-01,1.148319151252508163e-02,7.994072558358312347e-03,2.625084016472101212e-05,2.625084016472101212e-05
2.300110101699829102e+00,2.509310650825500311e+00,2.300136327743530273e+00,2.509336876869201483e+00,8.604853749275207520e-01,8.514424324035644309e-01,9.384043216705322266e-01,9.408578336238860862e-01,2.877701520919799805e-01,4.937949150800705067e-01,1.851176321506500244e-01,2.063851654529571533e-01,2.833245135843753815e-02,1.683029634878039499e-02,2.625185152282938361e-05,2.625185152282938361e-05
2.207874774932861328e+00,2.461746072769165128e+00,2.207901000976562500e+00,2.461772298812866300e+00,8.113182187080383301e-01,8.280892968177795410e-01,9.145314693450927734e-01,9.379773139953613281e-01,2.810479402542114258e-01,4.825314372777939065e-01,1.927916407585144043e-01,2.071050435304641613e-01,8.185612037777900696e-03,6.042993906885385340e-03,2.625207343953661621e-05,2.625207343953661621e-05
2.185098171234130859e+00,2.460435009002685636e+00,2.185124397277832031e+00,2.460461235046386808e+00,7.934861183166503906e-01,8.216174006462096946e-01,9.294667243957519531e-01,9.386971831321716531e-01,2.781745195388793945e-01,4.889794588088989258e-01,1.795828193426132202e-01,2.062358409166336060e-01,4.388107452541589737e-03,4.905127175152301962e-03,2.625070919748395681e-05,2.625070919748395681e-05
2.434476852416992188e+00,2.524821496009826749e+00,2.434503078460693359e+00,2.524847722053527921e+00,8.456201553344726562e-01,8.566668152809142622e-01,9.041802883148193359e-01,9.354337751865386963e-01,4.801919758319854736e-01,5.177995055913925393e-01,1.885581165552139282e-01,2.060023143887519947e-01,1.592639088630676270e-02,8.919097064062953689e-03,2.625136221467982978e-05,2.625136221467982978e-05
2.324275016784667969e+00,2.534323787689209073e+00,2.324301242828369141e+00,2.534350013732910245e+00,8.459154963493347168e-01,8.573983192443848100e-01,9.766442179679870605e-01,9.542555272579192893e-01,3.164471983909606934e-01,4.993833184242248424e-01,1.705529689788818359e-01,2.025878593325614874e-01,1.471511553972959518e-02,2.069873474538326194e-02,2.625100751174613833e-05,2.625100751174613833e-05
2.370827913284301758e+00,2.522955584526061834e+00,2.370854139328002930e+00,2.522981810569763006e+00,8.723689913749694824e-01,8.699751257896423118e-01,9.431673288345336914e-01,9.442118525505065474e-01,3.247355520725250244e-01,4.972756206989288330e-01,2.217113226652145386e-01,2.023772880434989985e-01,8.844672702252864838e-03,9.115640353411436775e-03,2.624956687213853002e-05,2.624956687213853002e-05
2.249966621398925781e+00,2.496465444564819336e+00,2.249992847442626953e+00,2.496491670608520508e+00,8.331487178802490234e-01,8.296540200710296187e-01,9.562699198722839355e-01,9.446060657501220703e-01,2.952479124069213867e-01,5.130490243434906450e-01,1.588060706853866577e-01,2.024707242846489064e-01,6.493693683296442032e-03,6.685554422438145031e-03,2.624832632136531174e-05,2.624832632136531174e-05
2.325680017471313477e+00,2.494992566108703791e+00,2.325706243515014648e+00,2.495018792152404963e+00,8.544386029243469238e-01,8.324690759181976318e-01,9.329784512519836426e-01,9.423198938369751199e-01,2.905743420124053955e-01,5.099269658327102439e-01,2.427593469619750977e-01,2.033626899123191778e-01,4.929339047521352768e-03,6.913943961262702768e-03,2.624905027914792299e-05,2.624905027914792299e-05
2.672845363616943359e+00,2.517382788658141912e+00,2.672871589660644531e+00,2.517409014701843084e+00,7.815473079681396484e-01,8.480840086936950462e-01,9.045600295066833496e-01,9.349725425243378130e-01,7.548469305038452148e-01,5.237939119338989036e-01,2.256771028041839600e-01,2.035053208470344599e-01,6.214126013219356537e-03,7.027043029665946960e-03,2.624895205372013152e-05,2.624895205372013152e-05
2.187395572662353516e+00,2.480733418464660556e+00,2.187421798706054688e+00,2.480759644508361728e+00,8.113223910331726074e-01,8.391861140727996382e-01,9.471867084503173828e-01,9.406117975711822954e-01,2.561283409595489502e-01,4.895650595426559448e-01,1.604850590229034424e-01,2.015455737709999084e-01,1.227303221821784973e-02,9.824755787849425576e-03,2.624884291435591877e-05,2.624884291435591877e-05
2.319998025894165039e+00,2.463338565826416193e+00,2.320024251937866211e+00,2.463364791870117365e+00,8.780021071434020996e-01,8.277686834335327148e-01,9.613000750541687012e-01,9.377016484737396018e-01,2.601155340671539307e-01,4.913108110427856223e-01,2.151606827974319458e-01,2.020346730947494562e-01,5.419711116701364517e-03,4.522791597992181778e-03,2.624739499879069626e-05,2.624739499879069626e-05
2.323945999145507812e+00,2.497224760055542170e+00,2.323972225189208984e+00,2.497250986099243342e+00,8.909098505973815918e-01,8.705301940441131370e-01,9.488729834556579590e-01,9.341018617153167281e-01,2.576693594455718994e-01,4.850678592920303345e-01,2.220152318477630615e-01,2.019113183021545299e-01,4.478727001696825027e-03,5.613490892574191267e-03,2.624711851240135729e-05,2.624711851240135729e-05
2.449724197387695312e+00,2.513050961494445623e+00,2.449750423431396484e+00,2.513077187538146795e+00,8.689143061637878418e-01,8.453614950180053933e-01,9.391679167747497559e-01,9.518133699893951416e-01,4.044592678546905518e-01,5.047549217939376609e-01,2.261868268251419067e-01,2.016334980726242065e-01,1.099590957164764404e-02,9.487671684473753322e-03,2.624663466122001410e-05,2.624663466122001410e-05
2.310737609863281250e+00,2.528003430366516202e+00,2.310763835906982422e+00,2.528029656410217374e+00,8.717918395996093750e-01,8.662709176540375200e-01,9.281176924705505371e-01,9.419533610343933105e-01,2.205547690391540527e-01,4.999597400426864513e-01,2.764908671379089355e-01,2.016218960285186823e-01,1.378226187080144882e-02,1.819755788892507553e-02,2.624527041916735470e-05,2.624527041916735470e-05
2.301105022430419922e+00,2.503239512443542480e+00,2.301131248474121094e+00,2.503265738487243652e+00,8.567064404487609863e-01,8.340113341808319536e-01,9.550173282623291016e-01,9.329593479633331299e-01,2.651827335357666016e-01,5.286826401948928611e-01,2.194841355085372925e-01,2.018168777227401789e-01,4.714457318186759949e-03,5.769335571676493038e-03,2.624556509545072913e-05,2.624556509545072913e-05
2.225326299667358398e+00,2.472896003723144442e+00,2.225352525711059570e+00,2.472922229766845614e+00,8.497710824012756348e-01,8.237409472465515581e-01,9.465346336364746094e-01,9.369119346141815408e-01,2.311042994260787964e-01,5.044037848711013794e-01,1.927840262651443481e-01,2.027167022228240911e-01,5.132142454385757446e-03,5.122613115236163313e-03,2.624670378281734884e-05,2.624670378281734884e-05
2.242455482482910156e+00,2.494084501266479403e+00,2.242481708526611328e+00,2.494110727310180575e+00,8.451350927352905273e-01,8.381197035312653032e-01,9.618049860000610352e-01,9.453716218471527322e-01,2.544903457164764404e-01,5.023068904876708540e-01,1.759746372699737549e-01,2.041458010673523060e-01,5.050528328865766525e-03,4.140443564392626112e-03,2.624754779390059412e-05,2.624754779390059412e-05
2.240011692047119141e+00,2.567750406265258967e+00,2.240037918090820312e+00,2.567776632308960139e+00,9.041580557823181152e-01,9.295996069908142312e-01,9.294435381889343262e-01,9.302622735500335471e-01,2.450738847255706787e-01,4.857815951108932495e-01,1.427771151065826416e-01,2.048970848321914617e-01,1.855905354022979736e-02,1.720978682860731940e-02,2.624619992275256664e-05,2.624619992275256664e-05
2.267936706542968750e+00,2.450759649276733398e+00,2.267962932586669922e+00,2.450785875320434570e+00,8.274471759796142578e-01,8.269606828689575195e-01,9.451762437820434570e-01,9.335554122924805132e-01,2.674559056758880615e-01,4.818773329257964866e-01,2.223632633686065674e-01,2.042190149426460211e-01,5.494148936122655869e-03,4.147201217710972179e-03,2.624458102218341082e-05,2.624458102218341082e-05
2.325024127960205078e+00,2.483303070068359375e+00,2.325050354003906250e+00,2.483329296112060547e+00,8.232594132423400879e-01,8.311261773109436257e-01,9.432481527328491211e-01,9.373424291610717995e-01,3.417370617389678955e-01,4.996087133884429821e-01,2.048372179269790649e-01,2.058538407087326105e-01,1.194223482161760330e-02,9.371942467987537037e-03,2.624585613375529647e-05,2.624585613375529647e-05
2.479845762252807617e+00,2.483586263656616389e+00,2.479871988296508789e+00,2.483612489700317560e+00,7.953400015830993652e-01,8.193175494670867920e-01,9.133283495903015137e-01,9.408638238906860130e-01,5.701774954795837402e-01,5.110514760017395020e-01,1.965235024690628052e-01,2.064732268452644237e-01,4.476450383663177490e-03,5.880176974460482771e-03,2.624424269015435129e-05,2.624424269015435129e-05
2.373978614807128906e+00,2.461689281463622869e+00,2.374004840850830078e+00,2.461715507507324041e+00,8.485863804817199707e-01,8.236844599246978538e-01,9.619120955467224121e-01,9.369642436504364014e-01,3.537629544734954834e-01,4.906032621860504372e-01,2.069214284420013428e-01,2.059412613511085455e-01,2.795839915052056313e-03,4.496052442118525332e-03,2.624328772071748972e-05,2.624328772071748972e-05
2.586499452590942383e+00,2.494149994850158869e+00,2.586525678634643555e+00,2.494176220893860041e+00,8.004214763641357422e-01,8.203077793121338335e-01,9.422932267189025879e-01,9.393534660339355469e-01,6.441626548767089844e-01,5.135249942541122437e-01,1.903196424245834351e-01,2.056063890457153209e-01,9.302717633545398712e-03,1.535734636709094013e-02,2.624295848363544792e-05,2.624295848363544792e-05
2.252649545669555664e+00,2.492949008941650391e+00,2.252675771713256836e+00,2.492975234985351562e+00,8.064913153648376465e-01,8.222769021987914595e-01,9.030418395996093750e-01,9.353449225425720659e-01,3.335625529289245605e-01,5.192420870065689309e-01,1.925997287034988403e-01,2.054754421114921570e-01,1.695405133068561554e-02,1.060965247452259029e-02,2.624124499561730772e-05,2.624124499561730772e-05
2.266311407089233398e+00,2.483692383766174405e+00,2.266337633132934570e+00,2.483718609809875577e+00,8.237521648406982422e-01,8.253420472145081010e-01,9.264987111091613770e-01,9.344310343265533891e-01,3.080209791660308838e-01,5.149757653474807961e-01,2.032811045646667480e-01,2.052753180265426691e-01,4.758375696837902069e-03,3.668117034249007528e-03,2.624069020384922624e-05,2.624069020384922624e-05
2.668224096298217773e+00,2.464283442497253507e+00,2.668250322341918945e+00,2.464309668540954679e+00,8.743867278099060059e-01,8.305012881755828857e-01,9.707815647125244141e-01,9.347232878208160400e-01,6.200125217437744141e-01,4.896088659763336293e-01,2.007210552692413330e-01,2.051953062415123041e-01,2.322105690836906433e-03,4.254715540446341385e-03,2.624000080686528236e-05,2.624000080686528236e-05
2.199085235595703125e+00,2.452306032180786133e+00,2.199111461639404297e+00,2.452332258224487305e+00,7.745273709297180176e-01,8.247401237487792525e-01,8.932115435600280762e-01,9.348310112953186479e-01,3.223559260368347168e-01,4.843220472335815208e-01,2.029394209384918213e-01,2.051815465092658997e-01,6.050711032003164291e-03,3.231311286799609835e-03,2.623949330882169306e-05,2.623949330882169306e-05
2.331735610961914062e+00,2.479810523986816229e+00,2.331761837005615234e+00,2.479836750030517400e+00,8.489098548889160156e-01,8.245041131973266380e-01,9.523754715919494629e-01,9.376397490501403587e-01,3.330363631248474121e-01,5.069128543138503584e-01,1.914879977703094482e-01,2.053862139582633972e-01,5.925822071731090546e-03,5.367537681013345892e-03,2.623754880914930254e-05,2.623754880914930254e-05
2.292155742645263672e+00,2.453336977958679110e+00,2.292181968688964844e+00,2.453363204002380282e+00,8.088094592094421387e-01,8.243926644325256792e-01,9.441680312156677246e-01,9.348976969718932883e-01,3.614555895328521729e-01,4.803217887878418191e-01,1.685051769018173218e-01,2.073740303516387884e-01,9.217567741870880127e-03,6.350803840905428106e-03,2.623882210173178464e-05,2.623882210173178464e-05
2.300143957138061523e+00,2.451898026466369451e+00,2.300170183181762695e+00,2.451924252510070623e+00,8.397439718246459961e-01,8.217530369758605513e-01,9.116927981376647949e-01,9.311697065830231157e-01,3.377031385898590088e-01,4.864791452884674183e-01,2.060020416975021362e-01,2.086116477847099193e-01,5.001955199986696243e-03,3.884463175199926073e-03,2.623709951876662672e-05,2.623709951876662672e-05
2.242104053497314453e+00,2.446380114555358976e+00,2.242130279541015625e+00,2.446406340599060147e+00,7.992774248123168945e-01,8.232460379600524680e-01,9.391325116157531738e-01,9.322295665740967241e-01,3.153204321861267090e-01,4.768817156553268322e-01,1.806554049253463745e-01,2.087056383490562550e-01,7.717977743595838547e-03,5.317156203091144562e-03,2.623600812512449920e-05,2.623600812512449920e-05
2.549446105957031250e+00,2.457679224014282404e+00,2.549472332000732422e+00,2.457705450057983576e+00,8.087234497070312500e-01,8.250583052635193093e-01,9.193995594978332520e-01,9.336501896381378396e-01,5.641248822212219238e-01,4.842521816492080799e-01,2.506572604179382324e-01,2.086690798401832636e-01,6.541105918586254120e-03,6.049542780965566288e-03,2.623603722895495594e-05,2.623603722895495594e-05
2.512954711914062500e+00,2.480689716339111506e+00,2.512980937957763672e+00,2.480715942382812678e+00,8.099981546401977539e-01,8.312593281269073930e-01,9.441552162170410156e-01,9.333842039108276589e-01,5.536785721778869629e-01,5.013643443584442361e-01,2.018048912286758423e-01,2.102036178112030029e-01,3.317872295156121254e-03,4.478237591683864594e-03,2.623397085699252784e-05,2.623397085699252784e-05
2.307446956634521484e+00,2.464435386657714666e+00,2.307473182678222656e+00,2.464461612701415838e+00,7.962470054626464844e-01,8.218029975891113503e-01,9.111099839210510254e-01,9.343416571617126909e-01,3.388001918792724609e-01,4.890580713748932107e-01,2.513932585716247559e-01,2.105098605155944769e-01,9.896397590637207031e-03,8.722820691764355053e-03,2.623415275593288243e-05,2.623415275593288243e-05
2.265077114105224609e+00,2.465320253372192294e+00,2.265103340148925781e+00,2.465346479415893466e+00,8.196905255317687988e-01,8.301810562610626443e-01,9.474521875381469727e-01,9.313700258731841819e-01,3.231635689735412598e-01,4.829594671726226696e-01,1.659931093454360962e-01,2.104747533798217718e-01,8.777639828622341156e-03,1.033489098772406509e-02,2.623291948111727834e-05,2.623291948111727834e-05
2.195114612579345703e+00,2.442197060585022061e+00,2.195140838623046875e+00,2.442223286628723233e+00,7.839379310607910156e-01,8.180617332458496316e-01,9.131802916526794434e-01,9.317547559738159624e-01,3.079223632812500000e-01,4.793901294469833374e-01,1.861592531204223633e-01,2.099217548966407776e-01,3.914928995072841644e-03,3.068724996410310268e-03,2.623285217850934714e-05,2.623285217850934714e-05
2.333928108215332031e+00,2.470912313461303800e+00,2.333954334259033203e+00,2.470938539505004972e+00,8.464337587356567383e-01,8.162986338138580322e-01,9.429113864898681641e-01,9.379146039485931619e-01,3.630012571811676025e-01,5.031868934631347212e-01,1.791015565395355225e-01,2.101519167423248347e-01,2.480177907273173332e-03,3.360292897559702310e-03,2.623118598421569914e-05,2.623118598421569914e-05
2.494891643524169922e+00,2.454768824577331365e+00,2.494917869567871094e+00,2.454795050621032537e+00,8.006621599197387695e-01,8.178233623504638228e-01,8.770299553871154785e-01,9.353148162364959273e-01,5.377696752548217773e-01,4.890814721584320068e-01,2.771777212619781494e-01,2.088198617100715526e-01,2.252067904919385910e-03,3.729310771450400526e-03,2.622872125357389450e-05,2.622872125357389450e-05
2.367771625518798828e+00,2.457987189292907715e+00,2.367797851562500000e+00,2.458013415336608887e+00,8.557469248771667480e-01,8.173469722270965132e-01,9.357507824897766113e-01,9.333991765975951926e-01,3.423426747322082520e-01,4.945402264595031849e-01,2.297714650630950928e-01,2.087709665298461970e-01,4.159976728260517120e-03,3.929834649898111994e-03,2.622833926579914987e-05,2.622833926579914987e-05
2.330409765243530273e+00,2.470912051200866877e+00,2.330435991287231445e+00,2.470938277244568049e+00,8.183929324150085449e-01,8.263173937797546609e-01,9.425097107887268066e-01,9.357630491256714311e-01,3.404801189899444580e-01,4.922323077917098999e-01,2.217107862234115601e-01,2.083298057317733709e-01,7.316458038985729218e-03,8.269516797736287811e-03,2.622645479277707636e-05,2.622645479277707636e-05
2.318789482116699219e+00,2.456695032119751154e+00,2.318815708160400391e+00,2.456721258163452326e+00,8.195851445198059082e-01,8.193937182426452859e-01,9.389929175376892090e-01,9.384536802768707053e-01,3.425792753696441650e-01,4.851420164108276589e-01,2.126033455133438110e-01,2.086882039904594532e-01,5.028697662055492401e-03,5.017367098480463375e-03,2.622633655846584588e-05,2.622633655846584588e-05
2.480023860931396484e+00,2.469068908691406161e+00,2.480050086975097656e+00,2.469095134735107333e+00,8.138470649719238281e-01,8.230162322521209495e-01,9.066326022148132324e-01,9.310952842235564741e-01,4.847097694873809814e-01,5.035786926746368408e-01,2.713822424411773682e-01,2.073878034949302729e-01,3.452152945101261139e-03,3.990902029909193342e-03,2.622436659294180572e-05,2.622436659294180572e-05
2.276216745376586914e+00,2.534156012535095037e+00,2.276242971420288086e+00,2.534182238578796209e+00,8.495835661888122559e-01,8.616567134857178178e-01,9.351028203964233398e-01,9.358656764030456321e-01,3.236093819141387939e-01,5.124532580375671387e-01,1.588065177202224731e-01,2.071194261312484797e-01,9.114494547247886658e-03,1.706086918711662362e-02,2.622430110932327807e-05,2.622430110932327807e-05
2.259686946868896484e+00,2.465629458427429199e+00,2.259713172912597656e+00,2.465655684471130371e+00,8.108620643615722656e-01,8.227822065353393999e-01,9.209467172622680664e-01,9.312806308269501177e-01,3.186889588832855225e-01,4.997925609350204468e-01,2.031347453594207764e-01,2.073647648096084706e-01,6.054479628801345825e-03,4.409302258864045143e-03,2.622352258185856044e-05,2.622352258185856044e-05
2.256220817565917969e+00,2.492984199523925692e+00,2.256247043609619141e+00,2.493010425567626864e+00,8.359597921371459961e-01,8.244704663753509299e-01,9.396988749504089355e-01,9.314762830734253374e-01,2.867994606494903564e-01,5.200752228498458640e-01,1.878500580787658691e-01,2.081851437687873840e-01,5.912774708122014999e-03,8.777112420648335717e-03,2.622478132252581418e-05,2.622478132252581418e-05
2.496822595596313477e+00,2.468231010437011541e+00,2.496848821640014648e+00,2.468257236480712713e+00,8.226394057273864746e-01,8.237467110157012939e-01,9.265524148941040039e-01,9.278725802898406538e-01,5.503194928169250488e-01,5.055290341377258745e-01,1.927606016397476196e-01,2.080379590392112676e-01,4.550596233457326889e-03,3.044668911024928180e-03,2.622558531584218144e-05,2.622558531584218144e-05
2.249291658401489258e+00,2.475735497474670588e+00,2.249317884445190430e+00,2.475761723518371760e+00,8.231608271598815918e-01,8.205294489860535112e-01,9.217082858085632324e-01,9.332377314567565918e-01,2.699019610881805420e-01,5.104087799787521140e-01,2.298717051744461060e-01,2.070744037628173828e-01,4.648942966014146805e-03,4.485165653750300581e-03,2.622696410981006920e-05,2.622696410981006920e-05
2.328198909759521484e+00,2.530918145179748446e+00,2.328225135803222656e+00,2.530944371223449618e+00,8.775537014007568359e-01,8.597116887569427046e-01,9.258989691734313965e-01,9.405729591846465620e-01,2.910177409648895264e-01,5.126894086599349531e-01,2.208285629749298096e-01,2.056323885917663574e-01,1.289992500096559525e-02,1.231168014928698574e-02,2.622748979774769396e-05,2.622748979774769396e-05
2.172635316848754883e+00,2.463821816444396795e+00,2.172661542892456055e+00,2.463848042488097967e+00,7.863733768463134766e-01,8.335983037948608843e-01,9.190245270729064941e-01,9.315542817115783913e-01,2.913786768913269043e-01,4.879926294088363647e-01,1.696649938821792603e-01,2.049124240875244141e-01,6.193603854626417160e-03,5.764185218140482903e-03,2.622629108373075724e-05,2.622629108373075724e-05
2.763101339340209961e+00,2.483501505851745783e+00,2.763127565383911133e+00,2.483527731895446955e+00,8.266915678977966309e-01,8.494276463985442893e-01,9.463198781013488770e-01,9.358376026153564231e-01,7.365459799766540527e-01,4.796097040176391380e-01,2.476662248373031616e-01,2.086674824357032665e-01,5.877839401364326477e-03,9.959069918841123928e-03,2.622521060402505100e-05,2.622521060402505100e-05
2.286288022994995117e+00,2.534335446357727228e+00,2.286314249038696289e+00,2.534361672401428400e+00,8.562673926353454590e-01,8.725713312625884566e-01,9.574989080429077148e-01,9.370963513851165994e-01,2.883619368076324463e-01,4.782611727714538574e-01,1.538656502962112427e-01,2.109541624784469493e-01,3.029407933354377747e-02,3.545236103236674985e-02,2.622455940581858158e-05,2.622455940581858158e-05
2.239916086196899414e+00,2.472675466537475497e+00,2.239942312240600586e+00,2.472701692581176669e+00,8.224533796310424805e-01,8.219659090042114036e-01,9.436403512954711914e-01,9.394510865211487260e-01,2.651867270469665527e-01,4.916360527276992798e-01,2.004576921463012695e-01,2.112915962934494019e-01,8.177948184311389923e-03,8.330889372155069958e-03,2.622488682391121984e-05,2.622488682391121984e-05
2.626974105834960938e+00,2.470395040512085139e+00,2.627000331878662109e+00,2.470421266555786310e+00,8.237040042877197266e-01,8.221310019493103249e-01,9.197916984558105469e-01,9.417622625827789529e-01,6.549721360206604004e-01,4.791504651308059470e-01,2.142632752656936646e-01,2.100196987390518244e-01,1.424302905797958374e-02,1.733159087598323822e-02,2.622438478283584118e-05,2.622438478283584118e-05
2.279780387878417969e+00,2.464476346969604492e+00,2.279806613922119141e+00,2.464502573013305664e+00,8.068035244941711426e-01,8.195356667041778786e-01,9.028447866439819336e-01,9.307506918907165749e-01,3.015053868293762207e-01,4.952818691730499490e-01,2.578460574150085449e-01,2.103112459182739369e-01,1.078056823462247849e-02,8.596821501851082542e-03,2.622465035528875887e-05,2.622465035528875887e-05
2.727323770523071289e+00,2.465468263626098722e+00,2.727349996566772461e+00,2.465494489669799894e+00,8.281583786010742188e-01,8.266685128211974654e-01,9.178219437599182129e-01,9.262662053108214888e-01,7.361509799957275391e-01,4.981500327587127797e-01,2.415243089199066162e-01,2.108530223369598500e-01,3.668305929750204086e-03,3.530595032498240297e-03,2.622042666189372540e-05,2.622042666189372540e-05
2.691591262817382812e+00,2.468758440017700284e+00,2.691617488861083984e+00,2.468784666061401456e+00,8.211922645568847656e-01,8.262902855873107688e-01,9.096835851669311523e-01,9.288231253623961958e-01,7.545700669288635254e-01,4.980989962816238514e-01,1.995913386344909668e-01,2.088978111743927113e-01,6.553944200277328491e-03,6.648171646520495588e-03,2.622060492285527289e-05,2.622060492285527289e-05
2.234124898910522461e+00,2.467989039421081721e+00,2.234151124954223633e+00,2.468015265464782892e+00,7.994874119758605957e-01,8.244478881359100786e-01,9.042625427246093750e-01,9.345188200473785178e-01,3.289449214935302734e-01,4.966873973608016968e-01,1.961181312799453735e-01,2.080122351646423451e-01,5.311874207109212875e-03,4.322735825553536415e-03,2.621627936605364084e-05,2.621627936605364084e-05
2.266406774520874023e+00,2.465117168426513850e+00,2.266433000564575195e+00,2.465143394470215021e+00,8.288096189498901367e-01,8.220829308032989724e-01,9.255784749984741211e-01,9.297565817832946777e-01,3.161532282829284668e-01,5.017595469951630083e-01,1.923083662986755371e-01,2.079040393233299311e-01,3.556854091584682465e-03,3.614056878723204049e-03,2.621820021886378527e-05,2.621820021886378527e-05
2.270825624465942383e+00,2.476899671554565252e+00,2.270851850509643555e+00,2.476925897598266424e+00,8.212546706199645996e-01,8.254660010337829812e-01,9.275752902030944824e-01,9.322196304798125999e-01,3.082336783409118652e-01,5.073250383138656616e-01,2.090032547712326050e-01,2.064241245388984680e-01,4.758790601044893265e-03,5.464906012639403690e-03,2.621748535602819175e-05,2.621748535602819175e-05
2.434163093566894531e+00,2.466663169860839666e+00,2.434189319610595703e+00,2.466689395904540838e+00,8.113605380058288574e-01,8.207961857318878396e-01,9.495772719383239746e-01,9.444272458553314431e-01,4.762439131736755371e-01,4.922285795211792103e-01,1.930011510848999023e-01,2.044147387146949824e-01,3.980267792940139771e-03,4.796464694663882256e-03,2.621579369588289410e-05,2.621579369588289410e-05
2.389773130416870117e+00,2.459846282005309970e+00,2.389799356460571289e+00,2.459872508049011142e+00,7.836644649505615234e-01,8.241795301437377930e-01,8.894565701484680176e-01,9.316539287567138228e-01,5.211218595504760742e-01,4.958974987268447987e-01,1.886075884103775024e-01,2.032065197825431713e-01,6.922398228198289871e-03,4.908792767673730503e-03,2.621762178023345768e-05,2.621762178023345768e-05
2.334839344024658203e+00,2.481187343597412109e+00,2.334865570068359375e+00,2.481213569641113281e+00,8.829116821289062500e-01,8.282348096370697466e-01,9.552394747734069824e-01,9.289207220077514426e-01,3.285658061504364014e-01,5.131078422069549339e-01,1.650530993938446045e-01,2.055997997522354126e-01,3.069093218073248863e-03,5.324193788692354982e-03,2.621541716507636011e-05,2.621541716507636011e-05
2.288986921310424805e+00,2.474182891845702947e+00,2.289013147354125977e+00,2.474209117889404119e+00,8.238517045974731445e-01,8.261854887008667214e-01,9.193222522735595703e-01,9.343356609344481978e-01,3.282986283302307129e-01,5.036131143569946289e-01,2.145137339830398560e-01,2.063049942255020253e-01,3.000473603606224060e-03,3.743625059723853891e-03,2.621462954266462475e-05,2.621462954266462475e-05
2.284067392349243164e+00,2.474542546272277654e+00,2.284093618392944336e+00,2.474568772315978826e+00,8.244560956954956055e-01,8.172777831554413064e-01,9.401319622993469238e-01,9.395369112491607222e-01,3.230497539043426514e-01,5.038589388132095337e-01,1.904409974813461304e-01,2.065094321966171320e-01,5.988611374050378799e-03,7.359468797221779997e-03,2.621422027004882693e-05,2.621422027004882693e-05
2.717932939529418945e+00,2.474215769767761142e+00,2.717959165573120117e+00,2.474241995811462314e+00,8.041766881942749023e-01,8.231603443622589333e-01,9.124573469161987305e-01,9.294410526752472368e-01,7.337695956230163574e-01,5.061083406209945235e-01,2.591795027256011963e-01,2.064647242426872198e-01,8.349772542715072632e-03,9.041239228099583886e-03,2.621468411234673113e-05,2.621468411234673113e-05
2.184935569763183594e+00,2.459146499633789062e+00,2.184961795806884766e+00,2.459172725677490234e+00,7.452233433723449707e-01,8.195255756378173606e-01,9.135884046554565430e-01,9.391735076904297319e-01,3.452922105789184570e-01,4.916033893823623657e-01,1.756339520215988159e-01,2.049810171127319225e-01,5.197469145059585571e-03,3.862987784668803042e-03,2.621654130052775145e-05,2.621654130052775145e-05
2.278920888900756836e+00,2.446524715423584073e+00,2.278947114944458008e+00,2.446550941467285245e+00,8.151624798774719238e-01,8.264327526092529741e-01,8.809965252876281738e-01,9.318889677524566650e-01,3.483324348926544189e-01,4.798097938299178966e-01,2.303068488836288452e-01,2.052061393857002314e-01,4.122381098568439484e-03,3.187078796327113932e-03,2.621136627567466348e-05,2.621136627567466348e-05
2.617060661315917969e+00,2.461772346496581942e+00,2.617086887359619141e+00,2.461798572540283114e+00,8.393267393112182617e-01,8.257646977901458296e-01,9.362679123878479004e-01,9.363213062286377397e-01,6.197280287742614746e-01,4.889471530914306641e-01,2.183554917573928833e-01,2.066727191209793146e-01,3.382428083568811417e-03,4.066448006778955286e-03,2.621062230900861323e-05,2.621062230900861323e-05
2.261320352554321289e+00,2.459597682952880948e+00,2.261346578598022461e+00,2.459623908996582120e+00,7.761781215667724609e-01,8.239172339439392312e-01,9.433966875076293945e-01,9.383006453514098899e-01,3.510072529315948486e-01,4.859034866094589233e-01,1.859084069728851318e-01,2.080269083380699158e-01,4.829775076359510422e-03,3.449400002136826342e-03,2.621321982587687671e-05,2.621321982587687671e-05
2.309161186218261719e+00,2.443374300003051669e+00,2.309187412261962891e+00,2.443400526046752841e+00,8.059913516044616699e-01,8.229563057422637495e-01,9.326416254043579102e-01,9.328053057193755881e-01,3.440938591957092285e-01,4.747981160879135021e-01,2.211699932813644409e-01,2.094537287950515858e-01,5.264555104076862335e-03,3.360809129662811930e-03,2.621217936393804848e-05,2.621217936393804848e-05
2.341896057128906250e+00,2.453454732894897461e+00,2.341922283172607422e+00,2.453480958938598633e+00,8.218444585800170898e-01,8.222487330436706321e-01,9.366350769996643066e-01,9.316124141216277632e-01,3.038598299026489258e-01,4.847169518470764160e-01,2.747338712215423584e-01,2.100279539823532160e-01,4.822892136871814728e-03,4.848677804693580021e-03,2.621452222228981555e-05,2.621452222228981555e-05
2.294398784637451172e+00,2.455199980735778720e+00,2.294425010681152344e+00,2.455226206779479892e+00,8.317661881446838379e-01,8.288195610046387163e-01,9.524577260017395020e-01,9.330505490303039329e-01,3.214159607887268066e-01,4.709397137165069469e-01,1.811451315879821777e-01,2.105316683650016729e-01,7.613660302013158798e-03,1.185853527858853410e-02,2.621575913508422673e-05,2.621575913508422673e-05
2.367547512054443359e+00,2.452097129821777521e+00,2.367573738098144531e+00,2.452123355865478693e+00,8.629091382026672363e-01,8.216518163681030273e-01,9.253512620925903320e-01,9.319380998611450639e-01,3.065528869628906250e-01,4.808461815118789673e-01,2.692830562591552734e-01,2.112428560853004400e-01,3.451146883890032768e-03,6.418208451941609036e-03,2.621438034111633897e-05,2.621438034111633897e-05
2.306614398956298828e+00,2.451683926582336248e+00,2.306640625000000000e+00,2.451710152626037420e+00,8.281925916671752930e-01,8.244409441947937456e-01,9.237756133079528809e-01,9.304314732551575151e-01,2.986585795879364014e-01,4.800968319177627563e-01,2.522015273571014404e-01,2.115113556385040394e-01,3.786183660849928856e-03,5.203334894031286066e-03,2.621516250655986369e-05,2.621516250655986369e-05
2.244291782379150391e+00,2.473684597015380682e+00,2.244318008422851562e+00,2.473710823059081854e+00,8.117858767509460449e-01,8.202146530151367410e-01,9.311292767524719238e-01,9.315809488296509233e-01,3.079212009906768799e-01,5.065099000930786133e-01,1.898457258939743042e-01,2.122532591223716680e-01,3.609734354540705681e-03,3.125827806070446795e-03,2.621615203679539263e-05,2.621615203679539263e-05
3.977662086486816406e+00,2.453445291519165128e+00,3.977688312530517578e+00,2.453471517562866300e+00,7.888730168342590332e-01,8.181428849697113259e-01,8.908437490463256836e-01,9.320188820362090842e-01,2.025783538818359375e+00,4.875887960195541271e-01,2.672822177410125732e-01,2.116773724555969238e-01,4.879486281424760818e-03,4.017318971455097545e-03,2.621514795464463532e-05,2.621514795464463532e-05
2.285789966583251953e+00,2.473722124099731356e+00,2.285816192626953125e+00,2.473748350143432528e+00,8.318040966987609863e-01,8.341271102428435835e-01,9.289724826812744141e-01,9.319826185703277144e-01,3.202984631061553955e-01,4.884876400232315286e-01,1.997958868741989136e-01,2.099670216441154591e-01,4.919053521007299423e-03,9.157801233232020638e-03,2.621546082082204521e-05,2.621546082082204521e-05
2.193183422088623047e+00,2.479545068740844904e+00,2.193209648132324219e+00,2.479571294784546076e+00,7.637375593185424805e-01,8.241525471210480180e-01,9.096139669418334961e-01,9.296631217002868652e-01,3.292157351970672607e-01,5.101309031248092429e-01,1.856466233730316162e-01,2.104765206575393566e-01,4.969682078808546066e-03,5.121999606490135366e-03,2.621350358822382987e-05,2.621350358822382987e-05
2.293945550918579102e+00,2.460298752784729093e+00,2.293971776962280273e+00,2.460324978828430265e+00,8.321368098258972168e-01,8.198478519916534424e-01,9.658206105232238770e-01,9.359383583068847656e-01,3.072656691074371338e-01,4.903497070074081532e-01,1.852872669696807861e-01,2.103448316454887279e-01,3.435121849179267883e-03,3.817975497804582206e-03,2.621180101414211094e-05,2.621180101414211094e-05
2.288447380065917969e+00,2.461528730392456232e+00,2.288473606109619141e+00,2.461554956436157404e+00,8.246230483055114746e-01,8.230254769325255904e-01,9.211891889572143555e-01,9.279833793640136497e-01,3.146379292011260986e-01,4.920574396848678700e-01,2.218343317508697510e-01,2.109059497714042553e-01,6.162796169519424438e-03,7.556469459086656397e-03,2.621121166157536209e-05,2.621121166157536209e-05
2.842885971069335938e+00,2.457589817047119318e+00,2.842912197113037109e+00,2.457616043090820490e+00,8.610418438911437988e-01,8.230952978134155051e-01,9.376646280288696289e-01,9.287772238254546897e-01,8.117142915725708008e-01,4.845914751291274802e-01,2.210994213819503784e-01,2.108892515301704351e-01,1.136588212102651596e-02,1.023652078583836555e-02,2.621333987917751074e-05,2.621333987917751074e-05
2.283250808715820312e+00,2.472841215133667170e+00,2.283277034759521484e+00,2.472867441177368342e+00,8.203124403953552246e-01,8.201260805130005105e-01,9.366252422332763672e-01,9.342278540134429932e-01,3.078525662422180176e-01,4.991612017154693492e-01,2.139295935630798340e-01,2.121009841561317388e-01,4.530868027359247208e-03,7.225094130262732506e-03,2.621289058879483491e-05,2.621289058879483491e-05
2.384955644607543945e+00,2.456601381301879883e+00,2.384981870651245117e+00,2.456627607345581055e+00,8.168836236000061035e-01,8.189837336540222168e-01,9.331820011138916016e-01,9.293652534484863059e-01,4.304252564907073975e-01,4.931412667036056408e-01,2.017666697502136230e-01,2.124245837330818176e-01,2.698150696232914925e-03,2.686505508609116251e-03,2.621110616018995643e-05,2.621110616018995643e-05
2.269004344940185547e+00,2.458701014518737793e+00,2.269030570983886719e+00,2.458727240562438965e+00,8.167684078216552734e-01,8.170110821723938210e-01,9.392032027244567871e-01,9.301228106021881548e-01,3.003934919834136963e-01,4.971274614334106334e-01,2.111543416976928711e-01,2.123269453644752447e-01,1.484906068071722984e-03,2.112758834846317681e-03,2.620997838675975800e-05,2.620997838675975800e-05
2.583908081054687500e+00,2.463616347312927335e+00,2.583934307098388672e+00,2.463642573356628507e+00,8.261339664459228516e-01,8.244765996932983398e-01,9.411654472351074219e-01,9.302918493747711626e-01,6.292350888252258301e-01,4.931454718112945335e-01,1.822836101055145264e-01,2.111882448196411022e-01,5.090087652206420898e-03,4.514225386083125721e-03,2.620744271553121507e-05,2.620744271553121507e-05
2.221587896347045898e+00,2.494083786010742099e+00,2.221614122390747070e+00,2.494110012054443271e+00,8.334740400314331055e-01,8.448031306266784446e-01,9.482703208923339844e-01,9.282444357872009499e-01,2.455602735280990601e-01,5.016031354665756448e-01,1.890065073966979980e-01,2.121064215898513794e-01,5.276759620755910873e-03,7.326673483476042747e-03,2.621067687869071960e-05,2.621067687869071960e-05
2.170767784118652344e+00,2.496766185760498136e+00,2.170794010162353516e+00,2.496792411804199308e+00,8.118842840194702148e-01,8.173921287059784380e-01,9.419127106666564941e-01,9.361067712306976318e-01,2.115586847066879272e-01,5.251106649637222734e-01,2.019925415515899658e-01,2.151151418685913197e-01,3.419461194425821304e-03,3.041517944075167092e-03,2.620890154503285885e-05,2.620890154503285885e-05
2.390242099761962891e+00,2.528102374076843351e+00,2.390268325805664062e+00,2.528128600120544522e+00,7.634664773941040039e-01,8.229179441928863303e-01,8.798488378524780273e-01,9.359049260616302268e-01,5.605095028877258301e-01,5.438565492630005327e-01,1.735564172267913818e-01,2.154037669301032965e-01,1.286097336560487747e-02,1.001919014379382133e-02,2.620782470330595970e-05,2.620782470330595970e-05
2.849481105804443359e+00,2.467047548294067472e+00,2.849507331848144531e+00,2.467073774337768644e+00,7.991284132003784180e-01,8.208434462547302690e-01,9.281486272811889648e-01,9.293656170368194136e-01,8.874369859695434570e-01,4.983658432960510476e-01,2.295849770307540894e-01,2.137091353535652272e-01,5.181918386369943619e-03,4.763547005131841053e-03,2.620749364723451436e-05,2.620749364723451436e-05
2.195040941238403320e+00,2.437842941284179776e+00,2.195067167282104492e+00,2.437869167327880948e+00,8.461314439773559570e-01,8.227363884449004905e-01,9.150096774101257324e-01,9.217960655689239058e-01,2.163825035095214844e-01,4.778405666351318581e-01,2.149053812026977539e-01,2.126318275928497370e-01,2.611817792057991028e-03,2.838121633976697835e-03,2.620388841023668647e-05,2.620388841023668647e-05
2.101410865783691406e+00,2.505459284782409757e+00,2.101437091827392578e+00,2.505485510826110929e+00,8.063005805015563965e-01,8.171826422214507613e-01,9.245506525039672852e-01,9.347328543663024902e-01,1.704752743244171143e-01,5.380249738693236861e-01,1.956007778644561768e-01,2.112150937318801880e-01,4.483674187213182449e-03,4.303748859092593540e-03,2.620635495986789465e-05,2.620635495986789465e-05
2.299123764038085938e+00,2.474802660942077459e+00,2.299149990081787109e+00,2.474828886985778631e+00,8.814694285392761230e-01,8.820102751255035622e-01,9.034666419029235840e-01,9.272829413414001021e-01,2.685464322566986084e-01,4.445589393377303855e-01,2.322465181350708008e-01,2.065421894192695507e-01,1.339481491595506668e-02,1.440835213288664887e-02,2.620529994601383805e-05,2.620529994601383805e-05
3.792846202850341797e+00,2.551324081420898615e+00,3.792872428894042969e+00,2.551350307464599787e+00,8.851801753044128418e-01,9.290443599224090798e-01,8.904045820236206055e-01,9.359590351581573708e-01,1.778341174125671387e+00,4.641312420368194358e-01,2.169585675001144409e-01,2.059025987982749939e-01,2.196169644594192505e-02,1.628679772838950018e-02,2.620388295326847583e-05,2.620388295326847583e-05
2.401773929595947266e+00,2.654755139350891024e+00,2.401800155639648438e+00,2.654781365394592196e+00,9.955641031265258789e-01,9.769936621189116988e-01,9.877643585205078125e-01,9.615908682346343550e-01,2.137440294027328491e-01,4.431933462619781494e-01,1.583281159400939941e-01,2.057570055127143915e-01,4.637331515550613403e-02,6.722036413848400671e-02,2.620384475449100137e-05,2.620384475449100137e-05
2.288714885711669922e+00,2.500031566619873136e+00,2.288741111755371094e+00,2.500057792663574308e+00,8.823734521865844727e-01,8.641756772994995117e-01,9.545730352401733398e-01,9.472395241260528342e-01,1.971364915370941162e-01,4.632969945669174194e-01,2.361147701740264893e-01,2.052756443619728199e-01,1.851723529398441315e-02,2.004376370459794859e-02,2.620081795612350106e-05,2.620081795612350106e-05
4.411854267120361328e+00,2.507378697395324707e+00,4.411880493164062500e+00,2.507404923439025879e+00,8.402041196823120117e-01,8.639764547348022239e-01,8.956589698791503906e-01,9.415159046649932417e-01,2.386462450027465820e+00,4.725608944892883412e-01,2.651800513267517090e-01,2.055542930960655157e-01,2.434881590306758881e-02,2.377118747681379249e-02,2.620268605824094266e-05,2.620268605824094266e-05
2.217978715896606445e+00,2.443531680107116522e+00,2.218004941940307617e+00,2.443557906150817693e+00,8.575710058212280273e-01,8.314521253108978494e-01,9.322600364685058594e-01,9.265270233154296875e-01,2.263411134481430054e-01,4.727322995662689431e-01,1.947180181741714478e-01,2.067630827426910345e-01,7.088494021445512772e-03,6.057132966816425323e-03,2.620382838358636945e-05,2.620382838358636945e-05
2.189227819442749023e+00,2.443707776069641291e+00,2.189254045486450195e+00,2.443734002113342463e+00,8.119738101959228516e-01,8.224160552024841753e-01,9.108308553695678711e-01,9.302115082740783913e-01,2.139653712511062622e-01,4.807943046092987283e-01,2.472228109836578369e-01,2.058903932571411188e-01,5.235052201896905899e-03,4.395527672022581447e-03,2.620464874780736864e-05,2.620464874780736864e-05
2.057197570800781250e+00,2.432631230354309171e+00,2.057223796844482422e+00,2.432657456398010343e+00,7.954134941101074219e-01,8.288840174674987349e-01,9.153472185134887695e-01,9.264844715595245139e-01,2.044813930988311768e-01,4.671790093183517678e-01,1.350560635328292847e-01,2.051342248916626088e-01,6.899402476847171783e-03,4.949526488780974995e-03,2.620587838464416564e-05,2.620587838464416564e-05
2.105122327804565430e+00,2.419406485557556330e+00,2.105148553848266602e+00,2.419432711601257502e+00,8.059387207031250000e-01,8.247498333454131858e-01,9.356937408447265625e-01,9.270746946334839089e-01,1.805876344442367554e-01,4.520607650279998557e-01,1.717111617326736450e-01,2.048017844557762090e-01,1.119118835777044296e-02,1.071942383423447540e-02,2.620574014144949615e-05,2.620574014144949615e-05
2.457520008087158203e+00,2.411357045173645020e+00,2.457546234130859375e+00,2.411383271217346191e+00,7.823043465614318848e-01,8.362435579299927202e-01,8.914990425109863281e-01,9.478657245635986328e-01,4.885314106941223145e-01,4.133613616228103416e-01,2.855149209499359131e-01,2.028499528765678461e-01,9.670611470937728882e-03,1.103641837835311890e-02,2.620450686663389206e-05,2.620450686663389206e-05
2.170826435089111328e+00,2.426100897789001287e+00,2.170852661132812500e+00,2.426127123832702459e+00,8.401963710784912109e-01,8.293727159500121626e-01,9.078740477561950684e-01,9.320661842823028120e-01,2.004569023847579956e-01,4.566235005855560081e-01,2.168267369270324707e-01,2.035845160484313909e-01,5.472392309457063675e-03,4.454028094187378883e-03,2.620382656459696591e-05,2.620382656459696591e-05
2.173902273178100586e+00,2.466174268722534091e+00,2.173928499221801758e+00,2.466200494766235263e+00,8.355488777160644531e-01,8.590605318546294944e-01,9.333174824714660645e-01,9.285081744194030318e-01,1.908235102891921997e-01,4.628637641668319480e-01,2.017620652914047241e-01,2.036213964223861639e-01,1.245049294084310532e-02,1.212042318657040665e-02,2.620524901431053877e-05,2.620524901431053877e-05
2.194567918777465820e+00,2.452744150161743075e+00,2.194594144821166992e+00,2.452770376205444247e+00,8.406203985214233398e-01,8.439582228660583718e-01,9.433755278587341309e-01,9.243552386760711670e-01,2.007017284631729126e-01,4.603830724954605103e-01,1.964778453111648560e-01,2.035421490669250544e-01,1.339254900813102722e-02,2.050547730177641054e-02,2.620622763060964644e-05,2.620622763060964644e-05
2.084581613540649414e+00,2.434097075462341220e+00,2.084607839584350586e+00,2.434123301506042392e+00,8.034675717353820801e-01,8.360288202762603538e-01,9.167205095291137695e-01,9.281308174133300337e-01,1.585357338190078735e-01,4.514231473207473977e-01,1.921896338462829590e-01,2.037929251790046581e-01,1.366805192083120346e-02,1.472135521471500466e-02,2.620897612359840423e-05,2.620897612359840423e-05
2.233620643615722656e+00,2.422228407859802424e+00,2.233646869659423828e+00,2.422254633903503596e+00,8.535552024841308594e-01,8.394785046577453169e-01,9.720296263694763184e-01,9.523074984550475852e-01,2.219347506761550903e-01,4.095610886812209861e-01,1.689164787530899048e-01,2.004638299345970209e-01,1.718439348042011261e-02,2.041751034557819436e-02,2.620965460664592683e-05,2.620965460664592683e-05
2.153921127319335938e+00,2.363775181770324529e+00,2.153947353363037109e+00,2.363801407814025701e+00,8.526337742805480957e-01,8.301405370235442893e-01,9.335744380950927734e-01,9.302833437919616477e-01,1.864822655916213989e-01,3.931137293577194325e-01,1.739258617162704468e-01,2.007378742098808178e-01,7.304902654141187668e-03,9.499676153063773762e-03,2.621110434120055288e-05,2.621110434120055288e-05
2.309120416641235352e+00,2.453049898147583008e+00,2.309146642684936523e+00,2.453076124191284180e+00,9.130529761314392090e-01,8.499815821647643821e-01,9.674836993217468262e-01,9.375123739242553489e-01,1.779403984546661377e-01,4.563513636589050515e-01,2.421159744262695312e-01,2.005754306912422291e-01,8.527223952114582062e-03,8.629181049764155995e-03,2.619999941089190543e-05,2.619999941089190543e-05
2.201258420944213867e+00,2.437057662010192693e+00,2.201284646987915039e+00,2.437083888053893865e+00,8.354392051696777344e-01,8.652957558631897417e-01,9.251416921615600586e-01,9.433262169361114058e-01,2.207491099834442139e-01,4.069332718849182351e-01,2.078242152929306030e-01,2.030043721199035756e-01,1.210423465818166733e-02,1.849804334342479775e-02,2.620085979287978262e-05,2.620085979287978262e-05
2.153978586196899414e+00,2.430494832992553533e+00,2.154004812240600586e+00,2.430521059036254705e+00,7.989436388015747070e-01,8.501775920391082542e-01,9.248535037040710449e-01,9.479618430137634055e-01,2.200230807065963745e-01,4.177055269479751365e-01,1.953959614038467407e-01,2.031666651368141119e-01,1.476251054555177689e-02,1.148317130282521317e-02,2.620325176394544542e-05,2.620325176394544542e-05
2.917747735977172852e+00,2.395877742767333896e+00,2.917773962020874023e+00,2.395903968811035067e+00,8.261117935180664062e-01,8.300510883331299050e-01,9.292640686035156250e-01,9.415227234363555686e-01,9.366679191589355469e-01,4.131697863340377808e-01,2.163260430097579956e-01,2.019087985157966558e-01,9.377991780638694763e-03,9.225348569452762257e-03,2.620560189825482666e-05,2.620560189825482666e-05
2.357120990753173828e+00,2.406045770645141690e+00,2.357147216796875000e+00,2.406071996688842862e+00,8.829980492591857910e-01,8.287478029727936013e-01,9.594076275825500488e-01,9.344323754310608354e-01,2.534383237361907959e-01,4.311017900705337302e-01,2.532803714275360107e-01,2.032794535160064586e-01,7.996627129614353180e-03,8.484302880242466580e-03,2.620678424136713147e-05,2.620678424136713147e-05
4.904781818389892578e+00,2.393360352516174405e+00,4.904808044433593750e+00,2.393386578559875577e+00,8.230961561203002930e-01,8.229135155677795854e-01,9.198542833328247070e-01,9.399524986743926780e-01,2.926625251770019531e+00,4.237246900796890481e-01,2.297054380178451538e-01,2.031622856855392345e-01,5.500922445207834244e-03,3.607418504543602467e-03,2.620658960950095206e-05,2.620658960950095206e-05
2.119336843490600586e+00,2.405933141708374023e+00,2.119363069534301758e+00,2.405959367752075195e+00,7.949541807174682617e-01,8.289303958415985552e-01,8.912764191627502441e-01,9.322786509990692583e-01,2.434601485729217529e-01,4.381592303514480480e-01,1.819833368062973022e-01,2.021265774965286255e-01,7.662852760404348373e-03,4.438343876972794706e-03,2.620621853566262871e-05,2.620621853566262871e-05
2.322289705276489258e+00,2.396647858619689764e+00,2.322315931320190430e+00,2.396674084663390936e+00,8.735619187355041504e-01,8.302758395671844260e-01,9.345212578773498535e-01,9.355840623378753884e-01,2.972821295261383057e-01,4.249117106199264415e-01,2.138694673776626587e-01,2.025191292166709789e-01,3.054859349504113197e-03,3.357132105156779203e-03,2.620541454234626144e-05,2.620541454234626144e-05
2.264873743057250977e+00,2.409483361244201483e+00,2.264899969100952148e+00,2.409509587287902654e+00,8.368589878082275391e-01,8.234855055809020552e-01,9.084836840629577637e-01,9.342715799808501975e-01,2.943580150604248047e-01,4.449161320924758800e-01,2.219167947769165039e-01,2.031404435634613093e-01,3.255970077589154243e-03,3.669688687659800139e-03,2.620445775391999632e-05,2.620445775391999632e-05
2.266307592391967773e+00,2.396312117576599121e+00,2.266333818435668945e+00,2.396338343620300293e+00,8.060663342475891113e-01,8.270229339599609597e-01,9.227393269538879395e-01,9.362108707427978516e-01,2.634962499141693115e-01,4.259749323129654042e-01,2.714982330799102783e-01,2.031789064407348577e-01,2.507424214854836464e-03,3.924422105774283756e-03,2.620580380607862025e-05,2.620580380607862025e-05
2.400464534759521484e+00,2.381205368041992010e+00,2.400490760803222656e+00,2.381231594085693182e+00,8.574460148811340332e-01,8.332321047782897949e-01,9.604649543762207031e-01,9.328154742717742476e-01,3.901582360267639160e-01,4.084720343351364025e-01,1.877508759498596191e-01,2.023115471005439703e-01,4.644731525331735611e-03,4.374272585846483534e-03,2.620683881104923785e-05,2.620683881104923785e-05
2.237928390502929688e+00,2.387873697280883611e+00,2.237954616546630859e+00,2.387899923324584783e+00,8.318696618080139160e-01,8.348815023899078813e-01,9.313275218009948730e-01,9.335144340991974321e-01,2.692074775695800781e-01,4.151319593191146740e-01,2.031784802675247192e-01,2.017167642712593134e-01,2.345321699976921082e-03,2.629007305949926463e-03,2.620827217469923198e-05,2.620827217469923198e-05
2.226343631744384766e+00,2.410010194778442472e+00,2.226369857788085938e+00,2.410036420822143644e+00,8.322276473045349121e-01,8.313296616077423540e-01,9.309623837471008301e-01,9.387890577316284624e-01,2.999815940856933594e-01,4.321105629205703735e-01,1.594542562961578369e-01,2.029669344425201472e-01,3.717745654284954071e-03,4.813997726887464697e-03,2.620786472107283771e-05,2.620786472107283771e-05
2.342851877212524414e+00,2.409411334991454989e+00,2.342878103256225586e+00,2.409437561035156161e+00,8.615120053291320801e-01,8.372033596038818137e-01,9.561935663223266602e-01,9.326569557189940962e-01,2.803565859794616699e-01,4.252337723970412986e-01,2.395030707120895386e-01,2.031962350010871887e-01,5.286432802677154541e-03,1.112101245671510627e-02,2.620760096760932356e-05,2.620760096760932356e-05
2.207080125808715820e+00,2.394469118118286222e+00,2.207106351852416992e+00,2.394495344161987394e+00,8.256638646125793457e-01,8.281261682510375755e-01,9.282804131507873535e-01,9.298761606216430220e-01,2.444341927766799927e-01,4.304105192422866821e-01,2.060325294733047485e-01,2.028001099824905396e-01,2.669105539098381996e-03,3.256112546660006133e-03,2.620802661112975329e-05,2.620802661112975329e-05
2.254987239837646484e+00,2.401512432098388494e+00,2.255013465881347656e+00,2.401538658142089666e+00,8.536303043365478516e-01,8.264742553234100120e-01,9.686383008956909180e-01,9.373572528362273948e-01,2.631571292877197266e-01,4.283596068620681985e-01,1.632867157459259033e-01,2.033664092421531566e-01,6.274607032537460327e-03,5.954906251281500210e-03,2.620826853672042489e-05,2.620826853672042489e-05
2.512372732162475586e+00,2.404726171493530185e+00,2.512398958206176758e+00,2.404752397537231356e+00,7.941848635673522949e-01,8.299168169498443159e-01,9.072132110595703125e-01,9.337487637996673140e-01,6.241953372955322266e-01,4.294468641281127819e-01,1.808676421642303467e-01,2.043313398957252447e-01,5.911686457693576813e-03,7.282396079972386360e-03,2.620879968162626028e-05,2.620879968162626028e-05
2.238193988800048828e+00,2.430378890037536710e+00,2.238220214843750000e+00,2.430405116081237882e+00,7.874039411544799805e-01,8.295392870903015581e-01,9.310825467109680176e-01,9.366321206092834695e-01,2.747301757335662842e-01,4.499884665012359730e-01,2.402341514825820923e-01,2.061472207307815663e-01,4.743191413581371307e-03,8.071854850277304996e-03,2.621196108520962298e-05,2.621196108520962298e-05
2.284525394439697266e+00,2.422840976715087802e+00,2.284551620483398438e+00,2.422867202758788974e+00,8.427180647850036621e-01,8.301047921180725320e-01,9.451467990875244141e-01,9.322832286357879417e-01,2.591852545738220215e-01,4.460290610790252908e-01,2.304601818323135376e-01,2.068698182702064514e-01,7.014900911599397659e-03,7.554027764126658266e-03,2.621238309075124562e-05,2.621238309075124562e-05
2.774913549423217773e+00,2.413757395744323908e+00,2.774939775466918945e+00,2.413783621788025080e+00,7.749068140983581543e-01,8.222505211830138938e-01,9.295569658279418945e-01,9.383417844772339311e-01,8.810160756111145020e-01,4.442128807306289784e-01,1.851208209991455078e-01,2.054218336939811762e-01,4.313014913350343704e-03,3.530365764163434505e-03,2.621212479425594211e-05,2.621212479425594211e-05
2.149503946304321289e+00,2.422177028656006037e+00,2.149530172348022461e+00,2.422203254699707209e+00,8.222913742065429688e-01,8.341980755329132524e-01,9.569246172904968262e-01,9.335725724697112593e-01,2.264758944511413574e-01,4.392615884542465099e-01,1.311493366956710815e-01,2.048948898911476246e-01,1.266267988830804825e-02,1.024989252910018037e-02,2.620947270770557225e-05,2.620947270770557225e-05
2.279789924621582031e+00,2.400928473472595304e+00,2.279816150665283203e+00,2.400954699516296476e+00,8.638468980789184570e-01,8.288638234138488992e-01,9.343253970146179199e-01,9.297802567481994185e-01,2.211005538702011108e-01,4.352951347827911377e-01,2.586229741573333740e-01,2.041720673441886902e-01,1.894213724881410599e-03,2.817237004637718374e-03,2.621172825456596911e-05,2.621172825456596911e-05
2.291283369064331055e+00,2.401679277420043945e+00,2.291309595108032227e+00,2.401705503463745117e+00,8.767152428627014160e-01,8.240871071815490945e-01,9.426482915878295898e-01,9.339589059352875200e-01,2.177387923002243042e-01,4.357587665319442860e-01,2.507076561450958252e-01,2.042812645435333196e-01,3.473249729722738266e-03,3.593255649320781231e-03,2.621181556605733931e-05,2.621181556605733931e-05
2.139322757720947266e+00,2.367297005653381525e+00,2.139348983764648438e+00,2.367323231697082697e+00,8.192235231399536133e-01,8.287132203578948531e-01,9.198951721191406250e-01,9.252861618995666948e-01,2.041267007589340210e-01,4.052525132894516102e-01,1.905068159103393555e-01,2.039616063237190136e-01,5.570462904870510101e-03,4.083514609374105757e-03,2.621180465212091804e-05,2.621180465212091804e-05
2.010611057281494141e+00,2.391467571258544922e+00,2.010637283325195312e+00,2.391493797302246094e+00,7.643091678619384766e-01,8.236771404743195024e-01,8.966031670570373535e-01,9.281989812850952593e-01,1.822422295808792114e-01,4.332494109869003407e-01,1.632248610258102417e-01,2.029307931661605835e-01,4.231689963489770889e-03,3.411234496161341580e-03,2.621337625896558166e-05,2.621337625896558166e-05
3.299890995025634766e+00,2.400742721557617365e+00,3.299917221069335938e+00,2.400768947601318537e+00,8.344694375991821289e-01,8.378164589405059370e-01,9.323007464408874512e-01,9.320196807384490967e-01,1.325151681900024414e+00,4.183977097272872925e-01,2.012145072221755981e-01,2.030564144253730885e-01,6.754520349204540253e-03,9.452487342059612274e-03,2.621183921291958541e-05,2.621183921291958541e-05
2.164156198501586914e+00,2.403631305694580167e+00,2.164182424545288086e+00,2.403657531738281339e+00,8.233892321586608887e-01,8.302875757217407227e-01,9.392656087875366211e-01,9.329125821590423806e-01,1.916158646345138550e-01,4.307035773992538563e-01,2.036993354558944702e-01,2.037597075104713440e-01,6.186179816722869873e-03,5.967860901728272091e-03,2.621259409352205694e-05,2.621259409352205694e-05
2.216697216033935547e+00,2.445419979095459162e+00,2.216723442077636719e+00,2.445446205139160334e+00,8.304568529129028320e-01,8.356130778789520042e-01,9.536827206611633301e-01,9.238143801689148171e-01,2.389759570360183716e-01,4.625553131103515847e-01,1.834485828876495361e-01,2.058503568172454778e-01,1.013310533016920090e-02,1.758684832602739473e-02,2.621283056214451790e-05,2.621283056214451790e-05
2.142637014389038086e+00,2.430579876899719327e+00,2.142663240432739258e+00,2.430606102943420499e+00,8.223407864570617676e-01,8.280247271060943159e-01,9.190701246261596680e-01,9.306152164936065674e-01,2.174951285123825073e-01,4.613194882869720570e-01,1.796284914016723633e-01,2.072291091084480230e-01,4.102564882487058640e-03,3.391336416825652122e-03,2.621077510411851108e-05,2.621077510411851108e-05
2.502290248870849609e+00,2.460538220405578791e+00,2.502316474914550781e+00,2.460564446449279963e+00,8.287210464477539062e-01,8.272517919540405273e-01,9.137128591537475586e-01,9.283230781555176225e-01,5.097243189811706543e-01,4.918145895004272239e-01,2.441926449537277222e-01,2.083395898342132457e-01,5.939547903835773468e-03,4.809137759730219494e-03,2.621266321511939168e-05,2.621266321511939168e-05
2.340624332427978516e+00,2.462694072723388583e+00,2.340650558471679688e+00,2.462720298767089755e+00,8.376024365425109863e-01,8.273746967315673828e-01,9.252300858497619629e-01,9.251099884510040061e-01,4.142816960811614990e-01,4.953547358512878640e-01,1.569308787584304810e-01,2.092116668820381276e-01,6.579273846000432968e-03,5.643016612157225782e-03,2.621119892864953727e-05,2.621119892864953727e-05
2.268728733062744141e+00,2.437582635879516513e+00,2.268754959106445312e+00,2.437608861923217685e+00,8.283699750900268555e-01,8.296145021915435347e-01,9.531736969947814941e-01,9.274020433425903542e-01,2.391472905874252319e-01,4.660074979066848866e-01,2.446513622999191284e-01,2.103376090526580811e-01,3.386454191058874130e-03,4.220948251895606344e-03,2.620970553834922612e-05,2.620970553834922612e-05
2.277476549148559570e+00,2.496411848068237127e+00,2.277502775192260742e+00,2.496438074111938299e+00,8.272720575332641602e-01,8.273254394531249778e-01,9.241117835044860840e-01,9.315004050731658936e-01,2.869411408901214600e-01,5.207706272602081743e-01,2.361436188220977783e-01,2.126783683896064647e-01,3.008082509040832520e-03,4.137052944861352791e-03,2.620700979605317116e-05,2.620700979605317116e-05
2.268022298812866211e+00,2.587665176391601651e+00,2.268048524856567383e+00,2.587691402435302823e+00,8.269063830375671387e-01,8.366387069225311723e-01,8.959918022155761719e-01,9.319971859455108421e-01,2.850988507270812988e-01,5.877076685428619385e-01,2.438810020685195923e-01,2.162286967039108165e-01,1.614425703883171082e-02,1.509292451664805482e-02,2.620621307869441807e-05,2.620621307869441807e-05
2.234881401062011719e+00,2.598525524139404297e+00,2.234907627105712891e+00,2.598551750183105469e+00,8.386222720146179199e-01,8.338901638984680398e-01,9.345653653144836426e-01,9.294839680194855180e-01,2.483204156160354614e-01,6.092663913965224998e-01,2.039542645215988159e-01,2.174249574542045649e-01,9.419160895049571991e-03,8.460107538849116066e-03,2.620642771944403648e-05,2.620642771944403648e-05
2.306403875350952148e+00,2.547125124931335360e+00,2.306430101394653320e+00,2.547151350975036532e+00,8.449091315269470215e-01,8.242523312568664773e-01,9.499461650848388672e-01,9.312296450138092263e-01,2.544152140617370605e-01,5.666275084018707053e-01,2.524183988571166992e-01,2.210361152887344305e-01,4.714661743491888046e-03,3.979464038275181900e-03,2.621375824674032629e-05,2.621375824674032629e-05
2.346202373504638672e+00,2.635157489776611239e+00,2.346228599548339844e+00,2.635183715820312411e+00,8.600080013275146484e-01,8.261725783348083940e-01,9.631011486053466797e-01,9.326533913612365945e-01,3.031307756900787354e-01,6.465912461280822754e-01,2.164882272481918335e-01,2.215239033102989197e-01,3.474228549748659134e-03,8.216377301141618988e-03,2.621589737827889621e-05,2.621589737827889621e-05
2.297281742095947266e+00,2.546807193756103427e+00,2.297307968139648438e+00,2.546833419799804599e+00,8.521553277969360352e-01,8.280047714710235818e-01,9.479884505271911621e-01,9.320359230041503906e-01,2.560487687587738037e-01,5.631336331367492454e-01,2.363897562026977539e-01,2.200400203466415516e-01,4.699702374637126923e-03,3.592848358675837343e-03,2.621844396344386041e-05,2.621844396344386041e-05
2.192809104919433594e+00,2.591461920738220126e+00,2.192835330963134766e+00,2.591488146781921298e+00,7.824458479881286621e-01,8.204824566841125710e-01,9.001745581626892090e-01,9.330148339271545632e-01,2.813852727413177490e-01,6.128876805305480957e-01,2.243510037660598755e-01,2.218201786279678234e-01,4.452463239431381226e-03,3.256739187054336244e-03,2.621878775244113058e-05,2.621878775244113058e-05
2.220329523086547852e+00,2.539144635200500488e+00,2.220355749130249023e+00,2.539170861244201660e+00,8.172886967658996582e-01,8.385092318058013916e-01,9.263162016868591309e-01,9.297061383724212202e-01,2.839718461036682129e-01,5.484716445207595825e-01,1.798639893531799316e-01,2.151770442724227905e-01,1.288893166929483414e-02,7.280636206269263874e-03,2.621310704853385687e-05,2.621310704853385687e-05
2.795030593872070312e+00,2.538218307495117010e+00,2.795056819915771484e+00,2.538244533538818182e+00,8.385618329048156738e-01,8.379310250282288042e-01,9.451177716255187988e-01,9.397566258907318337e-01,7.508931756019592285e-01,5.426869481801986916e-01,2.562038898468017578e-01,2.146435096859931890e-01,4.253904335200786591e-03,3.200223552994430065e-03,2.621225939947180450e-05,2.621225939947180450e-05
2.527771472930908203e+00,2.509056544303894132e+00,2.527797698974609375e+00,2.509082770347595304e+00,7.950008511543273926e-01,8.351121425628662553e-01,9.360334277153015137e-01,9.325909078121185081e-01,5.845330357551574707e-01,5.132636994123458418e-01,1.960107982158660889e-01,2.125113680958747864e-01,1.619339734315872192e-02,1.557842474430799415e-02,2.620825216581579298e-05,2.620825216581579298e-05
2.323840141296386719e+00,2.498355460166931330e+00,2.323866367340087891e+00,2.498381686210632502e+00,8.461644053459167480e-01,8.306989133358001487e-01,9.560813903808593750e-01,9.339385151863097700e-01,3.202002942562103271e-01,5.096886157989501953e-01,1.847414672374725342e-01,2.119844600558281056e-01,1.665264926850795746e-02,1.204498047009110520e-02,2.620686063892208040e-05,2.620686063892208040e-05
2.331513404846191406e+00,2.469346094131469549e+00,2.331539630889892578e+00,2.469372320175170721e+00,8.117403984069824219e-01,8.209661245346069336e-01,9.285340309143066406e-01,9.373157143592834029e-01,3.246789574623107910e-01,4.934816479682922474e-01,2.617310285568237305e-01,2.109294936060905346e-01,4.828945267945528030e-03,6.653112452477216374e-03,2.620672603370621800e-05,2.620672603370621800e-05
2.249603271484375000e+00,2.461238908767700018e+00,2.249629497528076172e+00,2.461265134811401190e+00,8.531575202941894531e-01,8.295798003673553467e-01,9.460515379905700684e-01,9.311858713626861572e-01,3.165891170501708984e-01,4.878253251314162986e-01,1.294928491115570068e-01,2.090187951922416743e-01,4.312288481742143631e-03,3.629110497422516433e-03,2.620434861455578357e-05,2.620434861455578357e-05
2.257857084274291992e+00,2.441943597793579279e+00,2.257883310317993164e+00,2.441969823837280451e+00,8.222621679306030273e-01,8.241195321083069070e-01,9.167464971542358398e-01,9.312546789646148904e-01,3.098892867565155029e-01,4.758206427097320668e-01,2.064450085163116455e-01,2.085763379931449835e-01,2.514132065698504448e-03,2.172385994344949896e-03,2.620153463794849813e-05,2.620153463794849813e-05
2.268541336059570312e+00,2.443276238441467463e+00,2.268567562103271484e+00,2.443302464485168635e+00,8.274723291397094727e-01,8.258706986904144065e-01,9.285305142402648926e-01,9.318725049495697466e-01,3.102476298809051514e-01,4.744304239749908558e-01,1.978839784860610962e-01,2.084244742989539989e-01,4.406718071550130844e-03,2.678223466500639742e-03,2.620049781398847699e-05,2.620049781398847699e-05
2.208464384078979492e+00,2.489044117927551092e+00,2.208490610122680664e+00,2.489070343971252264e+00,7.972574234008789062e-01,8.313006043434143510e-01,9.513452649116516113e-01,9.382746100425720659e-01,2.998589873313903809e-01,4.943820089101791382e-01,1.471215784549713135e-01,2.095438927412033026e-01,1.288097724318504333e-02,1.554303038865327904e-02,2.619922815938480198e-05,2.619922815938480198e-05
2.326609134674072266e+00,2.525671029090881259e+00,2.326635360717773438e+00,2.525697255134582431e+00,8.393892645835876465e-01,8.263687133789062722e-01,9.386441111564636230e-01,9.400520503520966020e-01,3.379290401935577393e-01,5.421061813831329346e-01,2.048301845788955688e-01,2.127912133932113592e-01,5.816527642309665680e-03,4.352889396250248302e-03,2.619699807837605476e-05,2.619699807837605476e-05
2.373651742935180664e+00,2.531018543243408025e+00,2.373677968978881836e+00,2.531044769287109197e+00,8.150739669799804688e-01,8.244901955127715842e-01,9.393160939216613770e-01,9.391457915306091753e-01,4.074710607528686523e-01,5.508148014545440896e-01,2.079502344131469727e-01,2.129832953214645386e-01,3.840647870674729347e-03,3.584465873427688902e-03,2.619589577079750597e-05,2.619589577079750597e-05
2.406548976898193359e+00,2.497457623481750488e+00,2.406575202941894531e+00,2.497483849525451660e+00,8.656134605407714844e-01,8.289430558681487593e-01,9.525620341300964355e-01,9.346061944961547852e-01,3.510418236255645752e-01,5.169598698616028054e-01,2.295714765787124634e-01,2.109174937009811457e-01,7.760006468743085861e-03,6.031055888161063368e-03,2.619314000185113400e-05,2.619314000185113400e-05
2.662557125091552734e+00,2.495368313789367853e+00,2.662583351135253906e+00,2.495394539833069025e+00,7.966640591621398926e-01,8.278286874294280562e-01,9.443898797035217285e-01,9.326902568340301736e-01,7.518324255943298340e-01,5.195951342582703081e-01,1.667409390211105347e-01,2.116832703351974598e-01,2.929983194917440414e-03,3.570935223251581192e-03,2.619330189190804958e-05,2.619330189190804958e-05
2.388737678527832031e+00,2.464431309700012118e+00,2.388763904571533203e+00,2.464457535743713290e+00,8.872040510177612305e-01,8.300697088241577593e-01,9.766607880592346191e-01,9.337169408798218218e-01,3.152325451374053955e-01,4.814094334840774425e-01,2.060890346765518188e-01,2.097359284758567866e-01,3.551283851265907288e-03,9.499291516840457569e-03,2.619260521896649152e-05,2.619260521896649152e-05
2.226019144058227539e+00,2.433680725097656428e+00,2.226045370101928711e+00,2.433706951141357600e+00,7.888590693473815918e-01,8.239986479282379594e-01,9.314830899238586426e-01,9.330167829990386741e-01,3.008977174758911133e-01,4.662930756807327493e-01,2.023241072893142700e-01,2.070505306124687250e-01,2.455126028507947922e-03,3.321655048057437117e-03,2.619225597300101072e-05,2.619225597300101072e-05
2.145474672317504883e+00,2.434412646293639959e+00,2.145500898361206055e+00,2.434438872337341131e+00,7.287427783012390137e-01,8.292928934097290039e-01,8.969781398773193359e-01,9.358203709125518799e-01,2.932287454605102539e-01,4.584397464990616067e-01,2.212753295898437500e-01,2.068344905972480663e-01,5.249820649623870850e-03,4.025116236880421985e-03,2.619123915792442858e-05,2.619123915792442858e-05
2.388171672821044922e+00,2.464355182647705256e+00,2.388197898864746094e+00,2.464381408691406428e+00,9.174119830131530762e-01,8.406247377395630327e-01,9.590153694152832031e-01,9.308771669864654985e-01,3.212634325027465820e-01,4.809323310852050559e-01,1.881234943866729736e-01,2.075635462999343983e-01,2.357201185077428818e-03,4.357360769063234329e-03,2.619010228954721242e-05,2.619010228954721242e-05
2.362302303314208984e+00,2.439926052093505771e+00,2.362328529357910156e+00,2.439952278137206942e+00,8.094745874404907227e-01,8.226665377616881880e-01,9.022134542465209961e-01,9.290824592113494651e-01,4.523152112960815430e-01,4.763426214456558117e-01,1.940408349037170410e-01,2.077748924493789673e-01,4.258158616721630096e-03,4.059510794468224396e-03,2.618949656607583165e-05,2.618949656607583165e-05
2.305329322814941406e+00,2.431419706344604581e+00,2.305355548858642578e+00,2.431445932388305753e+00,8.591467142105102539e-01,8.268240869045258012e-01,9.333871603012084961e-01,9.331437408924102561e-01,3.310411870479583740e-01,4.597443699836730735e-01,1.747409999370574951e-01,2.050359994173049927e-01,7.013404276221990585e-03,6.671480461955070149e-03,2.618570579215884209e-05,2.618570579215884209e-05
2.218003511428833008e+00,2.431667089462280273e+00,2.218029737472534180e+00,2.431693315505981445e+00,8.215869069099426270e-01,8.259941518306732622e-01,9.260679483413696289e-01,9.343714654445648415e-01,3.073565661907196045e-01,4.625454515218734852e-01,1.576710492372512817e-01,2.044585853815078791e-01,5.320945754647254944e-03,4.297439567744731556e-03,2.618238977447617799e-05,2.618238977447617799e-05
2.403240442276000977e+00,2.441911005973815829e+00,2.403266668319702148e+00,2.441937232017517001e+00,7.797981500625610352e-01,8.371819436550140825e-01,9.131998419761657715e-01,9.333986163139342818e-01,4.907548427581787109e-01,4.584383606910705788e-01,2.124911993741989136e-01,2.052651211619377081e-01,6.996384821832180023e-03,7.626990601420402353e-03,2.618138023535721004e-05,2.618138023535721004e-05
2.355016708374023438e+00,2.474113535881042658e+00,2.355042934417724609e+00,2.474139761924743830e+00,8.604865670204162598e-01,8.421988844871520774e-01,9.124309420585632324e-01,9.356338381767272949e-01,3.316244781017303467e-01,4.840368628501892090e-01,2.430518120527267456e-01,2.060057327151298412e-01,7.422852795571088791e-03,6.238238373771310026e-03,2.618234429974108934e-05,2.618234429974108934e-05
2.599787235260009766e+00,2.428595089912414462e+00,2.599813461303710938e+00,2.428621315956115634e+00,8.390625119209289551e-01,8.214342594146728516e-01,9.556885361671447754e-01,9.381370127201080766e-01,6.187466979026794434e-01,4.574151843786239402e-01,1.799504458904266357e-01,2.056491896510124207e-01,6.339072715491056442e-03,5.959465214982628649e-03,2.618023245304357260e-05,2.618023245304357260e-05
2.273661851882934570e+00,2.449066519737243652e+00,2.273688077926635742e+00,2.449092745780944824e+00,8.407563567161560059e-01,8.382869601249695046e-01,9.542836546897888184e-01,9.291831254959106445e-01,3.130500614643096924e-01,4.616593718528747559e-01,1.513858288526535034e-01,2.053035736083984319e-01,1.418580859899520874e-02,1.463343640789389541e-02,2.617625796119682491e-05,2.617625796119682491e-05
2.247772932052612305e+00,2.418745160102844238e+00,2.247799158096313477e+00,2.418771386146545410e+00,8.221522569656372070e-01,8.395614385604858176e-01,9.309994578361511230e-01,9.295089066028594527e-01,2.653825581073760986e-01,4.396426141262054221e-01,2.248890995979309082e-01,2.055802166461944691e-01,4.349722061306238174e-03,4.452016344293952335e-03,2.617466088850051165e-05,2.617466088850051165e-05
2.255782842636108398e+00,2.419310641288757502e+00,2.255809068679809570e+00,2.419336867332458674e+00,8.332727551460266113e-01,8.367016434669494185e-01,9.463839530944824219e-01,9.311264753341674805e-01,2.828977406024932861e-01,4.427077502012252697e-01,1.890560537576675415e-01,2.033405944705009571e-01,4.172223620116710663e-03,5.434141354635357510e-03,2.617351128719747066e-05,2.617351128719747066e-05
2.268386602401733398e+00,2.413123726844787598e+00,2.268412828445434570e+00,2.413149952888488770e+00,8.244470357894897461e-01,8.274572908878325972e-01,9.433955550193786621e-01,9.327461123466491699e-01,2.673846483230590820e-01,4.439670860767364613e-01,2.276474088430404663e-01,2.019371733069419972e-01,5.512027069926261902e-03,7.016080478206276720e-03,2.617396967252716422e-05,2.617396967252716422e-05
2.796280622482299805e+00,2.380101203918457031e+00,2.796306848526000977e+00,2.380127429962158203e+00,7.921192646026611328e-01,8.248862445354461226e-01,9.038241505622863770e-01,9.305199861526489702e-01,9.122009873390197754e-01,4.195857822895049938e-01,1.838073730468750000e-01,2.014719784259796087e-01,4.328893031924962997e-03,3.637222968973219221e-03,2.617267455207183957e-05,2.617267455207183957e-05
2.229789018630981445e+00,2.419344425201416016e+00,2.229815244674682617e+00,2.419370651245117188e+00,8.740501403808593750e-01,8.446450829505920410e-01,9.233772158622741699e-01,9.363194227218627486e-01,2.812921106815338135e-01,4.330422282218933105e-01,1.482086628675460815e-01,2.023911505937576183e-01,2.860712120309472084e-03,2.946518245153129101e-03,2.617055542941670865e-05,2.617055542941670865e-05
2.259076356887817383e+00,2.381866145133971990e+00,2.259102582931518555e+00,2.381892371177673162e+00,8.357799649238586426e-01,8.270513832569121870e-01,9.316903948783874512e-01,9.302787303924560103e-01,2.547800838947296143e-01,4.166656136512756348e-01,2.332009524106979370e-01,2.021980732679367065e-01,3.624859498813748360e-03,5.672309827059507197e-03,2.616813253553118557e-05,2.616813253553118557e-05
2.542551755905151367e+00,2.393356370925903143e+00,2.542577981948852539e+00,2.393382596969604315e+00,8.464784026145935059e-01,8.284280538558960183e-01,9.262768626213073730e-01,9.342090845108032005e-01,5.828002691268920898e-01,4.236169129610061757e-01,1.807785481214523315e-01,2.023398414254188593e-01,6.217799149453639984e-03,4.762545321136712681e-03,2.616855999804101884e-05,2.616855999804101884e-05
2.287367343902587891e+00,2.419857239723205655e+00,2.287393569946289062e+00,2.419883465766906827e+00,8.381521701812744141e-01,8.417242228984832542e-01,9.058467745780944824e-01,9.386972129344940408e-01,3.028745949268341064e-01,4.296925574541091697e-01,2.321056872606277466e-01,2.019715949892997853e-01,8.388009853661060333e-03,7.771662389859557325e-03,2.616682104417122900e-05,2.616682104417122900e-05
2.683911323547363281e+00,2.382247400283813654e+00,2.683937549591064453e+00,2.382273626327514826e+00,8.397046327590942383e-01,8.238969027996063677e-01,9.405743479728698730e-01,9.374523103237152322e-01,6.872723102569580078e-01,4.158180296421051247e-01,2.111840546131134033e-01,2.001072242856025696e-01,5.176156293600797653e-03,4.972931509837508028e-03,2.616628626128658652e-05,2.616628626128658652e-05
2.318498373031616211e+00,2.508497142791747958e+00,2.318524599075317383e+00,2.508523368835449130e+00,8.535472154617309570e-01,8.938319563865662065e-01,9.175790548324584961e-01,9.525829792022705300e-01,3.041652441024780273e-01,4.289381057024002075e-01,2.131049633026123047e-01,1.985920444130897522e-01,3.010183013975620270e-02,3.455210328102111678e-02,2.616464735183399171e-05,2.616464735183399171e-05
2.361572980880737305e+00,2.466389966011047541e+00,2.361599206924438477e+00,2.466416192054748713e+00,8.941747546195983887e-01,8.648486435413360596e-01,9.770744442939758301e-01,9.439070641994475874e-01,2.951309382915496826e-01,4.202071130275726318e-01,1.806145906448364258e-01,1.975503206253051702e-01,1.457801833748817444e-02,3.987682722508907596e-02,2.616456913528963923e-05,2.616456913528963923e-05
3.074533939361572266e+00,2.434091758728027521e+00,3.074560165405273438e+00,2.434117984771728693e+00,7.821755409240722656e-01,8.396819174289703591e-01,9.352648258209228516e-01,9.557791829109192339e-01,1.105620980262756348e+00,4.306104183197021484e-01,2.444179952144622803e-01,1.966919809579849299e-01,7.054476067423820496e-03,1.132826432585716178e-02,2.616435449454002082e-05,2.616435449454002082e-05
2.189686298370361328e+00,2.379426646232604803e+00,2.189712524414062500e+00,2.379452872276305975e+00,7.858174443244934082e-01,8.268955826759338823e-01,9.346210360527038574e-01,9.358793556690215842e-01,3.061082065105438232e-01,4.173316538333892711e-01,1.588271856307983398e-01,1.958115801215171703e-01,4.312531556934118271e-03,3.508535632863640959e-03,2.616368874441832304e-05,2.616368874441832304e-05
2.314882278442382812e+00,2.390480589866638361e+00,2.314908504486083984e+00,2.390506815910339533e+00,7.789285778999328613e-01,8.414424061775207520e-01,9.125692844390869141e-01,9.341051399707793745e-01,4.217027127742767334e-01,4.154185920953750721e-01,1.961493045091629028e-01,1.956915557384490967e-01,5.532425362616777420e-03,3.822943498380482370e-03,2.616444544401019812e-05,2.616444544401019812e-05
2.829810619354248047e+00,2.388132691383361816e+00,2.829836845397949219e+00,2.388158917427062988e+00,7.997800111770629883e-01,8.308157742023467573e-01,9.321419596672058105e-01,9.461907327175140825e-01,9.098392128944396973e-01,4.122117191553115734e-01,1.845995932817459106e-01,1.936062753200530895e-01,3.449823940172791481e-03,5.308218533173203468e-03,2.616262281662784517e-05,2.616262281662784517e-05
2.261359691619873047e+00,2.402439379692077548e+00,2.261385917663574219e+00,2.402465605735778720e+00,8.353961110115051270e-01,8.357965946197509766e-01,9.535472989082336426e-01,9.470880091190337913e-01,2.715251743793487549e-01,4.034550428390503152e-01,1.927215158939361572e-01,1.934668362140655462e-01,8.169528096914291382e-03,2.263288609683513503e-02,2.616353594930842519e-05,2.616353594930842519e-05
2.311080694198608398e+00,2.376095581054687322e+00,2.311106920242309570e+00,2.376121807098388494e+00,8.583938479423522949e-01,8.338241040706634299e-01,9.163137674331665039e-01,9.367309808731079102e-01,2.872075736522674561e-01,4.070152908563614003e-01,2.419570684432983398e-01,1.925106525421142467e-01,7.208691444247961044e-03,6.014526728540659298e-03,2.616058554849587381e-05,2.616058554849587381e-05
2.389919519424438477e+00,2.413990974426269531e+00,2.389945745468139648e+00,2.414017200469970703e+00,8.451725244522094727e-01,8.391891062259674294e-01,9.966945052146911621e-01,9.442156553268432617e-01,3.092895150184631348e-01,4.300684928894042969e-01,2.337841391563415527e-01,1.929793149232864324e-01,4.978934768587350845e-03,7.538319099694490433e-03,2.616051096993032843e-05,2.616051096993032843e-05
2.511244297027587891e+00,2.394886159896850497e+00,2.511270523071289062e+00,2.394912385940551669e+00,8.628049492835998535e-01,8.306454479694366233e-01,9.247539043426513672e-01,9.368671536445617454e-01,5.278880000114440918e-01,4.263244330883025901e-01,1.878307014703750610e-01,1.933950006961822621e-01,7.966718636453151703e-03,7.654136512428522110e-03,2.615879930090159178e-05,2.615879930090159178e-05
2.047429561614990234e+00,2.391716575622558683e+00,2.047455787658691406e+00,2.391742801666259854e+00,7.539762854576110840e-01,8.426576614379882590e-01,9.046205878257751465e-01,9.323537170886992964e-01,2.779645323753356934e-01,4.194734930992126687e-01,1.032150834798812866e-01,1.935942292213440052e-01,7.653319742530584335e-03,3.637493168935179537e-03,2.615554512885864824e-05,2.615554512885864824e-05
2.148465871810913086e+00,2.369582009315490900e+00,2.148492097854614258e+00,2.369608235359192072e+00,7.863326668739318848e-01,8.303316116333008257e-01,9.075306057929992676e-01,9.417490065097808838e-01,2.750743031501770020e-01,3.968924552202224842e-01,1.718718558549880981e-01,1.923667296767234691e-01,7.656282279640436172e-03,8.242262993007898331e-03,2.615758057800121605e-05,2.615758057800121605e-05
4.237777233123779297e+00,2.361876797676086603e+00,4.237803459167480469e+00,2.361903023719787775e+00,8.405554294586181641e-01,8.346486330032348855e-01,9.108442664146423340e-01,9.323542177677154319e-01,2.270777463912963867e+00,3.967178672552108543e-01,2.090165317058563232e-01,1.927410230040550176e-01,6.583488546311855316e-03,5.415050266310572798e-03,2.615486118884291500e-05,2.615486118884291500e-05
2.277071714401245117e+00,2.427335500717163086e+00,2.277097940444946289e+00,2.427361726760864258e+00,8.559949398040771484e-01,8.641242027282715066e-01,9.273201823234558105e-01,9.393304109573363814e-01,2.847348451614379883e-01,4.159290850162505881e-01,1.969144791364669800e-01,1.915664687752723638e-01,1.210738904774188995e-02,1.638535046949982782e-02,2.615469202282838523e-05,2.615469202282838523e-05
2.345565795898437500e+00,2.398798632621764959e+00,2.345592021942138672e+00,2.398824858665466131e+00,8.791609406471252441e-01,8.416291594505309615e-01,9.726463556289672852e-01,9.376664698123932107e-01,2.795410752296447754e-01,4.118232667446136697e-01,2.001809328794479370e-01,1.907491326332092230e-01,1.403646729886531830e-02,1.693062586709857126e-02,2.615397534100338817e-05,2.615397534100338817e-05
2.319362640380859375e+00,2.508226704597473322e+00,2.319388866424560547e+00,2.508252930641174494e+00,8.534461259841918945e-01,9.009954810142517534e-01,9.332063794136047363e-01,9.540928900241851807e-01,2.702434659004211426e-01,3.962648957967758179e-01,2.208791971206665039e-01,1.911476612091064509e-01,4.158743843436241150e-02,6.572581343352794370e-02,2.615231278468854725e-05,2.615231278468854725e-05
2.492487668991088867e+00,2.444770312309265226e+00,2.492513895034790039e+00,2.444796538352966397e+00,8.654459118843078613e-01,8.749248087406158447e-01,9.697395563125610352e-01,9.489600479602813277e-01,4.674384295940399170e-01,4.231778711080551036e-01,1.838602125644683838e-01,1.913501471281051636e-01,6.003334652632474899e-03,6.357332412153482611e-03,2.615342964418232441e-05,2.615342964418232441e-05
2.211974620819091797e+00,2.379559063911437899e+00,2.212000846862792969e+00,2.379585289955139071e+00,8.347608447074890137e-01,8.316274523735046609e-01,9.294767975807189941e-01,9.341353118419647439e-01,2.340011000633239746e-01,4.183154940605163796e-01,2.100015580654144287e-01,1.912760660052299500e-01,3.734261728823184967e-03,4.204793856479227890e-03,2.615535777295008302e-05,2.615535777295008302e-05
2.249879360198974609e+00,2.351792287826538264e+00,2.249905586242675781e+00,2.351818513870239435e+00,8.263705968856811523e-01,8.245431482791900635e-01,9.457652568817138672e-01,9.347216129302978738e-01,2.828673720359802246e-01,3.932433009147643932e-01,1.922685354948043823e-01,1.948776870965957531e-01,2.607586327940225601e-03,4.406575346365571022e-03,2.615392804727889597e-05,2.615392804727889597e-05
2.303484201431274414e+00,2.384412503242492765e+00,2.303510427474975586e+00,2.384438729286193936e+00,8.302512764930725098e-01,8.262591123580932395e-01,9.296277761459350586e-01,9.333297133445739302e-01,2.631529271602630615e-01,4.262671053409576305e-01,2.778467535972595215e-01,1.951814264059066883e-01,2.605383051559329033e-03,3.375170100480317896e-03,2.615213452372699976e-05,2.615213452372699976e-05
2.286760091781616211e+00,2.361658692359924316e+00,2.286786317825317383e+00,2.361684918403625488e+00,8.261073231697082520e-01,8.246671497821808083e-01,9.215978384017944336e-01,9.316767275333404097e-01,3.683657646179199219e-01,4.038365542888641135e-01,1.651876866817474365e-01,1.955037787556648254e-01,5.501540843397378922e-03,5.974478274583816702e-03,2.615101766423322260e-05,2.615101766423322260e-05
2.235794067382812500e+00,2.351768469810485929e+00,2.235820293426513672e+00,2.351794695854187101e+00,8.609899878501892090e-01,8.305459618568420410e-01,9.492941498756408691e-01,9.341344594955444114e-01,2.507246732711791992e-01,3.889421761035919411e-01,1.715347766876220703e-01,1.938060805201530512e-01,3.250313457101583481e-03,4.339802311733365059e-03,2.614920231280848384e-05,2.614920231280848384e-05
2.643180608749389648e+00,2.338927865028381348e+00,2.643206834793090820e+00,2.338954091072082520e+00,8.238072395324707031e-01,8.338335931301117387e-01,9.117564558982849121e-01,9.325682520866394043e-01,6.959946751594543457e-01,3.764899104833602794e-01,2.079725116491317749e-01,1.919642552733421270e-01,3.649743739515542984e-03,4.071852425113320351e-03,2.614842014736495912e-05,2.614842014736495912e-05
2.227067947387695312e+00,2.343887996673584162e+00,2.227094173431396484e+00,2.343914222717285334e+00,8.280596733093261719e-01,8.283423542976379172e-01,9.119399785995483398e-01,9.306344687938690186e-01,2.609994113445281982e-01,3.896468192338943259e-01,2.219695448875427246e-01,1.918286979198455811e-01,4.099387675523757935e-03,3.435601247474551201e-03,2.614620098029263318e-05,2.614620098029263318e-05
2.199752569198608398e+00,2.341332674026489258e+00,2.199778795242309570e+00,2.341358900070190430e+00,8.137681484222412109e-01,8.284028291702270064e-01,9.433240294456481934e-01,9.352976858615875688e-01,2.659968435764312744e-01,3.832554936408996693e-01,1.743638962507247925e-01,1.917077526450157166e-01,2.299578860402107239e-03,2.668900345452129667e-03,2.614650293253362179e-05,2.614650293253362179e-05
2.867093563079833984e+00,2.336841487884521396e+00,2.867119789123535156e+00,2.336867713928222567e+00,8.199273943901062012e-01,8.296307861804962380e-01,9.186197519302368164e-01,9.303371608257293701e-01,8.946241736412048340e-01,3.815238654613494762e-01,2.294043302536010742e-01,1.912008136510849055e-01,4.517988767474889755e-03,4.148930776864290237e-03,2.614462209749035537e-05,2.614462209749035537e-05
2.267287492752075195e+00,2.338028407096862882e+00,2.267313718795776367e+00,2.338054633140564054e+00,8.677288889884948730e-01,8.290175378322601762e-01,9.412237405776977539e-01,9.267003536224365234e-01,2.263758033514022827e-01,3.859878420829773171e-01,2.274645864963531494e-01,1.912763565778732300e-01,4.494385328143835068e-03,5.046372488141060049e-03,2.614574259496293962e-05,2.614574259496293962e-05
2.775100231170654297e+00,2.306214833259582431e+00,2.775126457214355469e+00,2.306241059303283603e+00,8.479432463645935059e-01,8.269778728485107644e-01,9.240044951438903809e-01,9.221461653709411843e-01,8.484346866607666016e-01,3.623146206140518411e-01,1.525429040193557739e-01,1.920268893241882380e-01,2.175028203055262566e-03,2.749263402074575511e-03,2.614342520246282220e-05,2.614342520246282220e-05
2.061195611953735352e+00,2.357166051864624023e+00,2.061221837997436523e+00,2.357192277908325195e+00,8.283091783523559570e-01,8.311360001564025435e-01,9.170369505882263184e-01,9.237586677074431929e-01,1.650958657264709473e-01,4.007560729980468861e-01,1.443802416324615479e-01,1.932035565376281627e-01,6.373336073011159897e-03,8.311738818883895527e-03,2.614390177768655121e-05,2.614390177768655121e-05
2.044844388961791992e+00,2.318658423423767267e+00,2.044870615005493164e+00,2.318684649467468439e+00,8.006394505500793457e-01,8.245839774608612061e-01,8.857503533363342285e-01,9.225946664810180664e-01,1.376950293779373169e-01,3.733088672161102295e-01,2.136147618293762207e-01,1.926353588700294439e-01,7.144635077565908432e-03,5.535641405731439764e-03,2.614293407532386482e-05,2.614293407532386482e-05
2.112528085708618164e+00,2.353934931755065740e+00,2.112554311752319336e+00,2.353961157798766912e+00,8.041293621063232422e-01,8.272787690162658469e-01,9.073461294174194336e-01,9.183940291404724121e-01,1.777405440807342529e-01,4.037969857454299927e-01,2.166467010974884033e-01,1.985919699072837830e-01,6.665275897830724716e-03,5.873155500739813024e-03,2.614213008200749755e-05,2.614213008200749755e-05
2.112792730331420898e+00,2.370270967483520508e+00,2.112818956375122070e+00,2.370297193527221680e+00,8.211878538131713867e-01,8.238665640354156938e-01,9.415621161460876465e-01,9.221807360649109109e-01,1.863203346729278564e-01,4.202244043350219505e-01,1.588627249002456665e-01,2.005654722452163696e-01,4.859776701778173447e-03,3.433764609508216208e-03,2.614127515698783100e-05,2.614127515698783100e-05
2.096427202224731445e+00,2.371152019500732511e+00,2.096453428268432617e+00,2.371178245544433683e+00,8.362784981727600098e-01,8.251990914344787820e-01,9.280418157577514648e-01,9.218494236469269021e-01,1.991914957761764526e-01,4.205596983432769997e-01,1.291321069002151489e-01,2.008250191807746943e-01,3.783161053434014320e-03,2.718821354210376913e-03,2.613884862512350082e-05,2.613884862512350082e-05
2.070958137512207031e+00,2.417632317543029874e+00,2.070984363555908203e+00,2.417658543586731046e+00,8.162374496459960938e-01,8.310858368873595969e-01,9.100372195243835449e-01,9.195926666259766069e-01,1.785843968391418457e-01,4.595680415630340465e-01,1.577219069004058838e-01,2.013327687978744562e-01,8.377026766538619995e-03,6.053005112335085869e-03,2.613748438307084143e-05,2.613748438307084143e-05
2.152783632278442383e+00,2.390314555168151944e+00,2.152809858322143555e+00,2.390340781211853116e+00,8.310182690620422363e-01,8.246090769767761008e-01,9.159317016601562500e-01,9.190000474452972856e-01,1.654315292835235596e-01,4.409797251224517600e-01,2.352150231599807739e-01,2.013251438736915477e-01,5.187194328755140305e-03,4.400519980117678295e-03,2.613730612210929394e-05,2.613730612210929394e-05
2.430700540542602539e+00,2.443239164352417170e+00,2.430726766586303711e+00,2.443265390396118342e+00,8.016493320465087891e-01,8.226057469844818559e-01,9.269965291023254395e-01,9.708960115909576194e-01,4.962329864501953125e-01,4.425512343645096047e-01,1.993719041347503662e-01,2.020612895488738958e-01,6.450002081692218781e-03,5.124802375212312092e-03,2.613812648633029312e-05,2.613812648633029312e-05
2.177166700363159180e+00,2.398935532569885343e+00,2.177192926406860352e+00,2.398961758613586515e+00,8.297234177589416504e-01,8.267563104629516157e-01,9.385263323783874512e-01,9.247304439544677956e-01,2.120862752199172974e-01,4.421558767557144387e-01,1.940299272537231445e-01,2.016719892621040289e-01,2.800743095576763153e-03,3.620935487560927868e-03,2.613489050418138504e-05,2.613489050418138504e-05
2.129472494125366211e+00,2.398721456527709961e+00,2.129498720169067383e+00,2.398747682571411133e+00,8.274465799331665039e-01,8.242981076240539773e-01,8.624908328056335449e-01,9.210474848747253196e-01,2.279046773910522461e-01,4.460156321525573508e-01,2.071851789951324463e-01,2.043634682893752941e-01,4.445292986929416656e-03,2.996791782788932150e-03,2.613446304167155176e-05,2.613446304167155176e-05
2.250918149948120117e+00,2.434561610221862793e+00,2.250944375991821289e+00,2.434587836265563965e+00,8.486955165863037109e-01,8.405641973018646018e-01,9.427145123481750488e-01,9.246359944343567339e-01,2.310216277837753296e-01,4.590213596820831299e-01,2.260534614324569702e-01,2.060846716165542492e-01,2.433016197755932808e-03,4.255380434915423567e-03,2.613452306832186878e-05,2.613452306832186878e-05
3.596693038940429688e+00,2.453425288200378418e+00,3.596719264984130859e+00,2.453451514244079590e+00,8.607882261276245117e-01,8.282294452190399614e-01,9.539002180099487305e-01,9.278346717357635054e-01,1.559219360351562500e+00,4.823644846677780373e-01,2.197117507457733154e-01,2.106873616576194763e-01,3.073361469432711601e-03,4.309352021664381027e-03,2.613306787679903209e-05,2.613306787679903209e-05
2.235051631927490234e+00,2.537565112113952637e+00,2.235077857971191406e+00,2.537591338157653809e+00,8.357265591621398926e-01,8.324328541755676714e-01,9.382757544517517090e-01,9.267864406108856645e-01,2.658245861530303955e-01,5.407946050167083962e-01,1.799061000347137451e-01,2.223024144768714905e-01,1.531858276575803757e-02,1.524873580783605610e-02,2.612991011119447649e-05,2.612991011119447649e-05
2.394734144210815430e+00,2.543730950355529874e+00,2.394760370254516602e+00,2.543757176399231046e+00,8.512432575225830078e-01,8.281137347221374512e-01,9.475478529930114746e-01,9.231476247310638206e-01,4.222334921360015869e-01,5.629683464765549150e-01,1.691477596759796143e-01,2.246435254812240712e-01,4.561775829643011093e-03,4.857793543487786900e-03,2.612792013678699732e-05,2.612792013678699732e-05
2.160329580307006836e+00,2.603593397140502752e+00,2.160355806350708008e+00,2.603619623184203924e+00,7.777898311614990234e-01,8.391637504100799561e-01,8.521657586097717285e-01,9.197126984596252219e-01,2.755420207977294922e-01,5.977454036474227905e-01,2.243153750896453857e-01,2.313307866454124562e-01,3.051668778061866760e-02,1.564086098223924776e-02,2.613017750263679773e-05,2.613017750263679773e-05
2.349441766738891602e+00,2.566608500480652033e+00,2.349467992782592773e+00,2.566634726524353205e+00,8.245933651924133301e-01,8.394196152687072310e-01,9.472730755805969238e-01,9.363765776157378928e-01,3.592906594276428223e-01,5.580372989177704302e-01,2.056865692138671875e-01,2.214570030570030268e-01,1.259811501950025558e-02,1.131801065057516133e-02,2.612989919725805521e-05,2.612989919725805521e-05
2.313299179077148438e+00,2.532510638236999512e+00,2.313325405120849609e+00,2.532536864280700684e+00,8.596900701522827148e-01,8.364041626453400102e-01,9.135494232177734375e-01,9.384677112102508545e-01,3.264237642288208008e-01,5.339205503463745339e-01,2.057648152112960815e-01,2.185720741748809759e-01,7.871206849813461304e-03,5.146096553653478275e-03,2.612969547044485807e-05,2.612969547044485807e-05
5.137094974517822266e+00,2.523298859596252441e+00,5.137121200561523438e+00,2.523325085639953613e+00,8.706212043762207031e-01,8.445104360580444336e-01,9.180922508239746094e-01,9.294538140296936257e-01,3.044530868530273438e+00,5.296212285757064819e-01,2.957302033901214600e-01,2.123797178268432562e-01,8.120644837617874146e-03,7.333671860396862204e-03,2.612744719954207540e-05,2.612744719954207540e-05
2.519689559936523438e+00,2.618985319137573153e+00,2.519715785980224609e+00,2.619011545181274325e+00,9.447961449623107910e-01,9.137176275253295898e-01,9.521405100822448730e-01,9.463328599929810014e-01,3.444387018680572510e-01,4.943898588418960682e-01,2.265569269657135010e-01,2.107173338532447870e-01,5.175720527768135071e-02,5.382756739854812483e-02,2.613052129163406789e-05,2.613052129163406789e-05
2.356354475021362305e+00,2.481238126754760742e+00,2.356380701065063477e+00,2.481264352798461914e+00,8.403894901275634766e-01,8.408941686153411643e-01,9.502118825912475586e-01,9.299699723720550315e-01,3.354739546775817871e-01,4.895073711872101052e-01,2.250916361808776855e-01,2.103761747479438726e-01,5.187447182834148407e-03,1.049044504761695827e-02,2.613101241877302527e-05,2.613101241877302527e-05
2.392333745956420898e+00,2.461038637161254705e+00,2.392359972000122070e+00,2.461064863204955877e+00,8.321862816810607910e-01,8.211850821971893311e-01,9.319303035736083984e-01,9.326263666152954102e-01,4.217728972434997559e-01,4.940659075975418202e-01,2.029294967651367188e-01,2.099097579717636164e-01,3.514765296131372452e-03,3.251536656171083364e-03,2.612882235553115606e-05,2.612882235553115606e-05
2.241043567657470703e+00,2.465820574760436923e+00,2.241069793701171875e+00,2.465846800804138095e+00,8.260541558265686035e-01,8.240717887878418191e-01,9.267008900642395020e-01,9.284053146839141846e-01,2.951835989952087402e-01,5.004539489746093750e-01,1.901818215847015381e-01,2.096961572766304072e-01,2.923148451372981071e-03,3.193377843126654712e-03,2.612893877085298300e-05,2.612893877085298300e-05
2.582335233688354492e+00,2.464916753768920721e+00,2.582361459732055664e+00,2.464942979812621893e+00,7.919521927833557129e-01,8.289935052394866721e-01,9.226782321929931641e-01,9.275333344936370628e-01,6.423088908195495605e-01,4.933304816484451183e-01,2.191346138715744019e-01,2.096636518836021423e-01,6.261392030864953995e-03,5.395821807906031435e-03,2.613089236547239125e-05,2.613089236547239125e-05
2.249434947967529297e+00,2.470066261291504084e+00,2.249461174011230469e+00,2.470092487335205256e+00,7.986716628074645996e-01,8.323316276073455811e-01,9.358123540878295898e-01,9.329828619956970215e-01,3.258417844772338867e-01,4.896487116813659779e-01,1.859699636697769165e-01,2.092467695474624634e-01,3.139372216537594795e-03,5.856266710907220840e-03,2.612972457427531481e-05,2.612972457427531481e-05
2.390396118164062500e+00,2.478378939628600897e+00,2.390422344207763672e+00,2.478405165672302068e+00,8.657273054122924805e-01,8.457269012928009255e-01,9.715992212295532227e-01,9.363395214080810769e-01,3.114331662654876709e-01,4.693213760852813499e-01,2.276573628187179565e-01,2.095921486616134644e-01,1.397923752665519714e-02,1.739901155233383040e-02,2.613164542708545923e-05,2.613164542708545923e-05
2.279593467712402344e+00,2.452574086189270197e+00,2.279619693756103516e+00,2.452600312232971369e+00,8.152185082435607910e-01,8.284619390964508279e-01,9.534609913825988770e-01,9.328444063663482444e-01,3.027575612068176270e-01,4.779328256845474243e-01,2.052535116672515869e-01,2.091941460967063904e-01,2.902729902416467667e-03,4.140757978893816818e-03,2.612934986245818436e-05,2.612934986245818436e-05
2.214595556259155273e+00,2.429963588714599609e+00,2.214621782302856445e+00,2.429989814758300781e+00,7.776831984519958496e-01,8.281203627586364302e-01,9.283359050750732422e-01,9.322100460529327837e-01,2.874793112277984619e-01,4.570742756128310935e-01,2.173930406570434570e-01,2.091310903429985102e-01,3.704131813719868660e-03,3.427863214164972392e-03,2.612953539937734604e-05,2.612953539937734604e-05
2.314586877822875977e+00,2.449990868568420410e+00,2.314613103866577148e+00,2.450017094612121582e+00,8.341596126556396484e-01,8.270442426204681619e-01,9.517002701759338379e-01,9.322246313095092773e-01,2.948570847511291504e-01,4.731418073177337535e-01,2.252467125654220581e-01,2.089284241199493297e-01,8.623317815363407135e-03,8.651680871844291340e-03,2.612779098853934556e-05,2.612779098853934556e-05
2.225278615951538086e+00,2.432040405273437678e+00,2.225304841995239258e+00,2.432066631317138850e+00,8.401184678077697754e-01,8.277902424335479292e-01,9.434233307838439941e-01,9.294861793518066628e-01,2.741672694683074951e-01,4.617126762866973766e-01,1.597023457288742065e-01,2.070993900299072377e-01,7.867333479225635529e-03,5.951947392895817410e-03,2.613132164697162807e-05,2.613132164697162807e-05
2.186303615570068359e+00,2.432985687255859286e+00,2.186329841613769531e+00,2.433011913299560458e+00,8.049736618995666504e-01,8.238806784152984397e-01,9.369571805000305176e-01,9.271469056606292947e-01,2.693402171134948730e-01,4.697671800851822010e-01,1.709003001451492310e-01,2.077878981828689686e-01,4.132311325520277023e-03,4.402978997677564794e-03,2.613199103507213295e-05,2.613199103507213295e-05
2.200030326843261719e+00,2.455651497840881436e+00,2.200056552886962891e+00,2.455677723884582608e+00,8.252326250076293945e-01,8.280614733695983443e-01,9.112482666969299316e-01,9.239297866821288840e-01,2.624164521694183350e-01,4.885505467653274425e-01,1.954505890607833862e-01,2.088844478130340576e-01,5.682165268808603287e-03,6.225236039608716791e-03,2.612993012007791549e-05,2.612993012007791549e-05
3.231347799301147461e+00,2.458887910842895597e+00,3.231374025344848633e+00,2.458914136886596769e+00,8.448836207389831543e-01,8.272760808467864990e-01,8.898406028747558594e-01,9.319523334503173606e-01,1.213234186172485352e+00,4.863234907388687134e-01,2.804102301597595215e-01,2.101102888584137074e-01,2.979076933115720749e-03,3.225677716545760805e-03,2.613000833662226796e-05,2.613000833662226796e-05
2.275550842285156250e+00,2.439296364784240723e+00,2.275577068328857422e+00,2.439322590827941895e+00,8.182200789451599121e-01,8.306649386882781760e-01,9.129560589790344238e-01,9.315241754055023637e-01,2.961593866348266602e-01,4.638027697801589966e-01,2.428450286388397217e-01,2.086942821741104015e-01,5.370083265006542206e-03,4.610207257792353283e-03,2.612762909848242998e-05,2.612762909848242998e-05
2.244114398956298828e+00,2.444620871543884189e+00,2.244140625000000000e+00,2.444647097587585360e+00,8.424757122993469238e-01,8.230606138706206831e-01,9.262834191322326660e-01,9.274359405040740745e-01,2.807205915451049805e-01,4.810467272996902244e-01,1.911737471818923950e-01,2.094257995486259460e-01,3.460876410827040672e-03,3.651829366572201079e-03,2.613031028886325657e-05,2.613031028886325657e-05
2.260274410247802734e+00,2.456079602241516113e+00,2.260300636291503906e+00,2.456105828285217285e+00,8.182080388069152832e-01,8.350251495838165727e-01,9.208377599716186523e-01,9.309057295322418213e-01,2.815180718898773193e-01,4.758881896734237782e-01,2.337449938058853149e-01,2.078383833169937245e-01,5.965461954474449158e-03,6.422193348407745014e-03,2.612967364257201552e-05,2.612967364257201552e-05
2.320168256759643555e+00,2.444680881500244318e+00,2.320194482803344727e+00,2.444707107543945490e+00,7.926694750785827637e-01,8.331302106380462646e-01,8.880726099014282227e-01,9.268530070781707542e-01,4.218176305294036865e-01,4.657274335622787476e-01,2.006431668996810913e-01,2.057953372597694508e-01,1.696567423641681671e-02,1.317480336874723469e-02,2.612946991575881839e-05,2.612946991575881839e-05
2.440619230270385742e+00,2.466213607788085849e+00,2.440645456314086914e+00,2.466239833831787021e+00,8.674525022506713867e-01,8.367644727230072466e-01,9.512271285057067871e-01,9.329774379730224609e-01,4.458132088184356689e-01,4.844747722148895486e-01,1.735461801290512085e-01,2.057712838053703253e-01,2.580444095656275749e-03,6.225665984675288374e-03,2.612928983580786735e-05,2.612928983580786735e-05
2.439674139022827148e+00,2.431486058235168279e+00,2.439700365066528320e+00,2.431512284278869451e+00,8.073630332946777344e-01,8.288502156734466331e-01,9.155189990997314453e-01,9.335146963596343550e-01,5.039181113243103027e-01,4.610931724309921265e-01,2.092325389385223389e-01,2.043839544057846069e-01,3.641268704086542130e-03,3.643986186943948269e-03,2.612555726955179125e-05,2.612555726955179125e-05
2.858426570892333984e+00,2.430060458183288752e+00,2.858452796936035156e+00,2.430086684226989924e+00,8.240290880203247070e-01,8.306638717651366743e-01,9.371240139007568359e-01,9.362145364284515381e-01,8.364545106887817383e-01,4.553482383489608765e-01,2.580823302268981934e-01,2.040691033005714305e-01,2.736569382250308990e-03,3.764746175147592848e-03,2.612289608805440366e-05,2.612289608805440366e-05
2.178097724914550781e+00,2.419063878059387385e+00,2.178123950958251953e+00,2.419090104103088557e+00,8.044291734695434570e-01,8.235907256603240967e-01,8.975972533226013184e-01,9.331632554531097412e-01,3.351280391216278076e-01,4.569445610046386497e-01,1.360590010881423950e-01,2.024495288729667719e-01,4.884124267846345901e-03,2.915817988105118361e-03,2.612584648886695504e-05,2.612584648886695504e-05
2.614757537841796875e+00,2.412820315361023038e+00,2.614783763885498047e+00,2.412846541404724210e+00,8.215180039405822754e-01,8.250972449779510054e-01,9.013391137123107910e-01,9.355848431587219238e-01,6.620210409164428711e-01,4.474521458148956188e-01,2.258571237325668335e-01,2.018290072679519709e-01,4.022268112748861313e-03,2.857098099775612441e-03,2.612927710288204253e-05,2.612927710288204253e-05
3.995499849319458008e+00,2.433310437202453436e+00,3.995526075363159180e+00,2.433336663246154608e+00,8.705990314483642578e-01,8.398313045501708540e-01,9.483880400657653809e-01,9.326018095016479492e-01,1.937225461006164551e+00,4.490500360727310292e-01,2.358772009611129761e-01,2.018835738301277272e-01,3.409759607166051865e-03,9.943702351301908146e-03,2.612891694298014045e-05,2.612891694298014045e-05
2.298317670822143555e+00,2.444515633583068670e+00,2.298343896865844727e+00,2.444541859626769842e+00,8.376751542091369629e-01,8.321469604969025102e-01,9.468539357185363770e-01,9.351519942283630371e-01,2.809125781059265137e-01,4.629366457462310569e-01,2.241060286760330200e-01,2.022894218564033619e-01,8.770066313445568085e-03,1.199059784412384068e-02,2.612834032333921641e-05,2.612834032333921641e-05
2.232898950576782227e+00,2.424100518226623535e+00,2.232925176620483398e+00,2.424126744270324707e+00,8.165106177330017090e-01,8.372045814990997092e-01,9.476136565208435059e-01,9.338451504707336870e-01,2.808684408664703369e-01,4.347574353218078835e-01,1.774973720312118530e-01,2.020816743373870794e-01,1.040879637002944946e-02,1.621164623647928377e-02,2.612799107737373561e-05,2.612799107737373561e-05
2.322076797485351562e+00,2.447416257858276545e+00,2.322103023529052734e+00,2.447442483901977717e+00,8.175494670867919922e-01,8.331764817237854448e-01,9.278649091720581055e-01,9.309523880481720415e-01,3.247627317905426025e-01,4.692929446697234885e-01,2.437402307987213135e-01,2.042226716876029968e-01,8.159473538398742676e-03,9.771740436553955425e-03,2.612980824778787792e-05,2.612980824778787792e-05
2.298218727111816406e+00,2.433814358711242853e+00,2.298244953155517578e+00,2.433840584754944025e+00,8.309291601181030273e-01,8.350464284420013872e-01,9.388226866722106934e-01,9.350572168827057107e-01,3.280487060546875000e-01,4.559018582105636708e-01,1.958013921976089478e-01,2.009703040122985951e-01,4.616747144609689713e-03,6.838571606203913342e-03,2.613167453091591597e-05,2.613167453091591597e-05
2.295655250549316406e+00,2.420180678367614746e+00,2.295681476593017578e+00,2.420206904411315918e+00,7.755910754203796387e-01,8.321631968021392378e-01,9.149690270423889160e-01,9.326944172382354292e-01,3.792336285114288330e-01,4.484275519847870095e-01,2.202577441930770874e-01,2.007352173328399714e-01,5.603814963251352310e-03,6.160236895084381104e-03,2.613116157590411603e-05,2.613116157590411603e-05
2.525268793106079102e+00,2.426848125457763850e+00,2.525295019149780273e+00,2.426874351501465021e+00,8.010594844818115234e-01,8.334014594554901567e-01,9.318636059761047363e-01,9.377374887466430886e-01,5.983358025550842285e-01,4.499401807785033958e-01,1.898628324270248413e-01,1.998200446367263683e-01,4.147202242165803909e-03,5.949005251750349998e-03,2.613397919049020857e-05,2.613397919049020857e-05
2.639965772628784180e+00,2.424958014488220126e+00,2.639991998672485352e+00,2.424984240531921298e+00,8.994072079658508301e-01,8.457746624946593794e-01,9.331028461456298828e-01,9.301141500473022461e-01,4.960688054561614990e-01,4.449313700199127308e-01,3.080760240554809570e-01,1.997945562005042919e-01,3.310959320515394211e-03,4.343228647485375404e-03,2.613783726701512933e-05,2.613783726701512933e-05
2.768117666244506836e+00,2.425521898269653143e+00,2.768143892288208008e+00,2.425548124313354315e+00,8.341520428657531738e-01,8.402338266372680886e-01,9.079543948173522949e-01,9.288485944271087646e-01,7.513778805732727051e-01,4.459838807582855447e-01,2.616760432720184326e-01,1.984140276908874512e-01,1.295723393559455872e-02,1.204156316816806793e-02,2.614464756334200501e-05,2.614464756334200501e-05
2.284575939178466797e+00,2.401095175743102939e+00,2.284602165222167969e+00,2.401121401786804110e+00,8.605802655220031738e-01,8.328820705413818581e-01,9.443812370300292969e-01,9.317580282688140425e-01,2.999512553215026855e-01,4.325171947479248269e-01,1.731411069631576538e-01,1.979291170835494884e-01,6.522217765450477600e-03,6.008753273636102850e-03,2.614874028949998319e-05,2.614874028949998319e-05
2.323667764663696289e+00,2.444025039672851562e+00,2.323693990707397461e+00,2.444051265716552734e+00,8.506765365600585938e-01,8.570497453212737593e-01,9.494193792343139648e-01,9.453712642192840798e-01,3.121371567249298096e-01,4.304017275571823120e-01,1.993990391492843628e-01,1.965571418404579163e-01,1.203559432178735733e-02,1.464518150314688717e-02,2.615243283798918128e-05,2.615243283798918128e-05
2.354876279830932617e+00,2.479140496253967374e+00,2.354902505874633789e+00,2.479166722297668546e+00,8.706802129745483398e-01,8.538880944252014160e-01,9.749889969825744629e-01,9.351047992706298384e-01,3.259093463420867920e-01,4.629954218864441029e-01,1.624363511800765991e-01,1.959078013896942139e-01,2.086145244538784027e-02,3.124444093555212021e-02,2.615845005493611097e-05,2.615845005493611097e-05
2.472336769104003906e+00,2.605268502235412509e+00,2.472362995147705078e+00,2.605294728279113681e+00,9.441096186637878418e-01,9.167332887649536355e-01,9.896556138992309570e-01,9.830456376075744629e-01,3.451455533504486084e-01,4.680748939514159934e-01,1.641351729631423950e-01,1.925986319780349787e-01,2.929086796939373016e-02,4.481604136526584625e-02,2.617427890072576702e-05,2.617427890072576702e-05
2.335635185241699219e+00,2.446947455406188965e+00,2.335661411285400391e+00,2.446973681449890137e+00,8.855033516883850098e-01,8.739313602447509322e-01,9.470591545104980469e-01,9.211843490600586382e-01,3.075591325759887695e-01,4.475020498037338146e-01,1.792118996381759644e-01,1.872327640652656500e-01,1.630187220871448517e-02,1.709691602736711571e-02,2.618502549012191594e-05,2.618502549012191594e-05
2.262403488159179688e+00,2.423439669609069647e+00,2.262429714202880859e+00,2.423465895652770818e+00,8.777504563331604004e-01,8.699832737445831743e-01,9.362336993217468262e-01,9.316467404365539329e-01,2.986109852790832520e-01,4.281289577484130859e-01,1.410435885190963745e-01,1.843340307474136408e-01,8.764840662479400635e-03,9.346624463796615254e-03,2.619118095026351511e-05,2.619118095026351511e-05
3.436260938644409180e+00,2.454887652397155673e+00,3.436287164688110352e+00,2.454913878440856845e+00,8.313348293304443359e-01,8.808917403221130371e-01,8.695784211158752441e-01,9.340474367141723411e-01,1.482068657875061035e+00,4.343512922525405995e-01,2.322864979505538940e-01,1.835333600640297047e-01,2.099259011447429657e-02,2.206384483724832535e-02,2.619298902573063970e-05,2.619298902573063970e-05
2.234986543655395508e+00,2.444725418090820224e+00,2.235012769699096680e+00,2.444751644134521396e+00,8.577156662940979004e-01,8.829412698745727761e-01,9.436669945716857910e-01,9.237334072589874490e-01,2.688573896884918213e-01,4.411636620759963878e-01,1.538723260164260864e-01,1.773634627461433411e-01,1.087429374456405640e-02,1.952360607683658461e-02,2.620961822685785592e-05,2.620961822685785592e-05
2.208828449249267578e+00,2.358631873130798251e+00,2.208854675292968750e+00,2.358658099174499423e+00,8.460612297058105469e-01,8.444166719913482888e-01,9.047627449035644531e-01,9.133399784564971702e-01,3.059940934181213379e-01,4.208605766296386608e-01,1.466275155544281006e-01,1.756639704108238220e-01,5.382938310503959656e-03,4.350696597248316158e-03,2.621890598675236106e-05,2.621890598675236106e-05
2.314770698547363281e+00,2.374351072311401190e+00,2.314796924591064453e+00,2.374377298355102361e+00,8.979730010032653809e-01,8.611658275127410667e-01,9.382221698760986328e-01,9.102296888828277366e-01,2.889264523983001709e-01,4.291219145059585460e-01,1.843378841876983643e-01,1.678455486893653814e-01,5.311138927936553955e-03,5.988107621669768940e-03,2.623335058160591871e-05,2.623335058160591871e-05
2.580895662307739258e+00,2.355878686904907315e+00,2.580921888351440430e+00,2.355904912948608487e+00,7.980291247367858887e-01,8.505786061286926270e-01,8.642957806587219238e-01,9.154982030391692893e-01,7.153207063674926758e-01,4.199852973222732433e-01,1.970727145671844482e-01,1.638412386178970392e-01,6.177314557135105133e-03,5.975261516869068319e-03,2.625473644002340734e-05,2.625473644002340734e-05
2.133110523223876953e+00,2.393461036682128729e+00,2.133136749267578125e+00,2.393487262725829900e+00,8.390848636627197266e-01,8.583681106567382368e-01,8.937160372734069824e-01,9.132282853126525435e-01,2.176838666200637817e-01,4.259419858455658070e-01,1.404388397932052612e-01,1.610912531614303589e-01,4.218668863177299500e-02,3.483144566416740417e-02,2.627585854497738183e-05,2.627585854497738183e-05
2.069945096969604492e+00,2.631346392631530584e+00,2.069971323013305664e+00,2.631372618675231756e+00,8.132485151290893555e-01,8.676660776138305220e-01,8.636310696601867676e-01,9.173024475574493852e-01,2.098093777894973755e-01,6.677748292684555498e-01,1.477142721414566040e-01,1.503456294536590632e-01,3.554173186421394348e-02,2.825739923864602904e-02,2.630428934935480356e-05,2.630428934935480356e-05
2.156244277954101562e+00,2.667452764511108576e+00,2.156270503997802734e+00,2.667478990554809748e+00,8.452259302139282227e-01,8.518416404724120650e-01,9.187330007553100586e-01,9.108753740787506326e-01,2.767006754875183105e-01,7.452198594808578935e-01,9.462844580411911011e-02,1.378732860088348333e-01,2.095638215541839600e-02,2.164262700825929711e-02,2.631537063280120492e-05,2.631537063280120492e-05
2.207100868225097656e+00,2.269306564331054599e+00,2.207127094268798828e+00,2.269332790374755771e+00,8.813597559928894043e-01,8.657381296157836692e-01,9.109622240066528320e-01,9.170737266540527344e-01,2.522248327732086182e-01,3.452701658010483010e-01,1.536697000265121460e-01,1.234808184206485776e-01,8.884448558092117310e-03,1.774373818188905785e-02,2.633245458127930760e-05,2.633245458127930760e-05
3.394120025634765625e+01,3.604403114318847656e+01,3.394122695922851562e+01,3.604405784606933594e+01,1.350671100616455078e+01,1.443890771865844691e+01,4.389809608459472656e+00,4.359157586097717640e+00,3.233441412448883057e-01,3.196630001068115345e-01,1.360956672579050064e-02,1.307576242834329605e-02,1.570772743225097656e+01,1.691322851181030273e+01,2.631955794640816748e-05,2.631955794640816748e-05
9.512701034545898438e+00,8.485173511505127664e+00,9.512727737426757812e+00,8.485200166702270508e+00,4.055129051208496094e+00,3.531194305419921964e+00,2.028685092926025391e+00,2.007358121871948065e+00,4.159470796585083008e-01,4.125447839498520008e-01,8.469153195619583130e-03,9.194023627787827752e-03,3.004471063613891602e+00,2.524882173538208097e+00,2.631293318700045347e-05,2.631293318700045347e-05
3.735826969146728516e+00,4.271192598342895330e+00,3.735853195190429688e+00,4.271218824386596502e+00,1.428662180900573730e+00,1.596513426303863614e+00,1.088770866394042969e+00,1.162842869758605957e+00,3.928364217281341553e-01,3.921571761369705422e-01,1.080593559890985489e-02,1.042903307825326920e-02,8.147515058517456055e-01,1.109250140190124467e+00,2.631055031088180840e-05,2.631055031088180840e-05
2.945437192916870117e+00,2.819239401817321689e+00,2.945463418960571289e+00,2.819265627861022860e+00,1.069854021072387695e+00,1.049920558929443359e+00,1.018647074699401855e+00,1.036023080348968506e+00,3.728992342948913574e-01,3.747142136096954235e-01,1.371102500706911087e-02,1.153360409662127460e-02,4.703260362148284912e-01,3.470480203628539817e-01,2.631302777444943786e-05,2.631302777444943786e-05
2.737857103347778320e+00,2.573255348205566229e+00,2.737883329391479492e+00,2.573281574249267400e+00,1.011515855789184570e+00,9.925630033016205056e-01,1.036531805992126465e+00,1.004760837554931729e+00,3.546107411384582520e-01,3.576719492673873790e-01,1.221379544585943222e-02,1.221844758838415076e-02,3.229852318763732910e-01,2.060411751270294078e-01,2.631379902595654130e-05,2.631379902595654130e-05
2.457400083541870117e+00,2.449721980094909490e+00,2.457426309585571289e+00,2.449748206138610662e+00,9.951227903366088867e-01,9.689997553825377974e-01,9.744042158126831055e-01,9.857152700424194336e-01,3.400497734546661377e-01,3.408677369356155618e-01,1.104637701064348221e-02,1.306500714272260631e-02,1.367768645286560059e-01,1.410741299390792791e-01,2.631405732245184481e-05,2.631405732245184481e-05
2.361659526824951172e+00,2.367309880256653010e+00,2.361685752868652344e+00,2.367336106300354182e+00,9.566715359687805176e-01,9.471981883049011008e-01,9.677841067314147949e-01,9.739958822727203813e-01,3.221836090087890625e-01,3.205412983894347922e-01,9.193602949380874634e-03,1.388035183772444794e-02,1.058266982436180115e-01,1.116941899061203031e-01,2.631318966450635344e-05,2.631318966450635344e-05
2.312935590744018555e+00,2.345565319061279297e+00,2.312961816787719727e+00,2.345591545104980469e+00,9.540199637413024902e-01,9.553657233715057151e-01,9.835605025291442871e-01,9.706432044506072554e-01,2.879568338394165039e-01,2.983697772026062123e-01,1.469275262206792831e-02,1.438983837142586777e-02,7.270546257495880127e-02,1.067967854440212278e-01,2.631235838634893298e-05,2.631235838634893298e-05
2.231884956359863281e+00,2.266703248023986816e+00,2.231911182403564453e+00,2.266729474067687988e+00,9.065910577774047852e-01,9.335741996765136719e-01,9.829465746879577637e-01,9.691348314285278542e-01,2.586690187454223633e-01,2.741693377494812123e-01,1.140845287591218948e-02,1.457423903048038483e-02,7.226979732513427734e-02,7.525068745017052252e-02,2.631261304486542940e-05,2.631261304486542940e-05
2.230289697647094727e+00,2.231395006179809570e+00,2.230315923690795898e+00,2.231421232223510742e+00,9.014937281608581543e-01,9.181020677089690718e-01,9.595639705657958984e-01,9.670725584030150923e-01,2.672601640224456787e-01,2.512471556663513073e-01,1.140556950122117996e-02,1.406222432851791417e-02,9.056645631790161133e-02,8.091100975871086398e-02,2.631256211316213012e-05,2.631256211316213012e-05
2.270596742630004883e+00,2.282521557807922541e+00,2.270622968673706055e+00,2.282547783851623713e+00,9.336277842521667480e-01,9.547636151313781960e-01,9.853243231773376465e-01,9.788750827312469038e-01,2.331190854310989380e-01,2.298774451017379650e-01,1.222277525812387466e-02,1.455738246440887486e-02,1.063027456402778625e-01,1.044480361044406863e-01,2.631190727697685361e-05,2.631190727697685361e-05
2.232523202896118164e+00,2.272668433189392267e+00,2.232549428939819336e+00,2.272694659233093439e+00,9.171671271324157715e-01,9.464611947536468728e-01,9.550816416740417480e-01,9.727594196796417458e-01,2.341795712709426880e-01,2.240227892994880732e-01,1.251623313874006271e-02,1.487828334793448413e-02,1.135786101222038269e-01,1.145467452704906491e-01,2.631160896271467209e-05,2.631160896271467209e-05
2.086479425430297852e+00,2.148915863037109464e+00,2.086505651473999023e+00,2.148942089080810636e+00,8.817732334136962891e-01,9.166716456413268599e-01,9.206005930900573730e-01,9.602943956851959229e-01,1.994443535804748535e-01,2.065157890319824219e-01,1.602753624320030212e-02,1.548831667751073872e-02,6.863377243280410767e-02,4.994567893445491652e-02,2.631083407322876155e-05,2.631083407322876155e-05
2.007303953170776367e+00,2.112639641761779874e+00,2.007330179214477539e+00,2.112665867805481046e+00,8.556964397430419922e-01,9.041296780109405740e-01,8.928023576736450195e-01,9.536979138851165994e-01,1.901897042989730835e-01,1.921857401728629955e-01,1.302612386643886566e-02,1.535652345046401024e-02,5.558935925364494324e-02,4.726973585784435133e-02,2.631159077282063663e-05,2.631159077282063663e-05
2.106770753860473633e+00,2.069990396499633789e+00,2.106796979904174805e+00,2.070016622543334961e+00,8.842105269432067871e-01,8.915168285369873269e-01,9.818279147148132324e-01,9.549108684062957986e-01,1.871610581874847412e-01,1.733364716172218212e-01,1.067198347300291061e-02,1.539565753191709553e-02,4.289906099438667297e-02,3.483049012720584869e-02,2.631144707265775651e-05,2.631144707265775651e-05
2.056311607360839844e+00,2.074857854843139560e+00,2.056337833404541016e+00,2.074884080886840731e+00,9.028373956680297852e-01,9.045211851596832719e-01,9.397776722908020020e-01,9.594628512859344482e-01,1.712943464517593384e-01,1.616444230079650823e-01,1.180727314203977585e-02,1.606321455910801957e-02,3.059476986527442932e-02,3.316620439291000089e-02,2.631292954902164638e-05,2.631292954902164638e-05
2.031486272811889648e+00,2.087511658668518066e+00,2.031512498855590820e+00,2.087537884712219238e+00,9.002189040184020996e-01,9.082253873348236084e-01,9.330111742019653320e-01,9.620883822441100852e-01,1.436392515897750854e-01,1.511591628193855175e-01,1.333105284720659256e-02,1.627612682059407373e-02,4.128592461347579956e-02,4.976258091628551344e-02,2.631557072163559496e-05,2.631557072163559496e-05
2.295396566390991211e+00,2.399437260627746760e+00,2.295422792434692383e+00,2.399463486671447932e+00,1.041315674781799316e+00,1.057276964187622070e+00,9.922770857810974121e-01,1.067240393161773770e+00,1.377348750829696655e-01,1.475920811295509394e-01,2.529785595834255219e-02,1.633756309747695992e-02,9.877108782529830933e-02,1.109901279211044367e-01,2.631772440508939326e-05,2.631772440508939326e-05
2.294222116470336914e+00,2.326923489570617676e+00,2.294248342514038086e+00,2.326949715614318848e+00,1.002596259117126465e+00,1.005989223718643188e+00,9.778482317924499512e-01,1.016157448291778564e+00,1.652908623218536377e-01,1.472217321395873912e-01,2.160318940877914429e-02,1.723550017923116545e-02,1.268836706876754761e-01,1.403195679187774769e-01,2.631831011967733502e-05,2.631831011967733502e-05
2.022755622863769531e+00,2.044774365425110041e+00,2.022781848907470703e+00,2.044800591468811213e+00,9.130539894104003906e-01,9.095118522644043413e-01,9.496147036552429199e-01,9.557256639003753884e-01,1.185148432850837708e-01,1.374177426099777166e-01,1.762311160564422607e-02,1.815048847347498079e-02,2.394898235797882080e-02,2.396857272833585739e-02,2.631924871820956469e-05,2.631924871820956469e-05
1.934847831726074219e+00,2.015194523334502996e+00,1.934874176979064941e+00,2.015220761299133301e+00,8.537257909774780273e-01,8.963067829608917236e-01,9.183009862899780273e-01,9.484952330589294656e-01,1.256938129663467407e-01,1.305939316749572809e-01,1.957616768777370453e-02,1.871594116091728280e-02,1.755102537572383881e-02,2.108263950794935296e-02,2.632149335113354027e-05,2.632149335113354027e-05
2.031361818313598633e+00,2.037246847152709872e+00,2.031388044357299805e+00,2.037273073196411044e+00,9.351723790168762207e-01,9.030551314353942871e-01,9.371458292007446289e-01,9.516646504402160867e-01,1.121951267123222351e-01,1.277284726500511058e-01,1.745328493416309357e-02,1.869756523519754479e-02,2.939520590007305145e-02,3.610103279352187833e-02,2.632215182529762387e-05,2.632215182529762387e-05
1.968552827835083008e+00,1.984833419322967529e+00,1.968579173088073730e+00,1.984859752655029341e+00,9.038036465644836426e-01,8.865490436553955522e-01,9.226443767547607422e-01,9.409303665161132812e-01,9.915495663881301880e-02,1.198668435215950040e-01,2.704301290214061737e-02,1.884752344340085914e-02,1.590688526630401611e-02,1.863961610943078856e-02,2.632415271364152431e-05,2.632415271364152431e-05
1.935162782669067383e+00,1.976718521118164151e+00,1.935189127922058105e+00,1.976744866371154874e+00,8.814072012901306152e-01,8.854664802551269753e-01,9.172419905662536621e-01,9.369609057903289795e-01,1.005629599094390869e-01,1.166872829198837280e-01,1.973869279026985168e-02,1.840961724519729614e-02,1.621196232736110687e-02,1.919422522187232832e-02,2.632711039041168988e-05,2.632711039041168988e-05
2.010799169540405273e+00,1.968868517875671298e+00,2.010825395584106445e+00,1.968894863128662021e+00,9.152553677558898926e-01,8.871534228324889915e-01,9.423238635063171387e-01,9.399002909660338911e-01,1.224608868360519409e-01,1.076676048338413294e-01,1.825448498129844666e-02,1.901944279670715263e-02,1.250448729842901230e-02,1.512774191796779563e-02,2.632854739204049110e-05,2.632854739204049110e-05
2.016920328140258789e+00,1.958165097236633345e+00,2.016946554183959961e+00,1.958191442489624068e+00,9.284151792526245117e-01,8.846036553382873313e-01,9.629598259925842285e-01,9.376756250858306885e-01,9.501287341117858887e-02,9.963111355900763910e-02,1.834121719002723694e-02,2.004744876176118781e-02,1.219100318849086761e-02,1.620725262910127640e-02,2.633053009049035609e-05,2.633053009049035609e-05
1.962751269340515137e+00,1.980774140357971280e+00,1.962777614593505859e+00,1.980800485610962003e+00,8.585421442985534668e-01,8.940912842750549094e-01,9.562904834747314453e-01,9.467486083507538064e-01,1.047139987349510193e-01,9.517550095915794373e-02,1.782018691301345825e-02,2.089003752917051315e-02,2.538425102829933167e-02,2.386869844049215386e-02,2.633569056342821568e-05,2.633569056342821568e-05
1.894407391548156738e+00,1.931510818004608110e+00,1.894433736801147461e+00,1.931537163257598833e+00,8.856823444366455078e-01,8.776072204113006814e-01,9.054002165794372559e-01,9.257669568061828169e-01,6.984037160873413086e-02,9.040654227137565058e-02,1.900214329361915588e-02,2.027931008487939696e-02,1.448211725801229477e-02,1.745075788348913332e-02,2.634081465657800436e-05,2.634081465657800436e-05
1.829020857810974121e+00,1.924718475341796964e+00,1.829047203063964844e+00,1.924744820594787686e+00,8.447827100753784180e-01,8.818979322910308616e-01,8.680508136749267578e-01,9.228097736835479958e-01,8.294223248958587646e-02,8.634139895439148227e-02,1.814918406307697296e-02,2.049399986863136361e-02,1.509595382958650589e-02,1.317536253482103417e-02,2.634674638102296740e-05,2.634674638102296740e-05
1.979425907135009766e+00,1.922232997417449907e+00,1.979452252388000488e+00,1.922259342670440629e+00,9.014440774917602539e-01,8.789878427982330544e-01,9.311204552650451660e-01,9.252844870090484175e-01,1.132795438170433044e-01,7.890199944376945218e-02,2.091967873275279999e-02,2.097717188298702309e-02,1.266202982515096664e-02,1.808149982243776460e-02,2.635141208884306252e-05,2.635141208884306252e-05
1.917426586151123047e+00,1.912142074108123868e+00,1.917452931404113770e+00,1.912168419361114591e+00,8.929601907730102539e-01,8.761716544628143089e-01,9.301006793975830078e-01,9.263269603252410889e-01,5.996415391564369202e-02,7.371795773506165106e-02,2.217552252113819122e-02,2.188840471208095689e-02,1.222598645836114883e-02,1.403715917840600048e-02,2.635823329910635948e-05,2.635823329910635948e-05
1.837703347206115723e+00,1.900545763969421431e+00,1.837729692459106445e+00,1.900572109222412154e+00,8.579916954040527344e-01,8.768889605998992920e-01,8.894864916801452637e-01,9.178342282772063987e-01,5.897860229015350342e-02,7.240217775106430609e-02,1.967590488493442535e-02,2.170889824628829956e-02,1.157065574079751968e-02,1.171153131872415543e-02,2.636093267938122153e-05,2.636093267938122153e-05
1.898942828178405762e+00,1.932581210136413485e+00,1.898969173431396484e+00,1.932607555389404208e+00,8.630456328392028809e-01,8.898185968399048296e-01,9.368371367454528809e-01,9.278380513191223367e-01,5.021636188030242920e-02,6.775608286261558533e-02,2.132548019289970398e-02,2.112600523978471617e-02,2.751832082867622375e-02,2.604248020797967841e-02,2.636838325997814536e-05,2.636838325997814536e-05
1.927254438400268555e+00,2.093003177642822177e+00,1.927280783653259277e+00,2.093029642105102450e+00,8.590795397758483887e-01,9.247610151767731157e-01,8.739035725593566895e-01,9.515167593955993208e-01,4.975824803113937378e-02,6.612399592995643616e-02,1.901972852647304535e-02,2.322172261774540017e-02,1.254934221506118774e-01,1.273797184228896984e-01,2.637568650243338197e-05,2.637568650243338197e-05
1.870001912117004395e+00,1.865242731571197465e+00,1.870028257369995117e+00,1.865269076824188188e+00,8.741117119789123535e-01,8.658723175525665505e-01,8.844337463378906250e-01,8.994567453861236350e-01,7.436688989400863647e-02,6.363362371921539584e-02,2.210098132491111755e-02,2.329381927847862244e-02,1.498871482908725739e-02,1.298621110618114471e-02,2.638379737618379295e-05,2.638379737618379295e-05
1.779318332672119141e+00,1.864348053932189941e+00,1.779344677925109863e+00,1.864374399185180664e+00,8.412312269210815430e-01,8.644262850284576416e-01,8.649041652679443359e-01,9.059841036796569824e-01,3.540944680571556091e-02,6.092265173792839328e-02,2.385687083005905151e-02,2.226848565042018752e-02,1.391664054244756699e-02,1.074656154960393871e-02,2.639008926053065807e-05,2.639008926053065807e-05
1.838387846946716309e+00,1.868823361396789506e+00,1.838414192199707031e+00,1.868849706649780229e+00,8.598568439483642578e-01,8.678860664367675781e-01,8.903651237487792969e-01,9.072620093822478804e-01,5.185607820749282837e-02,5.717488788068294386e-02,2.449890971183776855e-02,2.391036953777074883e-02,1.181087642908096313e-02,1.259003859013319016e-02,2.639705962792504579e-05,2.639705962792504579e-05
1.874674558639526367e+00,1.854216909408569425e+00,1.874700903892517090e+00,1.854243254661560147e+00,8.777295947074890137e-01,8.608192324638366255e-01,9.063388705253601074e-01,8.974651634693145974e-01,5.267011374235153198e-02,5.412142649292946139e-02,2.011762186884880066e-02,2.375073134899139543e-02,1.781836524605751038e-02,1.806035712361335824e-02,2.640385537233669311e-05,2.640385537233669311e-05
1.913070917129516602e+00,1.853672337532043413e+00,1.913097381591796875e+00,1.853698801994323686e+00,8.949561119079589844e-01,8.620224356651305930e-01,9.121657609939575195e-01,9.010125875473022905e-01,7.051722705364227295e-02,5.317542627453804294e-02,2.540793456137180328e-02,2.494914419949054857e-02,1.002392079681158066e-02,1.251276480033993756e-02,2.641235914779826999e-05,2.641235914779826999e-05
1.779847741127014160e+00,1.812819659709930420e+00,1.779874205589294434e+00,1.812846124172210693e+00,8.304044604301452637e-01,8.465085566043853982e-01,8.603106141090393066e-01,8.817553579807281272e-01,5.822991579771041870e-02,5.085871703922748704e-02,2.264766395092010498e-02,2.425089646130800317e-02,8.255173452198505402e-03,9.446119330823421825e-03,2.642016625031828880e-05,2.642016625031828880e-05
1.841650366783142090e+00,1.852920734882354648e+00,1.841676831245422363e+00,1.852947199344634921e+00,8.513339161872863770e-01,8.575902223587036355e-01,8.749989271163940430e-01,8.909554302692412886e-01,6.691680103540420532e-02,5.010839030146598677e-02,2.099808119237422943e-02,2.546077501028776169e-02,2.740249410271644592e-02,2.880591712892055511e-02,2.642702747834846377e-05,2.642702747834846377e-05
1.748563289642333984e+00,1.813561892509460538e+00,1.748589754104614258e+00,1.813588356971740811e+00,7.848305702209472656e-01,8.445926308631896973e-01,8.680151104927062988e-01,8.834830939769744429e-01,6.231219694018363953e-02,4.929396584630012235e-02,2.015918865799903870e-02,2.512566335499286790e-02,1.324614975601434708e-02,1.106656836345791886e-02,2.642982690304052085e-05,2.642982690304052085e-05
1.902060985565185547e+00,1.900516211986541748e+00,1.902087450027465820e+00,1.900542676448822021e+00,9.045866131782531738e-01,8.920942187309265359e-01,9.218093156814575195e-01,9.113679707050323930e-01,2.859291061758995056e-02,4.627098850905895372e-02,2.441427670419216156e-02,2.341007888317108224e-02,2.265771850943565369e-02,2.737297583371400833e-02,2.643474908836651593e-05,2.643474908836651593e-05
1.942511916160583496e+00,1.832247924804687456e+00,1.942538380622863770e+00,1.832274389266967729e+00,9.128441810607910156e-01,8.602721333503723367e-01,9.414991736412048340e-01,8.863948404788970503e-01,5.126301944255828857e-02,4.596954621374606947e-02,1.986123062670230865e-02,2.191021442413330217e-02,1.704428903758525848e-02,1.770119927823543549e-02,2.643567495397292078e-05,2.643567495397292078e-05
1.780699968338012695e+00,1.808663237094879195e+00,1.780726432800292969e+00,1.808689701557159468e+00,8.262632489204406738e-01,8.466419994831084761e-01,8.517153859138488770e-01,8.763363182544707808e-01,5.968116968870162964e-02,4.471503905951976915e-02,2.798255719244480133e-02,2.564711906015872817e-02,1.505756843835115433e-02,1.532277371734380722e-02,2.644074993440881371e-05,2.644074993440881371e-05
1.744993925094604492e+00,1.801660346984863326e+00,1.745020389556884766e+00,1.801686811447143599e+00,8.332768082618713379e-01,8.437625646591186968e-01,8.440041542053222656e-01,8.793204724788665771e-01,2.850868366658687592e-02,4.317107982933521271e-02,3.228973224759101868e-02,2.572745345532894204e-02,6.914631929248571396e-03,9.678806178271770477e-03,2.644554479047656059e-05,2.644554479047656059e-05
1.942320108413696289e+00,1.981005847454071045e+00,1.942346572875976562e+00,1.981032311916351318e+00,9.218474030494689941e-01,9.150749444961547852e-01,9.122695922851562500e-01,9.361353397369385210e-01,3.026984445750713348e-02,4.202758818864822665e-02,2.763355337083339691e-02,2.622724659740924974e-02,5.029977485537528992e-02,6.154072023928165713e-02,2.645069980644620955e-05,2.645069980644620955e-05
1.975275635719299316e+00,1.836856138706207231e+00,1.975302100181579590e+00,1.836882603168487504e+00,8.720785379409790039e-01,8.461756825447082075e-01,9.569392204284667969e-01,8.833189070224761741e-01,7.046710699796676636e-02,4.401260502636432370e-02,3.878880664706230164e-02,2.858186643570661406e-02,3.700194507837295532e-02,3.476707451045513153e-02,2.645682980073615909e-05,2.645682980073615909e-05
1.861129522323608398e+00,1.793304169178008944e+00,1.861155986785888672e+00,1.793330633640289218e+00,8.846611380577087402e-01,8.448913216590880904e-01,9.014285802841186523e-01,8.717951834201812522e-01,4.177789762616157532e-02,4.071895033121109009e-02,2.568267285823822021e-02,2.594864387065172126e-02,7.579322904348373413e-03,9.950060956180095326e-03,2.646157008712179959e-05,2.646157008712179959e-05
1.815776348114013672e+00,1.791431355476379439e+00,1.815802812576293945e+00,1.791457819938659712e+00,8.669373989105224609e-01,8.447725772857666016e-01,8.853280544281005859e-01,8.727258384227752908e-01,3.419381007552146912e-02,3.939510919153690199e-02,2.078755758702754974e-02,2.528693582862615724e-02,8.529595099389553070e-03,9.250876121222972523e-03,2.646140092110726982e-05,2.646140092110726982e-05
1.750751376152038574e+00,1.795103549957275391e+00,1.750777840614318848e+00,1.795130014419555664e+00,8.411735296249389648e-01,8.477344632148742232e-01,8.503575921058654785e-01,8.699701845645904097e-01,2.059475891292095184e-02,3.810136541724205156e-02,2.227333001792430878e-02,2.441350854933261802e-02,1.635220274329185486e-02,1.488403193652629818e-02,2.645991116878576577e-05,2.645991116878576577e-05
1.729286551475524902e+00,1.779862105846405029e+00,1.729313015937805176e+00,1.779888570308685303e+00,8.265272974967956543e-01,8.426236212253570557e-01,8.364612460136413574e-01,8.662965178489685503e-01,3.164903447031974792e-02,3.765107281506061693e-02,2.649535797536373138e-02,2.436609975993633131e-02,8.153661154210567474e-03,8.924778457731008877e-03,2.645980566740036011e-05,2.645980566740036011e-05
1.682453274726867676e+00,1.829154026508331254e+00,1.682479739189147949e+00,1.829180490970611528e+00,8.000770807266235352e-01,8.594725191593169944e-01,8.116926550865173340e-01,8.829909563064575195e-01,1.977945305407047272e-02,3.622818663716316501e-02,2.287033572793006897e-02,2.558702994138002326e-02,2.803389914333820343e-02,2.487535029649734497e-02,2.646217035362496972e-05,2.646217035362496972e-05
1.897241353988647461e+00,1.783458817005157515e+00,1.897267818450927734e+00,1.783485281467437789e+00,8.866611719131469727e-01,8.445377707481384055e-01,9.043198227882385254e-01,8.658447921276092307e-01,7.233688235282897949e-02,3.582656346261501451e-02,2.604512684047222137e-02,2.614903096109628608e-02,7.878286764025688171e-03,1.110065579414367710e-02,2.646556094987317920e-05,2.646556094987317920e-05
1.728802919387817383e+00,1.787995409965515092e+00,1.728829383850097656e+00,1.788021874427795366e+00,8.186705112457275391e-01,8.463967144489288330e-01,8.377690911293029785e-01,8.694427788257599321e-01,3.664034605026245117e-02,3.381883427500724515e-02,2.207776531577110291e-02,2.618205528706312249e-02,1.364516466856002808e-02,1.215506698936224053e-02,2.647034852998331189e-05,2.647034852998331189e-05
1.761737942695617676e+00,1.811559164524078280e+00,1.761764407157897949e+00,1.811585628986358554e+00,8.343451023101806641e-01,8.580816626548767312e-01,8.426104187965393066e-01,8.812261939048766646e-01,4.561616852879524231e-02,3.329231254756450514e-02,2.713179029524326324e-02,2.490990776568651269e-02,1.203457079827785492e-02,1.404908280819654534e-02,2.647173096193000674e-05,2.647173096193000674e-05
1.793258547782897949e+00,1.776310944557189853e+00,1.793285012245178223e+00,1.776337409019470126e+00,8.585818409919738770e-01,8.454187929630279097e-01,8.686630129814147949e-01,8.643506467342376709e-01,3.124045766890048981e-02,3.151164092123508176e-02,2.453606761991977692e-02,2.445961199700832228e-02,1.023718155920505524e-02,1.057019913569092785e-02,2.647410474310163409e-05,2.647410474310163409e-05
1.889315724372863770e+00,1.868672382831573442e+00,1.889342188835144043e+00,1.868698847293853715e+00,8.953680992126464844e-01,8.669430851936340554e-01,8.983824253082275391e-01,8.807093739509582742e-01,2.794099785387516022e-02,3.231651447713375369e-02,2.678616158664226532e-02,2.468412611633539339e-02,4.083795100450515747e-02,6.401932612061500549e-02,2.647313522174954414e-05,2.647313522174954414e-05
1.736839532852172852e+00,1.768275904655456587e+00,1.736865997314453125e+00,1.768302369117736861e+00,8.317581415176391602e-01,8.395881295204162820e-01,8.415257334709167480e-01,8.602942228317260742e-01,2.144121751189231873e-02,3.173880483955145160e-02,3.072931803762912750e-02,2.520408406853675773e-02,1.138516701757907867e-02,1.145067512989044259e-02,2.647450310178101063e-05,2.647450310178101063e-05
1.783810377120971680e+00,1.772168159484863281e+00,1.783836841583251953e+00,1.772194623947143555e+00,8.376458287239074707e-01,8.374156177043914351e-01,8.607348799705505371e-01,8.566978693008422407e-01,3.757278248667716980e-02,3.001410253345966270e-02,2.721961587667465210e-02,2.705568969249725481e-02,2.063722163438796997e-02,2.098489683121442656e-02,2.647838482516817749e-05,2.647838482516817749e-05
1.774827003479003906e+00,1.797310745716095060e+00,1.774853467941284180e+00,1.797337210178375333e+00,8.426421880722045898e-01,8.511262059211730513e-01,8.517405986785888672e-01,8.721470654010772261e-01,3.494123369455337524e-02,2.905041705816984246e-02,3.437728807330131531e-02,2.596444822847843170e-02,1.112564560025930405e-02,1.902258247137069563e-02,2.648204826982691884e-05,2.648204826982691884e-05
1.785688161849975586e+00,1.794103217124938920e+00,1.785714626312255859e+00,1.794129681587219194e+00,8.472002744674682617e-01,8.483394980430603027e-01,8.529903292655944824e-01,8.650902748107910378e-01,3.184421360492706299e-02,2.858214117586612563e-02,2.908068709075450897e-02,2.568082232028245926e-02,2.457273565232753754e-02,2.641045413911342551e-02,2.648291410878300667e-05,2.648291410878300667e-05
1.718363881111145020e+00,1.788346743583679288e+00,1.718390345573425293e+00,1.788373208045959561e+00,8.160715103149414062e-01,8.495910286903380904e-01,8.344331383705139160e-01,8.709535896778106689e-01,2.929652109742164612e-02,2.802423890680074553e-02,2.699555084109306335e-02,2.699041552841663361e-02,1.156726758927106857e-02,1.278746519237756660e-02,2.648551344464067370e-05,2.648551344464067370e-05
1.800382375717163086e+00,1.804912173748016269e+00,1.800408840179443359e+00,1.804938638210296542e+00,8.579359650611877441e-01,8.603139221668243408e-01,8.676025271415710449e-01,8.712866723537444624e-01,3.491142764687538147e-02,2.822581585496664047e-02,2.483488991856575012e-02,2.381831184029579301e-02,1.509764883667230606e-02,2.126746699213981698e-02,2.648558620421681553e-05,2.648558620421681553e-05
1.894897818565368652e+00,1.862006568908691317e+00,1.894924283027648926e+00,1.862033033370971591e+00,8.829394578933715820e-01,8.741411626338958518e-01,9.105835556983947754e-01,8.887728035449982134e-01,2.277489379048347473e-02,2.880952432751655509e-02,2.365258149802684784e-02,2.798215169459581514e-02,5.494726821780204773e-02,4.230091236531734189e-02,2.648764711921103299e-05,2.648764711921103299e-05
1.981336474418640137e+00,2.009088766574859797e+00,1.981362938880920410e+00,2.009115231037140070e+00,9.168988466262817383e-01,9.124010026454925093e-01,9.206531643867492676e-01,9.269708573818207231e-01,3.806926682591438293e-02,3.075642734766006331e-02,2.354816906154155731e-02,3.033579476177692552e-02,8.216700702905654907e-02,1.086247287690639551e-01,2.648752888489980251e-05,2.648752888489980251e-05
1.792713642120361328e+00,1.771113240718841464e+00,1.792740106582641602e+00,1.771139705181121737e+00,8.630952835083007812e-01,8.390459299087524858e-01,8.720327019691467285e-01,8.611975669860839622e-01,2.281896211206912994e-02,3.044443894177675108e-02,2.543492801487445831e-02,3.122869804501533439e-02,9.331840090453624725e-03,9.196588303893804550e-03,2.649211819516494870e-05,2.649211819516494870e-05
1.877491474151611328e+00,1.866120707988738969e+00,1.877517938613891602e+00,1.866147172451019243e+00,8.642933964729309082e-01,8.739300429821014182e-01,8.915547728538513184e-01,8.936719238758087380e-01,5.543531849980354309e-02,2.960032075643539290e-02,2.357060089707374573e-02,2.973479591310024261e-02,4.263739660382270813e-02,3.918360471725464145e-02,2.649635644047521055e-05,2.649635644047521055e-05
1.691057085990905762e+00,1.765567123889923096e+00,1.691083550453186035e+00,1.765593588352203369e+00,8.065779209136962891e-01,8.385561823844909224e-01,8.197671771049499512e-01,8.611104428768158181e-01,2.944904752075672150e-02,2.941454946994781494e-02,2.758467756211757660e-02,2.908205874264240334e-02,7.678097579628229141e-03,7.403903035447001110e-03,2.649890666361898184e-05,2.649890666361898184e-05
1.783870220184326172e+00,1.770743072032928467e+00,1.783896684646606445e+00,1.770769536495208740e+00,8.475412130355834961e-01,8.394402563571929932e-01,8.607995510101318359e-01,8.617583811283111572e-01,3.448079153895378113e-02,2.886282000690698624e-02,3.244147449731826782e-02,2.917051631957292418e-02,8.607092313468456268e-03,1.151109617203474079e-02,2.649983434821479023e-05,2.649983434821479023e-05
1.832871675491333008e+00,1.756868016719818071e+00,1.832898139953613281e+00,1.756894481182098344e+00,8.688836693763732910e-01,8.384185910224914995e-01,8.854708671569824219e-01,8.569750785827636719e-01,4.484850913286209106e-02,2.787822335958480696e-02,2.849496901035308838e-02,2.718365676701068809e-02,5.173732992261648178e-03,6.412486452609300960e-03,2.649851012392900884e-05,2.649851012392900884e-05
1.781467556953430176e+00,1.763378965854644820e+00,1.781494021415710449e+00,1.763405430316925093e+00,8.541318178176879883e-01,8.434518218040466531e-01,8.748555779457092285e-01,8.593248963356018288e-01,2.196761034429073334e-02,2.710791230201721122e-02,2.339807897806167603e-02,2.714486382901668687e-02,7.114408537745475769e-03,6.349452212452888836e-03,2.649861562531441450e-05,2.649861562531441450e-05
1.674921870231628418e+00,1.784674286842346191e+00,1.674948334693908691e+00,1.784700751304626465e+00,8.048915266990661621e-01,8.510567247867584229e-01,8.132134079933166504e-01,8.634862780570984331e-01,1.633050851523876190e-02,2.627369761466979980e-02,2.077801153063774109e-02,2.593194097280502458e-02,1.970843039453029633e-02,1.792566422373056273e-02,2.649845919222570956e-05,2.649845919222570956e-05
1.806600928306579590e+00,1.765756058692932173e+00,1.806627392768859863e+00,1.765782523155212447e+00,8.669084906578063965e-01,8.384964823722839133e-01,8.755725026130676270e-01,8.587252914905547652e-01,1.512204855680465698e-02,2.517293784767389228e-02,3.615626320242881775e-02,2.720119599252939294e-02,1.284160651266574860e-02,1.616014502942562242e-02,2.649964153533801436e-05,2.649964153533801436e-05
1.908364892005920410e+00,1.764175426959991411e+00,1.908391356468200684e+00,1.764201891422271684e+00,8.427649140357971191e-01,8.463475286960602251e-01,1.005619525909423828e+00,8.576802968978881614e-01,2.511022053658962250e-02,2.403092738240957330e-02,2.628396078944206238e-02,2.832484003156423430e-02,8.586233481764793396e-03,7.791848061606288303e-03,2.650056194397620857e-05,2.650056194397620857e-05
1.663334488868713379e+00,1.759380841255187899e+00,1.663360953330993652e+00,1.759407305717468173e+00,8.003498911857604980e-01,8.429976940155029519e-01,8.091423511505126953e-01,8.580756247043609397e-01,1.706666685640811920e-02,2.360961604863405158e-02,3.038954548537731171e-02,2.783582042902708192e-02,6.385950371623039246e-03,6.862014112994074648e-03,2.650113674462772906e-05,2.650113674462772906e-05
1.700218439102172852e+00,1.775626242160797119e+00,1.700244903564453125e+00,1.775652706623077393e+00,8.056280612945556641e-01,8.487194299697875532e-01,8.186911940574645996e-01,8.625572264194488747e-01,3.008068725466728210e-02,2.295786235481500626e-02,3.483379632234573364e-02,2.996423821896314690e-02,1.098467782139778137e-02,1.142744896933436428e-02,2.650296300998888910e-05,2.650296300998888910e-05
1.757323145866394043e+00,1.798126804828643843e+00,1.757349610328674316e+00,1.798153269290924117e+00,8.329240679740905762e-01,8.476544499397278276e-01,8.487750291824340820e-01,8.681585192680358887e-01,2.315587922930717468e-02,2.239342126995325089e-02,2.473439835011959076e-02,2.912337854504585405e-02,2.773383632302284241e-02,3.079704586416482856e-02,2.650382339197676629e-05,2.650382339197676629e-05
1.787135601043701172e+00,1.774305236339569047e+00,1.787162065505981445e+00,1.774331700801849321e+00,8.564826250076293945e-01,8.478793442249298318e-01,8.620739579200744629e-01,8.567691206932067649e-01,2.100960724055767059e-02,2.183428127318620682e-02,3.130367770791053772e-02,2.682227287441492011e-02,1.626576483249664307e-02,2.100020498037338118e-02,2.650427995831705630e-05,2.650427995831705630e-05
1.807894110679626465e+00,1.746668410301208452e+00,1.807920575141906738e+00,1.746694874763488725e+00,8.716254234313964844e-01,8.384192883968353271e-01,8.835409283638000488e-01,8.529384493827819602e-01,2.332660183310508728e-02,2.188935671001672814e-02,2.215067297220230103e-02,2.583930008113384177e-02,7.250570692121982574e-03,7.581981457769870411e-03,2.650254464242607355e-05,2.650254464242607355e-05
1.727103590965270996e+00,1.887464213371276900e+00,1.727130055427551270e+00,1.887490677833557173e+00,8.160600662231445312e-01,8.920789182186126265e-01,8.235520720481872559e-01,9.004755079746246116e-01,1.814470998942852020e-02,2.143174465745687624e-02,2.530787326395511627e-02,2.804217617958783965e-02,4.403872042894363403e-02,4.543583728373050412e-02,2.650283204275183380e-05,2.650283204275183380e-05
1.695356369018554688e+00,1.747158086299896329e+00,1.695382833480834961e+00,1.747184550762176602e+00,8.142173886299133301e-01,8.358106195926666704e-01,8.296042084693908691e-01,8.532237827777862105e-01,1.561869494616985321e-02,2.139341942965984275e-02,2.748663909733295441e-02,2.935995534062385559e-02,8.429407142102718353e-03,7.370333606377244169e-03,2.650312853802461177e-05,2.650312853802461177e-05
1.730650782585144043e+00,1.742091631889343351e+00,1.730677247047424316e+00,1.742118096351623624e+00,8.201734423637390137e-01,8.369916081428527832e-01,8.574070930480957031e-01,8.482058465480803999e-01,1.625956781208515167e-02,2.112439982593059679e-02,3.014046512544155121e-02,2.911028880625963350e-02,6.670106202363967896e-03,6.659498810768127788e-03,2.650336318765766919e-05,2.650336318765766919e-05
1.783709287643432617e+00,1.772996735572814897e+00,1.783735752105712891e+00,1.773023200035095170e+00,8.502209186553955078e-01,8.460225582122802290e-01,8.584243655204772949e-01,8.599685311317444292e-01,2.608736604452133179e-02,2.103468701243400504e-02,3.401171043515205383e-02,2.747023589909076621e-02,1.496487576514482498e-02,1.850073933601379533e-02,2.650379974511452019e-05,2.650379974511452019e-05
1.802265286445617676e+00,1.756925702095031738e+00,1.802291750907897949e+00,1.756952166557312012e+00,8.678179979324340820e-01,8.415367245674133523e-01,8.802358508110046387e-01,8.530567765235901323e-01,1.923394948244094849e-02,2.104189842939376692e-02,2.233567461371421814e-02,2.704038117080926826e-02,1.264192163944244385e-02,1.424989942461252213e-02,2.650314854690805078e-05,2.650314854690805078e-05
1.607368707656860352e+00,1.745433914661407515e+00,1.607395172119140625e+00,1.745460379123687789e+00,7.775353789329528809e-01,8.355913996696472390e-01,7.823685407638549805e-01,8.511528193950652632e-01,1.859818212687969208e-02,2.121561411768197944e-02,2.064606919884681702e-02,2.885811589658260345e-02,8.220532909035682678e-03,8.615946490317582737e-03,2.650489477673545480e-05,2.650489477673545480e-05
1.825856804847717285e+00,1.743074488639831499e+00,1.825883269309997559e+00,1.743100953102111772e+00,8.736592531204223633e-01,8.385930478572845015e-01,8.904042243957519531e-01,8.493595957756042703e-01,2.487260289490222931e-02,2.044967282563447952e-02,3.169255331158638000e-02,2.902565971016883919e-02,5.228189285844564438e-03,5.646489188075065266e-03,2.650592068675905466e-05,2.650592068675905466e-05
1.750693678855895996e+00,1.746941912174224898e+00,1.750720143318176270e+00,1.746968376636505171e+00,8.432657718658447266e-01,8.398757517337799294e-01,8.496835231781005859e-01,8.528963506221771684e-01,2.822602167725563049e-02,2.053730655461549759e-02,2.267687767744064331e-02,2.704836893826723099e-02,6.841541733592748642e-03,6.584146153181790959e-03,2.650504393386654556e-05,2.650504393386654556e-05
1.832972764968872070e+00,1.757676208019256503e+00,1.832999229431152344e+00,1.757702672481536776e+00,8.826809525489807129e-01,8.425907135009765847e-01,8.980739712715148926e-01,8.582441985607147661e-01,1.867112331092357635e-02,1.964976936578750541e-02,2.688159607350826263e-02,2.847762797027826240e-02,6.665153894573450089e-03,8.713910728693008770e-03,2.650551323313266039e-05,2.650551323313266039e-05
1.702996253967285156e+00,1.752021872997283847e+00,1.703022718429565430e+00,1.752048337459564120e+00,8.203728795051574707e-01,8.379526972770691140e-01,8.280203342437744141e-01,8.518477678298950195e-01,1.729644834995269775e-02,1.895162351429462502e-02,2.168937772512435913e-02,2.852475941181182792e-02,1.561722531914710999e-02,1.474504321813583339e-02,2.650673377502243966e-05,2.650673377502243966e-05
1.781934261322021484e+00,1.772886061668395907e+00,1.781960725784301758e+00,1.772912526130676181e+00,8.586639165878295898e-01,8.499406397342681441e-01,8.690401315689086914e-01,8.631944656372070312e-01,1.858344115316867828e-02,1.870318390429019997e-02,2.418094128370285034e-02,2.748878188431263039e-02,1.146594434976577759e-02,1.355899041518568958e-02,2.650800342962611467e-05,2.650800342962611467e-05
1.812514185905456543e+00,1.801717603206634433e+00,1.812540650367736816e+00,1.801744067668914706e+00,8.589501380920410156e-01,8.516137838363647683e-01,8.722052574157714844e-01,8.678503513336182085e-01,2.024071104824542999e-02,1.874806433916091988e-02,3.608166426420211792e-02,2.758204750716686249e-02,2.503650821745395660e-02,3.592333495616913119e-02,2.650810711202211678e-05,2.650810711202211678e-05
1.727871060371398926e+00,1.746426510810852095e+00,1.727897524833679199e+00,1.746452975273132369e+00,8.290809392929077148e-01,8.374260842800140825e-01,8.395979404449462891e-01,8.541247546672821045e-01,2.274875342845916748e-02,1.861154399812221458e-02,2.785903029143810272e-02,2.756380587816238334e-02,8.584512397646903992e-03,8.700334746390581825e-03,2.650879469001665711e-05,2.650879469001665711e-05
1.668733596801757812e+00,1.745095694065093905e+00,1.668760061264038086e+00,1.745122158527374179e+00,8.091250658035278320e-01,8.381875336170196977e-01,8.091467022895812988e-01,8.532837271690368874e-01,1.370235625654459000e-02,1.844229977577924867e-02,2.813809551298618317e-02,2.727481387555599074e-02,8.621288463473320007e-03,7.907296111807227829e-03,2.650820169947110116e-05,2.650820169947110116e-05
1.747910976409912109e+00,1.751168704032898038e+00,1.747937440872192383e+00,1.751195168495178311e+00,8.463182449340820312e-01,8.406902551651000977e-01,8.513418436050415039e-01,8.530717074871063677e-01,1.546863000839948654e-02,1.813990473747253279e-02,2.348766289651393890e-02,2.657946962863206794e-02,1.129459869116544724e-02,1.268735108897089958e-02,2.650772876222617924e-05,2.650772876222617924e-05
1.742313265800476074e+00,1.797702407836914151e+00,1.742339730262756348e+00,1.797728872299194425e+00,8.330729007720947266e-01,8.558970093727111816e-01,8.489955067634582520e-01,8.717021703720092551e-01,1.801462657749652863e-02,1.792471483349800110e-02,2.449085377156734467e-02,2.738982401788234849e-02,1.773937605321407318e-02,2.478869650512933662e-02,2.650829264894127846e-05,2.650829264894127846e-05
1.992149710655212402e+00,1.974114894866943359e+00,1.992176175117492676e+00,1.974141359329223633e+00,9.210472106933593750e-01,9.125314414501189964e-01,9.189436435699462891e-01,9.231745839118957742e-01,1.957938075065612793e-02,1.884507462382316659e-02,3.106283210217952728e-02,3.095101173967123101e-02,1.015166267752647400e-01,8.861279040575027743e-02,2.650959868333302438e-05,2.650959868333302438e-05
2.478564500808715820e+00,2.346374487876892179e+00,2.478590965270996094e+00,2.346400952339172452e+00,1.074256539344787598e+00,1.040811812877655118e+00,1.151689648628234863e+00,1.082342326641082764e+00,2.021587267518043518e-02,2.299169227480888505e-02,2.920737303793430328e-02,3.311667554080486436e-02,2.031948268413543701e-01,1.671119153499603383e-01,2.651197064551524818e-05,2.651197064551524818e-05
2.154196977615356445e+00,2.068780040740966886e+00,2.154223442077636719e+00,2.068806505203247159e+00,9.943169951438903809e-01,9.559867382049560547e-01,9.962499737739562988e-01,9.625246644020080122e-01,2.065480686724185944e-02,2.239395231008529594e-02,3.568581119179725647e-02,3.308221884071826935e-02,1.072893887758255005e-01,9.479250013828277588e-02,2.651043905643746257e-05,2.651043905643746257e-05
1.669399857521057129e+00,1.790862965583801314e+00,1.669426321983337402e+00,1.790889430046081587e+00,8.012185692787170410e-01,8.524129092693328857e-01,7.993092536926269531e-01,8.667449235916138139e-01,2.182387933135032654e-02,2.161768954247236113e-02,3.177854418754577637e-02,3.386604525148868838e-02,1.526962313801050186e-02,1.622139420360326628e-02,2.651250906637869775e-05,2.651250906637869775e-05
1.808679103851318359e+00,1.764533102512359619e+00,1.808705568313598633e+00,1.764559566974639893e+00,8.645209670066833496e-01,8.429585576057434526e-01,8.781208992004394531e-01,8.594111859798431174e-01,2.242115512490272522e-02,2.124500460922718048e-02,3.475456312298774719e-02,3.100403882563114097e-02,8.861532434821128845e-03,9.914335049688815377e-03,2.651189060998149216e-05,2.651189060998149216e-05
1.862058877944946289e+00,1.782788240909576327e+00,1.862085342407226562e+00,1.782814705371856601e+00,8.439007997512817383e-01,8.534376323223114014e-01,9.333893060684204102e-01,8.659066319465636985e-01,3.535158559679985046e-02,2.107024248689413209e-02,4.047843068838119507e-02,3.119396623224019935e-02,8.938614279031753540e-03,1.117981132119894028e-02,2.651148315635509789e-05,2.651148315635509789e-05
1.746296405792236328e+00,1.817948973178863614e+00,1.746322870254516602e+00,1.817975437641143888e+00,8.326596021652221680e-01,8.613308548927307573e-01,8.409094214439392090e-01,8.792613744735717773e-01,1.901173219084739685e-02,2.014259807765483856e-02,2.607263810932636261e-02,3.123532682657241891e-02,2.764309570193290710e-02,2.597883734852075507e-02,2.651127215358428657e-05,2.651127215358428657e-05
1.785306215286254883e+00,1.754180979728698686e+00,1.785332679748535156e+00,1.754207444190978959e+00,8.598649501800537109e-01,8.428563594818114790e-01,8.652221560478210449e-01,8.543406307697296587e-01,1.540727540850639343e-02,2.029309719800949027e-02,3.696049749851226807e-02,2.871627863496541838e-02,7.851223461329936981e-03,7.974606193602084420e-03,2.650919486768543720e-05,2.650919486768543720e-05
1.717468023300170898e+00,1.765052652359008878e+00,1.717494487762451172e+00,1.765079116821289151e+00,8.098960518836975098e-01,8.449813425540924072e-01,8.484461903572082520e-01,8.566272795200348122e-01,1.974839344620704651e-02,1.944762915372848580e-02,2.746141143143177032e-02,3.027463927865028243e-02,1.191589888185262680e-02,1.372176911681890522e-02,2.650887836352922022e-05,2.650887836352922022e-05
1.806377530097961426e+00,1.750074231624603183e+00,1.806403994560241699e+00,1.750100696086883456e+00,8.678826689720153809e-01,8.403643190860747847e-01,8.766576647758483887e-01,8.527493000030517134e-01,2.106872946023941040e-02,1.814057342708110671e-02,3.382680565118789673e-02,3.045082222670316557e-02,6.941639352589845657e-03,8.369201608002186515e-03,2.651154136401601136e-05,2.651154136401601136e-05
1.786548137664794922e+00,1.783462393283844039e+00,1.786574602127075195e+00,1.783488857746124312e+00,8.675540089607238770e-01,8.541794538497924361e-01,8.693158626556396484e-01,8.668132841587066206e-01,9.961939416825771332e-03,1.915240306407213142e-02,2.145198732614517212e-02,2.549463380128145357e-02,1.826438307762145996e-02,1.782261598855256965e-02,2.651043905643746257e-05,2.651043905643746257e-05
1.770794510841369629e+00,1.786389613151550204e+00,1.770820975303649902e+00,1.786416077613830478e+00,8.411478996276855469e-01,8.500254094600677712e-01,8.605840206146240234e-01,8.661225497722625510e-01,1.786328107118606567e-02,1.819578669965267112e-02,2.554380334913730621e-02,2.623349074274301460e-02,2.565549872815608978e-02,2.581235803663730483e-02,2.650933311088010669e-05,2.650933311088010669e-05
1.632099986076354980e+00,1.789187467098236173e+00,1.632126450538635254e+00,1.789213931560516446e+00,7.764625549316406250e-01,8.515483200550079124e-01,7.817746996879577637e-01,8.656527817249297652e-01,1.918301358819007874e-02,1.771120559424161842e-02,2.460137382149696350e-02,3.003639020025729994e-02,3.007833473384380341e-02,2.423875797539949348e-02,2.651057366165332496e-05,2.651057366165332496e-05
1.719910740852355957e+00,1.737829983234405518e+00,1.719937205314636230e+00,1.737856447696685791e+00,8.314332962036132812e-01,8.342462539672851340e-01,8.398739099502563477e-01,8.488268971443175825e-01,1.756053790450096130e-02,1.799961682409047942e-02,2.396116964519023895e-02,2.943052034825086732e-02,7.081855554133653641e-03,7.326700631529093136e-03,2.650983878993429244e-05,2.650983878993429244e-05
1.634046077728271484e+00,1.747702682018279940e+00,1.634072542190551758e+00,1.747729146480560214e+00,7.917580008506774902e-01,8.399025380611420122e-01,7.882328033447265625e-01,8.494427561759948508e-01,1.242153160274028778e-02,1.710101589560508728e-02,2.599662914872169495e-02,2.828094698488712450e-02,1.563707925379276276e-02,1.297537889331579208e-02,2.651077375048771501e-05,2.651077375048771501e-05
1.739633321762084961e+00,1.760292851924896151e+00,1.739659786224365234e+00,1.760319316387176425e+00,8.374360203742980957e-01,8.457001984119415505e-01,8.446146249771118164e-01,8.589937746524810569e-01,2.027478441596031189e-02,1.716042589396238327e-02,2.803977765142917633e-02,2.771083489060401778e-02,9.268094785511493683e-03,1.072763334959745372e-02,2.651060276548378170e-05,2.651060276548378170e-05
1.703102111816406250e+00,1.758607900142669767e+00,1.703128576278686523e+00,1.758634364604950040e+00,8.267073631286621094e-01,8.465881466865539107e-01,8.224396705627441406e-01,8.546738684177398460e-01,1.132190320640802383e-02,1.678207423537969589e-02,2.893371134996414185e-02,2.888465188443660805e-02,1.369940396398305893e-02,1.167915482074022293e-02,2.651020258781500161e-05,2.651020258781500161e-05
1.717179059982299805e+00,1.732481706142425582e+00,1.717205524444580078e+00,1.732508170604705855e+00,8.292272090911865234e-01,8.360620379447937234e-01,8.334017992019653320e-01,8.440541207790375200e-01,1.870211958885192871e-02,1.677233949303626875e-02,2.928997576236724854e-02,2.983018364757299493e-02,6.557968445122241974e-03,5.762993963435292591e-03,2.651024988153949380e-05,2.651024988153949380e-05
1.839076161384582520e+00,1.785626065731048540e+00,1.839102625846862793e+00,1.785652530193328813e+00,8.831208348274230957e-01,8.584702253341675027e-01,8.817601799964904785e-01,8.645652115345001665e-01,2.173482626676559448e-02,1.648225318640470644e-02,4.118807613849639893e-02,3.082851059734821250e-02,1.127221155911684036e-02,1.527985688298940693e-02,2.651039903867058456e-05,2.651039903867058456e-05
1.708675384521484375e+00,1.743586897850036621e+00,1.708701848983764648e+00,1.743613362312316895e+00,8.219137787818908691e-01,8.395388841629027876e-01,8.361835479736328125e-01,8.494799435138702393e-01,1.655122078955173492e-02,1.656560190021991869e-02,2.407051250338554382e-02,2.950402200222015242e-02,9.956362657248973846e-03,8.498452976346016277e-03,2.650990427355282009e-05,2.650990427355282009e-05
1.744251489639282227e+00,1.767435121536254927e+00,1.744277954101562500e+00,1.767461585998535201e+00,8.436880707740783691e-01,8.475817859172820601e-01,8.441385030746459961e-01,8.570834755897521751e-01,1.725652813911437988e-02,1.631513750180602074e-02,1.859959214925765991e-02,3.061929866671562334e-02,2.056874334812164307e-02,1.583539526909589698e-02,2.651036811585072428e-05,2.651036811585072428e-05
1.760732769966125488e+00,1.749794018268585161e+00,1.760759234428405762e+00,1.749820482730865434e+00,8.455305099487304688e-01,8.412418484687804732e-01,8.539489507675170898e-01,8.499001324176788108e-01,1.644226163625717163e-02,1.656693294644355843e-02,3.184406086802482605e-02,3.016779851168394089e-02,1.296696159988641739e-02,1.191735165193676983e-02,2.651000431797001511e-05,2.651000431797001511e-05
1.730799436569213867e+00,1.773189079761505083e+00,1.730825901031494141e+00,1.773215544223785356e+00,8.317945599555969238e-01,8.511569619178771529e-01,8.379423022270202637e-01,8.569171428680419922e-01,1.315633859485387802e-02,1.739925686269998620e-02,2.887582965195178986e-02,2.722329255193471978e-02,1.903044991195201874e-02,2.049243245273828576e-02,2.650744863785803318e-05,2.650744863785803318e-05
1.867056846618652344e+00,1.902705430984497070e+00,1.867083311080932617e+00,1.902731895446777344e+00,8.733428716659545898e-01,8.834219574928283691e-01,8.760675191879272461e-01,9.019141197204589844e-01,1.416463684290647507e-02,1.694101188331842422e-02,2.924649417400360107e-02,3.140025567263364514e-02,7.423527538776397705e-02,6.902808994054794589e-02,2.650636815815232694e-05,2.650636815815232694e-05
1.958451032638549805e+00,2.069914841651916415e+00,1.958477497100830078e+00,2.069941306114196689e+00,9.111149311065673828e-01,9.302206814289093462e-01,9.085015058517456055e-01,9.394461035728454146e-01,1.427967660129070282e-02,1.684967298060655733e-02,3.138590976595878601e-02,3.163613211363554278e-02,9.316900372505187988e-02,1.517622902989387568e-01,2.650789065228309482e-05,2.650789065228309482e-05
1.993795871734619141e+00,1.868412494659423828e+00,1.993822336196899414e+00,1.868438959121704102e+00,9.443653821945190430e-01,8.788440585136413352e-01,9.490012526512145996e-01,8.917509853839874490e-01,1.335124112665653229e-02,1.694226749241352012e-02,3.869168460369110107e-02,3.254425376653671126e-02,4.838641360402107239e-02,4.833089187741279602e-02,2.650918395374901593e-05,2.650918395374901593e-05
1.725731968879699707e+00,1.764578819274902344e+00,1.725758433341979980e+00,1.764605283737182617e+00,8.260548710823059082e-01,8.449430286884307417e-01,8.289316296577453613e-01,8.542675495147704634e-01,1.542630605399608612e-02,1.660355348140001366e-02,3.636574745178222656e-02,3.087522350251674721e-02,1.895350031554698944e-02,1.788945104926824639e-02,2.651030990818981081e-05,2.651030990818981081e-05
1.797582745552062988e+00,1.758338797092437789e+00,1.797609210014343262e+00,1.758365261554718062e+00,8.572780489921569824e-01,8.434966742992401345e-01,8.732214570045471191e-01,8.523925721645355669e-01,1.449766848236322403e-02,1.599405631422996452e-02,3.591768816113471985e-02,3.072047233581542969e-02,1.666791737079620361e-02,1.573505159467458725e-02,2.651162321853917092e-05,2.651162321853917092e-05
1.694046258926391602e+00,1.741142773628234774e+00,1.694072723388671875e+00,1.741169238090515048e+00,8.162407875061035156e-01,8.360303044319152832e-01,8.205152750015258789e-01,8.446360409259796587e-01,9.654532186686992645e-03,1.586988884955644469e-02,2.811059728264808655e-02,3.068764135241508484e-02,1.952500641345977783e-02,1.391888344660401414e-02,2.651014438015408814e-05,2.651014438015408814e-05
1.756237387657165527e+00,1.735287785530090332e+00,1.756263852119445801e+00,1.735314249992370605e+00,8.480041623115539551e-01,8.343355715274810569e-01,8.571754693984985352e-01,8.447956919670105425e-01,1.092435326427221298e-02,1.557316817343235016e-02,2.987838722765445709e-02,3.048548325896262984e-02,1.025503035634756088e-02,1.009787255898117984e-02,2.650842543516773731e-05,2.650842543516773731e-05
1.730574607849121094e+00,1.734188818931579501e+00,1.730601072311401367e+00,1.734215283393859774e+00,8.355774879455566406e-01,8.354695677757263406e-01,8.461450934410095215e-01,8.444836139678955078e-01,1.286364533007144928e-02,1.553626386448741029e-02,2.740768902003765106e-02,3.051172215491533210e-02,8.580694906413555145e-03,8.187623415142297051e-03,2.650739770615473390e-05,2.650739770615473390e-05
1.625328779220581055e+00,1.732511866092681929e+00,1.625355243682861328e+00,1.732538330554962203e+00,7.874969840049743652e-01,8.355768859386444314e-01,7.890036702156066895e-01,8.437849998474120650e-01,1.179547887295484543e-02,1.507609495893120696e-02,2.856314368546009064e-02,2.934569530189037184e-02,8.469513617455959320e-03,8.728201035410165787e-03,2.650734859344083816e-05,2.650734859344083816e-05
1.601703286170959473e+00,1.753160130977630571e+00,1.601729750633239746e+00,1.753186595439910844e+00,7.618581652641296387e-01,8.381626129150390181e-01,7.729450464248657227e-01,8.467336177825928178e-01,9.311562404036521912e-03,1.490384377539157902e-02,2.622482366859912872e-02,3.036233354359865050e-02,3.136377409100532532e-02,2.299768235534429411e-02,2.650755413924343884e-05,2.650755413924343884e-05
1.748634338378906250e+00,1.758795738220214844e+00,1.748660802841186523e+00,1.758822202682495117e+00,8.464025855064392090e-01,8.479232430458069070e-01,8.500050902366638184e-01,8.556274592876433882e-01,1.130847074091434479e-02,1.505269994959235191e-02,3.170093521475791931e-02,3.107370138168335030e-02,9.217269718647003174e-03,9.118601027876139381e-03,2.650697388162370771e-05,2.650697388162370771e-05
1.817831158638000488e+00,1.749742031097412109e+00,1.817857623100280762e+00,1.749768495559692383e+00,8.783972263336181641e-01,8.414677143096923606e-01,8.818740248680114746e-01,8.508333683013915572e-01,1.422218047082424164e-02,1.490535987541079591e-02,2.933563292026519775e-02,3.044537305831909041e-02,1.400214061141014099e-02,1.209023967385292053e-02,2.650674286996945739e-05,2.650674286996945739e-05
1.890295267105102539e+00,1.744047212600708052e+00,1.890321731567382812e+00,1.744073677062988326e+00,9.081333279609680176e-01,8.401080846786499468e-01,9.092205166816711426e-01,8.487615406513213667e-01,1.997235417366027832e-02,1.488902475684881176e-02,4.678714647889137268e-02,3.042536675930023263e-02,6.181955337524414062e-03,9.863226767629384648e-03,2.650674650794826448e-05,2.650674650794826448e-05
1.727173209190368652e+00,1.729646420478820890e+00,1.727199673652648926e+00,1.729672884941101163e+00,8.391106724739074707e-01,8.351172745227813943e-01,8.397859334945678711e-01,8.424494981765746626e-01,1.206369698047637939e-02,1.460538664832711220e-02,3.081516921520233154e-02,3.104257918894291063e-02,5.397687200456857681e-03,6.431603711098432888e-03,2.650635178724769503e-05,2.650635178724769503e-05
1.693269491195678711e+00,1.747513055801391602e+00,1.693295955657958984e+00,1.747539520263671875e+00,8.156602978706359863e-01,8.431968569755554643e-01,8.188547492027282715e-01,8.504542350769043191e-01,1.817673258483409882e-02,1.425519380718469689e-02,2.971572987735271454e-02,2.921335771679878235e-02,1.086199749261140823e-02,1.039344575256109272e-02,2.650636815815232694e-05,2.650636815815232694e-05
1.690479040145874023e+00,1.726823484897613614e+00,1.690505504608154297e+00,1.726849949359893888e+00,8.179302811622619629e-01,8.324944198131560835e-01,8.251796960830688477e-01,8.397198379039764182e-01,1.129494514316320419e-02,1.431382251903414761e-02,2.518855966627597809e-02,2.949631307274103165e-02,1.088543515652418137e-02,1.079906942322850227e-02,2.650510214152745903e-05,2.650510214152745903e-05
1.886085271835327148e+00,1.787124896049499423e+00,1.886111736297607422e+00,1.787151360511779696e+00,8.995919227600097656e-01,8.588553071022033691e-01,9.001369476318359375e-01,8.617948472499847856e-01,2.341853082180023193e-02,1.407119585201144218e-02,4.506184533238410950e-02,3.125495798885822435e-02,1.787597127258777618e-02,2.114859186112880846e-02,2.650432361406274140e-05,2.650432361406274140e-05
1.666788816452026367e+00,1.744487810134887740e+00,1.666815280914306641e+00,1.744514274597168013e+00,8.076360225677490234e-01,8.416882991790771706e-01,8.097424507141113281e-01,8.494252502918243630e-01,1.187742128968238831e-02,1.440799059346318210e-02,2.826149389147758484e-02,3.060111925005912920e-02,9.271382354199886322e-03,8.365118596702813408e-03,2.650453097885474563e-05,2.650453097885474563e-05
1.728208065032958984e+00,1.732030844688415616e+00,1.728234529495239258e+00,1.732057309150695890e+00,8.324766159057617188e-01,8.345209658145904541e-01,8.359978199005126953e-01,8.434211075305938499e-01,1.308833248913288116e-02,1.410091537982225383e-02,3.910502418875694275e-02,3.100867010653018951e-02,7.540177088230848312e-03,8.979178313165903785e-03,2.650517490110360086e-05,2.650517490110360086e-05
1.754057645797729492e+00,1.733113956451415971e+00,1.754084110260009766e+00,1.733140420913696245e+00,8.495194911956787109e-01,8.368042886257172075e-01,8.580480813980102539e-01,8.447489321231842485e-01,1.369005814194679260e-02,1.388973919674754177e-02,2.433598972856998444e-02,2.973508983850479265e-02,8.463953621685504913e-03,7.935910345986485134e-03,2.650478563737124205e-05,2.650478563737124205e-05
1.764730691909790039e+00,1.751636946201324374e+00,1.764757156372070312e+00,1.751663410663604648e+00,8.555620908737182617e-01,8.437941014766693337e-01,8.652021288871765137e-01,8.534396648406982200e-01,1.112474873661994934e-02,1.402763538062572549e-02,2.520369738340377808e-02,3.080869056284427782e-02,7.638139650225639343e-03,9.566867258399724960e-03,2.650356691447086632e-05,2.650356691447086632e-05
1.674821972846984863e+00,1.747938024997711226e+00,1.674848437309265137e+00,1.747964489459991499e+00,8.079651594161987305e-01,8.431417226791382280e-01,8.146871328353881836e-01,8.487086057662963645e-01,1.393150538206100464e-02,1.362642617896199157e-02,2.235911227762699127e-02,3.067660760134458681e-02,1.587902940809726715e-02,1.178463259711861645e-02,2.650270289450418204e-05,2.650270289450418204e-05
1.832846522331237793e+00,1.769600939750671342e+00,1.832872986793518066e+00,1.769627404212951616e+00,8.639713525772094727e-01,8.386458814144134299e-01,8.808990716934204102e-01,8.466351509094238725e-01,2.008311264216899872e-02,1.368329608812928269e-02,4.325285553932189941e-02,3.033078555017709732e-02,2.464018575847148895e-02,4.030582755804061612e-02,2.650325768627226353e-05,2.650325768627226353e-05
1.811138391494750977e+00,1.786981546878814608e+00,1.811164855957031250e+00,1.787008011341094882e+00,8.672499656677246094e-01,8.526379585266112837e-01,8.763875365257263184e-01,8.577668309211731179e-01,1.425908971577882767e-02,1.347108278423547745e-02,2.784453891217708588e-02,3.086815644055605073e-02,2.539719268679618835e-02,3.223753813654184341e-02,2.650363967404700816e-05,2.650363967404700816e-05
1.860980033874511719e+00,1.855787098407745361e+00,1.861006498336791992e+00,1.855813562870025635e+00,8.813158869743347168e-01,8.696079552173614502e-01,8.801018595695495605e-01,8.720522403717041460e-01,1.077478844672441483e-02,1.366637758910655906e-02,2.780996821820735931e-02,3.239921517670154433e-02,6.097755581140518188e-02,6.806133091449736994e-02,2.650594615261070430e-05,2.650594615261070430e-05
1.781362414360046387e+00,1.833755826950073331e+00,1.781388878822326660e+00,1.833782291412353604e+00,8.477925062179565430e-01,8.726225554943084495e-01,8.520982265472412109e-01,8.815044164657592773e-01,1.190147642046213150e-02,1.428013015538454056e-02,3.908611461520195007e-02,3.221556693315506120e-02,3.048411384224891663e-02,3.313319385051727295e-02,2.650963870109990239e-05,2.650963870109990239e-05
1.649838924407958984e+00,1.752271068096160844e+00,1.649865388870239258e+00,1.752297532558441118e+00,7.857665419578552246e-01,8.423668384552002175e-01,7.890234589576721191e-01,8.490703523159026656e-01,1.209611631929874420e-02,1.428238442167639732e-02,4.929892718791961670e-02,3.411507792770862579e-02,1.365382783114910126e-02,1.243639532476663659e-02,2.651336762937717140e-05,2.651336762937717140e-05
1.670804858207702637e+00,1.729682731628418013e+00,1.670831322669982910e+00,1.729709196090698287e+00,8.058250546455383301e-01,8.333529353141784224e-01,8.127253651618957520e-01,8.427552103996276411e-01,1.451887656003236771e-02,1.369886258617043426e-02,3.118152730166912079e-02,3.246096186339855055e-02,6.554066669195890427e-03,7.414729380980133837e-03,2.651227987371385098e-05,2.651227987371385098e-05
1.741529941558837891e+00,1.741508817672729581e+00,1.741556406021118164e+00,1.741535282135009854e+00,8.456630110740661621e-01,8.417728602886199729e-01,8.509176373481750488e-01,8.494129180908203125e-01,1.224015373736619949e-02,1.327447183430194820e-02,2.435816451907157898e-02,3.082046676427125861e-02,8.350977674126625061e-03,6.228095991536975254e-03,2.650941496540326625e-05,2.650941496540326625e-05
1.768321156501770020e+00,1.749453914165496782e+00,1.768347620964050293e+00,1.749480378627777055e+00,8.478317260742187500e-01,8.412908136844634566e-01,8.588717579841613770e-01,8.477046966552734819e-01,1.393609493970870972e-02,1.349787591025233303e-02,3.110420890152454376e-02,3.206927478313446184e-02,1.657743565738201141e-02,1.489125257357954910e-02,2.651251452334690839e-05,2.651251452334690839e-05
1.712717294692993164e+00,1.730331730842590288e+00,1.712743759155273438e+00,1.730358195304870561e+00,8.256716132164001465e-01,8.343751966953277810e-01,8.313643932342529297e-01,8.418049156665802224e-01,1.399611774832010269e-02,1.396888839080929687e-02,3.437570482492446899e-02,3.252804838120937347e-02,7.309474982321262360e-03,7.654685061424970627e-03,2.651321847224608064e-05,2.651321847224608064e-05
1.565291643142700195e+00,1.726259100437164351e+00,1.565318107604980469e+00,1.726285564899444624e+00,7.575569152832031250e-01,8.341425120830535667e-01,7.624955773353576660e-01,8.407789528369903342e-01,1.259994972497224808e-02,1.337006874382495880e-02,2.266560867428779602e-02,3.118362519890070100e-02,9.973614476621150970e-03,6.783959409222006971e-03,2.651248360052704811e-05,2.651248360052704811e-05
1.769346117973327637e+00,1.738169276714324862e+00,1.769372582435607910e+00,1.738195741176605136e+00,8.563965559005737305e-01,8.373614847660064697e-01,8.581880927085876465e-01,8.458107411861419678e-01,9.191316552460193634e-03,1.300643514841795002e-02,3.514174744486808777e-02,3.178085479885339737e-02,1.042852178215980530e-02,1.020970363169908593e-02,2.651245085871778429e-05,2.651245085871778429e-05
1.784276366233825684e+00,1.737885105609893843e+00,1.784302830696105957e+00,1.737911570072174117e+00,8.503256440162658691e-01,8.303546190261841264e-01,8.598117828369140625e-01,8.387158215045928955e-01,1.464467775076627731e-02,1.304531497880816529e-02,3.860633447766304016e-02,3.212658204138278684e-02,2.088810130953788757e-02,2.364278882741928031e-02,2.651137219800148159e-05,2.651137219800148159e-05
1.726831793785095215e+00,1.779053544998169034e+00,1.726858258247375488e+00,1.779080009460449308e+00,8.219709396362304688e-01,8.413220405578613059e-01,8.236059546470642090e-01,8.476324260234833208e-01,9.925783611834049225e-03,1.293578445911407540e-02,2.560729160904884338e-02,3.062631152570247789e-02,4.572169855237007141e-02,4.653700031340122362e-02,2.651055183378048241e-05,2.651055183378048241e-05
1.793523311614990234e+00,1.764391863346099765e+00,1.793549776077270508e+00,1.764418327808380038e+00,8.645573854446411133e-01,8.438251733779906782e-01,8.671554327011108398e-01,8.532952189445495161e-01,1.040236838161945343e-02,1.271451869979500771e-02,3.218236938118934631e-02,3.100356142967939516e-02,1.922581903636455536e-02,2.355335559695959091e-02,2.651018439792096615e-05,2.651018439792096615e-05
1.702403426170349121e+00,1.799292182922363370e+00,1.702429890632629395e+00,1.799318647384643644e+00,8.201963305473327637e-01,8.623330473899841753e-01,8.224498033523559570e-01,8.717078089714049849e-01,1.051230728626251221e-02,1.251287935301661526e-02,2.931897528469562531e-02,3.338923528790473799e-02,1.992607675492763519e-02,1.934920959174633165e-02,2.651076283655129373e-05,2.651076283655129373e-05
1.704595208168029785e+00,1.732102656364440829e+00,1.704621672630310059e+00,1.732129120826721103e+00,8.270549178123474121e-01,8.359432876110076682e-01,8.354395031929016113e-01,8.440012812614441362e-01,1.412551105022430420e-02,1.278382353484630585e-02,1.769250072538852692e-02,3.070076033473014693e-02,1.028291229158639908e-02,8.673536963760853161e-03,2.651083923410624266e-05,2.651083923410624266e-05
1.750229239463806152e+00,1.766319203376770064e+00,1.750255703926086426e+00,1.766345667839050337e+00,8.416569232940673828e-01,8.451790988445282427e-01,8.429492115974426270e-01,8.567441582679748979e-01,1.328831538558006287e-02,1.252118302509188687e-02,3.498733416199684143e-02,3.311692215502261977e-02,1.734757982194423676e-02,1.875783912837505202e-02,2.651023896760307252e-05,2.651023896760307252e-05
1.737010121345520020e+00,1.734506285190582364e+00,1.737036585807800293e+00,1.734532749652862638e+00,8.367066979408264160e-01,8.358077824115752730e-01,8.448307514190673828e-01,8.448493242263793723e-01,1.048518903553485870e-02,1.251054164022207330e-02,3.435459360480308533e-02,3.034699857234954973e-02,1.063299272209405899e-02,1.099161654710769688e-02,2.650999158504419029e-05,2.650999158504419029e-05
1.662561774253845215e+00,1.730504131317138761e+00,1.662588238716125488e+00,1.730530595779419034e+00,8.030650019645690918e-01,8.332052230834960938e-01,8.088212013244628906e-01,8.420832037925720659e-01,9.777999483048915863e-03,1.215124120935797726e-02,2.933170273900032043e-02,3.349074572324752669e-02,1.156582590192556381e-02,9.573716390877961419e-03,2.651078830240294337e-05,2.651078830240294337e-05
1.680412650108337402e+00,1.742391550540923983e+00,1.680439114570617676e+00,1.742418015003204257e+00,8.068598508834838867e-01,8.378003537654876709e-01,8.091484308242797852e-01,8.446151316165924072e-01,1.421956252306699753e-02,1.230157576501369511e-02,3.707085177302360535e-02,3.151640649884938916e-02,1.311394292861223221e-02,1.615811595693230490e-02,2.651137037901207805e-05,2.651137037901207805e-05
1.725541710853576660e+00,1.735734868049621626e+00,1.725568175315856934e+00,1.735761332511901900e+00,8.353750705718994141e-01,8.373494267463683638e-01,8.428651690483093262e-01,8.448536515235900435e-01,1.528862211853265762e-02,1.257706889882683789e-02,2.021446637809276581e-02,3.027767781168222427e-02,1.179834920912981033e-02,1.067706728354096343e-02,2.651123213581740856e-05,2.651123213581740856e-05
1.642696499824523926e+00,1.727524733543396085e+00,1.642722964286804199e+00,1.727551198005676358e+00,7.928875088691711426e-01,8.317981183528899702e-01,7.966942787170410156e-01,8.398439586162567139e-01,6.838917732238769531e-03,1.200319277122616733e-02,3.262342140078544617e-02,3.298247791826725006e-02,1.365238521248102188e-02,1.089700413867831195e-02,2.651144677656702697e-05,2.651144677656702697e-05
2.552343845367431641e+00,2.336151170730590643e+00,2.552370309829711914e+00,2.336177635192870916e+00,1.048179984092712402e+00,1.019559204578399658e+00,1.180082440376281738e+00,1.052632772922515780e+00,1.582261919975280762e-02,1.688759177923202653e-02,3.129340708255767822e-02,4.547140561044216156e-02,2.769653201103210449e-01,2.016001835465431324e-01,2.652480179676786065e-05,2.652480179676786065e-05
1.818247318267822266e+00,1.868307816982269332e+00,1.818273901939392090e+00,1.868334400653839156e+00,8.580020666122436523e-01,8.852713763713836448e-01,8.706237673759460449e-01,9.010878145694732888e-01,2.086910605430603027e-02,1.615144759416580270e-02,3.987206518650054932e-02,3.617997802793979784e-02,2.888037823140621185e-02,2.961717769503593306e-02,2.653284172993153334e-05,2.653284172993153334e-05
1.873049259185791016e+00,1.771885049343109086e+00,1.873075842857360840e+00,1.771911633014678911e+00,8.952074050903320312e-01,8.472765624523163064e-01,9.038873910903930664e-01,8.584113597869873491e-01,1.949148811399936676e-02,1.537926448509097099e-02,3.983183577656745911e-02,3.684186488389969150e-02,1.463113445788621902e-02,1.397598069161176682e-02,2.652815783221740276e-05,2.652815783221740276e-05
1.845840454101562500e+00,1.765259277820587114e+00,1.845867037773132324e+00,1.765285861492156938e+00,8.838792443275451660e-01,8.423724472522735596e-01,8.924762606620788574e-01,8.589126050472259966e-01,1.532391738146543503e-02,1.315579200163483585e-02,4.180791974067687988e-02,3.638471215963363925e-02,1.235321722924709320e-02,1.443372257053852047e-02,2.652409966685809195e-05,2.652409966685809195e-05
1.805881142616271973e+00,1.772573864459991544e+00,1.805907607078552246e+00,1.772600328922271817e+00,8.698859214782714844e-01,8.482132732868195024e-01,8.748109936714172363e-01,8.648805975914001243e-01,1.531737018376588821e-02,1.732973437756300111e-02,3.541741520166397095e-02,3.065308835357427597e-02,1.044949982315301895e-02,1.149716218933463131e-02,2.651575050549581647e-05,2.651575050549581647e-05
1.724731445312500000e+00,1.754311800003051758e+00,1.724757909774780273e+00,1.754338264465332031e+00,8.312025070190429688e-01,8.390357255935668723e-01,8.354821801185607910e-01,8.504980146884918435e-01,1.418675109744071960e-02,1.369782695546746185e-02,3.144524246454238892e-02,3.513124920427799364e-02,1.241485588252544403e-02,1.594897471368312766e-02,2.651372415130026639e-05,2.651372415130026639e-05
1.749047636985778809e+00,1.753831434249877974e+00,1.749074101448059082e+00,1.753857898712158248e+00,8.461973071098327637e-01,8.457926332950591597e-01,8.514748215675354004e-01,8.541288614273071511e-01,1.314462535083293915e-02,1.368099106475710938e-02,2.651264145970344543e-02,2.878844663500785758e-02,1.171822194010019302e-02,1.144048348069190944e-02,2.651213435456156731e-05,2.651213435456156731e-05
1.846747398376464844e+00,1.772901904582977251e+00,1.846773862838745117e+00,1.772928369045257524e+00,8.665635585784912109e-01,8.434560716152190718e-01,9.041391611099243164e-01,8.585664510726929155e-01,2.132635377347469330e-02,1.267748251557350089e-02,3.257881104946136475e-02,3.216835521161556105e-02,2.213949151337146759e-02,2.603352945297956328e-02,2.651102840900421143e-05,2.651102840900421143e-05
1.779824018478393555e+00,1.796208846569061324e+00,1.779850482940673828e+00,1.796235311031341597e+00,8.528662919998168945e-01,8.575520932674407515e-01,8.471920490264892578e-01,8.691885709762573464e-01,1.322338078171014786e-02,1.249775579199194873e-02,3.610775619745254517e-02,3.298823311924934526e-02,3.043444454669952393e-02,2.398221269249916146e-02,2.651112299645319581e-05,2.651112299645319581e-05
1.735197544097900391e+00,1.759595978260040328e+00,1.735224008560180664e+00,1.759622442722320601e+00,8.303453326225280762e-01,8.429292917251587358e-01,8.374304771423339844e-01,8.568596243858337402e-01,1.750127039849758148e-02,1.210180446505546535e-02,3.427571058273315430e-02,3.389363028109073500e-02,1.564478874206542969e-02,1.381161147728562390e-02,2.651289105415344238e-05,2.651289105415344238e-05
2.391365766525268555e+00,2.465907621383666815e+00,2.391392230987548828e+00,2.465934085845947088e+00,1.035710692405700684e+00,1.061145257949829057e+00,1.020027756690979004e+00,1.056496214866638139e+00,9.413226507604122162e-03,1.322720367461443017e-02,3.124149143695831299e-02,3.745525367558002333e-02,2.949725985527038574e-01,2.975836664438247792e-01,2.651711838552728295e-05,2.651711838552728295e-05
1.952116250991821289e+00,2.026703476905822754e+00,1.952142834663391113e+00,2.026729941368103027e+00,9.134157896041870117e-01,9.377380549907684548e-01,9.156886339187622070e-01,9.559131979942321333e-01,1.790002733469009399e-02,1.572549864649772783e-02,4.296525195240974426e-02,4.360021129250526289e-02,6.214650347828865051e-02,7.372653931379317960e-02,2.652450348250567913e-05,2.652450348250567913e-05
1.838112354278564453e+00,1.780319142341613814e+00,1.838138937950134277e+00,1.780345726013183638e+00,8.749670982360839844e-01,8.418313920497894065e-01,8.752462267875671387e-01,8.663579106330872026e-01,2.324037067592144012e-02,1.444180971011519397e-02,4.885336384177207947e-02,4.200255759060382565e-02,1.580528169870376587e-02,1.568545727059245110e-02,2.652571492944844067e-05,2.652571492944844067e-05
1.810280442237854004e+00,1.779013419151306064e+00,1.810306906700134277e+00,1.779039883613586337e+00,8.633077144622802734e-01,8.519727885723114014e-01,8.679279088973999023e-01,8.642980277538299116e-01,1.642739027738571167e-02,1.446613837033510278e-02,5.264863744378089905e-02,3.466274999082088332e-02,9.968804195523262024e-03,1.361373383551836048e-02,2.652146213222295046e-05,2.652146213222295046e-05
1.796058654785156250e+00,1.747733056545257568e+00,1.796085119247436523e+00,1.747759521007537842e+00,8.575296401977539062e-01,8.415285229682922807e-01,8.738998174667358398e-01,8.492273032665252908e-01,1.289016474038362503e-02,1.290226290002465317e-02,4.176672175526618958e-02,3.639285154640674314e-02,9.972243569791316986e-03,7.682117400690913200e-03,2.651877002790570259e-05,2.651877002790570259e-05
1.918314814567565918e+00,1.867714190483093173e+00,1.918341279029846191e+00,1.867740654945373446e+00,9.062315225601196289e-01,8.739755809307098167e-01,9.117296338081359863e-01,8.904070198535919411e-01,8.018478751182556152e-03,1.239369567483663594e-02,4.098237305879592896e-02,3.986076712608337125e-02,5.135269835591316223e-02,5.107708536088466367e-02,2.651866998348850757e-05,2.651866998348850757e-05
1.803383708000183105e+00,1.782828927040100098e+00,1.803410172462463379e+00,1.782855391502380371e+00,8.684456944465637207e-01,8.514563024044037309e-01,8.691513538360595703e-01,8.612786591053008811e-01,1.388533040881156921e-02,1.512993508949875797e-02,3.547694534063339233e-02,3.534290939569473267e-02,1.642442308366298676e-02,1.962114255875348906e-02,2.651717659318819642e-05,2.651717659318819642e-05
1.728458166122436523e+00,1.749683129787445113e+00,1.728484630584716797e+00,1.749709594249725386e+00,8.343966603279113770e-01,8.421200096607208696e-01,8.341824412345886230e-01,8.543597161769866943e-01,1.464819069951772690e-02,1.219732994213700364e-02,3.715172410011291504e-02,3.416784293949604034e-02,8.079139515757560730e-03,6.838184176012873303e-03,2.651566319400444627e-05,2.651566319400444627e-05
1.676550626754760742e+00,1.745291960239410356e+00,1.676577091217041016e+00,1.745318424701690629e+00,8.103734254837036133e-01,8.373815059661865456e-01,8.218659162521362305e-01,8.518335580825805442e-01,9.071469306945800781e-03,1.213313508778810466e-02,2.547057159245014191e-02,3.608357980847358426e-02,9.769154712557792664e-03,7.860182737931608460e-03,2.651519753271713853e-05,2.651519753271713853e-05
1.798244237899780273e+00,1.773274838924407959e+00,1.798270702362060547e+00,1.773301303386688232e+00,8.657751083374023438e-01,8.475417912006377730e-01,8.769533038139343262e-01,8.652021408081054243e-01,8.697355166077613831e-03,1.213611848652362823e-02,3.661588951945304871e-02,3.652488291263580183e-02,1.020252332091331482e-02,1.186988363042473793e-02,2.651216709637083113e-05,2.651216709637083113e-05
1.812993407249450684e+00,1.736838126182556064e+00,1.813019871711730957e+00,1.736864590644836337e+00,8.749814629554748535e-01,8.378670811653137207e-01,8.754792809486389160e-01,8.450871825218200240e-01,1.180231571197509766e-02,1.187379639595747063e-02,4.276000708341598511e-02,3.357215449213981490e-02,7.970379665493965149e-03,8.437860570847988823e-03,2.651025351951830089e-05,2.651025351951830089e-05
1.594105005264282227e+00,1.742577290534973233e+00,1.594131469726562500e+00,1.742603754997253507e+00,7.572041153907775879e-01,8.365089476108551469e-01,7.676249742507934570e-01,8.447152853012085405e-01,1.066056825220584869e-02,1.126367459073662758e-02,3.366061672568321228e-02,3.438251055777073045e-02,2.495465986430644989e-02,1.570685477927327017e-02,2.650924943736754358e-05,2.650924943736754358e-05
1.752058863639831543e+00,1.779556608200073331e+00,1.752085328102111816e+00,1.779583072662353604e+00,8.394628763198852539e-01,8.545857548713684526e-01,8.523161411285400391e-01,8.642588436603546587e-01,1.233639847487211227e-02,1.123453155159950291e-02,3.650535270571708679e-02,3.393788896501064023e-02,1.143807545304298401e-02,1.553963273763656582e-02,2.650720671226736158e-05,2.650720671226736158e-05
1.590853452682495117e+00,1.730523419380187944e+00,1.590879917144775391e+00,1.730549883842468217e+00,7.764202356338500977e-01,8.337626159191131592e-01,7.778915166854858398e-01,8.420400142669677290e-01,8.794043213129043579e-03,1.100446674972772529e-02,1.853893138468265533e-02,3.507207930088043074e-02,9.208668954670429230e-03,8.644248731434345592e-03,2.650550959515385330e-05,2.650550959515385330e-05
1.644317150115966797e+00,1.737745571136474654e+00,1.644343614578247070e+00,1.737772035598754927e+00,7.883474230766296387e-01,8.360239088535308394e-01,7.907671332359313965e-01,8.440384864807128906e-01,8.489021100103855133e-03,1.126189632341265644e-02,4.336854442954063416e-02,3.374402076005935530e-02,1.334498450160026550e-02,1.267727538943290780e-02,2.650458918651565909e-05,2.650458918651565909e-05
1.663541197776794434e+00,1.752279996871948242e+00,1.663567662239074707e+00,1.752306461334228516e+00,7.996965050697326660e-01,8.427702486515045166e-01,8.068359494209289551e-01,8.501332938671112283e-01,9.504151530563831329e-03,1.088828956708312069e-02,2.995195053517818451e-02,3.434200212359428406e-02,1.755257323384284973e-02,1.414616052061319282e-02,2.650458554853685200e-05,2.650458554853685200e-05
1.701782345771789551e+00,1.736253333091735795e+00,1.701808810234069824e+00,1.736279797554016069e+00,8.166321516036987305e-01,8.337699115276336892e-01,8.324862122535705566e-01,8.445676982402801070e-01,9.710591286420822144e-03,1.134520256891846657e-02,3.288049250841140747e-02,3.842344842851162096e-02,1.007282268255949020e-02,8.147083036601544120e-03,2.650648093549534678e-05,2.650648093549534678e-05
1.669757246971130371e+00,1.746416628360748291e+00,1.669783711433410645e+00,1.746443092823028564e+00,8.077676892280578613e-01,8.421523869037628174e-01,8.097353577613830566e-01,8.491519093513488770e-01,1.241888478398323059e-02,1.244406728073954582e-02,2.843743748962879181e-02,3.438772708177566251e-02,1.139782834798097610e-02,8.280541375279426228e-03,2.650681381055619568e-05,2.650681381055619568e-05
1.793681621551513672e+00,1.834231901168823287e+00,1.793708086013793945e+00,1.834258365631103560e+00,8.520805239677429199e-01,8.711337625980377641e-01,8.595527410507202148e-01,8.884483993053435835e-01,1.822071522474288940e-02,1.292228093370795250e-02,3.933439403772354126e-02,3.257653564214706143e-02,2.449331060051918030e-02,2.915089093148708413e-02,2.650628448463976383e-05,2.650628448463976383e-05
1.810006499290466309e+00,1.766945827007293746e+00,1.810032963752746582e+00,1.766972291469574019e+00,8.613139390945434570e-01,8.437477052211761475e-01,8.837696909904479980e-01,8.548132598400115523e-01,1.418812107294797897e-02,1.156431967392563750e-02,3.011679835617542267e-02,3.659886643290519853e-02,2.061790414154529572e-02,2.022164482623338769e-02,2.650611168064642698e-05,2.650611168064642698e-05
1.704395174980163574e+00,1.737135708332061768e+00,1.704421639442443848e+00,1.737162172794342041e+00,8.126381039619445801e-01,8.339243054389953169e-01,8.339837789535522461e-01,8.456263899803161399e-01,1.315777748823165894e-02,1.071956492960452964e-02,3.221144899725914001e-02,3.548659235239028792e-02,1.240410748869180679e-02,1.137887751683592727e-02,2.650594797160010785e-05,2.650594797160010785e-05
1.660120844841003418e+00,1.737568259239196777e+00,1.660147309303283691e+00,1.737594723701477051e+00,8.023089766502380371e-01,8.361182689666748491e-01,8.099111318588256836e-01,8.431291282176971436e-01,9.311330504715442657e-03,1.051327986642718385e-02,2.669460698962211609e-02,3.695150129497051100e-02,1.189482770860195160e-02,1.085605761036276783e-02,2.650356873346026987e-05,2.650356873346026987e-05
1.670944333076477051e+00,1.729740595817566007e+00,1.670970797538757324e+00,1.729767060279846280e+00,8.026049137115478516e-01,8.343408524990081343e-01,8.088498115539550781e-01,8.394494116306304710e-01,1.316501200199127197e-02,1.123828897252678906e-02,3.732325881719589233e-02,3.610137328505515913e-02,9.001402184367179871e-03,8.610651735216379513e-03,2.650056558195501566e-05,2.650056558195501566e-05
1.707800149917602539e+00,1.736568152904510498e+00,1.707826614379882812e+00,1.736594617366790771e+00,8.262323141098022461e-01,8.365796983242035356e-01,8.311271071434020996e-01,8.435568988323212114e-01,5.961556453257799149e-03,1.045896401628851856e-02,3.467871621251106262e-02,3.503073416650295119e-02,9.800604544579982758e-03,1.094183744862675667e-02,2.649954330991022289e-05,2.649954330991022289e-05
1.667250990867614746e+00,1.728439795970916792e+00,1.667277455329895020e+00,1.728466260433197066e+00,8.053325414657592773e-01,8.345316648483276367e-01,8.097713589668273926e-01,8.397255420684814897e-01,9.900825098156929016e-03,1.038830773904919624e-02,3.233332559466362000e-02,3.385050669312476834e-02,9.912833571434020996e-03,9.943824261426925659e-03,2.649972884682938457e-05,2.649972884682938457e-05
1.659700155258178711e+00,1.724060666561126665e+00,1.659726619720458984e+00,1.724087131023406938e+00,8.018009066581726074e-01,8.312331497669219749e-01,8.102017045021057129e-01,8.365756034851073997e-01,8.320691064000129700e-03,1.056498019024729694e-02,2.779571712017059326e-02,3.480259180068969588e-02,1.158119086176156998e-02,1.088430751115083625e-02,2.649970701895654202e-05,2.649970701895654202e-05
1.684233188629150391e+00,1.720633566379547119e+00,1.684259653091430664e+00,1.720660030841827393e+00,8.094273209571838379e-01,8.290510594844817671e-01,8.158345222473144531e-01,8.362793862819671853e-01,8.582810871303081512e-03,1.015507141128182446e-02,4.254817590117454529e-02,3.680283948779106140e-02,7.840343751013278961e-03,8.345284406095743526e-03,2.649866473802831024e-05,2.649866473802831024e-05
1.769526958465576172e+00,1.752908134460449130e+00,1.769553422927856445e+00,1.752934598922729403e+00,8.542684912681579590e-01,8.428273260593414085e-01,8.592343926429748535e-01,8.514151096343993697e-01,7.780760526657104492e-03,1.026186086237430503e-02,3.576094657182693481e-02,3.636193722486495694e-02,1.248227152973413467e-02,1.204192573204636643e-02,2.649770613061264157e-05,2.649770613061264157e-05
1.681972146034240723e+00,1.721212852001190230e+00,1.681998610496520996e+00,1.721239316463470503e+00,8.150175213813781738e-01,8.293533086776733176e-01,8.180235028266906738e-01,8.366200149059295210e-01,6.671908311545848846e-03,1.013906300067901611e-02,3.415386751294136047e-02,3.678527846932411194e-02,8.105369284749031067e-03,8.315189555287361839e-03,2.649746238603256643e-05,2.649746238603256643e-05
1.860330104827880859e+00,1.815624082088470370e+00,1.860356569290161133e+00,1.815650546550750644e+00,8.363935351371765137e-01,8.562118172645568626e-01,8.895373344421386719e-01,8.628639578819274902e-01,1.369916647672653198e-02,1.033253632485866581e-02,2.910595014691352844e-02,3.375125490128993988e-02,9.159411489963531494e-02,5.246454812586307664e-02,2.649685848155058920e-05,2.649685848155058920e-05
1.644716024398803711e+00,1.773608005046844571e+00,1.644742488861083984e+00,1.773634469509124845e+00,7.915453314781188965e-01,8.408140063285827193e-01,7.948750257492065430e-01,8.485567331314086692e-01,7.755530998110771179e-03,1.054426506161689793e-02,2.642057836055755615e-02,3.985839709639549255e-02,2.411956898868083954e-02,3.383456543087959290e-02,2.649710950208827853e-05,2.649710950208827853e-05
1.756238341331481934e+00,1.744902241230011031e+00,1.756264805793762207e+00,1.744928705692291304e+00,8.481351137161254883e-01,8.381419777870178223e-01,8.461284041404724121e-01,8.416734695434570090e-01,6.890945136547088623e-03,1.149607431143522332e-02,4.114506766200065613e-02,3.695268183946609497e-02,1.393891312181949615e-02,1.663802955299615791e-02,2.649722955538891256e-05,2.649722955538891256e-05
1.880581498146057129e+00,1.812328469753265336e+00,1.880607962608337402e+00,1.812354934215545610e+00,8.919625878334045410e-01,8.479073107242584006e-01,9.036829471588134766e-01,8.645526528358459251e-01,9.155298583209514618e-03,1.025790581479668617e-02,3.568075224757194519e-02,3.722011409699917117e-02,4.009993746876716614e-02,5.239048786461353302e-02,2.649751877470407635e-05,2.649751877470407635e-05
1.716334342956542969e+00,1.738098561763763428e+00,1.716360807418823242e+00,1.738125026226043701e+00,8.228746056556701660e-01,8.368999063968658447e-01,8.246269226074218750e-01,8.447964787483215332e-01,1.010865811258554459e-02,1.010901080444455077e-02,4.735286533832550049e-02,3.636622503399848660e-02,1.137124188244342804e-02,9.926942735910415302e-03,2.650054375408217311e-05,2.650054375408217311e-05
1.677901268005371094e+00,1.793297851085662753e+00,1.677927732467651367e+00,1.793324315547943026e+00,8.010836839675903320e-01,8.527071416378021462e-01,8.061809539794921875e-01,8.618056833744048850e-01,1.200744509696960449e-02,1.013410948216915061e-02,3.663475066423416138e-02,3.738509453833103319e-02,2.199440822005271912e-02,3.126583378762006621e-02,2.650059468578547239e-05,2.650059468578547239e-05
1.676927328109741211e+00,1.730381584167480558e+00,1.676953792572021484e+00,1.730408048629760831e+00,8.157913088798522949e-01,8.313688397407531516e-01,8.249236941337585449e-01,8.430091023445129839e-01,4.921696614474058151e-03,1.035311296582222020e-02,2.289262041449546814e-02,3.889895565807819505e-02,8.398111909627914429e-03,6.751583376899361784e-03,2.650017268024384975e-05,2.650017268024384975e-05
1.814083337783813477e+00,1.748038506507873624e+00,1.814109802246093750e+00,1.748064970970153897e+00,8.781684637069702148e-01,8.418298065662384033e-01,8.854631185531616211e-01,8.486702322959900346e-01,1.206721737980842590e-02,1.003737961873412202e-02,3.101912699639797211e-02,3.578900396823882918e-02,7.365439552813768387e-03,1.171209914609789779e-02,2.649845555424690247e-05,2.649845555424690247e-05
1.751758337020874023e+00,1.738835501670837447e+00,1.751784801483154297e+00,1.738861966133117720e+00,8.440443277359008789e-01,8.369216740131377730e-01,8.444425463676452637e-01,8.435935318470001443e-01,9.332326240837574005e-03,1.039738515391945908e-02,4.499343037605285645e-02,3.648581951856613020e-02,8.945810608565807343e-03,1.143709830939769814e-02,2.649665839271619916e-05,2.649665839271619916e-05
1.575080394744873047e+00,1.731000232696533248e+00,1.575106859207153320e+00,1.731026697158813521e+00,7.642026543617248535e-01,8.351470947265624556e-01,7.638164758682250977e-01,8.407402575016021951e-01,7.578287739306688309e-03,1.001341762021184037e-02,2.837499044835567474e-02,3.554861061275005341e-02,1.110795699059963226e-02,9.550863318145275463e-03,2.649700763868167996e-05,2.649700763868167996e-05
1.700316071510314941e+00,1.766101372241973833e+00,1.700342535972595215e+00,1.766127836704254106e+00,8.144084811210632324e-01,8.470107197761536089e-01,8.260505795478820801e-01,8.534777641296387163e-01,9.764093905687332153e-03,9.692213684320449135e-03,4.062812775373458862e-02,3.523500971496105333e-02,9.464906528592109680e-03,2.068564817309379716e-02,2.649673842824995518e-05,2.649673842824995518e-05
1.766977190971374512e+00,1.743954074382781938e+00,1.767003655433654785e+00,1.743980538845062211e+00,8.532875776290893555e-01,8.374595105648040549e-01,8.594461083412170410e-01,8.460480630397796409e-01,7.203443907201290131e-03,9.686181880533694874e-03,3.304019570350646973e-02,3.692764155566692630e-02,1.399981975555419922e-02,1.383268488571047852e-02,2.649863563419785351e-05,2.649863563419785351e-05
1.764076113700866699e+00,1.775433754920959561e+00,1.764102578163146973e+00,1.775460219383239835e+00,8.419131040573120117e-01,8.457965731620789018e-01,8.507884740829467773e-01,8.546067953109741655e-01,9.332299232482910156e-03,9.734223876148462989e-03,3.811791911721229553e-02,3.901911266148090640e-02,2.392433211207389832e-02,2.627704404294490745e-02,2.649995076353661716e-05,2.649995076353661716e-05
1.823002934455871582e+00,1.792986679077148482e+00,1.823029398918151855e+00,1.793013143539428755e+00,8.603619337081909180e-01,8.518466711044311301e-01,8.765168786048889160e-01,8.599733293056488481e-01,1.281531061977148056e-02,9.952832292765379646e-03,4.315428808331489563e-02,3.580136150121689120e-02,3.015442006289958954e-02,3.541247025132179121e-02,2.650102396728470922e-05,2.650102396728470922e-05
1.755977630615234375e+00,1.736994671821594283e+00,1.756004095077514648e+00,1.737021136283874556e+00,8.417718410491943359e-01,8.298479795455933061e-01,8.540137410163879395e-01,8.392682135105132835e-01,9.139543399214744568e-03,9.977809712290763508e-03,3.829576820135116577e-02,4.247722439467906813e-02,1.275686547160148621e-02,1.542348340153694083e-02,2.650523310876451433e-05,2.650523310876451433e-05
1.784481287002563477e+00,1.798290109634399503e+00,1.784507751464843750e+00,1.798316574096679776e+00,8.356394171714782715e-01,8.531199038028717263e-01,8.552119731903076172e-01,8.647873997688293457e-01,1.359341852366924286e-02,1.068994570523500512e-02,3.929792344570159912e-02,3.751083686947822432e-02,4.073844105005264282e-02,3.218205999583005628e-02,2.650662645464763045e-05,2.650662645464763045e-05
1.836957931518554688e+00,1.780352210998535245e+00,1.836984395980834961e+00,1.780378675460815519e+00,8.839691877365112305e-01,8.512983024120330811e-01,8.909745216369628906e-01,8.588258802890778032e-01,9.577773511409759521e-03,1.159291788935661385e-02,3.822617977857589722e-02,3.770450912415981154e-02,1.421038527041673660e-02,2.093061078339815070e-02,2.650545866345055401e-05,2.650545866345055401e-05
1.724849224090576172e+00,1.720296680927276611e+00,1.724875688552856445e+00,1.720323145389556885e+00,8.333473205566406250e-01,8.288575530052184615e-01,8.384463787078857422e-01,8.346426427364349587e-01,9.275172837078571320e-03,9.757651761174202659e-03,3.404647856950759888e-02,3.892768360674381256e-02,9.733779355883598328e-03,8.111152239143848766e-03,2.650541136972606182e-05,2.650541136972606182e-05
1.751140236854553223e+00,1.753063070774078414e+00,1.751166701316833496e+00,1.753089535236358687e+00,8.392358422279357910e-01,8.405157327651977539e-01,8.439653515815734863e-01,8.489092886447906494e-01,9.951137937605381012e-03,9.780812822282314994e-03,4.406585916876792908e-02,4.102462939918041090e-02,1.392211765050888062e-02,1.283263750374317134e-02,2.650634269230067730e-05,2.650634269230067730e-05
1.747552394866943359e+00,1.741260349750518799e+00,1.747578859329223633e+00,1.741286814212799072e+00,8.456007838249206543e-01,8.391010701656341775e-01,8.453028798103332520e-01,8.456188261508941206e-01,1.267987210303544998e-02,1.091321203857660224e-02,3.709310293197631836e-02,3.740427792072296281e-02,6.875779479742050171e-03,8.222988247871399273e-03,2.650584065122529864e-05,2.650584065122529864e-05
1.651765227317810059e+00,1.755215859413147061e+00,1.651791691780090332e+00,1.755242323875427335e+00,8.019679784774780273e-01,8.403735458850860596e-01,7.989619374275207520e-01,8.590841889381408691e-01,8.130948059260845184e-03,1.063132295385003055e-02,3.248740732669830322e-02,3.580103628337383270e-02,1.021689735352993011e-02,9.325779136270284306e-03,2.650370333867613226e-05,2.650370333867613226e-05
1.586099982261657715e+00,1.751158511638641446e+00,1.586126446723937988e+00,1.751184976100921720e+00,7.672602534294128418e-01,8.334881067276000977e-01,7.727118134498596191e-01,8.562661588191986528e-01,6.787863094359636307e-03,1.075670244172215531e-02,2.228315174579620361e-02,3.559331707656383792e-02,1.705681905150413513e-02,1.505420627072453534e-02,2.650281203386839479e-05,2.650281203386839479e-05
1.770863294601440430e+00,1.731867182254791304e+00,1.770889759063720703e+00,1.731893646717071578e+00,8.527902364730834961e-01,8.319747269153594527e-01,8.551898002624511719e-01,8.434822320938110130e-01,9.244778193533420563e-03,9.816726762801408421e-03,4.529429972171783447e-02,3.564816489815712114e-02,8.344192057847976685e-03,1.094536120072007145e-02,2.650398528203368187e-05,2.650398528203368187e-05
1.646355867385864258e+00,1.730936360359191850e+00,1.646382331848144531e+00,1.730962824821472124e+00,7.863520979881286621e-01,8.261644899845123069e-01,7.959294915199279785e-01,8.422244071960449663e-01,1.230881176888942719e-02,1.032933881506323780e-02,4.070220142602920532e-02,4.086803719401359281e-02,1.106317806988954544e-02,1.135009787976741860e-02,2.650313763297162950e-05,2.650313763297162950e-05
1.831166744232177734e+00,1.803253424167633012e+00,1.831193208694458008e+00,1.803279888629913286e+00,8.692268729209899902e-01,8.590577006340026633e-01,8.803637027740478516e-01,8.708541572093964067e-01,9.254355914890766144e-03,1.016942514106631244e-02,4.577157646417617798e-02,3.850573450326919694e-02,2.655022032558917999e-02,2.466640379279851775e-02,2.650553142302669585e-05,2.650553142302669585e-05
1.793539881706237793e+00,1.805003499984741300e+00,1.793566346168518066e+00,1.805029964447021573e+00,8.518382310867309570e-01,8.486177802085876909e-01,8.467093706130981445e-01,8.593399167060852273e-01,7.078024093061685562e-03,9.747186303138732563e-03,4.580567777156829834e-02,4.192927777767181674e-02,4.210859164595603943e-02,4.536934308707714358e-02,2.650671740411780775e-05,2.650671740411780775e-05
1.695258975028991699e+00,1.727652525901794522e+00,1.695285439491271973e+00,1.727678990364074796e+00,8.146891593933105469e-01,8.326245903968810813e-01,8.210073113441467285e-01,8.392945528030395508e-01,1.035548187792301178e-02,1.050174441188573768e-02,3.819255530834197998e-02,3.648200146853923520e-02,1.101456861943006516e-02,8.749644178897142757e-03,2.650673923199065030e-05,2.650673923199065030e-05
1.682378530502319336e+00,1.727250397205352783e+00,1.682404994964599609e+00,1.727276861667633057e+00,8.127970099449157715e-01,8.311966061592102051e-01,8.110691905021667480e-01,8.377571761608123557e-01,1.099364366382360458e-02,9.639189951121807445e-03,4.001877829432487488e-02,3.934146612882614275e-02,7.499921601265668869e-03,9.315948095172643315e-03,2.650476380949839950e-05,2.650476380949839950e-05
1.778368711471557617e+00,1.879777693748474032e+00,1.778395175933837891e+00,1.879804158210754306e+00,8.168213963508605957e-01,8.721983134746551514e-01,8.488970994949340820e-01,8.852550029754638894e-01,1.049196254462003708e-02,1.059753242880106042e-02,3.398488089442253113e-02,4.196252413094044009e-02,6.817330420017242432e-02,6.976430937647819241e-02,2.650400347192771733e-05,2.650400347192771733e-05
1.806827902793884277e+00,1.794311940670013428e+00,1.806854367256164551e+00,1.794338405132293701e+00,8.640838265419006348e-01,8.509602904319762962e-01,8.634972572326660156e-01,8.603640913963317427e-01,8.676631376147270203e-03,9.591113124042750099e-03,4.396079108119010925e-02,4.367840066552162309e-02,2.660938538610935211e-02,2.971804533153772285e-02,2.650548049132339656e-05,2.650548049132339656e-05
1.891415238380432129e+00,1.790917193889618009e+00,1.891441702842712402e+00,1.790943658351898282e+00,8.919536471366882324e-01,8.415296077728271484e-01,8.996797800064086914e-01,8.590071320533751997e-01,1.165705919265747070e-02,1.038643931970000336e-02,5.560761317610740662e-02,4.284623414278030534e-02,3.251735493540763855e-02,3.714779801666736464e-02,2.650737587828189135e-05,2.650737587828189135e-05
1.743732810020446777e+00,1.731981408596038774e+00,1.743759274482727051e+00,1.732007873058319047e+00,8.435743451118469238e-01,8.277327835559844527e-01,8.532977104187011719e-01,8.470992326736450639e-01,6.530547048896551132e-03,9.700154606252908013e-03,3.118017874658107758e-02,3.964206911623478075e-02,9.150090627372264862e-03,7.807201612740755428e-03,2.650827809702605009e-05,2.650827809702605009e-05
1.710689187049865723e+00,1.740264391899108976e+00,1.710715651512145996e+00,1.740290856361389249e+00,8.247501850128173828e-01,8.304470121860504372e-01,8.330307006835937500e-01,8.506099343299865501e-01,1.074951607733964920e-02,1.081629088148474728e-02,3.194210678339004517e-02,3.950967788696289201e-02,1.021673623472452164e-02,8.881496265530586243e-03,2.650783062563277781e-05,2.650783062563277781e-05
1.814358115196228027e+00,1.737431335449218794e+00,1.814384579658508301e+00,1.737457799911499068e+00,8.712959289550781250e-01,8.280176699161529985e-01,8.750923871994018555e-01,8.438581526279449463e-01,1.253588870167732239e-02,9.990635700523853649e-03,4.379437491297721863e-02,4.044351652264595309e-02,1.163945905864238739e-02,1.512136617675423692e-02,2.650531860126648098e-05,2.650531860126648098e-05
1.670394301414489746e+00,1.770450294017791748e+00,1.670420765876770020e+00,1.770476758480072021e+00,7.929874658584594727e-01,8.407153904438018355e-01,8.011213541030883789e-01,8.505159437656402144e-01,6.712796632200479507e-03,1.029859213158488239e-02,3.777071461081504822e-02,4.005316309630870680e-02,3.180195391178131104e-02,2.886718250811099937e-02,2.650456917763222009e-05,2.650456917763222009e-05
1.745953083038330078e+00,1.732590723037719771e+00,1.745979547500610352e+00,1.732617187500000044e+00,8.389779925346374512e-01,8.338571846485137717e-01,8.429357409477233887e-01,8.404700219631194846e-01,1.336679514497518539e-02,1.191988661885261605e-02,3.820358589291572571e-02,3.525197058916092197e-02,1.246888004243373871e-02,1.109167365357279812e-02,2.650303031259682029e-05,2.650303031259682029e-05
1.714647173881530762e+00,1.729603052139282227e+00,1.714673638343811035e+00,1.729629516601562500e+00,8.157088160514831543e-01,8.296823143959045632e-01,8.179471492767333984e-01,8.362625002861022727e-01,1.083907950669527054e-02,1.028586775064468418e-02,5.362105742096900940e-02,4.198828451335430423e-02,1.653099991381168365e-02,1.138405967503786087e-02,2.650226088007912040e-05,2.650226088007912040e-05
1.763516306877136230e+00,1.743649601936340332e+00,1.763542771339416504e+00,1.743676066398620605e+00,8.155031204223632812e-01,8.279064714908599409e-01,8.422260284423828125e-01,8.380688250064849409e-01,2.030622027814388275e-02,1.020737271755933762e-02,4.739795625209808350e-02,3.979348577558994293e-02,3.808296844363212585e-02,2.767340671271085670e-02,2.650242458912543952e-05,2.650242458912543952e-05
1.776810884475708008e+00,1.737924480438232333e+00,1.776837348937988281e+00,1.737950944900512606e+00,8.528645038604736328e-01,8.264435529708862305e-01,8.573501706123352051e-01,8.451543629169464555e-01,1.221101265400648117e-02,9.823970869183540691e-03,4.142530634999275208e-02,4.252415150403976440e-02,1.296000741422176361e-02,1.397844422608613899e-02,2.650456917763222009e-05,2.650456917763222009e-05
1.731868624687194824e+00,1.740474486351013095e+00,1.731895089149475098e+00,1.740500950813293368e+00,8.285465836524963379e-01,8.281685173511504905e-01,8.286612629890441895e-01,8.419766783714294212e-01,1.090385485440492630e-02,9.828968252986670234e-03,4.610219970345497131e-02,4.042661003768444061e-02,1.765473373234272003e-02,2.007369231432676315e-02,2.650521309988107532e-05,2.650521309988107532e-05
1.713398218154907227e+00,1.730283629894256547e+00,1.713424682617187500e+00,1.730310094356536821e+00,8.316012620925903320e-01,8.276296496391296609e-01,8.360403180122375488e-01,8.442729294300079790e-01,8.362013846635818481e-03,9.203540347516536019e-03,2.945514582097530365e-02,4.015082418918609897e-02,7.939378730952739716e-03,9.026660583913326263e-03,2.650502210599370301e-05,2.650502210599370301e-05
1.719534635543823242e+00,1.715972375869750932e+00,1.719561100006103516e+00,1.715998840332031206e+00,8.259684443473815918e-01,8.251843333244324175e-01,8.257241845130920410e-01,8.349496603012085405e-01,1.142988167703151703e-02,1.148735098540782859e-02,5.071236193180084229e-02,3.737626411020755768e-02,5.699759814888238907e-03,6.974820559844374483e-03,2.650459646247327328e-05,2.650459646247327328e-05
1.772755026817321777e+00,1.730338478088378817e+00,1.772781491279602051e+00,1.730364942550659091e+00,8.570787310600280762e-01,8.298346221446990523e-01,8.522930741310119629e-01,8.396979331970214622e-01,8.343433029949665070e-03,9.302799310535191796e-03,4.587938636541366577e-02,3.886396437883377075e-02,9.160446003079414368e-03,1.263919547200203011e-02,2.650443275342695415e-05,2.650443275342695415e-05
1.888136267662048340e+00,1.836846709251403809e+00,1.888162732124328613e+00,1.836873173713684082e+00,8.832688927650451660e-01,8.577277243137360063e-01,8.940145373344421387e-01,8.722676336765289307e-01,1.148850284516811371e-02,1.057974295690655708e-02,3.330807760357856750e-02,4.021441303193569461e-02,6.605628877878189087e-02,5.605716109275817732e-02,2.650620808708481491e-05,2.650620808708481491e-05
1.690365433692932129e+00,1.788343417644500777e+00,1.690391898155212402e+00,1.788369882106781050e+00,7.913123369216918945e-01,8.416566371917724165e-01,8.031355142593383789e-01,8.589815616607665572e-01,1.350720133632421494e-02,1.022964874282479217e-02,4.472533240914344788e-02,4.522830210626125474e-02,3.768500313162803650e-02,3.224726598709821979e-02,2.651468457770533860e-05,2.651468457770533860e-05
1.802340388298034668e+00,1.807128334045410067e+00,1.802366852760314941e+00,1.807154798507690341e+00,8.604857325553894043e-01,8.415879964828490989e-01,8.637909889221191406e-01,8.859512686729431596e-01,1.247253641486167908e-02,1.404917035251855920e-02,5.581042170524597168e-02,5.146251320838927945e-02,9.780699387192726135e-03,1.407738961279392242e-02,2.652294824656564742e-05,2.652294824656564742e-05
1.764340877532958984e+00,1.762351918220520064e+00,1.764367341995239258e+00,1.762378382682800337e+00,8.367699980735778809e-01,8.313662588596344438e-01,8.403784036636352539e-01,8.581931054592132346e-01,9.981962852180004120e-03,1.224409649148583412e-02,6.526287645101547241e-02,4.732345491647720059e-02,1.194764114916324615e-02,1.322501786053180764e-02,2.652397051861044019e-05,2.652397051861044019e-05
1.778357863426208496e+00,1.777510011196136386e+00,1.778384447097778320e+00,1.777536594867706210e+00,8.466062545776367188e-01,8.300416290760039839e-01,8.602927923202514648e-01,8.716200590133666992e-01,1.306270714849233627e-02,1.210021097213029827e-02,4.938997328281402588e-02,5.444981940090656142e-02,9.006155654788017273e-03,9.298262279480695378e-03,2.652701732586137950e-05,2.652701732586137950e-05
1.742123007774353027e+00,1.757790780067443936e+00,1.742149591445922852e+00,1.757817363739013761e+00,8.379701375961303711e-01,8.313906908035277876e-01,8.424650430679321289e-01,8.609422028064728227e-01,9.913427755236625671e-03,1.025604791939258541e-02,4.200149700045585632e-02,4.400118626654148102e-02,9.772904217243194580e-03,1.120062107220292161e-02,2.652647890499792993e-05,2.652647890499792993e-05
1.626479506492614746e+00,1.733089542388916104e+00,1.626506090164184570e+00,1.733116126060485929e+00,7.847098708152770996e-01,8.312107682228088157e-01,8.025588989257812500e-01,8.398411631584167258e-01,5.096797831356525421e-03,1.050614062696695293e-02,2.425522170960903168e-02,4.179138727486133437e-02,9.858585894107818604e-03,9.740060567855835308e-03,2.652460534591227770e-05,2.652460534591227770e-05
1.726309895515441895e+00,1.730530905723571822e+00,1.726336359977722168e+00,1.730557370185852095e+00,8.319532871246337891e-01,8.270470023155211958e-01,8.362220525741577148e-01,8.408919990062713179e-01,7.557222619652748108e-03,8.913697768002748142e-03,4.284569248557090759e-02,4.138141646981239458e-02,7.731514051556587219e-03,1.229680012911558117e-02,2.652111106726806611e-05,2.652111106726806611e-05
1.736338853836059570e+00,1.722205686569213912e+00,1.736365318298339844e+00,1.722232151031494185e+00,8.207324147224426270e-01,8.255361735820769820e-01,8.457026481628417969e-01,8.346189856529235840e-01,9.758406318724155426e-03,1.052864156663417886e-02,4.528792575001716614e-02,3.877682313323020658e-02,1.485755201429128647e-02,1.274508368223905598e-02,2.651570503076072782e-05,2.651570503076072782e-05
1.776190400123596191e+00,1.747127652168273926e+00,1.776216864585876465e+00,1.747154116630554199e+00,8.600190281867980957e-01,8.333366274833678977e-01,8.540093898773193359e-01,8.419379234313965066e-01,5.897368770092725754e-03,9.754330478608607899e-03,4.063845798373222351e-02,4.347492977976798872e-02,1.562618464231491089e-02,1.862382311373949120e-02,2.651243994478136301e-05,2.651243994478136301e-05
1.780090689659118652e+00,1.784670078754424960e+00,1.780117154121398926e+00,1.784696543216705233e+00,8.439401984214782715e-01,8.346226513385772705e-01,8.459044694900512695e-01,8.555398046970367210e-01,8.499611169099807739e-03,1.278638159856200149e-02,5.097708106040954590e-02,5.030649118125438829e-02,3.076940216124057770e-02,3.141473140567541122e-02,2.651351314852945507e-05,2.651351314852945507e-05
1.787613749504089355e+00,1.765303540229797408e+00,1.787640213966369629e+00,1.765330004692077681e+00,8.530457615852355957e-01,8.338229119777679221e-01,8.518521189689636230e-01,8.597922086715698020e-01,1.056906953454017639e-02,1.199931371957063675e-02,5.375530198216438293e-02,4.450173415243625918e-02,1.839153654873371124e-02,1.518732346594333683e-02,2.651943577802740037e-05,2.651943577802740037e-05
1.679897665977478027e+00,1.738542258739471436e+00,1.679924130439758301e+00,1.738568723201751709e+00,8.112818598747253418e-01,8.267652869224548784e-01,8.076073527336120605e-01,8.521970033645629439e-01,6.504195742309093475e-03,9.321939013898373344e-03,4.408168420195579529e-02,4.280237033963203708e-02,1.042259577661752701e-02,7.455672416836023157e-03,2.651858812896534801e-05,2.651858812896534801e-05
1.650702953338623047e+00,1.730317103862762496e+00,1.650729417800903320e+00,1.730343568325042769e+00,7.879306674003601074e-01,8.295659005641937700e-01,7.919297814369201660e-01,8.376635968685149924e-01,1.061545591801404953e-02,1.006527440622448887e-02,4.918472841382026672e-02,4.304804988205433031e-02,1.104238349944353104e-02,9.974284376949072578e-03,2.651301474543288350e-05,2.651301474543288350e-05
1.694018602371215820e+00,1.730288887023925692e+00,1.694045066833496094e+00,1.730315351486205966e+00,8.063346147537231445e-01,8.257154226303100586e-01,8.249340057373046875e-01,8.377466917037963423e-01,8.982736617326736450e-03,9.350665472447871815e-03,4.266733303666114807e-02,4.740663170814514438e-02,1.109982002526521683e-02,1.006951695308089256e-02,2.651281829457730055e-05,2.651281829457730055e-05
1.635071396827697754e+00,1.718052303791046231e+00,1.635097861289978027e+00,1.718078768253326505e+00,7.925092577934265137e-01,8.231857836246490034e-01,7.947035431861877441e-01,8.329249322414398193e-01,5.503389518707990646e-03,9.701272007077932358e-03,3.327276557683944702e-02,4.209791868925094604e-02,9.082390926778316498e-03,1.014237981289625203e-02,2.651262730068992823e-05,2.651262730068992823e-05
1.752687931060791016e+00,1.717591547966003329e+00,1.752714395523071289e+00,1.717618012428283603e+00,8.453459143638610840e-01,8.244265198707581010e-01,8.478173613548278809e-01,8.338211536407470481e-01,1.133713219314813614e-02,9.296062961220740925e-03,4.001951590180397034e-02,4.125971607863902768e-02,8.168036118149757385e-03,8.788120280951262214e-03,2.651316754054278135e-05,2.651316754054278135e-05
1.687621355056762695e+00,1.721909654140472368e+00,1.687647819519042969e+00,1.721936118602752641e+00,8.011565804481506348e-01,8.232981681823730025e-01,8.081959486007690430e-01,8.319515585899353027e-01,1.473396737128496170e-02,1.134039536118507455e-02,5.547629296779632568e-02,4.655805453658103804e-02,8.058596402406692505e-03,8.761505875736475685e-03,2.651457180036231875e-05,2.651457180036231875e-05
1.788269519805908203e+00,1.825877058506012007e+00,1.788295984268188477e+00,1.825903522968292281e+00,8.483226895332336426e-01,8.632938623428344505e-01,8.540060520172119141e-01,8.670609116554259810e-01,1.124015823006629944e-02,9.468163084238766930e-03,4.663614183664321899e-02,4.171405397355556349e-02,2.806456573307514191e-02,4.434007033705711365e-02,2.651370959938503802e-05,2.651370959938503802e-05
1.744976282119750977e+00,1.721076369285583496e+00,1.745002746582031250e+00,1.721102833747863770e+00,8.356578946113586426e-01,8.224139094352722612e-01,8.412619829177856445e-01,8.332366645336151123e-01,1.003683265298604965e-02,9.564150683581828724e-03,4.742873832583427429e-02,4.456070885062217435e-02,1.059075910598039627e-02,1.130090672522783210e-02,2.651205431902781129e-05,2.651205431902781129e-05
1.777643084526062012e+00,1.850839793682098389e+00,1.777669548988342285e+00,1.850866258144378662e+00,8.319149613380432129e-01,8.602169930934906450e-01,8.330821394920349121e-01,8.666782915592193826e-01,7.478936109691858292e-03,1.003350382670760085e-02,5.076285824179649353e-02,4.257501699030399184e-02,5.440409108996391296e-02,7.133594527840614319e-02,2.651233808137476444e-05,2.651233808137476444e-05
1.720472693443298340e+00,1.913672840595245450e+00,1.720499157905578613e+00,1.913699305057525724e+00,7.989537715911865234e-01,8.810448408126830833e-01,8.011384606361389160e-01,9.072258353233337846e-01,8.264768868684768677e-03,1.273470995947718551e-02,2.844871766865253448e-02,5.258326381444931169e-02,8.366698771715164185e-02,6.008416526019573489e-02,2.652104922162834555e-05,2.652104922162834555e-05
1.749547362327575684e+00,1.824805021286010742e+00,1.749573945999145508e+00,1.824831604957580566e+00,8.246096372604370117e-01,8.499503135681152344e-01,8.364093303680419922e-01,8.792226731777190718e-01,1.129539590328931808e-02,1.455790698528289760e-02,3.905760496854782104e-02,5.423616021871566911e-02,3.817529603838920593e-02,2.683797329664230208e-02,2.652627154020592570e-05,2.652627154020592570e-05
1.786903381347656250e+00,1.805891728401184171e+00,1.786929965019226074e+00,1.805918312072753995e+00,8.437039852142333984e-01,8.414755523204803245e-01,8.454434871673583984e-01,8.774378597736358643e-01,1.374966744333505630e-02,9.800180606544018486e-03,5.069565400481224060e-02,5.080358795821666995e-02,3.331052139401435852e-02,2.637459654361009459e-02,2.652893090271390975e-05,2.652893090271390975e-05
1.721169114112854004e+00,1.762413728237152144e+00,1.721195697784423828e+00,1.762440311908721968e+00,8.163093924522399902e-01,8.263865351676941140e-01,8.235285878181457520e-01,8.680755794048309326e-01,1.321664545685052872e-02,1.333463322371244465e-02,5.728197097778320312e-02,4.456361085176467618e-02,1.083260029554367065e-02,1.005339138209819863e-02,2.652854891493916512e-05,2.652854891493916512e-05
1.771616697311401367e+00,1.742472279071807906e+00,1.771643280982971191e+00,1.742498862743377730e+00,8.297042250633239746e-01,8.297655820846557839e-01,8.801738023757934570e-01,8.478967607021331565e-01,2.047556266188621521e-02,1.545795360580086777e-02,3.323644399642944336e-02,4.221207089722156525e-02,8.026830852031707764e-03,7.139926590025424784e-03,2.652569310157559812e-05,2.652569310157559812e-05
1.706802368164062500e+00,1.760858511924743741e+00,1.706828951835632324e+00,1.760885095596313565e+00,8.148053288459777832e-01,8.300672352313995805e-01,8.222532868385314941e-01,8.602820515632629839e-01,1.116778329014778137e-02,1.218162989243865013e-02,4.024624451994895935e-02,3.952558897435665131e-02,1.832971908152103424e-02,1.880200244486331801e-02,2.652493458299431950e-05,2.652493458299431950e-05
1.816848754882812500e+00,1.801146078109741255e+00,1.816875338554382324e+00,1.801172661781311080e+00,8.647775053977966309e-01,8.451539218425750954e-01,8.665318489074707031e-01,8.617380797863006814e-01,1.813341304659843445e-02,1.084500262513756787e-02,3.869222477078437805e-02,4.785122759640216689e-02,2.871371433138847351e-02,3.555785976350307742e-02,2.652455077623017132e-05,2.652455077623017132e-05
1.649290800094604492e+00,1.779870784282684415e+00,1.649317383766174316e+00,1.779897367954254239e+00,7.795273065567016602e-01,8.302070260047912376e-01,7.837009429931640625e-01,8.672229409217834251e-01,8.171170949935913086e-03,1.031244499608874321e-02,5.527364462614059448e-02,4.775181114673614224e-02,2.261774241924285889e-02,2.437660042196512084e-02,2.652703187777660787e-05,2.652703187777660787e-05
1.744340419769287109e+00,1.740749323368072421e+00,1.744366884231567383e+00,1.740775787830352694e+00,8.329080939292907715e-01,8.229906439781189409e-01,8.425525426864624023e-01,8.525649964809417503e-01,1.006827596575021744e-02,1.087342128157615592e-02,4.635176062583923340e-02,4.388638846576213559e-02,1.245973259210586548e-02,1.043387707322835853e-02,2.652353214216418564e-05,2.652353214216418564e-05
1.804423689842224121e+00,1.721118450164794922e+00,1.804450273513793945e+00,1.721145033836364746e+00,8.461065292358398438e-01,8.122055053710937056e-01,8.951551914215087891e-01,8.307197034358978494e-01,9.634640067815780640e-03,1.123172175139188801e-02,4.615769535303115845e-02,5.914049744606018205e-02,7.369695231318473816e-03,7.821021229028701435e-03,2.652446710271760821e-05,2.652446710271760821e-05
1.759746909141540527e+00,1.741472780704498291e+00,1.759773492813110352e+00,1.741499364376068115e+00,8.411964178085327148e-01,8.271822929382324219e-01,8.449609875679016113e-01,8.416780471801758035e-01,7.368254009634256363e-03,1.028394047170877457e-02,4.856980964541435242e-02,4.554874710738658627e-02,1.765149272978305817e-02,1.677974797785282066e-02,2.652592229424044490e-05,2.652592229424044490e-05
1.738202214241027832e+00,1.740882539749145419e+00,1.738228797912597656e+00,1.740909123420715243e+00,8.007020950317382812e-01,8.268642902374268022e-01,8.727430701255798340e-01,8.400727748870849831e-01,9.465943090617656708e-03,1.206747479736804997e-02,4.346932470798492432e-02,5.040547885000705441e-02,1.182180084288120270e-02,1.147251380607485806e-02,2.652704824868123978e-05,2.652704824868123978e-05
1.637239098548889160e+00,1.722882592678069980e+00,1.637265682220458984e+00,1.722909176349639804e+00,7.922104597091674805e-01,8.174191534519195113e-01,7.950807213783264160e-01,8.339475452899932639e-01,8.462398312985897064e-03,1.090932451188564301e-02,2.830241061747074127e-02,4.907093681395054141e-02,1.318300794810056686e-02,1.153562087565660442e-02,2.652796320035122335e-05,2.652796320035122335e-05
1.728927135467529297e+00,1.790589666366577237e+00,1.728953719139099121e+00,1.790616250038147061e+00,8.259116411209106445e-01,8.375004768371582253e-01,8.370012044906616211e-01,8.829843401908874512e-01,2.117225155234336853e-02,1.962824035435915132e-02,3.594456613063812256e-02,3.834239132702350894e-02,8.897377178072929382e-03,1.213422967121005093e-02,2.652564216987229884e-05,2.652564216987229884e-05
1.820967912673950195e+00,1.986692893505096480e+00,1.820994496345520020e+00,1.986719429492950439e+00,8.582896590232849121e-01,8.707094013690948042e-01,8.561332821846008301e-01,9.770377397537231001e-01,1.260137557983398438e-02,2.217403575778007646e-02,5.591336265206336975e-02,5.219554975628852567e-02,3.803022578358650208e-02,6.457617059350014010e-02,2.653344927239231765e-05,2.653344927239231765e-05
2.144308567047119141e+00,2.334913945198059171e+00,2.144335031509399414e+00,2.334940409660339444e+00,9.786317944526672363e-01,9.574020922183990034e-01,9.912878274917602539e-01,1.153629302978515625e+00,1.275594346225261688e-02,4.762021377682686130e-02,8.087096363306045532e-02,6.753692403435707092e-02,8.076188713312149048e-02,1.087254568934440668e-01,2.653718911460600793e-05,2.653718911460600793e-05
2.621361255645751953e+00,2.617000961303710849e+00,2.621387720108032227e+00,2.617027425765991122e+00,1.204449176788330078e+00,1.185882818698883012e+00,1.153346300125122070e+00,1.171654486656188876e+00,3.554603084921836853e-02,7.679991796612739563e-02,7.418233156204223633e-02,6.704799085855484009e-02,1.538374871015548706e-01,1.156157113611698123e-01,2.654597119544632733e-05,2.654597119544632733e-05
2.012916326522827148e+00,2.085356545448303400e+00,2.012942790985107422e+00,2.085383009910583674e+00,9.553220868110656738e-01,9.623831808567047119e-01,9.404351115226745605e-01,9.742762327194214311e-01,1.935265585780143738e-02,3.347193580120801787e-02,1.400054246187210083e-02,1.909124031662940910e-02,8.380586653947830200e-02,9.613398313522339422e-02,2.656208016560412943e-05,2.656208016560412943e-05
1.950861811637878418e+00,1.958655703067779585e+00,1.950888395309448242e+00,1.958682286739349410e+00,9.146810173988342285e-01,9.291856586933135986e-01,9.352132678031921387e-01,9.436802566051483154e-01,3.856632485985755920e-02,3.690298758447170535e-02,1.697383448481559753e-02,1.948131229728460381e-02,4.542728513479232788e-02,2.940551191568374634e-02,2.656400101841427386e-05,2.656400101841427386e-05
1.786077737808227539e+00,1.934423387050628662e+00,1.786104321479797363e+00,1.934449970722198486e+00,8.599940538406372070e-01,9.265602171421051247e-01,8.627392649650573730e-01,9.413165688514709695e-01,2.298259735107421875e-02,2.904840614646673341e-02,2.154947258532047272e-02,2.170468550175428529e-02,1.881241798400878906e-02,1.579348454251885275e-02,2.656105425558052957e-05,2.656105425558052957e-05
1.905792474746704102e+00,1.951914405822753995e+00,1.905819058418273926e+00,1.951940989494323819e+00,9.187518954277038574e-01,9.224851906299591509e-01,9.091252684593200684e-01,9.400636494159698708e-01,1.403379160910844803e-02,2.342849653214216371e-02,2.209850400686264038e-02,2.467146012932062288e-02,4.178296774625778198e-02,4.126558564603328982e-02,2.655853131727781147e-05,2.655853131727781147e-05
2.454468727111816406e+00,2.385176968574524103e+00,2.454495191574096680e+00,2.385203433036804377e+00,1.065834522247314453e+00,1.055271458625793413e+00,1.090756654739379883e+00,1.090531265735626310e+00,2.502425760030746460e-02,2.316337358206510544e-02,2.659298852086067200e-02,2.921536471694707870e-02,2.462604343891143799e-01,1.869954407215118353e-01,2.655792377481702715e-05,2.655792377481702715e-05
2.064971923828125000e+00,1.946664607524871915e+00,2.064998388290405273e+00,1.946691191196441739e+00,9.183527827262878418e-01,9.154289364814758301e-01,9.956005811691284180e-01,9.289035975933075395e-01,5.065267905592918396e-02,1.426780251786112855e-02,3.335693478584289551e-02,3.392549529671669284e-02,6.700907647609710693e-02,5.413881167769431929e-02,2.655639400472864509e-05,2.655639400472864509e-05
1.849210619926452637e+00,1.860303270816803023e+00,1.849237203598022461e+00,1.860329854488372847e+00,8.812660574913024902e-01,8.878826022148131880e-01,8.989521265029907227e-01,9.034473776817322221e-01,1.909292116761207581e-02,1.222280254587531159e-02,3.221098706126213074e-02,3.620539531111717502e-02,1.768858358263969421e-02,2.054507024586200645e-02,2.655255957506597042e-05,2.655255957506597042e-05
1.804742455482482910e+00,1.823178005218505815e+00,1.804769039154052734e+00,1.823204588890075639e+00,8.763035535812377930e-01,8.770467340946197510e-01,8.762959837913513184e-01,8.833603441715240923e-01,6.195819471031427383e-03,1.058718562126159668e-02,2.988999523222446442e-02,3.801525644958018979e-02,1.605721376836299896e-02,1.416845796629786526e-02,2.654914896993432194e-05,2.654914896993432194e-05
1.780755758285522461e+00,1.809588098526000888e+00,1.780782341957092285e+00,1.809614682197570712e+00,8.596332073211669922e-01,8.708593666553496870e-01,8.604390025138854980e-01,8.790658593177795854e-01,1.291976217180490494e-02,1.048768786713480915e-02,3.506067395210266113e-02,3.648240603506565372e-02,1.270300708711147308e-02,1.269277986139059032e-02,2.654833406268153340e-05,2.654833406268153340e-05
1.821288704872131348e+00,1.794309318065643311e+00,1.821315288543701172e+00,1.794335901737213135e+00,8.780578374862670898e-01,8.583231270313262939e-01,8.854449987411499023e-01,8.786727070808411089e-01,8.450461551547050476e-03,9.888556879013776432e-03,3.938595950603485107e-02,3.659445196390152116e-02,9.949401021003723145e-03,1.083047306165099179e-02,2.654730269568972290e-05,2.654730269568972290e-05
1.814012408256530762e+00,1.785228085517883256e+00,1.814038991928100586e+00,1.785254669189453081e+00,8.770101666450500488e-01,8.572700619697570801e-01,8.785150647163391113e-01,8.682887613773345725e-01,1.018715463578701019e-02,9.758219122886657715e-03,3.860548138618469238e-02,3.994962461292743405e-02,9.694538079202175140e-03,9.961374104022979736e-03,2.654776108101941645e-05,2.654776108101941645e-05
1.866725802421569824e+00,1.779466998577117876e+00,1.866752386093139648e+00,1.779493582248687700e+00,8.949459791183471680e-01,8.574121832847595437e-01,9.025458693504333496e-01,8.679693400859832542e-01,7.488817907869815826e-03,1.046007666736841271e-02,5.348567292094230652e-02,3.497188091278076449e-02,8.259522728621959686e-03,8.653505891561507485e-03,2.654522177181206644e-05,2.654522177181206644e-05
1.812006831169128418e+00,1.777702105045318559e+00,1.812033414840698242e+00,1.777728688716888383e+00,8.805459141731262207e-01,8.544498682022094727e-01,8.815950155258178711e-01,8.698165714740753174e-01,9.616398252546787262e-03,1.009783213958144119e-02,3.064473532140254974e-02,3.360726423561573306e-02,9.604658000171184540e-03,9.730565361678600311e-03,2.654187483130954206e-05,2.654187483130954206e-05
1.797000527381896973e+00,1.781620156764984086e+00,1.797027111053466797e+00,1.781646740436553911e+00,8.601651787757873535e-01,8.549739837646483931e-01,8.707695007324218750e-01,8.683090031147002730e-01,1.085843052715063095e-02,8.931257482618092797e-03,4.442908614873886108e-02,3.667362481355666837e-02,1.077839359641075134e-02,1.273226467892527546e-02,2.654422314662951976e-05,2.654422314662951976e-05
1.793040394783020020e+00,1.770838379859924316e+00,1.793066978454589844e+00,1.770864963531494141e+00,8.686259984970092773e-01,8.479924499988555908e-01,8.707346916198730469e-01,8.625850021839142068e-01,7.842123508453369141e-03,8.488530293107032776e-03,3.258989006280899048e-02,3.683142364025115967e-02,1.324764452874660492e-02,1.494095530360937084e-02,2.654738273122347891e-05,2.654738273122347891e-05
1.797384262084960938e+00,1.795534908771514893e+00,1.797410845756530762e+00,1.795561492443084717e+00,8.677338361740112305e-01,8.579005539417267068e-01,8.677201867103576660e-01,8.673011839389801469e-01,6.144277751445770264e-03,7.987322425469756473e-03,3.630025684833526611e-02,3.850785866379737715e-02,1.948556862771511078e-02,2.383798640221357346e-02,2.654877971508540213e-05,2.654877971508540213e-05
1.729512691497802734e+00,1.769042909145355225e+00,1.729539275169372559e+00,1.769069492816925049e+00,8.429722785949707031e-01,8.523934662342071977e-01,8.414829969406127930e-01,8.619738817214965820e-01,7.250983733683824539e-03,1.048482628539204597e-02,2.641945704817771912e-02,3.199359104037284574e-02,1.138698775321245193e-02,1.219712598249316285e-02,2.654607487784232944e-05,2.654607487784232944e-05
1.811585426330566406e+00,1.767841386795043990e+00,1.811612010002136230e+00,1.767867970466613814e+00,8.751271367073059082e-01,8.448396861553192361e-01,8.756425976753234863e-01,8.536024391651153564e-01,7.973376661539077759e-03,8.380273263901472439e-03,3.471912443637847900e-02,3.692935593426227570e-02,1.812320761382579803e-02,2.408963274210691383e-02,2.654829950188286602e-05,2.654829950188286602e-05
1.657631754875183105e+00,1.758311748504638672e+00,1.657658338546752930e+00,1.758338332176208496e+00,8.022799491882324219e-01,8.468984961509704590e-01,8.084371685981750488e-01,8.553228199481963667e-01,7.726595271378755569e-03,8.065063925459980271e-03,2.863532491028308868e-02,3.907158002257347246e-02,1.055280584841966629e-02,8.953827805817127575e-03,2.654948366398457438e-05,2.654948366398457438e-05
1.953729987144470215e+00,1.961326873302459806e+00,1.953756570816040039e+00,1.961353456974029630e+00,8.816772103309631348e-01,8.897406518459319846e-01,8.919200301170349121e-01,9.030167520046233909e-01,7.352410349994897842e-03,8.268380304798483849e-03,2.525678835809230804e-02,3.604299575090408325e-02,1.475236564874649048e-01,1.242581278085708590e-01,2.655275966390036047e-05,2.655275966390036047e-05
1.787459135055541992e+00,1.775520074367523238e+00,1.787485718727111816e+00,1.775546658039093062e+00,8.589268326759338379e-01,8.498238205909729448e-01,8.617469668388366699e-01,8.679711043834685835e-01,8.214141242206096649e-03,9.092530049383640983e-03,4.623838514089584351e-02,3.649458810687065263e-02,1.233284827321767807e-02,1.213802741840481689e-02,2.655038042576052248e-05,2.655038042576052248e-05
1.639605760574340820e+00,1.813868737220764249e+00,1.639632344245910645e+00,1.813895320892334073e+00,7.897233963012695312e-01,8.597951233386993408e-01,7.919894456863403320e-01,8.815499246120452881e-01,7.984559983015060425e-03,9.723864216357468865e-03,3.086125664412975311e-02,3.646211102604866167e-02,1.904716528952121735e-02,2.633769121021032472e-02,2.655119351402390748e-05,2.655119351402390748e-05
1.804920196533203125e+00,1.750189554691314653e+00,1.804946780204772949e+00,1.750216138362884477e+00,8.524672389030456543e-01,8.450739622116089089e-01,8.803845047950744629e-01,8.512570619583129661e-01,1.347090769559144974e-02,8.204172132536768913e-03,4.962667450308799744e-02,3.729190714657306532e-02,8.970862254500389099e-03,8.362467586994170449e-03,2.655368734849616885e-05,2.655368734849616885e-05
1.824913620948791504e+00,1.786497676372527987e+00,1.824940204620361328e+00,1.786524260044097812e+00,8.753414750099182129e-01,8.513591706752776656e-01,8.787838220596313477e-01,8.643728137016296609e-01,6.916216574609279633e-03,7.547829439863562931e-03,4.023994132876396179e-02,3.760904744267463962e-02,2.363218739628791809e-02,2.560878414660692354e-02,2.655591742950491607e-05,2.655591742950491607e-05
1.708650946617126465e+00,1.749886131286621183e+00,1.708677530288696289e+00,1.749912714958191007e+00,8.294566273689270020e-01,8.401352405548095925e-01,8.324778676033020020e-01,8.521113872528076616e-01,5.389776546508073807e-03,7.781299436464906086e-03,2.793168462812900543e-02,3.713452108204364638e-02,1.339490525424480438e-02,1.272371364757418633e-02,2.655687421793118119e-05,2.655687421793118119e-05
1.694735407829284668e+00,1.738366675376892045e+00,1.694761991500854492e+00,1.738393259048461870e+00,8.220456242561340332e-01,8.361796259880065474e-01,8.216211795806884766e-01,8.464686810970306619e-01,7.270469330251216888e-03,7.374590123072266232e-03,3.250547870993614197e-02,3.873434364795684537e-02,1.129271276295185089e-02,9.609439782798290600e-03,2.655729622347280383e-05,2.655729622347280383e-05
1.704787731170654297e+00,1.827399146556854204e+00,1.704814314842224121e+00,1.827425730228424028e+00,8.100166320800781250e-01,8.659452676773071733e-01,8.105122447013854980e-01,8.735384047031402588e-01,5.939302500337362289e-03,7.574542611837387258e-03,3.447885811328887939e-02,3.614056222140789310e-02,4.384065046906471252e-02,4.420036301016807417e-02,2.655632488313131034e-05,2.655632488313131034e-05
1.777337312698364258e+00,1.750638890266418501e+00,1.777363896369934082e+00,1.750665473937988326e+00,8.397395014762878418e-01,8.385451853275298628e-01,8.563063740730285645e-01,8.457300901412964089e-01,8.133440278470516205e-03,7.485030358657241215e-03,4.071741551160812378e-02,3.514413274824619571e-02,3.244060650467872620e-02,2.373446039855480263e-02,2.655580829014070332e-05,2.655580829014070332e-05
1.663601517677307129e+00,1.728054106235504150e+00,1.663628101348876953e+00,1.728080689907073975e+00,8.073770999908447266e-01,8.333771467208862527e-01,8.106637597084045410e-01,8.403383076190948930e-01,7.018065080046653748e-03,7.253413693979382862e-03,2.649818733334541321e-02,3.723152652382850925e-02,1.204442419111728668e-02,9.853691328316926956e-03,2.655646130733657628e-05,2.655646130733657628e-05
1.793008804321289062e+00,1.830674958229064897e+00,1.793035387992858887e+00,1.830701541900634721e+00,8.577976822853088379e-01,8.668929100036620872e-01,8.590261340141296387e-01,8.752615392208099587e-01,8.433101698756217957e-03,7.514817034825682293e-03,3.539151698350906372e-02,3.713502883911132951e-02,3.236035630106925964e-02,4.387066736817359786e-02,2.655727439559996128e-05,2.655727439559996128e-05
1.754552841186523438e+00,1.776505124568939165e+00,1.754579424858093262e+00,1.776531708240508989e+00,8.495587110519409180e-01,8.479435205459594505e-01,8.486611843109130859e-01,8.513100683689117654e-01,5.282029975205659866e-03,7.012780150398611675e-03,2.942891232669353485e-02,3.946117609739303866e-02,2.162196300923824310e-02,3.077762294560670853e-02,2.655876050994265825e-05,2.655876050994265825e-05
1.762366771697998047e+00,1.733730912208557129e+00,1.762393355369567871e+00,1.733757495880126953e+00,8.525362014770507812e-01,8.343878507614135298e-01,8.505284190177917480e-01,8.441132545471191628e-01,5.478230770677328110e-03,7.859159493818879128e-03,4.012528434395790100e-02,3.576875776052475253e-02,1.369863003492355347e-02,1.160189667716622283e-02,2.655725984368473291e-05,2.655725984368473291e-05
1.823381662368774414e+00,1.848898756504058882e+00,1.823408246040344238e+00,1.848925340175628707e+00,8.509277105331420898e-01,8.608752191066741943e-01,8.520101904869079590e-01,8.664426803588867188e-01,6.698130629956722260e-03,7.149390969425439488e-03,2.287243679165840149e-02,3.668519556522369107e-02,9.087326377630233765e-02,7.774628773331641873e-02,2.655782373039983213e-05,2.655782373039983213e-05
1.712953567504882812e+00,1.795722281932830899e+00,1.712980151176452637e+00,1.795748865604400724e+00,8.048139810562133789e-01,8.460097610950469971e-01,8.078159093856811523e-01,8.535932302474975586e-01,5.355011206120252609e-03,7.317305775359272957e-03,3.153663128614425659e-02,3.862959966063499173e-02,6.343211233615875244e-02,5.017235800623894015e-02,2.655985190358478576e-05,2.655985190358478576e-05
1.786638021469116211e+00,1.763980615139007613e+00,1.786664605140686035e+00,1.764007198810577437e+00,8.604607582092285156e-01,8.388241529464721680e-01,8.605646491050720215e-01,8.511066973209381326e-01,5.727878771722316742e-03,8.192305592820048679e-03,4.092356190085411072e-02,3.787838146090507369e-02,1.896109245717525482e-02,2.797906845808029175e-02,2.655994831002317369e-05,2.655994831002317369e-05
1.683576226234436035e+00,1.729929876327514604e+00,1.683602809906005859e+00,1.729956459999084428e+00,8.033198714256286621e-01,8.322091400623321533e-01,8.214498162269592285e-01,8.385724127292633057e-01,7.942407391965389252e-03,6.986529286950826818e-03,3.208417072892189026e-02,3.881166018545627316e-02,1.877993158996105194e-02,1.335016116499900853e-02,2.656210381246637553e-05,2.656210381246637553e-05
1.707604527473449707e+00,1.739111113548278853e+00,1.707631111145019531e+00,1.739137697219848677e+00,8.236459493637084961e-01,8.371539711952209473e-01,8.264604806900024414e-01,8.412956714630126509e-01,5.399924237281084061e-03,7.314485404640436519e-03,3.919934108853340149e-02,3.808190897107124190e-02,1.289884001016616821e-02,1.526506878435611794e-02,2.656273863976821303e-05,2.656273863976821303e-05
1.853345751762390137e+00,1.793335318565368652e+00,1.853372335433959961e+00,1.793361902236938477e+00,8.739446997642517090e-01,8.460723519325256126e-01,8.798769116401672363e-01,8.528943479061126265e-01,6.800672039389610291e-03,6.762077100574970245e-03,4.286529123783111572e-02,3.754225634038448056e-02,4.985822364687919617e-02,5.006429888308048387e-02,2.656361175468191504e-05,2.656361175468191504e-05
1.734869718551635742e+00,1.739703404903411910e+00,1.734896302223205566e+00,1.739729988574981734e+00,8.363077640533447266e-01,8.359635114669800027e-01,8.417764306068420410e-01,8.416847348213195579e-01,5.729797761887311935e-03,6.869190791621804411e-03,3.471924737095832825e-02,3.797647356986999512e-02,1.633661240339279175e-02,1.720950733870267937e-02,2.656448123161680996e-05,2.656448123161680996e-05
1.831219553947448730e+00,1.835618507862091020e+00,1.831246137619018555e+00,1.835645091533660844e+00,8.747740387916564941e-01,8.643602788448333518e-01,8.865005373954772949e-01,8.715416193008422852e-01,7.406329736113548279e-03,7.032587192952632904e-03,2.975437603890895844e-02,3.990798071026802063e-02,3.278427198529243469e-02,5.277603492140769958e-02,2.656679862411692739e-05,2.656679862411692739e-05
1.893882155418395996e+00,1.866529154777526900e+00,1.893908739089965820e+00,1.866555738449096724e+00,8.861724138259887695e-01,8.622887969017029031e-01,8.907141089439392090e-01,8.683335602283477339e-01,1.048517227172851562e-02,7.298858743160963405e-03,3.307964652776718140e-02,3.923370428383350650e-02,7.343087345361709595e-02,8.937424793839454651e-02,2.656780270626768470e-05,2.656780270626768470e-05
1.744505524635314941e+00,1.755753123760223300e+00,1.744532108306884766e+00,1.755779707431793124e+00,8.255313634872436523e-01,8.367001295089722124e-01,8.287703990936279297e-01,8.437014579772948997e-01,9.298141114413738251e-03,7.174999499693512743e-03,5.613898113369941711e-02,4.346330985426902910e-02,2.476674132049083710e-02,2.471322901546955247e-02,2.656903234310448170e-05,2.656903234310448170e-05
1.704384326934814453e+00,1.742984318733215243e+00,1.704410910606384277e+00,1.743010902404785067e+00,8.111938834190368652e-01,8.311338782310485618e-01,8.091115355491638184e-01,8.362675428390502486e-01,7.734769489616155624e-03,7.334057567641138684e-03,4.700328037142753601e-02,4.143491163849830766e-02,2.934081852436065674e-02,2.681397739797830582e-02,2.656960532476659864e-05,2.656960532476659864e-05
1.762806892395019531e+00,1.729424476623535156e+00,1.762833476066589355e+00,1.729451060295104980e+00,8.408153057098388672e-01,8.339738011360168235e-01,8.664271831512451172e-01,8.406629383563994917e-01,1.023921743035316467e-02,7.761698961257934397e-03,3.471041098237037659e-02,3.808681666851043701e-02,1.061475742608308792e-02,8.939232211560010910e-03,2.656913420651108027e-05,2.656913420651108027e-05
1.792987585067749023e+00,1.754179918766021640e+00,1.793014168739318848e+00,1.754206502437591464e+00,8.680719137191772461e-01,8.444050610065459983e-01,8.660202026367187500e-01,8.506131529808044212e-01,6.541723385453224182e-03,7.323461445048451077e-03,4.171195626258850098e-02,4.004641436040401459e-02,1.064182166010141373e-02,1.179181979969143833e-02,2.657034747244324535e-05,2.657034747244324535e-05
1.711315035820007324e+00,1.911464858055114791e+00,1.711341619491577148e+00,1.911491441726684615e+00,8.038790822029113770e-01,8.988542795181274636e-01,8.142484426498413086e-01,9.084614455699920876e-01,5.272312555462121964e-03,6.965566286817192684e-03,3.361076489090919495e-02,3.970764875411987582e-02,5.430437251925468445e-02,5.747591741383075575e-02,2.656996730365790427e-05,2.656996730365790427e-05
1.891892433166503906e+00,1.807538998126983598e+00,1.891919016838073730e+00,1.807565581798553422e+00,8.766700029373168945e-01,8.412760674953461137e-01,8.824920058250427246e-01,8.472434699535369429e-01,6.350799463689327240e-03,7.031891308724880045e-03,4.024240374565124512e-02,4.575676769018173495e-02,8.613730221986770630e-02,6.623078733682633001e-02,2.657329605426639318e-05,2.657329605426639318e-05
1.714115500450134277e+00,1.769989264011383012e+00,1.714142084121704102e+00,1.770015847682952836e+00,8.120930790901184082e-01,8.444698452949523926e-01,8.273743987083435059e-01,8.489709019660949263e-01,1.330041512846946716e-02,8.212550124153495529e-03,4.295229911804199219e-02,4.580553546547889987e-02,1.839529909193515778e-02,2.253045234829187393e-02,2.657542790984734893e-05,2.657542790984734893e-05
1.712470650672912598e+00,1.753448987007141024e+00,1.712497234344482422e+00,1.753475570678710849e+00,8.146004676818847656e-01,8.357852697372436523e-01,8.196893930435180664e-01,8.405148386955261230e-01,6.514547392725944519e-03,7.945181941613555301e-03,4.211379215121269226e-02,4.437283873558044156e-02,2.955251745879650116e-02,2.483083363622427125e-02,2.657587720023002476e-05,2.657587720023002476e-05
2.460240840911865234e+00,2.355334568023681463e+00,2.460267305374145508e+00,2.355361032485961736e+00,1.048126935958862305e+00,1.014764583110809415e+00,1.067578911781311035e+00,1.025124073028564453e+00,7.953050546348094940e-03,6.990978308022022074e-03,5.777298286557197571e-02,4.244104921817779680e-02,2.788088321685791016e-01,2.660138696432113870e-01,2.657595905475318432e-05,2.657595905475318432e-05
1.723129153251647949e+00,1.743802571296691806e+00,1.723155736923217773e+00,1.743829154968261630e+00,8.178567290306091309e-01,8.313266158103942427e-01,8.369278907775878906e-01,8.444215536117554155e-01,7.918118499219417572e-03,8.017813367769122818e-03,4.374867677688598633e-02,4.485156722366809984e-02,1.667778193950653076e-02,1.518508261069655488e-02,2.657450750120915473e-05,2.657450750120915473e-05
1.754127383232116699e+00,1.793079900741577193e+00,1.754153966903686523e+00,1.793106484413147017e+00,8.451609015464782715e-01,8.570023000240325484e-01,8.433309793472290039e-01,8.619590163230895774e-01,6.671982817351818085e-03,8.626003749668598175e-03,4.418870434165000916e-02,4.717034921050071439e-02,1.477480679750442505e-02,1.832225341349840234e-02,2.657695586094632745e-05,2.657695586094632745e-05
1.599045276641845703e+00,1.735944283008575395e+00,1.599071860313415527e+00,1.735970866680145219e+00,7.712303400039672852e-01,8.296431958675384299e-01,7.731017470359802246e-01,8.373262107372283491e-01,3.468706505373120308e-03,7.259067660197615450e-03,2.925518527626991272e-02,4.506558924913406372e-02,2.198936045169830322e-02,1.665022373199463029e-02,2.657734148669987917e-05,2.657734148669987917e-05
1.749757170677185059e+00,1.756356441974639804e+00,1.749783754348754883e+00,1.756383025646209628e+00,8.363598585128784180e-01,8.388458788394927979e-01,8.374950885772705078e-01,8.474871516227722168e-01,8.353137411177158356e-03,8.394647622480988503e-03,5.183636024594306946e-02,4.037960432469844818e-02,1.571279019117355347e-02,2.124920114874839783e-02,2.657519871718250215e-05,2.657519871718250215e-05
1.677181124687194824e+00,1.745074379444122359e+00,1.677207708358764648e+00,1.745100963115692183e+00,8.087782263755798340e-01,8.295005142688751665e-01,8.133146762847900391e-01,8.471629679203033225e-01,9.361011907458305359e-03,7.849640725180507400e-03,2.806244231760501862e-02,4.428631216287613054e-02,1.766463182866573334e-02,1.627493333071470399e-02,2.657490404089912772e-05,2.657490404089912772e-05
1.794820308685302734e+00,1.772678494453430176e+00,1.794846892356872559e+00,1.772705078125000000e+00,8.512927293777465820e-01,8.387100040912628396e-01,8.483185768127441406e-01,8.521502375602721946e-01,9.939444251358509064e-03,7.963792374357580445e-03,5.273757129907608032e-02,4.387206174433231493e-02,3.253203257918357849e-02,2.998244073241949220e-02,2.657668665051460266e-05,2.657668665051460266e-05
1.676762461662292480e+00,1.772574102878570645e+00,1.676789045333862305e+00,1.772600686550140470e+00,8.059547543525695801e-01,8.440155148506164329e-01,8.117675781250000000e-01,8.574684441089630571e-01,7.073196116834878922e-03,7.709138281643390829e-03,3.585360199213027954e-02,4.376143775880336761e-02,1.611343212425708771e-02,1.961955800652503967e-02,2.657744335010647774e-05,2.657744335010647774e-05
1.635839581489562988e+00,1.740982639789581343e+00,1.635866165161132812e+00,1.741009223461151167e+00,7.806254625320434570e-01,8.309580624103546365e-01,7.918059825897216797e-01,8.403957724571228249e-01,7.151186466217041016e-03,9.385076444596051823e-03,3.460821136832237244e-02,4.437601976096629958e-02,2.164863422513008118e-02,1.586771486327052255e-02,2.657702862052246928e-05,2.657702862052246928e-05
1.806566119194030762e+00,1.754303109645843461e+00,1.806592702865600586e+00,1.754329693317413286e+00,8.626624941825866699e-01,8.332917988300323486e-01,8.731629252433776855e-01,8.453253865242004172e-01,6.383821368217468262e-03,6.680303392931819309e-03,4.668956622481346130e-02,4.694484658539295474e-02,1.766741089522838593e-02,2.206078805029392312e-02,2.657730874489061534e-05,2.657730874489061534e-05
1.737184047698974609e+00,1.739173173904418945e+00,1.737210631370544434e+00,1.739199757575988770e+00,8.280946612358093262e-01,8.339685201644897461e-01,8.345974087715148926e-01,8.394784331321716309e-01,1.177977304905653000e-02,7.931752502918243755e-03,4.156783223152160645e-02,4.180431663990021030e-02,2.114442735910415649e-02,1.599014326930046220e-02,2.657609729794785380e-05,2.657609729794785380e-05
1.796115636825561523e+00,1.733011019229888872e+00,1.796142220497131348e+00,1.733037602901458696e+00,8.475764989852905273e-01,8.298227787017822266e-01,8.566698431968688965e-01,8.363968253135680708e-01,8.112326264381408691e-03,8.347691595554351460e-03,7.254417240619659424e-02,4.900628440082073489e-02,1.121284905821084976e-02,9.437436144798994411e-03,2.657745608303230256e-05,2.657745608303230256e-05
1.660386443138122559e+00,1.720174825191497892e+00,1.660413026809692383e+00,1.720201408863067716e+00,7.949570417404174805e-01,8.247207283973694292e-01,8.007834553718566895e-01,8.341324687004089133e-01,6.954239681363105774e-03,7.152880076318979263e-03,4.688440635800361633e-02,4.512733221054077148e-02,1.080731302499771118e-02,9.041397459805011402e-03,2.657741788425482810e-05,2.657741788425482810e-05
1.673312902450561523e+00,1.719790124893188388e+00,1.673339486122131348e+00,1.719816708564758212e+00,8.036037683486938477e-01,8.242318093776702659e-01,8.065693378448486328e-01,8.306751191616058572e-01,5.431705620139837265e-03,8.047324605286121368e-03,4.599681869149208069e-02,4.591005705296993117e-02,1.171130780130624771e-02,1.092582130804658005e-02,2.657923323567956686e-05,2.657923323567956686e-05
1.722226381301879883e+00,1.746160709857940585e+00,1.722252964973449707e+00,1.746187293529510409e+00,8.279615640640258789e-01,8.317571461200714555e-01,8.318908214569091797e-01,8.412477850914001909e-01,4.488602280616760254e-03,7.144673541188239878e-03,3.234991803765296936e-02,4.619783423840999326e-02,2.553544379770755768e-02,1.981327012181282113e-02,2.658144512679427862e-05,2.658144512679427862e-05
1.666717410087585449e+00,1.735781335830688388e+00,1.666743993759155273e+00,1.735807919502258212e+00,7.964619398117065430e-01,8.270611822605132835e-01,8.185802698135375977e-01,8.402816176414489302e-01,8.466551080346107483e-03,8.048056438565254905e-03,2.807081490755081177e-02,4.536214247345924516e-02,1.513781026005744934e-02,1.502834372222423484e-02,2.658231824170798063e-05,2.658231824170798063e-05
1.597477555274963379e+00,1.720823359489440874e+00,1.597504138946533203e+00,1.720849943161010698e+00,7.703839540481567383e-01,8.200093567371368186e-01,7.641843557357788086e-01,8.306404948234558105e-01,6.560517475008964539e-03,8.091486757621169090e-03,4.188759252429008484e-02,4.924663603305816373e-02,1.446099486202001572e-02,1.283541005104780162e-02,2.658503581187687814e-05,2.658503581187687814e-05
1.626551389694213867e+00,1.721117913722991943e+00,1.626577973365783691e+00,1.721144497394561768e+00,7.854400277137756348e-01,8.242090165615081343e-01,7.878723144531250000e-01,8.319317758083343284e-01,8.019379340112209320e-03,8.275595214217900536e-03,3.543768078088760376e-02,4.780069291591644565e-02,9.782081469893455505e-03,8.900818042457103382e-03,2.658643825270701200e-05,2.658643825270701200e-05
1.720632910728454590e+00,1.716799056529998868e+00,1.720659494400024414e+00,1.716825640201568692e+00,8.227177262306213379e-01,8.169087052345276323e-01,8.286880254745483398e-01,8.255050897598266157e-01,8.208874613046646118e-03,8.077258337289094578e-03,4.159475862979888916e-02,5.011545382440089902e-02,1.942349970340728760e-02,1.619254425168037415e-02,2.659067286003846675e-05,2.659067286003846675e-05
1.720362067222595215e+00,1.704559910297393843e+00,1.720388650894165039e+00,1.704586493968963667e+00,8.233404755592346191e-01,8.163354814052581343e-01,8.278541564941406250e-01,8.218047857284546120e-01,1.016989909112453461e-02,8.458030037581920277e-03,5.003049224615097046e-02,5.083297416567802290e-02,8.967198431491851807e-03,7.128637284040451050e-03,2.659204619703814387e-05,2.659204619703814387e-05
1.584135413169860840e+00,1.706132233142852783e+00,1.584161996841430664e+00,1.706158816814422607e+00,7.649453878402709961e-01,8.182001411914825439e-01,7.641596794128417969e-01,8.215045869350433572e-01,7.848317734897136688e-03,8.967397734522819519e-03,3.778726980090141296e-02,4.912883639335632185e-02,9.394759312272071838e-03,8.331284765154123653e-03,2.659582605701871216e-05,2.659582605701871216e-05
1.641902208328247070e+00,1.712138128280639604e+00,1.641928791999816895e+00,1.712164711952209428e+00,7.887285947799682617e-01,8.142842948436737061e-01,7.973706126213073730e-01,8.184573233127594438e-01,6.886138580739498138e-03,1.005949899554252694e-02,2.901846729218959808e-02,5.217414237558841428e-02,1.989839039742946625e-02,1.716288849711418082e-02,2.660036625456996262e-05,2.660036625456996262e-05
1.680733323097229004e+00,1.766343152523040860e+00,1.680759906768798828e+00,1.766369736194610685e+00,8.002859950065612793e-01,8.336956083774567094e-01,8.002797961235046387e-01,8.414663851261139360e-01,7.457078900188207626e-03,8.902974054217338215e-03,4.630644991993904114e-02,5.332361981272697171e-02,2.640389651060104370e-02,2.895452305674552779e-02,2.660470272530801594e-05,2.660470272530801594e-05
2.101372003555297852e+00,2.056069755554199130e+00,2.101398706436157227e+00,2.056096458435058505e+00,9.069296121597290039e-01,8.813877522945403609e-01,9.142156243324279785e-01,8.989602863788604958e-01,1.266632508486509323e-02,2.269857702776789665e-02,8.809484541416168213e-02,7.546941116452217380e-02,1.794655621051788330e-01,1.775537505745887756e-01,2.661361031641718000e-05,2.661361031641718000e-05
3.150650739669799805e+00,3.193670463562011896e+00,3.150677442550659180e+00,3.193697166442871271e+00,1.223162293434143066e+00,1.227797138690948531e+00,1.352354288101196289e+00,1.412143409252166748e+00,1.627005338668823242e-01,1.672832772135734447e-01,1.213532779365777969e-02,1.275066882371902501e-02,4.002981483936309814e-01,3.736959606409072654e-01,2.666605905687902123e-05,2.666605905687902123e-05
2.622442483901977539e+00,3.033131527900695623e+00,2.622469186782836914e+00,3.033158230781554998e+00,1.183174848556518555e+00,1.300981605052947909e+00,1.004262804985046387e+00,1.190300381183624356e+00,1.620966345071792603e-01,1.732465133070945629e-01,1.672146283090114594e-02,1.728858090937137465e-02,2.561866641044616699e-01,3.513144880533218273e-01,2.670130197657272220e-05,2.670130197657272220e-05
3.371064901351928711e+00,3.589978694915771484e+00,3.371091604232788086e+00,3.590005397796630859e+00,1.323962211608886719e+00,1.383688092231750488e+00,1.168674588203430176e+00,1.242447268962860063e+00,2.612882852554321289e-01,2.698225855827331432e-01,2.675260230898857117e-02,2.930174954235553741e-02,5.903872847557067871e-01,6.647190034389496294e-01,2.674290772120002657e-05,2.674290772120002657e-05
2.317918777465820312e+00,2.349138569831848322e+00,2.317945480346679688e+00,2.349165272712707697e+00,9.701210260391235352e-01,9.659241080284118874e-01,9.662232995033264160e-01,9.754609644412994829e-01,2.840962409973144531e-01,2.857963711023330799e-01,3.740599006414413452e-02,4.988870508968830386e-02,6.007229536771774292e-02,7.206843793392181396e-02,2.678529926924966276e-05,2.678529926924966276e-05
2.254056215286254883e+00,2.225293445587158025e+00,2.254082918167114258e+00,2.225320148468017400e+00,9.522220492362976074e-01,9.261458516120910645e-01,9.824220538139343262e-01,9.673832118511199729e-01,2.357763200998306274e-01,2.465105101466179005e-01,5.944802239537239075e-02,5.651106424629688540e-02,2.418771199882030487e-02,2.874280437827110221e-02,2.678954842849634588e-05,2.678954842849634588e-05
2.168970584869384766e+00,2.188322567939758212e+00,2.168997287750244141e+00,2.188349270820617587e+00,9.205934405326843262e-01,9.225987136363983376e-01,9.290964007377624512e-01,9.558537125587462935e-01,2.312151342630386353e-01,2.261468157172203119e-01,4.994978755712509155e-02,5.507245473563671112e-02,3.811565786600112915e-02,2.865087501704692910e-02,2.678644523257389665e-05,2.678644523257389665e-05
2.371448278427124023e+00,2.119772315025329590e+00,2.371474981307983398e+00,2.119799017906188965e+00,9.463725090026855469e-01,9.149452149868011475e-01,1.075531482696533203e+00,9.591854035854339156e-01,2.849760353565216064e-01,1.710752353072166332e-01,4.283254221081733704e-02,5.116693861782550812e-02,2.173575386404991150e-02,2.339950017631053925e-02,2.677979136933572590e-05,2.677979136933572590e-05
1.972851276397705078e+00,2.051641154289245428e+00,1.972878098487854004e+00,2.051667857170104803e+00,8.884450793266296387e-01,9.038349866867065874e-01,9.188853502273559570e-01,9.500038206577301469e-01,1.013569533824920654e-01,1.356837347149849049e-01,5.140647664666175842e-02,5.007846727967261991e-02,1.275747641921043396e-02,1.204011542722582817e-02,2.677755946933757514e-05,2.677755946933757514e-05
2.162521362304687500e+00,2.039427256584167569e+00,2.162548065185546875e+00,2.039453959465026944e+00,9.095651507377624512e-01,9.159743666648865190e-01,1.029166340827941895e+00,9.490344882011413352e-01,1.555824875831604004e-01,1.038926675915718134e-01,4.064616933465003967e-02,5.014275796711444716e-02,2.756148390471935272e-02,2.038300633430480818e-02,2.677889642654918134e-05,2.677889642654918134e-05
1.818362832069396973e+00,1.993192434310913086e+00,1.818389654159545898e+00,1.993219220638275058e+00,8.328106999397277832e-01,9.051850616931915727e-01,8.614431619644165039e-01,9.376511633396148460e-01,5.746510997414588928e-02,7.825966030359268744e-02,4.459566622972488403e-02,5.231406204402446608e-02,2.204815484583377838e-02,1.978252362459897995e-02,2.678518285392783582e-05,2.678518285392783582e-05
1.963103652000427246e+00,1.956752002239227295e+00,1.963130474090576172e+00,1.956778824329376221e+00,9.159591794013977051e-01,9.029664874076843706e-01,9.270536899566650391e-01,9.249109029769897461e-01,5.032202601432800293e-02,5.636349022388457974e-02,5.112060531973838806e-02,5.529658645391464372e-02,1.864815689623355865e-02,1.721457000821828912e-02,2.679216777323745191e-05,2.679216777323745191e-05
1.868478536605834961e+00,1.927008855342865035e+00,1.868505358695983887e+00,1.927035677433013960e+00,8.810635209083557129e-01,9.010229647159576638e-01,8.915788531303405762e-01,9.149081051349640115e-01,3.475737571716308594e-02,3.937843926250934878e-02,4.446300864219665527e-02,5.696007832884788374e-02,1.661571860313415527e-02,1.473922682926058839e-02,2.679642057046294212e-05,2.679642057046294212e-05
1.830435633659362793e+00,1.904952168464660645e+00,1.830462455749511719e+00,1.904978990554809570e+00,8.542211651802062988e-01,8.977139711380004439e-01,8.608558773994445801e-01,9.045140027999878374e-01,2.972275577485561371e-02,2.897625118494033883e-02,6.298041343688964844e-02,5.826702862977981706e-02,2.265542559325695038e-02,1.548087969422340393e-02,2.680104626051615924e-05,2.680104626051615924e-05
1.911909341812133789e+00,1.883003091812133878e+00,1.911936163902282715e+00,1.883029913902282804e+00,9.157627820968627930e-01,8.915911078453063743e-01,9.094306826591491699e-01,9.000187873840331809e-01,1.655950210988521576e-02,2.419480159878730635e-02,5.996769666671752930e-02,5.692329145967960080e-02,1.018887758255004883e-02,1.027508685365319252e-02,2.680141551536507905e-05,2.680141551536507905e-05
1.780326962471008301e+00,1.880819916725158691e+00,1.780353784561157227e+00,1.880846738815307617e+00,8.476524949073791504e-01,8.932272553443908469e-01,8.557870388031005859e-01,8.989037215709686501e-01,1.476837322115898132e-02,2.143911849707364967e-02,4.595270380377769470e-02,5.604628212749958316e-02,1.616643369197845459e-02,1.120353257283568382e-02,2.680288162082433701e-05,2.680288162082433701e-05
1.828073382377624512e+00,1.893941330909729048e+00,1.828100204467773438e+00,1.893968152999877974e+00,8.578935265541076660e-01,8.943638324737548384e-01,8.687044382095336914e-01,9.050688266754149947e-01,3.462603315711021423e-02,2.086408492177724977e-02,4.945400357246398926e-02,5.589657016098499576e-02,1.739539019763469696e-02,1.774800661951303482e-02,2.680344732652883977e-05,2.680344732652883977e-05
1.808528184890747070e+00,1.869279277324676469e+00,1.808555006980895996e+00,1.869306099414825395e+00,8.663322329521179199e-01,8.855388879776000532e-01,8.687692284584045410e-01,8.960931897163391113e-01,1.360703632235527039e-02,1.885403841733932634e-02,4.846867546439170837e-02,5.499473363161087175e-02,1.135100703686475754e-02,1.379844360053539276e-02,2.680371107999235392e-05,2.680371107999235392e-05
1.921380877494812012e+00,1.854445588588714555e+00,1.921407699584960938e+00,1.854472410678863481e+00,9.152787327766418457e-01,8.819729089736938477e-01,9.218267202377319336e-01,8.919957041740417258e-01,2.138655632734298706e-02,1.771654151380062242e-02,5.644476041197776794e-02,5.429167896509170393e-02,6.444126367568969727e-03,8.468762040138244629e-03,2.680474062799476087e-05,2.680474062799476087e-05
1.850354671478271484e+00,1.850631201267242343e+00,1.850381493568420410e+00,1.850658023357391269e+00,8.971663713455200195e-01,8.816724896430969682e-01,8.963763713836669922e-01,8.910243749618530495e-01,1.418174244463443756e-02,1.752706188708543639e-02,3.573113307356834412e-02,5.176632627844810625e-02,6.899159401655197144e-03,8.640957623720168720e-03,2.680237594177015126e-05,2.680237594177015126e-05
1.803903698921203613e+00,1.841510963439941362e+00,1.803930521011352539e+00,1.841537785530090288e+00,8.604232072830200195e-01,8.762560009956359419e-01,8.653283715248107910e-01,8.886961758136748823e-01,2.132124453783035278e-02,1.655509602278470993e-02,4.940472543239593506e-02,5.200623571872711043e-02,7.426080293953418732e-03,7.997442781925202110e-03,2.680503348528873175e-05,2.680503348528873175e-05
1.888767123222351074e+00,1.847176706790924161e+00,1.888793945312500000e+00,1.847203528881073087e+00,8.966867923736572266e-01,8.785042285919189009e-01,9.008960127830505371e-01,8.892085552215576172e-01,2.166221104562282562e-02,1.604500198736786773e-02,6.105857342481613159e-02,5.136432945728301724e-02,8.463528938591480255e-03,1.205458873882889713e-02,2.680643592611886561e-05,2.680643592611886561e-05
1.955273270606994629e+00,1.838656604290008545e+00,1.955300092697143555e+00,1.838683426380157471e+00,9.331479668617248535e-01,8.753946900367737260e-01,9.379670619964599609e-01,8.901986420154571755e-01,2.126236073672771454e-02,1.525857467204332421e-02,5.713265389204025269e-02,4.978354610502720018e-02,5.763303954154253006e-03,8.021194348111748348e-03,2.680338729987852275e-05,2.680338729987852275e-05
1.766961455345153809e+00,1.829826211929321378e+00,1.766988277435302734e+00,1.829853034019470304e+00,8.442749977111816406e-01,8.738773286342620406e-01,8.515275716781616211e-01,8.838809847831725630e-01,2.033066749572753906e-02,1.503450134769082104e-02,4.350721463561058044e-02,5.011505074799060822e-02,7.320975419133901596e-03,6.918326299637555903e-03,2.680357283679768443e-05,2.680357283679768443e-05
1.890959739685058594e+00,1.832497024536132724e+00,1.890986561775207520e+00,1.832523846626281649e+00,8.918829560279846191e-01,8.733480811119079812e-01,9.013084173202514648e-01,8.856195569038390891e-01,1.374641433358192444e-02,1.530013615265488590e-02,7.401346415281295776e-02,4.895536080002784590e-02,1.000845059752464294e-02,9.273931849747896194e-03,2.680226316442713141e-05,2.680226316442713141e-05
1.861031889915466309e+00,1.828104484081268355e+00,1.861058712005615234e+00,1.828131306171417281e+00,8.834691047668457031e-01,8.715480029582977073e-01,8.887321352958679199e-01,8.824454069137572798e-01,1.724145933985710144e-02,1.480406634509563377e-02,6.350848823785781860e-02,4.970820993185043335e-02,8.080613799393177032e-03,9.598773438483476639e-03,2.680578472791239619e-05,2.680578472791239619e-05
1.760328888893127441e+00,1.825080704689025834e+00,1.760355710983276367e+00,1.825107526779174760e+00,8.426461815834045410e-01,8.704453289508820024e-01,8.463470339775085449e-01,8.846984386444092241e-01,1.000205893069505692e-02,1.489551132544875145e-02,5.489014089107513428e-02,4.914826899766921997e-02,6.443482823669910431e-03,5.893186014145612543e-03,2.680514808162115514e-05,2.680514808162115514e-05
1.817919492721557617e+00,1.821729898452758789e+00,1.817946314811706543e+00,1.821756720542907715e+00,8.671337962150573730e-01,8.699475526809692383e-01,8.828122615814208984e-01,8.822146296501159890e-01,1.067683566361665726e-02,1.468889154493808677e-02,5.131537839770317078e-02,4.805719256401062150e-02,5.981055088341236115e-03,6.821607099846005093e-03,2.680662146303802729e-05,2.680662146303802729e-05
1.826588153839111328e+00,1.813776445388793901e+00,1.826614975929260254e+00,1.813803267478942827e+00,8.658297657966613770e-01,8.646749198436737283e-01,8.866904973983764648e-01,8.813355028629302756e-01,1.528949942439794540e-02,1.444868529215454986e-02,5.338118970394134521e-02,4.775395356118679324e-02,5.397092085331678391e-03,5.563384434208273714e-03,2.680726174730807543e-05,2.680726174730807543e-05
1.796355247497558594e+00,1.811712956428527921e+00,1.796382069587707520e+00,1.811739778518676847e+00,8.603869676589965820e-01,8.652722656726836714e-01,8.664509057998657227e-01,8.771009147167205811e-01,1.600584201514720917e-02,1.423568045720458031e-02,4.673720523715019226e-02,4.912730939686298093e-02,6.774274632334709167e-03,5.976796848699450493e-03,2.681200749066192657e-05,2.681200749066192657e-05
1.809123396873474121e+00,1.827343809604644820e+00,1.809150218963623047e+00,1.827370631694793746e+00,8.596671819686889648e-01,8.692845165729522483e-01,8.759686350822448730e-01,8.866783082485198975e-01,1.109899953007698059e-02,1.404277002438902855e-02,5.303356796503067017e-02,4.856032580137252530e-02,9.355117566883563995e-03,8.777903951704501759e-03,2.681283331185113639e-05,2.681283331185113639e-05
1.866178274154663086e+00,1.807152915000915572e+00,1.866205096244812012e+00,1.807179737091064498e+00,8.853120207786560059e-01,8.626410543918610063e-01,8.915448188781738281e-01,8.757644116878509077e-01,1.476826146245002747e-02,1.407700134441256488e-02,6.907955557107925415e-02,4.779680036008358140e-02,5.473581608384847641e-03,6.873665330931544477e-03,2.681283331185113639e-05,2.681283331185113639e-05
1.890960812568664551e+00,1.816829037666320756e+00,1.890987634658813477e+00,1.816855859756469682e+00,9.083036780357360840e-01,8.684102952480315940e-01,9.178984761238098145e-01,8.783406019210815430e-01,1.021819841116666794e-02,1.390742575749754836e-02,4.827043041586875916e-02,4.688116349279880524e-02,6.270035635679960251e-03,9.289539046585559498e-03,2.681242767721414566e-05,2.681242767721414566e-05
1.814584493637084961e+00,1.801848435401916415e+00,1.814611315727233887e+00,1.801875257492065341e+00,8.738717436790466309e-01,8.613608062267303911e-01,8.812208771705627441e-01,8.741455674171447754e-01,1.104839891195297241e-02,1.371284099295735394e-02,4.372127726674079895e-02,4.729560241103172163e-02,4.722163081169128418e-03,5.333649925887584686e-03,2.681445039343088865e-05,2.681445039343088865e-05
1.823978424072265625e+00,1.813576066493987948e+00,1.824005246162414551e+00,1.813602888584136874e+00,8.697490096092224121e-01,8.652022480964660645e-01,8.937355875968933105e-01,8.761179447174072266e-01,1.370128709822893143e-02,1.373903499916195869e-02,3.802617266774177551e-02,4.775984920561313768e-02,8.766305632889270782e-03,1.075696330517530476e-02,2.681900878087617457e-05,2.681900878087617457e-05
1.727207183837890625e+00,1.806404256820678622e+00,1.727234005928039551e+00,1.806431078910827548e+00,8.335798382759094238e-01,8.613233149051666704e-01,8.400261402130126953e-01,8.781868159770965798e-01,5.801452789455652237e-03,1.362212467938661575e-02,4.061313718557357788e-02,4.662614017724990567e-02,7.186607923358678818e-03,6.645839568227529873e-03,2.681863952602725476e-05,2.681863952602725476e-05
1.787394762039184570e+00,1.806415402889251620e+00,1.787421584129333496e+00,1.806442224979400546e+00,8.408660888671875000e-01,8.591002821922302246e-01,8.743714690208435059e-01,8.778043270111084428e-01,1.427979953587055206e-02,1.364037115126848221e-02,4.733544588088989258e-02,4.648177064955234805e-02,1.054186560213565826e-02,9.388655517250299107e-03,2.681852311070542783e-05,2.681852311070542783e-05
1.776183485984802246e+00,1.796940863132476807e+00,1.776210308074951172e+00,1.796967685222625732e+00,8.253782391548156738e-01,8.569198429584503618e-01,8.763971924781799316e-01,8.727935254573822021e-01,1.967074163258075714e-02,1.404434032738208736e-02,5.056673288345336914e-02,4.897399432957172394e-02,4.170496016740798950e-03,4.209165694192051888e-03,2.682462218217551708e-05,2.682462218217551708e-05
1.780190348625183105e+00,1.811418569087982267e+00,1.780217170715332031e+00,1.811445391178131192e+00,8.511347770690917969e-01,8.619631290435790794e-01,8.612664937973022461e-01,8.800651311874390093e-01,1.205059513449668884e-02,1.471034185960888932e-02,4.903395101428031921e-02,4.807363077998161316e-02,6.704502273350954056e-03,6.606344133615493774e-03,2.682524427655152977e-05,2.682524427655152977e-05
1.771880269050598145e+00,1.793833935260772616e+00,1.771907091140747070e+00,1.793860757350921542e+00,8.422784805297851562e-01,8.557351112365723100e-01,8.650150299072265625e-01,8.731789708137511763e-01,1.518679782748222351e-02,1.346895731985569070e-02,4.279096052050590515e-02,4.431600086390972276e-02,6.608998868614435196e-03,7.134921615943312645e-03,2.681964178918860853e-05,2.681964178918860853e-05
1.754545211791992188e+00,1.789033734798431308e+00,1.754572033882141113e+00,1.789060556888580233e+00,8.506766557693481445e-01,8.550427556037902832e-01,8.573923707008361816e-01,8.716426312923430952e-01,8.347204886376857758e-03,1.362247038632631232e-02,3.238486498594284058e-02,4.326293282210826735e-02,5.744105670601129532e-03,5.462969793006778110e-03,2.681952173588797450e-05,2.681952173588797450e-05
1.793627381324768066e+00,1.789974868297576904e+00,1.793654203414916992e+00,1.790001690387725830e+00,8.605026602745056152e-01,8.546460032463073508e-01,8.656079173088073730e-01,8.693330526351928933e-01,1.209681946784257889e-02,1.304079229012131656e-02,4.868260398507118225e-02,4.575500525534152707e-02,6.737493909895420074e-03,7.200005603954196323e-03,2.682551530597265810e-05,2.682551530597265810e-05
1.777822494506835938e+00,1.807359647750854448e+00,1.777849316596984863e+00,1.807386469841003374e+00,8.503335118293762207e-01,8.613255441188811812e-01,8.568270206451416016e-01,8.730832695960998313e-01,1.038850750774145126e-02,1.331763276830315659e-02,4.964677616953849792e-02,4.737292714416981021e-02,1.062681712210178375e-02,1.226030644029378960e-02,2.683039565454237163e-05,2.683039565454237163e-05
1.834876775741577148e+00,1.814742398262023881e+00,1.834903597831726074e+00,1.814769220352172807e+00,8.795931339263916016e-01,8.598375678062438743e-01,8.853982686996459961e-01,8.806755185127258523e-01,8.732259273529052734e-03,1.342646069824695622e-02,4.801098629832267761e-02,4.505211524665355544e-02,1.314218621701002121e-02,1.575073618441820075e-02,2.683018465177156031e-05,2.683018465177156031e-05
1.804743289947509766e+00,1.808377254009246871e+00,1.804770112037658691e+00,1.808404076099395796e+00,8.647924065589904785e-01,8.591267228126525657e-01,8.680544495582580566e-01,8.815965712070464866e-01,1.001019310206174850e-02,1.289102053269743954e-02,5.261162295937538147e-02,4.356036409735679349e-02,9.274608455598354340e-03,1.120257247239351238e-02,2.682884951354935765e-05,2.682884951354935765e-05
1.771358132362365723e+00,1.788295388221740723e+00,1.771384954452514648e+00,1.788322210311889648e+00,8.520353436470031738e-01,8.531186103820800337e-01,8.645368814468383789e-01,8.723131656646728738e-01,1.489535998553037643e-02,1.265616146847605740e-02,3.285687044262886047e-02,4.402361363172531405e-02,7.033647503703832626e-03,6.183831719681620598e-03,2.682980993995442986e-05,2.682980993995442986e-05
1.797699570655822754e+00,1.785359132289886519e+00,1.797726392745971680e+00,1.785385954380035445e+00,8.632436990737915039e-01,8.516103744506835493e-01,8.791525959968566895e-01,8.706663012504577415e-01,1.257889717817306519e-02,1.267852755263447831e-02,3.667448088526725769e-02,4.414783902466297427e-02,6.049912888556718826e-03,6.256096111610531633e-03,2.683069578779395670e-05,2.683069578779395670e-05
1.823553800582885742e+00,1.793502247333526700e+00,1.823580622673034668e+00,1.793529069423675626e+00,8.705596923828125000e-01,8.542764842510223167e-01,8.830980062484741211e-01,8.752125501632690430e-01,1.203835196793079376e-02,1.299798954278230667e-02,4.994924366474151611e-02,4.205637574195861955e-02,7.908482104539871216e-03,8.958871103823184620e-03,2.683011189219541848e-05,2.683011189219541848e-05
1.780981421470642090e+00,1.780832517147064253e+00,1.781008243560791016e+00,1.780859339237213179e+00,8.364408612251281738e-01,8.516793489456176980e-01,8.681292533874511719e-01,8.705431818962097168e-01,1.792478188872337341e-02,1.331503605470061267e-02,5.219464376568794250e-02,3.929118923842907229e-02,6.292042322456836700e-03,6.003773026168346579e-03,2.682730155356694013e-05,2.682730155356694013e-05
1.776672720909118652e+00,1.793463051319122314e+00,1.776699542999267578e+00,1.793489873409271240e+00,8.508738279342651367e-01,8.536233782768249956e-01,8.558398485183715820e-01,8.743687331676482932e-01,1.159798912703990936e-02,1.271900758147239720e-02,4.843707755208015442e-02,3.898056261241435866e-02,9.923985227942466736e-03,1.377141531556844677e-02,2.682896229089237750e-05,2.682896229089237750e-05
1.827521800994873047e+00,1.828436326980590776e+00,1.827548623085021973e+00,1.828463149070739702e+00,8.850512504577636719e-01,8.759061396121978760e-01,8.779385089874267578e-01,8.820967435836791770e-01,1.035186182707548141e-02,1.199688408523797920e-02,3.594746813178062439e-02,3.970730230212211886e-02,1.823268458247184753e-02,1.872924901545047760e-02,2.683219827304128557e-05,2.683219827304128557e-05
1.689641833305358887e+00,1.774708533287048251e+00,1.689668655395507812e+00,1.774735355377197177e+00,7.988859415054321289e-01,8.474472880363463911e-01,8.371680974960327148e-01,8.668399095535278542e-01,1.165898051112890244e-02,1.205102782696485485e-02,3.228372335433959961e-02,4.131280332803725919e-02,9.645131416618824005e-03,7.057518605142832149e-03,2.683484854060225189e-05,2.683484854060225189e-05
1.752070188522338867e+00,1.777780973911285312e+00,1.752097010612487793e+00,1.777807796001434237e+00,8.478409051895141602e-01,8.528364121913909468e-01,8.554481267929077148e-01,8.674590587615966797e-01,7.004951592534780502e-03,1.156166009604930878e-02,3.486391901969909668e-02,3.997454158961773196e-02,6.912241224199533463e-03,5.949261132627725601e-03,2.683363345568068326e-05,2.683363345568068326e-05
1.919055223464965820e+00,1.770540714263916016e+00,1.919082045555114746e+00,1.770567536354064941e+00,9.196270704269409180e-01,8.471954941749573198e-01,9.305707812309265137e-01,8.654599726200103982e-01,1.235747337341308594e-02,1.165787940844893386e-02,5.271510407328605652e-02,3.938586860895156722e-02,3.784920321777462959e-03,6.841526878997683352e-03,2.683464663277845830e-05,2.683464663277845830e-05
1.961542367935180664e+00,1.843856072425842374e+00,1.961569190025329590e+00,1.843882894515991300e+00,9.095300436019897461e-01,8.737132310867309348e-01,9.524049162864685059e-01,8.874147236347198486e-01,1.651235297322273254e-02,1.184166651219129528e-02,4.108202084898948669e-02,3.776936307549476346e-02,4.201306402683258057e-02,3.311707973480224748e-02,2.683327329577878118e-05,2.683327329577878118e-05
1.810036659240722656e+00,1.849611675739288419e+00,1.810063481330871582e+00,1.849638497829437345e+00,8.624888658523559570e-01,8.751228213310241477e-01,8.636757135391235352e-01,8.808009088039397971e-01,1.223104912787675858e-02,1.099135410040616954e-02,3.610499575734138489e-02,4.020904302597046176e-02,3.553601726889610291e-02,4.248753674328327457e-02,2.683631464606150985e-05,2.683631464606150985e-05
1.768345117568969727e+00,1.824833405017852739e+00,1.768371939659118652e+00,1.824860227108001665e+00,8.512613773345947266e-01,8.727216303348541704e-01,8.490132093429565430e-01,8.774040162563323531e-01,6.973011884838342667e-03,1.094067562371492386e-02,3.998957574367523193e-02,4.138074554502964297e-02,2.110790647566318512e-02,2.238632123917341094e-02,2.683751154108904302e-05,2.683751154108904302e-05
1.784952282905578613e+00,1.815887379646301314e+00,1.784979104995727539e+00,1.815914201736450240e+00,8.550441265106201172e-01,8.684818744659423828e-01,8.568055033683776855e-01,8.757544696331024392e-01,9.572751820087432861e-03,1.093963077291846241e-02,4.770556464791297913e-02,4.203574508428573747e-02,1.582436077296733856e-02,1.867567244917154451e-02,2.683750426513142884e-05,2.683750426513142884e-05
1.771125197410583496e+00,1.769623875617980957e+00,1.771152019500732422e+00,1.769650697708129883e+00,8.534576296806335449e-01,8.474731028079987016e-01,8.595764040946960449e-01,8.650314986705780473e-01,8.503058925271034241e-03,1.132368613034486805e-02,4.322675615549087524e-02,3.950395770370960374e-02,6.361347157508134842e-03,6.291632028296590025e-03,2.683480124687775970e-05,2.683480124687775970e-05
1.769440293312072754e+00,1.764762902259826571e+00,1.769467115402221680e+00,1.764789724349975497e+00,8.473690152168273926e-01,8.454812824726104514e-01,8.736801743507385254e-01,8.628767311573029009e-01,8.746562525629997253e-03,1.072433553636074031e-02,3.366633504629135132e-02,3.956365399062633514e-02,5.978187546133995056e-03,6.116905109956860195e-03,2.683846105355769396e-05,2.683846105355769396e-05
1.748536705970764160e+00,1.766498005390167325e+00,1.748563528060913086e+00,1.766524827480316251e+00,8.286645412445068359e-01,8.464307367801666704e-01,8.540779948234558105e-01,8.630749046802520530e-01,1.155719533562660217e-02,1.128729740157723496e-02,4.505652189254760742e-02,3.854325748980045457e-02,9.180453605949878693e-03,7.161773648113012661e-03,2.684076753212139010e-05,2.684076753212139010e-05
1.776868343353271484e+00,1.776878559589385898e+00,1.776895165443420410e+00,1.776905381679534823e+00,8.464685082435607910e-01,8.530596256256103294e-01,8.739454746246337891e-01,8.670278847217559592e-01,1.174400188028812408e-02,1.044785985723137821e-02,3.587221726775169373e-02,3.689166344702243805e-02,8.838223293423652649e-03,9.451500046998262752e-03,2.684026185306720436e-05,2.684026185306720436e-05
1.774063587188720703e+00,1.760816466808319047e+00,1.774090409278869629e+00,1.760843288898467973e+00,8.624566197395324707e-01,8.439362466335296187e-01,8.659476637840270996e-01,8.627662777900695357e-01,8.320839144289493561e-03,1.042395206168294022e-02,3.131510689854621887e-02,3.653045892715454240e-02,6.023373454809188843e-03,7.159535726532340223e-03,2.684148785192519426e-05,2.684148785192519426e-05
1.826920032501220703e+00,1.773501288890838579e+00,1.826946854591369629e+00,1.773528110980987504e+00,8.649028539657592773e-01,8.464871883392334206e-01,8.892115950584411621e-01,8.692677736282348189e-01,1.295464951545000076e-02,9.791420586407185295e-03,4.942241311073303223e-02,3.780682608485221724e-02,1.042867917567491531e-02,1.014808816835284164e-02,2.684435821720398962e-05,2.684435821720398962e-05
1.821276426315307617e+00,1.789457643032073886e+00,1.821303248405456543e+00,1.789484465122222812e+00,8.416944146156311035e-01,8.551199376583099587e-01,9.089694023132324219e-01,8.690534949302672896e-01,1.101866550743579865e-02,9.807290416210890163e-03,3.725140169262886047e-02,3.771485425531864027e-02,2.234266325831413269e-02,1.776207648217677931e-02,2.684636274352669716e-05,2.684636274352669716e-05
1.708890080451965332e+00,1.762356686592102095e+00,1.708916902542114258e+00,1.762383508682251021e+00,8.158220648765563965e-01,8.427626371383667436e-01,8.317459225654602051e-01,8.635718107223511186e-01,9.454591199755668640e-03,9.455887321382760308e-03,4.387657344341278076e-02,3.863322883844375749e-02,7.990918122231960297e-03,7.933120382949710239e-03,2.684710125322453678e-05,2.684710125322453678e-05
1.758630752563476562e+00,1.775642406940460161e+00,1.758657574653625488e+00,1.775669229030609086e+00,8.283905386924743652e-01,8.516912460327148438e-01,8.629856109619140625e-01,8.646218776702880859e-01,1.080999802798032761e-02,9.419040475040673516e-03,4.527566954493522644e-02,3.856663443148136000e-02,1.116881426423788071e-02,1.134357899427413871e-02,2.684738501557148993e-05,2.684738501557148993e-05
1.700321316719055176e+00,1.760037243366241455e+00,1.700348138809204102e+00,1.760064065456390381e+00,8.220118880271911621e-01,8.450781583786011186e-01,8.284027576446533203e-01,8.632664382457733154e-01,8.372546173632144928e-03,1.030386760830879177e-02,3.541354835033416748e-02,3.510081507265568057e-02,6.120546255260705948e-03,6.287966715171932827e-03,2.684213541215285659e-05,2.684213541215285659e-05
1.629019856452941895e+00,1.757142090797424228e+00,1.629046678543090820e+00,1.757168912887573153e+00,7.639921307563781738e-01,8.429348349571228471e-01,8.230924010276794434e-01,8.579999983310699907e-01,8.053014986217021942e-03,9.117368701845407139e-03,2.262781560420989990e-02,3.687434978783130785e-02,1.125442888587713242e-02,1.021554293110966613e-02,2.684432365640532225e-05,2.684432365640532225e-05
1.816836237907409668e+00,1.770417046546935991e+00,1.816863059997558594e+00,1.770443868637084917e+00,8.746165037155151367e-01,8.467704594135284646e-01,8.866070508956909180e-01,8.669544756412506104e-01,8.979748003184795380e-03,9.060865268111228943e-03,3.811996430158615112e-02,3.713182210922241072e-02,8.512940257787704468e-03,1.049944190308451687e-02,2.684605897229630500e-05,2.684605897229630500e-05
1.726598381996154785e+00,1.755672371387481778e+00,1.726625204086303711e+00,1.755699193477630704e+00,8.312673568725585938e-01,8.448767840862274614e-01,8.456578254699707031e-01,8.591131031513213889e-01,8.154300041496753693e-03,8.868885878473519585e-03,3.436847776174545288e-02,3.630909100174904008e-02,7.150418590754270554e-03,6.504533812403678894e-03,2.684619175852276385e-05,2.684619175852276385e-05
1.778061389923095703e+00,1.756711220741272061e+00,1.778088212013244629e+00,1.756738042831420987e+00,8.523055315017700195e-01,8.436885237693786399e-01,8.637796044349670410e-01,8.593973815441131592e-01,7.872302085161209106e-03,8.743536099791527141e-03,4.429531469941139221e-02,3.604176081717014313e-02,9.808578528463840485e-03,8.840009290724992058e-03,2.684746868908405304e-05,2.684746868908405304e-05
1.692589402198791504e+00,1.752835905551910489e+00,1.692616224288940430e+00,1.752862727642059415e+00,8.188057541847229004e-01,8.431998491287231445e-01,8.234694600105285645e-01,8.579930424690246360e-01,6.413954775780439377e-03,8.714943565428257335e-03,3.678050637245178223e-02,3.507691062986850739e-02,7.119765970855951309e-03,7.851167768239974282e-03,2.684844912437256426e-05,2.684844912437256426e-05
1.727623581886291504e+00,1.780504572391510054e+00,1.727650403976440430e+00,1.780531394481658980e+00,8.371596336364746094e-01,8.510166168212890403e-01,8.385299444198608398e-01,8.679713428020476851e-01,8.248160593211650848e-03,8.238986646756530502e-03,3.228526189923286438e-02,3.630794920027256151e-02,1.140054967254400253e-02,1.696967240422964096e-02,2.685004074010066688e-05,2.685004074010066688e-05
1.769621253013610840e+00,1.746555483341217130e+00,1.769648075103759766e+00,1.746582305431366056e+00,8.553488254547119141e-01,8.391029596328735130e-01,8.608157634735107422e-01,8.543712854385375755e-01,1.024310011416673660e-02,8.337029814720153462e-03,3.624715656042098999e-02,3.517631962895393510e-02,6.966508924961090088e-03,9.567886311560868523e-03,2.684957144083455205e-05,2.684957144083455205e-05
1.805509448051452637e+00,1.755295002460479648e+00,1.805536270141601562e+00,1.755321824550628573e+00,8.604454994201660156e-01,8.384866654872894509e-01,8.773123025894165039e-01,8.583259522914886697e-01,9.440979920327663422e-03,8.220874983817339637e-03,4.575572162866592407e-02,3.726273067295551161e-02,1.255488861352205276e-02,1.299879541620612214e-02,2.685231083887629211e-05,2.685231083887629211e-05
1.682174563407897949e+00,1.775340378284454346e+00,1.682201385498046875e+00,1.775367200374603271e+00,8.111819028854370117e-01,8.464291095733642578e-01,8.071839809417724609e-01,8.575161576271057573e-01,6.700520403683185577e-03,9.323653578758240440e-03,2.838069573044776917e-02,3.527988754212856015e-02,2.872737683355808258e-02,2.679160460829734663e-02,2.685082836251240224e-05,2.685082836251240224e-05
1.767262697219848633e+00,1.759861934185028121e+00,1.767289519309997559e+00,1.759888756275177046e+00,8.468102812767028809e-01,8.429417431354522261e-01,8.607906103134155273e-01,8.622963845729827437e-01,6.426150444895029068e-03,8.583418466150760998e-03,4.023917019367218018e-02,3.339970484375953674e-02,1.299656741321086884e-02,1.264067897573113372e-02,2.685029176063835621e-05,2.685029176063835621e-05
1.774326324462890625e+00,1.778057110309600786e+00,1.774353146553039551e+00,1.778083932399749711e+00,8.504527807235717773e-01,8.474252998828888384e-01,8.495314121246337891e-01,8.580937922000885232e-01,1.054592709988355637e-02,8.158300770446658134e-03,3.868244588375091553e-02,3.722959160804748674e-02,2.511369436979293823e-02,2.715011518448591163e-02,2.685519575607031584e-05,2.685519575607031584e-05
1.768912553787231445e+00,1.753291046619415372e+00,1.768939375877380371e+00,1.753317868709564298e+00,8.543377518653869629e-01,8.433793425559997781e-01,8.594357371330261230e-01,8.557723283767699751e-01,9.201535023748874664e-03,8.887296635657548557e-03,3.152461349964141846e-02,3.239212520420551439e-02,1.441293023526668549e-02,1.285999594256281853e-02,2.684820719878189266e-05,2.684820719878189266e-05
1.726262569427490234e+00,1.749471116065979048e+00,1.726289391517639160e+00,1.749497938156127974e+00,8.293982744216918945e-01,8.403940439224243386e-01,8.383105993270874023e-01,8.538101017475128174e-01,7.000580895692110062e-03,7.776450738310814251e-03,3.906271979212760925e-02,3.582140021026134630e-02,1.249033771455287933e-02,1.166915949434041942e-02,2.685255458345636725e-05,2.685255458345636725e-05
1.797267675399780273e+00,1.745196449756622359e+00,1.797294497489929199e+00,1.745223271846771285e+00,8.679934740066528320e-01,8.424767851829528809e-01,8.728615045547485352e-01,8.522818028926849587e-01,6.475962698459625244e-03,7.683461206033826221e-03,4.296214878559112549e-02,3.462364971637725553e-02,6.974574178457260132e-03,8.130733668804169395e-03,2.685381332412362099e-05,2.685381332412362099e-05
1.692271590232849121e+00,1.740370523929595903e+00,1.692298412322998047e+00,1.740397346019744829e+00,8.207846879959106445e-01,8.394497931003570557e-01,8.217334151268005371e-01,8.494354724884033425e-01,4.972291179001331329e-03,7.785300491377711296e-03,3.666950389742851257e-02,3.553219810128212253e-02,8.111741393804550171e-03,8.167721331119537354e-03,2.685400977497920394e-05,2.685400977497920394e-05
1.732326984405517578e+00,1.777387821674346835e+00,1.732353806495666504e+00,1.777414643764495761e+00,8.182624578475952148e-01,8.446438491344452348e-01,8.389112949371337891e-01,8.685397744178772195e-01,7.131216581910848618e-03,8.137616654857992779e-03,3.659856691956520081e-02,3.377597779035568237e-02,3.142348304390907288e-02,2.229058332741260667e-02,2.685155777726322412e-05,2.685155777726322412e-05
1.749207973480224609e+00,1.742566001415252641e+00,1.749234795570373535e+00,1.742592823505401567e+00,8.455070257186889648e-01,8.396926999092102495e-01,8.536588549613952637e-01,8.503251194953918013e-01,6.528663914650678635e-03,7.257960038259625435e-03,3.386078774929046631e-02,3.571167215704917908e-02,9.652696549892425537e-03,9.578567743301392295e-03,2.685546314751263708e-05,2.685546314751263708e-05
1.737459421157836914e+00,1.748095071315765470e+00,1.737486243247985840e+00,1.748121893405914395e+00,8.460722565650939941e-01,8.405743420124054399e-01,8.458661437034606934e-01,8.515542268753051314e-01,8.176522329449653625e-03,7.480495050549507488e-03,2.760458737611770630e-02,3.544220440089702884e-02,9.739881381392478943e-03,1.304377876222133706e-02,2.685588151507545263e-05,2.685588151507545263e-05
1.816712856292724609e+00,1.761153531074523881e+00,1.816739678382873535e+00,1.761180353164672807e+00,8.743034005165100098e-01,8.449466466903686745e-01,8.741610646247863770e-01,8.540222823619842973e-01,6.850453559309244156e-03,7.509297411888837988e-03,4.233776777982711792e-02,3.460047766566276550e-02,1.906009949743747711e-02,2.007481623440980981e-02,2.685478466446511447e-05,2.685478466446511447e-05
1.657939553260803223e+00,1.742417490482330411e+00,1.657966375350952148e+00,1.742444312572479337e+00,8.017375469207763672e-01,8.383206307888031450e-01,8.086447119712829590e-01,8.507295429706573930e-01,6.544286385178565979e-03,7.727448083460331137e-03,2.659458667039871216e-02,3.323375880718230924e-02,1.441837102174758911e-02,1.240610452368855546e-02,2.685330582608003169e-05,2.685330582608003169e-05
1.797820210456848145e+00,1.737508404254913374e+00,1.797847032546997070e+00,1.737535226345062300e+00,8.702536225318908691e-01,8.386114895343780296e-01,8.786512613296508789e-01,8.457131683826446533e-01,8.619914762675762177e-03,7.147113746032118971e-03,2.994584850966930389e-02,3.418493047356605669e-02,1.034948881715536118e-02,1.185168661177158321e-02,2.685511572053655982e-05,2.685511572053655982e-05
1.843949437141418457e+00,1.742492818832397372e+00,1.843976259231567383e+00,1.742519640922546298e+00,8.540335893630981445e-01,8.391097605228423628e-01,9.188613295555114746e-01,8.471734821796417236e-01,9.865826927125453949e-03,7.246350077912211765e-03,4.728104546666145325e-02,3.364994004368782043e-02,1.390766631811857224e-02,1.531330356374382973e-02,2.685620347619988024e-05,2.685620347619988024e-05
1.800711393356323242e+00,1.800372779369354248e+00,1.800738215446472168e+00,1.800399601459503174e+00,8.581375479698181152e-01,8.548489630222320113e-01,8.678686618804931641e-01,8.785637676715850608e-01,1.071874611079692841e-02,7.103073084726930012e-03,4.484215751290321350e-02,3.614696972072124759e-02,1.914433203637599945e-02,2.371001094579696516e-02,2.685978688532486558e-05,2.685978688532486558e-05
1.809568762779235840e+00,1.769110894203186124e+00,1.809595584869384766e+00,1.769137716293335050e+00,8.761628866195678711e-01,8.441422760486603227e-01,8.780148029327392578e-01,8.623608052730560303e-01,5.824243184179067612e-03,7.109040394425392151e-03,3.987086936831474304e-02,3.570602796971798082e-02,9.695969521999359131e-03,1.979269012808799674e-02,2.685831714188680053e-05,2.685831714188680053e-05
1.829952120780944824e+00,1.761355590820312456e+00,1.829978942871093750e+00,1.761382412910461381e+00,8.853269219398498535e-01,8.432566344738006148e-01,8.894321918487548828e-01,8.599460780620574729e-01,6.662092637270689011e-03,7.784534571692347180e-03,3.634079918265342712e-02,3.214072603732347211e-02,1.219008024781942368e-02,1.822758987545967241e-02,2.685878644115291536e-05,2.685878644115291536e-05
1.711790800094604492e+00,1.747511744499206543e+00,1.711817622184753418e+00,1.747538566589355469e+00,8.196740746498107910e-01,8.403128921985626443e-01,8.326768279075622559e-01,8.570202827453613503e-01,7.554919458925724030e-03,7.765132328495382916e-03,3.958370164036750793e-02,3.246350828558206697e-02,1.230130624026060104e-02,9.949918556958436272e-03,2.685988329176325351e-05,2.685988329176325351e-05
1.743829011917114258e+00,1.748025739192962558e+00,1.743855834007263184e+00,1.748052561283111483e+00,8.440120220184326172e-01,8.409858882427215798e-01,8.498760461807250977e-01,8.506093621253967285e-01,5.855555180460214615e-03,7.276766560971736561e-03,2.795729413628578186e-02,3.126321583986282210e-02,1.612811163067817688e-02,1.789050884544849535e-02,2.685990330064669251e-05,2.685990330064669251e-05
1.671731829643249512e+00,1.736433279514312700e+00,1.671758651733398438e+00,1.736460101604461626e+00,8.153549432754516602e-01,8.371618270874023882e-01,8.159133195877075195e-01,8.471882104873657005e-01,5.089356563985347748e-03,7.164235180243849928e-03,2.257435023784637451e-02,3.184797763824463029e-02,1.279988233000040054e-02,1.307104518637061154e-02,2.686031984922010452e-05,2.686031984922010452e-05
1.769624114036560059e+00,1.734047627449035733e+00,1.769650936126708984e+00,1.734074449539184659e+00,8.542571663856506348e-01,8.375537991523742676e-01,8.566346764564514160e-01,8.462051808834075706e-01,6.638008169829845428e-03,6.826388090848923076e-03,4.146026447415351868e-02,3.217194527387619296e-02,1.063396688550710678e-02,1.129030939191579853e-02,2.686150764930061996e-05,2.686150764930061996e-05
1.751128673553466797e+00,1.740215206146240146e+00,1.751155495643615723e+00,1.740242028236389071e+00,8.454244136810302734e-01,8.360057592391967329e-01,8.507870435714721680e-01,8.514796674251556841e-01,7.104281801730394363e-03,7.257478637620806347e-03,3.619177639484405518e-02,3.547271527349948883e-02,1.162110362201929092e-02,9.999615140259265900e-03,2.686443986021913588e-05,2.686443986021913588e-05
2.812876939773559570e+00,2.905336308479308904e+00,2.812903881072998047e+00,2.905363249778747381e+00,1.172262430191040039e+00,1.190902101993560835e+00,1.220121741294860840e+00,1.253543770313263028e+00,7.503465283662080765e-03,9.510668739676476219e-03,3.458561748266220093e-02,3.816928118467331071e-02,3.784036338329315186e-01,4.132104724645614402e-01,2.686568950593937188e-05,2.686568950593937188e-05
1.877833127975463867e+00,1.856240320205688521e+00,1.877859950065612793e+00,1.856267142295837447e+00,8.719127178192138672e-01,8.680347502231597900e-01,8.940553069114685059e-01,8.941716670989989790e-01,1.531584933400154114e-02,1.033712578937411378e-02,5.986983701586723328e-02,5.081112310290336609e-02,3.667926415801048279e-02,3.288563936948776106e-02,2.687300730030983686e-05,2.687300730030983686e-05
1.780818343162536621e+00,1.802172815799713224e+00,1.780845165252685547e+00,1.802199637889862149e+00,8.493233323097229004e-01,8.591941952705383079e-01,8.537359833717346191e-01,8.739927470684051292e-01,6.986812222748994827e-03,8.233218220993876457e-03,5.534782633185386658e-02,4.400743395090103011e-02,1.542441174387931824e-02,1.674520876258611679e-02,2.686915831873193383e-05,2.686915831873193383e-05
1.692882180213928223e+00,1.765187156200408891e+00,1.692909002304077148e+00,1.765213978290557817e+00,8.143620491027832031e-01,8.481872856616974321e-01,8.249122500419616699e-01,8.611970901489257590e-01,8.103383705019950867e-03,8.692493289709090840e-03,3.696667775511741638e-02,3.916607052087783813e-02,8.537740446627140045e-03,7.944193203002214432e-03,2.686245352379046381e-05,2.686245352379046381e-05
1.718703508377075195e+00,1.749946212768554776e+00,1.718730330467224121e+00,1.749973034858703702e+00,8.316726088523864746e-01,8.443215906620025191e-01,8.373695611953735352e-01,8.529834330081940141e-01,1.146417856216430664e-02,8.001780323684214852e-03,3.110918030142784119e-02,3.761970736086368838e-02,7.088058628141880035e-03,7.019705604761838913e-03,2.685882645891979337e-05,2.685882645891979337e-05
1.571435928344726562e+00,1.752673637866973833e+00,1.571462750434875488e+00,1.752700459957122758e+00,7.611662745475769043e-01,8.432064175605773482e-01,7.595805525779724121e-01,8.564768552780150923e-01,5.894432310014963150e-03,7.580980286002158772e-03,3.483637049794197083e-02,3.695528022944927216e-02,9.958284907042980194e-03,8.454138040542602192e-03,2.685949402803089470e-05,2.685949402803089470e-05
1.789045572280883789e+00,1.827706718444824130e+00,1.789072394371032715e+00,1.827733540534973056e+00,8.513892889022827148e-01,8.661556959152221236e-01,8.522242903709411621e-01,8.771824836730957031e-01,1.458129473030567169e-02,8.100859122350811958e-03,2.767659910023212433e-02,3.452917262911796292e-02,4.317419975996017456e-02,4.173853471875190596e-02,2.685741492314264178e-05,2.685741492314264178e-05
1.827562093734741211e+00,1.761313891410827726e+00,1.827588915824890137e+00,1.761340713500976651e+00,8.777036666870117188e-01,8.468848168849945068e-01,8.841793537139892578e-01,8.637480556964873823e-01,8.588313125073909760e-03,8.669497352093458523e-03,4.728154465556144714e-02,3.297386467456817766e-02,9.809265844523906708e-03,9.037694241851568916e-03,2.685404251678846776e-05,2.685404251678846776e-05
1.820970892906188965e+00,1.776533329486846835e+00,1.820997714996337891e+00,1.776560151576995761e+00,8.768275976181030273e-01,8.439276933670043501e-01,8.896210193634033203e-01,8.763669192790984885e-01,9.217999875545501709e-03,9.609053377062082291e-03,3.251221030950546265e-02,3.293602466583252231e-02,1.279215514659881592e-02,1.369360834360122681e-02,2.685254366951994598e-05,2.685254366951994598e-05
1.862178564071655273e+00,1.831676042079925626e+00,1.862205386161804199e+00,1.831702864170074552e+00,8.915607929229736328e-01,8.688777565956116167e-01,8.749627470970153809e-01,8.838182091712951660e-01,8.272245526313781738e-03,8.228594157844781182e-03,3.193238005042076111e-02,3.333803005516529361e-02,5.545029044151306152e-02,3.741344250738620758e-02,2.685462095541879535e-05,2.685462095541879535e-05
1.673548102378845215e+00,1.754584896564483687e+00,1.673574924468994141e+00,1.754611718654632613e+00,8.037571907043457031e-01,8.439850986003876177e-01,8.190656304359436035e-01,8.568642973899841531e-01,5.339358467608690262e-03,6.785611994564533581e-03,3.092333301901817322e-02,3.724577203392982760e-02,1.446264423429965973e-02,9.704130515456200340e-03,2.686103835003450513e-05,2.686103835003450513e-05
1.872329831123352051e+00,1.752636468410492032e+00,1.872356653213500977e+00,1.752663290500640958e+00,9.119675755500793457e-01,8.412376940250396729e-01,9.156644940376281738e-01,8.613375604152679887e-01,7.213850039988756180e-03,7.823104877024889339e-03,3.154747933149337769e-02,3.403008617460727414e-02,5.936529021710157394e-03,8.207979332655667565e-03,2.685768413357436657e-05,2.685768413357436657e-05
1.645681142807006836e+00,1.747138440608978271e+00,1.645707964897155762e+00,1.747165262699127197e+00,7.947074770927429199e-01,8.402508258819579856e-01,7.967883348464965820e-01,8.566531121730804887e-01,7.134325336664915085e-03,7.197821699082851583e-03,3.647899255156517029e-02,3.380207344889640808e-02,1.057201717048883438e-02,9.234578441828488957e-03,2.685928484424948692e-05,2.685928484424948692e-05
1.795072317123413086e+00,1.734580981731414839e+00,1.795099139213562012e+00,1.734607803821563765e+00,8.692413568496704102e-01,8.371822535991668701e-01,8.735053539276123047e-01,8.446851015090942605e-01,6.031679920852184296e-03,6.963657168671488935e-03,3.895859792828559875e-02,3.612758181989193101e-02,7.335390429943799973e-03,9.622391965240239403e-03,2.686102016014046967e-05,2.686102016014046967e-05
1.642088174819946289e+00,1.733627915382385254e+00,1.642114996910095215e+00,1.733654737472534180e+00,7.999787330627441406e-01,8.373392403125763384e-01,8.053346872329711914e-01,8.466591238975524902e-01,3.402675036340951920e-03,6.790540460497140711e-03,2.245116978883743286e-02,3.303082548081874570e-02,1.092091482132673264e-02,9.808148723095655441e-03,2.685811341507360339e-05,2.685811341507360339e-05
1.680423378944396973e+00,1.742147636413574174e+00,1.680450201034545898e+00,1.742174458503723100e+00,8.173187971115112305e-01,8.392679929733276589e-01,8.199345469474792480e-01,8.479290604591369629e-01,4.363302607089281082e-03,6.375695532187819654e-03,2.369176410138607025e-02,3.475720547139644900e-02,1.511496398597955704e-02,1.381765436381101643e-02,2.685842264327220619e-05,2.685842264327220619e-05
1.707793951034545898e+00,1.743025255203247026e+00,1.707820773124694824e+00,1.743052077293395952e+00,8.241703510284423828e-01,8.417237401008605957e-01,8.298058509826660156e-01,8.506700992584228516e-01,8.699589408934116364e-03,6.496228883042931904e-03,3.559114038944244385e-02,3.457781933248042783e-02,9.527098387479782104e-03,9.557353053241967461e-03,2.685937943169847131e-05,2.685937943169847131e-05
1.848561286926269531e+00,1.733797895908355757e+00,1.848588109016418457e+00,1.733824717998504683e+00,8.975812792778015137e-01,8.387329578399658203e-01,9.105514287948608398e-01,8.450051963329314741e-01,7.426185533404350281e-03,6.788844615221023907e-03,2.616346441209316254e-02,3.320059776306152205e-02,6.839061621576547623e-03,1.007028259336948360e-02,2.685817889869213104e-05,2.685817889869213104e-05
1.685684204101562500e+00,1.748304724693298340e+00,1.685711026191711426e+00,1.748331546783447266e+00,8.201240897178649902e-01,8.431373059749602827e-01,8.241236805915832520e-01,8.557047605514526145e-01,7.313015405088663101e-03,7.567304000258445566e-03,2.332313172519207001e-02,3.226892165839671811e-02,1.080028340220451355e-02,9.626445453613996159e-03,2.685666368051897734e-05,2.685666368051897734e-05
1.802047133445739746e+00,1.758436572551727251e+00,1.802073955535888672e+00,1.758463394641876176e+00,8.778516650199890137e-01,8.483038127422333208e-01,8.746711611747741699e-01,8.492659270763397439e-01,6.372380070388317108e-03,6.290145032107829874e-03,2.907588891685009003e-02,3.537118509411811551e-02,1.407609600573778152e-02,1.920548044145107408e-02,2.686092739168088883e-05,2.686092739168088883e-05
1.781541824340820312e+00,1.734692656993865878e+00,1.781568646430969238e+00,1.734719479084014804e+00,8.515194654464721680e-01,8.380148828029632124e-01,8.553591370582580566e-01,8.463241457939147949e-01,7.930598221719264984e-03,6.271704751998186285e-03,5.919412150979042053e-02,3.499385155737400055e-02,7.538454607129096985e-03,9.088054951280354760e-03,2.686068000912200660e-05,2.686068000912200660e-05
1.789863705635070801e+00,1.733435106277465776e+00,1.789890527725219727e+00,1.733461928367614702e+00,8.608123064041137695e-01,8.379418492317199929e-01,8.666594624519348145e-01,8.442170143127440962e-01,1.196257676929235458e-02,6.062306882813573057e-03,3.886242583394050598e-02,3.332028239965438565e-02,1.156686525791883469e-02,1.189366010949015687e-02,2.685810250113718212e-05,2.685810250113718212e-05
1.786024689674377441e+00,1.726069116592407138e+00,1.786051511764526367e+00,1.726095938682556064e+00,8.671400547027587891e-01,8.365866541862487793e-01,8.693630695343017578e-01,8.428500413894652876e-01,7.439204491674900055e-03,6.422946229577064514e-03,3.616200014948844910e-02,3.361107297241687497e-02,5.920336581766605377e-03,6.598412059247493744e-03,2.685791696421802044e-05,2.685791696421802044e-05
1.710425496101379395e+00,1.734952318668365523e+00,1.710452318191528320e+00,1.734979140758514449e+00,8.271018862724304199e-01,8.382359147071838379e-01,8.286715745925903320e-01,8.451015472412108931e-01,5.557871889322996140e-03,6.570506934076547276e-03,3.815572708845138550e-02,3.353887200355529924e-02,1.093858201056718826e-02,1.150551438331604004e-02,2.685975050553679466e-05,2.685975050553679466e-05
1.699859499931335449e+00,1.750294423103332608e+00,1.699886322021484375e+00,1.750321245193481534e+00,8.135414719581604004e-01,8.363241970539092573e-01,8.178976178169250488e-01,8.486595809459686057e-01,6.215982139110565186e-03,6.260635610669851130e-03,3.063930757343769073e-02,3.297927826642989974e-02,3.156523779034614563e-02,2.607069611549377511e-02,2.685933941393159330e-05,2.685933941393159330e-05
1.798316717147827148e+00,1.760941374301910445e+00,1.798343539237976074e+00,1.760968196392059371e+00,8.675748109817504883e-01,8.445220291614532471e-01,8.758189678192138672e-01,8.597595036029815896e-01,5.574367940425872803e-03,6.003755051642656673e-03,3.653693944215774536e-02,3.462100140750408450e-02,1.281168963760137558e-02,1.603512959554791520e-02,2.686307925614528358e-05,2.686307925614528358e-05
1.814330697059631348e+00,1.722733664512634322e+00,1.814357519149780273e+00,1.722760486602783248e+00,8.761999011039733887e-01,8.349095702171325240e-01,8.782528638839721680e-01,8.404443800449371560e-01,5.445847287774085999e-03,5.915979854762554169e-03,4.635143652558326721e-02,3.318759240210056305e-02,8.080720901489257812e-03,8.276130072772502899e-03,2.686155676201451570e-05,2.686155676201451570e-05
1.674466609954833984e+00,1.727701926231384189e+00,1.674493432044982910e+00,1.727728748321533114e+00,8.147057890892028809e-01,8.348760902881622314e-01,8.182561993598937988e-01,8.435241222381592019e-01,5.457507446408271790e-03,6.532716890797018658e-03,2.618103846907615662e-02,3.190166018903255185e-02,9.866069070994853973e-03,1.086732894182205166e-02,2.685957588255405426e-05,2.685957588255405426e-05
1.809719920158386230e+00,1.758836841583252042e+00,1.809746742248535156e+00,1.758863663673400968e+00,8.796158432960510254e-01,8.411772310733794944e-01,8.804422616958618164e-01,8.637790918350219949e-01,6.608529947698116302e-03,7.246288005262613297e-03,2.995739877223968506e-02,3.078303039073944022e-02,1.309585571289062500e-02,1.585120204836130281e-02,2.685851723072119057e-05,2.685851723072119057e-05
1.650172591209411621e+00,1.749366903305053622e+00,1.650199413299560547e+00,1.749393725395202548e+00,7.971453666687011719e-01,8.426841259002685325e-01,7.895461916923522949e-01,8.455682694911956787e-01,3.365368582308292389e-03,5.869021127000451261e-03,3.137344866991043091e-02,3.463462404906749587e-02,2.874203771352767944e-02,2.061088122427463462e-02,2.686493098735809326e-05,2.686493098735809326e-05
1.662145376205444336e+00,1.745007431507110685e+00,1.662172198295593262e+00,1.745034253597259610e+00,8.079784512519836426e-01,8.417484343051910844e-01,8.105263710021972656e-01,8.515430390834808350e-01,4.192665219306945801e-03,6.367456959560513149e-03,2.915462106466293335e-02,3.450591787695884982e-02,1.029329933226108551e-02,1.084255566820502281e-02,2.686343941604718566e-05,2.686343941604718566e-05
1.705946803092956543e+00,1.735192120075225830e+00,1.705973625183105469e+00,1.735218942165374756e+00,8.242930769920349121e-01,8.360244393348693626e-01,8.338233828544616699e-01,8.454256653785705566e-01,6.649436894804239273e-03,5.784488702192902738e-03,2.690205909311771393e-02,3.351084627211094180e-02,1.427878625690937042e-02,1.444669039919972350e-02,2.686156221898272634e-05,2.686156221898272634e-05
1.674188613891601562e+00,1.731153714656829878e+00,1.674215435981750488e+00,1.731180536746978804e+00,8.089845180511474609e-01,8.349232017993927224e-01,8.069527149200439453e-01,8.433848917484283447e-01,5.817933008074760437e-03,6.696652527898550381e-03,3.405543044209480286e-02,3.262958843261003217e-02,1.837805099785327911e-02,1.351937465369701385e-02,2.685810250113718212e-05,2.685810250113718212e-05
1.678200364112854004e+00,1.734659552574157715e+00,1.678227186203002930e+00,1.734686374664306641e+00,8.092961311340332031e-01,8.377284705638885498e-01,8.132665157318115234e-01,8.443727850914001243e-01,3.935775719583034515e-03,6.001430097967386246e-03,3.186316415667533875e-02,3.249025400727987428e-02,1.983864791691303253e-02,1.406661169603467057e-02,2.685903382371179760e-05,2.685903382371179760e-05
1.914039373397827148e+00,1.883295047283172652e+00,1.914066195487976074e+00,1.883321869373321578e+00,9.129925966262817383e-01,8.791420519351959006e-01,9.150006175041198730e-01,8.848862051963806152e-01,8.880904875695705414e-03,6.033076345920563091e-03,2.318355441093444824e-02,3.304719962179660658e-02,5.398178100585937500e-02,8.018650561571120938e-02,2.685876097530126572e-05,2.685876097530126572e-05
1.785360097885131836e+00,1.844382905960082919e+00,1.785386919975280762e+00,1.844409728050231845e+00,8.593010306358337402e-01,8.810200452804565208e-01,8.289754390716552734e-01,8.781092941761017290e-01,6.351712159812450409e-03,6.009944994002580469e-03,2.552217617630958557e-02,3.729672878980636735e-02,6.520963460206985474e-02,4.194685593247413774e-02,2.686028165044263005e-05,2.686028165044263005e-05
1.802064657211303711e+00,1.760318362712860019e+00,1.802091479301452637e+00,1.760345184803008944e+00,8.595969080924987793e-01,8.459880709648132102e-01,8.826820254325866699e-01,8.595677316188812256e-01,7.174303289502859116e-03,6.398852774873375546e-03,4.424837604165077209e-02,3.901391811668872972e-02,8.363114669919013977e-03,9.349835664033889424e-03,2.686151856323704123e-05,2.686151856323704123e-05
1.750568509101867676e+00,1.743656969070434659e+00,1.750595331192016602e+00,1.743683791160583585e+00,8.431683778762817383e-01,8.405349433422089067e-01,8.502812981605529785e-01,8.512769937515258789e-01,6.631370633840560913e-03,7.161920564249158253e-03,3.985925391316413879e-02,3.544053621590137482e-02,1.062813587486743927e-02,9.242518991231917641e-03,2.685534127522259951e-05,2.685534127522259951e-05
1.855046868324279785e+00,1.740341508388519198e+00,1.855073690414428711e+00,1.740368330478668124e+00,8.943768143653869629e-01,8.383694887161254883e-01,8.985552787780761719e-01,8.485688090324401411e-01,7.079847157001495361e-03,6.621432863175869335e-03,4.843622446060180664e-02,3.545204736292362213e-02,6.598802283406257629e-03,1.132972231134772231e-02,2.685566141735762358e-05,2.685566141735762358e-05
1.746961712837219238e+00,1.752645218372344882e+00,1.746988534927368164e+00,1.752672040462493808e+00,8.457191586494445801e-01,8.432451784610748291e-01,8.470875620841979980e-01,8.497953236103057417e-01,5.389283876866102219e-03,6.220300775021314274e-03,3.373760730028152466e-02,3.466528654098510742e-02,1.502796728163957596e-02,1.871914658695459505e-02,2.685535037016961724e-05,2.685535037016961724e-05
1.691521763801574707e+00,1.731349480152130083e+00,1.691548585891723633e+00,1.731376302242279008e+00,8.156751990318298340e-01,8.377406775951385942e-01,8.204677700996398926e-01,8.437790274620056152e-01,4.790381062775850296e-03,6.448077131062745701e-03,4.143542423844337463e-02,3.433917164802550992e-02,9.152849204838275909e-03,9.042517933994530938e-03,2.685450454009696841e-05,2.685450454009696841e-05
1.769581675529479980e+00,1.770432198047637851e+00,1.769608497619628906e+00,1.770459020137786776e+00,8.534458875656127930e-01,8.552155852317809837e-01,8.568302989006042480e-01,8.576991975307464156e-01,6.624473724514245987e-03,5.810275115072727550e-03,3.385546803474426270e-02,3.559995591640472551e-02,1.882563345134258270e-02,1.610718965530395438e-02,2.685677100089378655e-05,2.685677100089378655e-05
1.792689323425292969e+00,1.768213975429534957e+00,1.792716145515441895e+00,1.768240797519683882e+00,8.616945743560791016e-01,8.477496087551117387e-01,8.651463985443115234e-01,8.561480641365051270e-01,7.321892771869897842e-03,5.812091752886772156e-03,3.561701998114585876e-02,3.503545932471752167e-02,2.290946431457996368e-02,2.346876021474599699e-02,2.685470462893135846e-05,2.685470462893135846e-05
1.721986055374145508e+00,1.743108463287353471e+00,1.722012877464294434e+00,1.743135285377502397e+00,8.341521620750427246e-01,8.436530470848083718e-01,8.355764150619506836e-01,8.503292858600616233e-01,7.748176343739032745e-03,6.081054918467998505e-03,3.591853380203247070e-02,3.426810652017593661e-02,8.590963669121265411e-03,8.776973653584718010e-03,2.685163235582876951e-05,2.685163235582876951e-05
1.723427414894104004e+00,1.727383172512054532e+00,1.723454236984252930e+00,1.727409994602203458e+00,8.368098139762878418e-01,8.348665952682494673e-01,8.398334980010986328e-01,8.430521011352538618e-01,6.034539081156253815e-03,5.788731295615434994e-03,3.271447122097015381e-02,3.510509394109249254e-02,8.035045117139816284e-03,8.570654783397912979e-03,2.685341314645484090e-05,2.685341314645484090e-05
1.954308390617370605e+00,1.914105331897735685e+00,1.954335212707519531e+00,1.914132153987884610e+00,9.180051088333129883e-01,8.868092179298401323e-01,9.118327498435974121e-01,8.911546051502228227e-01,6.559038534760475159e-03,6.133735179901123047e-03,4.758622497320175171e-02,3.320544548332691331e-02,7.032538205385208130e-02,9.680233225226402005e-02,2.685111030586995184e-05,2.685111030586995184e-05
1.794529080390930176e+00,1.744140028953552246e+00,1.794555902481079102e+00,1.744166851043701172e+00,8.671629428863525391e-01,8.403274118900299072e-01,8.750345706939697266e-01,8.460454642772674561e-01,5.906322970986366272e-03,5.592549638822674925e-03,3.593181446194648743e-02,3.568312861025333543e-02,1.049342192709445953e-02,1.649147113785147736e-02,2.685364597709849477e-05,2.685364597709849477e-05
1.719296455383300781e+00,1.741550660133361905e+00,1.719323277473449707e+00,1.741577482223510831e+00,8.380634784698486328e-01,8.407631754875183328e-01,8.376413583755493164e-01,8.491566181182861328e-01,3.801924409344792366e-03,6.283429777249693524e-03,3.205775469541549683e-02,3.319520726799964766e-02,7.731929887086153030e-03,1.215221863240003621e-02,2.685120125534012914e-05,2.685120125534012914e-05
1.753444314002990723e+00,1.731121194362640336e+00,1.753471136093139648e+00,1.731148016452789262e+00,8.540157079696655273e-01,8.366182446479797363e-01,8.531875610351562500e-01,8.446079075336456743e-01,3.834784729406237602e-03,5.982720758765935898e-03,3.303241357207298279e-02,3.350663781166076521e-02,9.373750537633895874e-03,1.040569934993982280e-02,2.685122308321297169e-05,2.685122308321297169e-05
1.734169006347656250e+00,1.742342388629913419e+00,1.734195828437805176e+00,1.742369210720062345e+00,8.401204943656921387e-01,8.408718228340148482e-01,8.424632549285888672e-01,8.484272480010985884e-01,5.402066744863986969e-03,6.272508902475238193e-03,3.584406524896621704e-02,3.431079797446727475e-02,1.033902447670698166e-02,1.246003536507487262e-02,2.684982246137224138e-05,2.684982246137224138e-05
1.655708193778991699e+00,1.735425925254821866e+00,1.655735015869140625e+00,1.735452747344970792e+00,8.047001957893371582e-01,8.405873298645019087e-01,8.073040843009948730e-01,8.470732867717742920e-01,5.862637422978878021e-03,5.448909290134906595e-03,3.097031638026237488e-02,3.499506004154682298e-02,6.870951037853956223e-03,7.321365922689437693e-03,2.685018989723175764e-05,2.685018989723175764e-05
1.767533659934997559e+00,1.726210379600524814e+00,1.767560482025146484e+00,1.726237201690673739e+00,8.521339297294616699e-01,8.367732167243957520e-01,8.553900718688964844e-01,8.415064036846160445e-01,5.670867860317230225e-03,5.737100727856159210e-03,4.560890048742294312e-02,3.392131403088569780e-02,8.729758672416210175e-03,8.272337354719638478e-03,2.684780338313430548e-05,2.684780338313430548e-05
1.839941978454589844e+00,1.977971947193145841e+00,1.839968800544738770e+00,1.977998781204223677e+00,8.746717572212219238e-01,9.246045947074890137e-01,8.725085258483886719e-01,9.304283916950225608e-01,4.901046864688396454e-03,5.748527543619275267e-03,3.140605986118316650e-02,3.480322360992431363e-02,5.645467713475227356e-02,8.238721117377281744e-02,2.684784703887999058e-05,2.684784703887999058e-05
1.821492075920104980e+00,1.777635228633880571e+00,1.821518898010253906e+00,1.777662050724029497e+00,8.726487159729003906e-01,8.487594604492187944e-01,8.694512844085693359e-01,8.588885545730591264e-01,5.092340987175703049e-03,6.026559043675661087e-03,4.348113387823104858e-02,3.419373333454132219e-02,3.081854432821273804e-02,2.976695485413074355e-02,2.684393257368355989e-05,2.684393257368355989e-05
1.714556097984313965e+00,1.734340429306030273e+00,1.714582920074462891e+00,1.734367251396179199e+00,8.249571323394775391e-01,8.359599053859710915e-01,8.359097242355346680e-01,8.440746307373047097e-01,6.244638003408908844e-03,5.523261381313204765e-03,3.158416971564292908e-02,3.663643188774586001e-02,1.586044952273368835e-02,1.214620294049382175e-02,2.684270293684676290e-05,2.684270293684676290e-05
1.667051672935485840e+00,1.734983170032501132e+00,1.667078495025634766e+00,1.735009992122650058e+00,8.077117800712585449e-01,8.396138012409209983e-01,8.109008073806762695e-01,8.440250515937804954e-01,6.246013566851615906e-03,5.829410953447222363e-03,3.089620545506477356e-02,3.509268909692764282e-02,1.129697449505329132e-02,1.042223870754241909e-02,2.683891580090858042e-05,2.683891580090858042e-05
1.868294239044189453e+00,1.839972507953643754e+00,1.868321061134338379e+00,1.839999330043792680e+00,8.990514278411865234e-01,8.762150108814239502e-01,8.892076611518859863e-01,8.725224554538726363e-01,3.857208183035254478e-03,5.372274760156869541e-03,3.541719540953636169e-02,3.522572591900825778e-02,4.076073318719863892e-02,5.063705593347549161e-02,2.683989077922888100e-05,2.683989077922888100e-05
1.800698637962341309e+00,1.753924524784088224e+00,1.800725460052490234e+00,1.753951346874237149e+00,8.681581020355224609e-01,8.415251433849334495e-01,8.747295141220092773e-01,8.506087779998778853e-01,6.439633201807737350e-03,5.789198726415633982e-03,2.692492492496967316e-02,3.483184017241001268e-02,2.444633841514587402e-02,2.116954065859317710e-02,2.683755701582413167e-05,2.683755701582413167e-05
1.791462540626525879e+00,1.746670424938201904e+00,1.791489362716674805e+00,1.746697247028350830e+00,8.636387586593627930e-01,8.430017054080962691e-01,8.630335330963134766e-01,8.503594934940338357e-01,8.624201640486717224e-03,5.569008039310574185e-03,4.848892614245414734e-02,3.564973287284374515e-02,7.677047047764062881e-03,1.209048619493842056e-02,2.683783895918168128e-05,2.683783895918168128e-05
1.834202289581298828e+00,1.779037606716155961e+00,1.834229111671447754e+00,1.779064428806304887e+00,8.760856986045837402e-01,8.573308348655700462e-01,8.990005254745483398e-01,8.642091035842895952e-01,8.452165871858596802e-03,5.607290891930460930e-03,3.598178923130035400e-02,3.485082723200320920e-02,1.468217931687831879e-02,1.703956313431263109e-02,2.683470302144996822e-05,2.683470302144996822e-05
1.780572414398193359e+00,1.809433722496032626e+00,1.780599236488342285e+00,1.809460544586181552e+00,8.511595726013183594e-01,8.649848639965057595e-01,8.505975604057312012e-01,8.661573350429534468e-01,3.665069350972771645e-03,5.335870152339339430e-03,4.517804831266403198e-02,3.769482076168060442e-02,2.997210063040256500e-02,3.526079058647155900e-02,2.683444472495466471e-05,2.683444472495466471e-05
1.760230660438537598e+00,1.734402787685394243e+00,1.760257482528686523e+00,1.734429609775543168e+00,8.460749983787536621e-01,8.378137648105621338e-01,8.601877093315124512e-01,8.469562709331512895e-01,6.971288938075304031e-03,5.936622340232134039e-03,3.991521894931793213e-02,3.581131249666213989e-02,7.081561256200075150e-03,7.884809048846364021e-03,2.682976264622993767e-05,2.682976264622993767e-05
1.666883230209350586e+00,1.732778894901275679e+00,1.666910052299499512e+00,1.732805716991424605e+00,8.113948702812194824e-01,8.381464421749115212e-01,8.111327290534973145e-01,8.436902046203613725e-01,4.085465800017118454e-03,5.751004535704850804e-03,3.264444321393966675e-02,3.577665872871875485e-02,7.625857833772897720e-03,9.414627496153116920e-03,2.682827107491903007e-05,2.682827107491903007e-05
1.832133650779724121e+00,1.726033651828765780e+00,1.832160472869873047e+00,1.726060473918914706e+00,8.881110548973083496e-01,8.357659876346588135e-01,8.922111988067626953e-01,8.411750912666320357e-01,1.548717916011810303e-02,5.621898127719760288e-03,3.210291266441345215e-02,3.643378354609012881e-02,4.221238195896148682e-03,7.036892743781208819e-03,2.682937338249757886e-05,2.682937338249757886e-05
1.682841181755065918e+00,1.748703753948211759e+00,1.682868003845214844e+00,1.748730576038360685e+00,8.137788176536560059e-01,8.423845350742340532e-01,8.143853545188903809e-01,8.486993074417114036e-01,4.572737030684947968e-03,5.526886973530054266e-03,3.016616962850093842e-02,3.371539190411567549e-02,1.993812806904315948e-02,1.837765537202358176e-02,2.682648300833534449e-05,2.682648300833534449e-05
1.689503908157348633e+00,1.732029557228088379e+00,1.689530730247497559e+00,1.732056379318237305e+00,8.224590420722961426e-01,8.383332252502441184e-01,8.266137838363647461e-01,8.456579923629761186e-01,5.444712471216917038e-03,5.526025034487247641e-03,2.794960141181945801e-02,3.550852537155151090e-02,7.036642171442508698e-03,7.003822922706603657e-03,2.682496415218338370e-05,2.682496415218338370e-05
1.788134336471557617e+00,1.724693226814270064e+00,1.788161158561706543e+00,1.724720048904418990e+00,8.589600324630737305e-01,8.371558845043182151e-01,8.692092299461364746e-01,8.403615891933441384e-01,4.765406250953674316e-03,5.075230915099382574e-03,4.817997664213180542e-02,3.536161072552203993e-02,7.019746582955121994e-03,6.738938251510262142e-03,2.682670310605317354e-05,2.682670310605317354e-05
1.730907201766967773e+00,1.731016540527343661e+00,1.730934023857116699e+00,1.731043362617492587e+00,8.398255705833435059e-01,8.376993417739868608e-01,8.390225768089294434e-01,8.450862884521483931e-01,4.163805861026048660e-03,5.355733539909124027e-03,3.551013767719268799e-02,3.357622474431991300e-02,1.238497998565435410e-02,9.298946522176266410e-03,2.682407284737564623e-05,2.682407284737564623e-05
1.731981635093688965e+00,1.788127315044403032e+00,1.732008457183837891e+00,1.788154137134551958e+00,8.372663855552673340e-01,8.580857038497924361e-01,8.326508998870849609e-01,8.535767018795012984e-01,3.538985271006822586e-03,5.558966379612684423e-03,3.603966906666755676e-02,3.636988513171672543e-02,2.248566783964633942e-02,3.453606218099593977e-02,2.682684862520545721e-05,2.682684862520545721e-05
1.731849670410156250e+00,1.740309846401214555e+00,1.731876492500305176e+00,1.740336668491363481e+00,8.323498964309692383e-01,8.402215659618377241e-01,8.385028243064880371e-01,8.514621496200561745e-01,5.474583245813846588e-03,6.179175805300474167e-03,4.631180688738822937e-02,3.513819314539432664e-02,9.210617281496524811e-03,7.308779750019311905e-03,2.682272679521702230e-05,2.682272679521702230e-05
1.808222532272338867e+00,1.744217407703399614e+00,1.808249354362487793e+00,1.744244229793548540e+00,8.753210902214050293e-01,8.405834496021270530e-01,8.763446807861328125e-01,8.517580687999725120e-01,6.173777859658002853e-03,5.238001095131039273e-03,4.229564219713211060e-02,3.485137522220611850e-02,8.087226189672946930e-03,1.178649356588721241e-02,2.682022022781893611e-05,2.682022022781893611e-05
1.708668470382690430e+00,1.747879886627197177e+00,1.708695292472839355e+00,1.747906708717346103e+00,8.219906091690063477e-01,8.359480917453765425e-01,8.255270123481750488e-01,8.488237738609314409e-01,4.308862145990133286e-03,5.260694865137338291e-03,3.273026272654533386e-02,3.641532249748706540e-02,2.411170490086078644e-02,2.143201716244220664e-02,2.682030208234209567e-05,2.682030208234209567e-05
1.883134603500366211e+00,1.868080472946167081e+00,1.883161425590515137e+00,1.868107295036316007e+00,8.843129277229309082e-01,8.757835686206817405e-01,8.782608509063720703e-01,8.789574027061461958e-01,5.979893263429403305e-03,5.403834348544478590e-03,2.903781831264495850e-02,3.484270498156547685e-02,8.554312586784362793e-02,7.309294044971466342e-02,2.681595287867821753e-05,2.681595287867821753e-05
1.778292894363403320e+00,1.745265352725982710e+00,1.778319716453552246e+00,1.745292174816131636e+00,8.519018292427062988e-01,8.391029536724090576e-01,8.640640377998352051e-01,8.510630905628204790e-01,7.712634745985269547e-03,5.543147819116711963e-03,3.660279512405395508e-02,3.625032939016818723e-02,1.801152527332305908e-02,1.330580338835716213e-02,2.681586192920804024e-05,2.681586192920804024e-05
1.757759094238281250e+00,1.745155656337737948e+00,1.757785916328430176e+00,1.745182478427886874e+00,8.542079329490661621e-01,8.440932750701903853e-01,8.535817861557006836e-01,8.511542499065398726e-01,3.939749673008918762e-03,5.068157380446791475e-03,3.839602321386337280e-02,3.558640591800212721e-02,7.633680943399667740e-03,9.253563079982995293e-03,2.681584737729281187e-05,2.681584737729281187e-05
1.767537355422973633e+00,1.720943641662597612e+00,1.767564177513122559e+00,1.720970463752746538e+00,8.556463122367858887e-01,8.319577515125274880e-01,8.584095835685729980e-01,8.373505353927612749e-01,5.014747381210327148e-03,5.190539732575416218e-03,3.830011561512947083e-02,3.609437271952629228e-02,1.016654260456562042e-02,1.035045329481363262e-02,2.681437217688653618e-05,2.681437217688653618e-05
1.791145563125610352e+00,1.769289982318878129e+00,1.791172385215759277e+00,1.769316804409027055e+00,8.631676435470581055e-01,8.467350542545318826e-01,8.670536279678344727e-01,8.609911441802978738e-01,4.112160764634609222e-03,4.999305214732885014e-03,3.515308722853660583e-02,3.625712320208549638e-02,2.165910974144935608e-02,2.030735667794942786e-02,2.681418118299916387e-05,2.681418118299916387e-05
1.770723819732666016e+00,1.728901529312133700e+00,1.770750641822814941e+00,1.728928351402282626e+00,8.590034246444702148e-01,8.373144507408142312e-01,8.612172007560729980e-01,8.431896746158600298e-01,4.641715437173843384e-03,5.724923266097903078e-03,3.600986674427986145e-02,3.362222239375114302e-02,9.851612150669097900e-03,9.050257131457328449e-03,2.680870784388389438e-05,2.680870784388389438e-05
1.720815658569335938e+00,1.749969995021820157e+00,1.720842480659484863e+00,1.749996817111969083e+00,8.303688764572143555e-01,8.439845681190490945e-01,8.372594714164733887e-01,8.496430277824401633e-01,4.398152232170104980e-03,5.458564544096588915e-03,3.056562878191471100e-02,3.420750312507152280e-02,1.822360791265964508e-02,1.667634285986423562e-02,2.680800025700591505e-05,2.680800025700591505e-05
1.615177989006042480e+00,1.726606535911560103e+00,1.615204811096191406e+00,1.726633358001709029e+00,7.809512615203857422e-01,8.331185460090637651e-01,7.805954813957214355e-01,8.419321298599242720e-01,4.237735643982887268e-03,5.429831799119710922e-03,3.580978140234947205e-02,3.484529294073581557e-02,1.358361076563596725e-02,1.128075104206800391e-02,2.680763282114639878e-05,2.680763282114639878e-05
1.670791149139404297e+00,1.734897768497467130e+00,1.670817971229553223e+00,1.734924590587616056e+00,8.165215849876403809e-01,8.356937825679778831e-01,8.199711441993713379e-01,8.476035356521606223e-01,3.492237534373998642e-03,5.554683832451700817e-03,2.077544666826725006e-02,3.605968691408634186e-02,1.003076788038015366e-02,9.986101370304822228e-03,2.681200567167252302e-05,2.681200567167252302e-05
1.847950458526611328e+00,1.806934762001037642e+00,1.847977280616760254e+00,1.806961584091186568e+00,8.859335780143737793e-01,8.570776820182800515e-01,8.818481564521789551e-01,8.756925523281097190e-01,4.102268721908330917e-03,5.490168044343590563e-03,4.187301546335220337e-02,3.566975407302379331e-02,3.419354930520057678e-02,3.300459422171116153e-02,2.680904071894474328e-05,2.680904071894474328e-05
1.820352435111999512e+00,1.770453202724456832e+00,1.820379257202148438e+00,1.770480024814605757e+00,8.725337386131286621e-01,8.476502120494842085e-01,8.792217969894409180e-01,8.597016751766204390e-01,9.063318371772766113e-03,5.415432667359709566e-03,4.067641124129295349e-02,3.975366726517677585e-02,1.885721459984779358e-02,1.793224532157182763e-02,2.680868783500045538e-05,2.680868783500045538e-05
1.756353378295898438e+00,1.784319913387298673e+00,1.756380200386047363e+00,1.784346735477447599e+00,8.516150712966918945e-01,8.521265745162963645e-01,8.476082086563110352e-01,8.681456804275512473e-01,4.350218456238508224e-03,5.789534375071525747e-03,3.355302661657333374e-02,4.018743820488453189e-02,1.922695711255073547e-02,1.807067822664976120e-02,2.680612305994145572e-05,2.680612305994145572e-05
1.702957868576049805e+00,1.921123909950256392e+00,1.702984690666198730e+00,1.921150732040405318e+00,8.069933056831359863e-01,9.030271172523498535e-01,8.027267456054687500e-01,9.088317096233368142e-01,6.209001410752534866e-03,5.584109295159578497e-03,3.409977629780769348e-02,4.185792095959186415e-02,5.292906612157821655e-02,6.182301677763461789e-02,2.680454417713917792e-05,2.680454417713917792e-05
1.773972392082214355e+00,1.825169479846954435e+00,1.773999214172363281e+00,1.825196301937103360e+00,8.240661025047302246e-01,8.647831559181213823e-01,8.720945119857788086e-01,8.730429351329803689e-01,6.432258989661931992e-03,5.683463811874389475e-03,3.537566214799880981e-02,4.450647085905075351e-02,3.600383922457695007e-02,3.715343363583088060e-02,2.680600300664082170e-05,2.680600300664082170e-05
1.754701852798461914e+00,1.751937675476074263e+00,1.754728674888610840e+00,1.751964497566223189e+00,8.203430175781250000e-01,8.438082039356231689e-01,8.767485022544860840e-01,8.546164810657501665e-01,7.938148453831672668e-03,5.870055221021175211e-03,4.193779081106185913e-02,4.180762171745300293e-02,7.734286598861217499e-03,5.835298355668783535e-03,2.680147190403658897e-05,2.680147190403658897e-05
1.677416205406188965e+00,1.751494514942169234e+00,1.677443027496337891e+00,1.751521337032318160e+00,8.135336041450500488e-01,8.468163609504699707e-01,8.127266168594360352e-01,8.554694294929504617e-01,1.139006391167640686e-02,5.607048515230417252e-03,3.553995117545127869e-02,3.948900811374187608e-02,4.225899465382099152e-03,4.112644586712121964e-03,2.679886347323190421e-05,2.679886347323190421e-05
1.721773266792297363e+00,1.752156162261962802e+00,1.721800088882446289e+00,1.752182984352111728e+00,8.358521461486816406e-01,8.464920401573181596e-01,8.389583826065063477e-01,8.556552648544311079e-01,4.156151786446571350e-03,5.511789163574576204e-03,3.742441162467002869e-02,3.882009349763393402e-02,5.382237955927848816e-03,5.676968023180961609e-03,2.679825229279231280e-05,2.679825229279231280e-05
1.841238617897033691e+00,1.746212303638458252e+00,1.841265439987182617e+00,1.746239125728607178e+00,8.639092445373535156e-01,8.427061080932617410e-01,9.171701073646545410e-01,8.534397780895233154e-01,9.376120753586292267e-03,5.719410255551338196e-03,4.456189274787902832e-02,3.724554441869258603e-02,6.221303250640630722e-03,7.101462036371230906e-03,2.679636236280202866e-05,2.679636236280202866e-05
1.809165596961975098e+00,1.741097521781921342e+00,1.809192419052124023e+00,1.741124343872070268e+00,8.461254835128784180e-01,8.421307504177093506e-01,9.171875119209289551e-01,8.488123595714569536e-01,7.437467575073242188e-03,5.148966424167155873e-03,3.281767293810844421e-02,3.891541995108127594e-02,5.597357638180255890e-03,6.090017734095454216e-03,2.679915087355766445e-05,2.679915087355766445e-05
1.749862194061279297e+00,1.731041193008422852e+00,1.749889016151428223e+00,1.731068015098571777e+00,8.465012311935424805e-01,8.363785445690155029e-01,8.528202176094055176e-01,8.433155775070190208e-01,5.183305591344833374e-03,5.375969083979725491e-03,3.814041987061500549e-02,3.857984989881515364e-02,7.216951344162225723e-03,7.391279516741633589e-03,2.679873068700544536e-05,2.679873068700544536e-05
1.781525969505310059e+00,1.789263176918029830e+00,1.781552791595458984e+00,1.789289999008178755e+00,8.663958907127380371e-01,8.602999687194824441e-01,8.636370897293090820e-01,8.703593909740447998e-01,5.681841168552637100e-03,5.789238633587956775e-03,2.899063751101493835e-02,3.611325025558471957e-02,1.682059094309806824e-02,1.670132745057344506e-02,2.679461067600641400e-05,2.679461067600641400e-05
1.812218904495239258e+00,1.737190866470336825e+00,1.812245726585388184e+00,1.737217688560485751e+00,8.748784065246582031e-01,8.412931263446807861e-01,8.765773773193359375e-01,8.447983205318451150e-01,5.724060349166393280e-03,5.213159183040261095e-03,5.028588697314262390e-02,3.844801858067512651e-02,4.753073211759328842e-03,7.438216079026460821e-03,2.679730823729187250e-05,2.679730823729187250e-05
1.564440608024597168e+00,1.720760309696197421e+00,1.564467430114746094e+00,1.720787131786346347e+00,7.617856860160827637e-01,8.351003110408783403e-01,7.651740312576293945e-01,8.396414220333099365e-01,3.593456698581576347e-03,5.034274421632289886e-03,2.856122329831123352e-02,3.649565987288951735e-02,5.326243117451667786e-03,4.488671617582440550e-03,2.679529643501155078e-05,2.679529643501155078e-05
1.795950651168823242e+00,1.757000613212585494e+00,1.795977473258972168e+00,1.757027435302734419e+00,8.725360035896301270e-01,8.491483747959136519e-01,8.701379895210266113e-01,8.529427170753478560e-01,5.307401996105909348e-03,5.563838453963398760e-03,3.698750212788581848e-02,3.475368879735470096e-02,1.098162494599819183e-02,1.459199180826544796e-02,2.679283534234855324e-05,2.679283534234855324e-05
1.787608742713928223e+00,1.802698767185211270e+00,1.787635564804077148e+00,1.802725589275360196e+00,8.676798939704895020e-01,8.711244583129882368e-01,8.671334981918334961e-01,8.793465256690978782e-01,8.113240823149681091e-03,4.996838979423046112e-03,3.787157684564590454e-02,3.741167932748794278e-02,6.810447666794061661e-03,9.819293674081564643e-03,2.679581484699156135e-05,2.679581484699156135e-05
1.776081562042236328e+00,1.721774828433990434e+00,1.776108384132385254e+00,1.721801650524139360e+00,8.596436977386474609e-01,8.351132333278655784e-01,8.648567795753479004e-01,8.388057887554168923e-01,5.077331326901912689e-03,5.528747057542205030e-03,4.055357351899147034e-02,3.580973632633686204e-02,5.950252991169691086e-03,6.517341872677206820e-03,2.679269164218567312e-05,2.679269164218567312e-05
1.747924685478210449e+00,1.733759093284606978e+00,1.747951507568359375e+00,1.733785915374755904e+00,8.439472913742065430e-01,8.380569517612457275e-01,8.490449786186218262e-01,8.439052283763885942e-01,6.639651954174041748e-03,5.372930504381656820e-03,3.279740363359451294e-02,3.552242815494537076e-02,1.549545302987098694e-02,1.090154470875859261e-02,2.679176395758986473e-05,2.679176395758986473e-05
1.694888591766357422e+00,1.745796382427215576e+00,1.694915413856506348e+00,1.745823204517364502e+00,8.253460526466369629e-01,8.446474730968475120e-01,8.222735524177551270e-01,8.465407311916350874e-01,5.049447529017925262e-03,4.860831191763281822e-03,3.040778823196887970e-02,3.712805546820163727e-02,1.181168295443058014e-02,1.261926982551813195e-02,2.679214958334341645e-05,2.679214958334341645e-05
1.644313335418701172e+00,1.731836771965026944e+00,1.644340157508850098e+00,1.731863594055175870e+00,7.955723404884338379e-01,8.332149922847748025e-01,7.966098189353942871e-01,8.500583052635193315e-01,4.729271400719881058e-03,5.681189335882663380e-03,3.957605361938476562e-02,3.409096710383892337e-02,7.825852371752262115e-03,8.791286684572695992e-03,2.678508644748944789e-05,2.678508644748944789e-05
1.737895846366882324e+00,1.777421689033508390e+00,1.737922668457031250e+00,1.777448511123657315e+00,8.420647978782653809e-01,8.457963287830352339e-01,8.351126909255981445e-01,8.582155108451843262e-01,4.146103281527757645e-03,5.454667797312140638e-03,3.374948725104331970e-02,3.626680821180343350e-02,2.282288484275341034e-02,3.168838731944560727e-02,2.678840246517211199e-05,2.678840246517211199e-05
1.646398901939392090e+00,1.733061492443084717e+00,1.646425724029541016e+00,1.733088314533233643e+00,7.931156754493713379e-01,8.322940468788146973e-01,8.162080645561218262e-01,8.539821267127990501e-01,4.479716531932353973e-03,5.235425429418683052e-03,2.407365292310714722e-02,3.424070850014686307e-02,8.521759882569313049e-03,7.309196470305323774e-03,2.678885357454419136e-05,2.678885357454419136e-05
1.715848803520202637e+00,1.744277620315551669e+00,1.715875625610351562e+00,1.744304442405700595e+00,8.261249065399169922e-01,8.381877720355987993e-01,8.310264348983764648e-01,8.456232249736785889e-01,5.310634151101112366e-03,4.943010816350579435e-03,3.144968673586845398e-02,3.631823770701884946e-02,2.193711511790752411e-02,1.920537445694208215e-02,2.679147110029589385e-05,2.679147110029589385e-05
1.769331216812133789e+00,1.733009326457977339e+00,1.769358038902282715e+00,1.733036148548126265e+00,8.565987944602966309e-01,8.358969748020171897e-01,8.557153344154357910e-01,8.423558831214904563e-01,4.222487099468708038e-03,5.316628050059080471e-03,3.936061263084411621e-02,3.531893417239188870e-02,1.343396399170160294e-02,1.412092894315719604e-02,2.678826785995624959e-05,2.678826785995624959e-05
1.688027739524841309e+00,1.718226802349090532e+00,1.688054561614990234e+00,1.718253624439239458e+00,8.176038861274719238e-01,8.289043486118317094e-01,8.186700940132141113e-01,8.409935295581817405e-01,3.939217422157526016e-03,5.055918777361512358e-03,4.110440984368324280e-02,3.558673895895481110e-02,6.710079498589038849e-03,7.686250703409313809e-03,2.678890814422629774e-05,2.678890814422629774e-05
1.681202888488769531e+00,1.733871805667877242e+00,1.681229710578918457e+00,1.733898627758026167e+00,8.152483701705932617e-01,8.402016282081603560e-01,8.205010890960693359e-01,8.452486336231231911e-01,4.334157798439264297e-03,4.663552949205040585e-03,3.311466425657272339e-02,3.582714982330799380e-02,8.004602976143360138e-03,7.930840738117695202e-03,2.679077442735433578e-05,2.679077442735433578e-05
1.757147908210754395e+00,1.726225543022155806e+00,1.757174730300903320e+00,1.726252365112304732e+00,8.503975868225097656e-01,8.324097573757172075e-01,8.507448434829711914e-01,8.417370796203613725e-01,4.846788477152585983e-03,5.447596590965986078e-03,4.072136431932449341e-02,3.606444112956523618e-02,1.043728180229663849e-02,1.056671319529414212e-02,2.679069439182057977e-05,2.679069439182057977e-05
1.674567461013793945e+00,1.757925307750701993e+00,1.674594283103942871e+00,1.757952129840850919e+00,8.052485585212707520e-01,8.440455198287963867e-01,8.148159980773925781e-01,8.529105246067046897e-01,6.736983079463243484e-03,5.004366394132375717e-03,3.163602948188781738e-02,3.738973848521709442e-02,1.612998545169830322e-02,1.857515089213847975e-02,2.679150929907336831e-05,2.679150929907336831e-05
1.750028252601623535e+00,1.721704983711242587e+00,1.750055074691772461e+00,1.721731805801391513e+00,8.441323637962341309e-01,8.288311123847961204e-01,8.433940410614013672e-01,8.358550548553467241e-01,4.873854573816061020e-03,4.772775433957576405e-03,3.993005678057670593e-02,3.635567277669906477e-02,1.769778691232204437e-02,1.589039359241723945e-02,2.678897726582363248e-05,2.678897726582363248e-05
1.704243540763854980e+00,1.722724890708923429e+00,1.704270362854003906e+00,1.722751712799072354e+00,8.279352188110351562e-01,8.328520894050598367e-01,8.307237029075622559e-01,8.386317789554595947e-01,3.945551346987485886e-03,4.706216277554631233e-03,3.154935687780380249e-02,3.536612056195735654e-02,1.008961722254753113e-02,1.116865659132599761e-02,2.678482633200474083e-05,2.678482633200474083e-05
1.757704973220825195e+00,1.781892919540405185e+00,1.757731795310974121e+00,1.781919741630554110e+00,8.286986351013183594e-01,8.438191592693329302e-01,8.430527448654174805e-01,8.613686203956604226e-01,5.022149067372083664e-03,4.705037595704198231e-03,3.127394989132881165e-02,3.610075823962688446e-02,4.965744167566299438e-02,3.589935377240181108e-02,2.678289274626877159e-05,2.678289274626877159e-05
2.062421083450317383e+00,1.948408234119415328e+00,2.062447786331176758e+00,1.948435056209564253e+00,9.416650533676147461e-01,9.048068284988403098e-01,9.233512282371520996e-01,9.158492207527160200e-01,3.874388057738542557e-03,5.238277511671185840e-03,3.612539917230606079e-02,3.363422788679600040e-02,1.574049592018127441e-01,8.887967541813850125e-02,2.677964948816224933e-05,2.677964948816224933e-05
1.615361452102661133e+00,1.740995955467224077e+00,1.615388274192810059e+00,1.741022777557373002e+00,7.686746716499328613e-01,8.335670948028564009e-01,7.750666737556457520e-01,8.465718626976013184e-01,3.965211566537618637e-03,5.169182503595948393e-03,4.570909589529037476e-02,4.149795956909656247e-02,2.194572426378726959e-02,1.418987549841404031e-02,2.678539203770924360e-05,2.678539203770924360e-05
1.634062528610229492e+00,1.726135480403900191e+00,1.634089350700378418e+00,1.726162302494049117e+00,7.879685163497924805e-01,8.322896957397460938e-01,7.877913713455200195e-01,8.412230491638184038e-01,3.999350126832723618e-03,5.790630774572491819e-03,4.516157880425453186e-02,3.828304521739482602e-02,9.141732938587665558e-03,8.549079485237597725e-03,2.677949669305235147e-05,2.677949669305235147e-05
1.751949787139892578e+00,1.731290948390960649e+00,1.751976609230041504e+00,1.731317770481109575e+00,8.449606895446777344e-01,8.302752196788787398e-01,8.518221974372863770e-01,8.459323823451996294e-01,5.107629578560590744e-03,5.425134254619479006e-03,3.834346309304237366e-02,3.545244932174682756e-02,1.171585172414779663e-02,1.420574793592095306e-02,2.677498923731036484e-05,2.677498923731036484e-05
1.729742765426635742e+00,1.729214859008789018e+00,1.729769587516784668e+00,1.729241681098937944e+00,8.331886529922485352e-01,8.332082390785217063e-01,8.375499248504638672e-01,8.481964707374572976e-01,8.843182586133480072e-03,7.738324021920562137e-03,4.387618228793144226e-02,3.362880982458591600e-02,6.284814327955245972e-03,6.443017860874533653e-03,2.677066368050873280e-05,2.677066368050873280e-05
1.931882739067077637e+00,1.966274726390838667e+00,1.931909561157226562e+00,1.966301548480987593e+00,9.180295467376708984e-01,9.090908229351043479e-01,8.850985765457153320e-01,9.190183162689209428e-01,4.954308271408081055e-03,5.733508849516510963e-03,4.262782633304595947e-02,3.863569162786006927e-02,8.117242902517318726e-02,9.379643872380256930e-02,2.677107113413512707e-05,2.677107113413512707e-05
1.762563705444335938e+00,1.760162651538848877e+00,1.762590527534484863e+00,1.760189473628997803e+00,8.530545830726623535e-01,8.368344366550445335e-01,8.532129526138305664e-01,8.593053638935088667e-01,3.601618343964219093e-03,7.195331715047359120e-03,4.216276481747627258e-02,3.866767175495624403e-02,1.053171325474977493e-02,1.815985720604658057e-02,2.676860094652511179e-05,2.676860094652511179e-05
1.704170942306518555e+00,1.796544921398162797e+00,1.704197645187377930e+00,1.796571624279022172e+00,8.171982765197753906e-01,8.417789161205291304e-01,8.207165598869323730e-01,8.829433202743530718e-01,5.379889626055955887e-03,7.944494392722845424e-03,2.741258218884468079e-02,3.314136788249015531e-02,3.346355259418487549e-02,3.073685392737388750e-02,2.676193616935051978e-05,2.676193616935051978e-05
2.120507717132568359e+00,2.237443161010742365e+00,2.120534420013427734e+00,2.237469863891601740e+00,8.793161511421203613e-01,9.263399779796600564e-01,9.407876729965209961e-01,1.001926082372665450e+00,1.763029210269451141e-02,1.751051656901836395e-02,3.396393731236457825e-02,4.022379778325557709e-02,2.488096654415130615e-01,2.514428153634071239e-01,2.676697840797714889e-05,2.676697840797714889e-05
1.751347780227661133e+00,1.772307813167572021e+00,1.751374483108520508e+00,1.772334516048431396e+00,8.448961973190307617e-01,8.442791998386383057e-01,8.447321057319641113e-01,8.615113556385040061e-01,4.659717436879873276e-03,6.421937141567468643e-03,4.287270456552505493e-02,4.252578094601631303e-02,1.418700441718101501e-02,1.756955608725547721e-02,2.676137955859303474e-05,2.676137955859303474e-05
1.767899394035339355e+00,1.758212208747863770e+00,1.767926096916198730e+00,1.758238911628723145e+00,8.451333045959472656e-01,8.457165062427520752e-01,8.478363752365112305e-01,8.552171349525451438e-01,4.796373657882213593e-03,4.645374650135636156e-03,5.615196004509925842e-02,4.066026844084262570e-02,1.398135442286729813e-02,1.197291733697056736e-02,2.675845826161094010e-05,2.675845826161094010e-05
1.810777544975280762e+00,1.731550014019012540e+00,1.810804247856140137e+00,1.731576716899871915e+00,8.790841698646545410e-01,8.385726332664489302e-01,8.818771839141845703e-01,8.444361388683319092e-01,5.352808162569999695e-03,5.312499916180967938e-03,4.010354727506637573e-02,3.764968253672122678e-02,4.359899554401636124e-03,5.579062178730965008e-03,2.675288124009966850e-05,2.675288124009966850e-05
1.665164351463317871e+00,1.737514448165893510e+00,1.665191054344177246e+00,1.737541151046752885e+00,7.931517958641052246e-01,8.360639214515686035e-01,8.138610720634460449e-01,8.487388074398041216e-01,4.720361903309822083e-03,4.769195429980754505e-03,4.288735240697860718e-02,3.911814875900745253e-02,1.054383348673582077e-02,8.824400044977665294e-03,2.675305586308240891e-05,2.675305586308240891e-05
1.727701187133789062e+00,1.726133716106414751e+00,1.727727890014648438e+00,1.726160418987274126e+00,8.373855948448181152e-01,8.349918484687804954e-01,8.470762372016906738e-01,8.418701648712157981e-01,4.138842225074768066e-03,5.243548238649964159e-03,3.334447741508483887e-02,3.794661350548267365e-02,5.756064318120479584e-03,6.081569753587245768e-03,2.675393807294312865e-05,2.675393807294312865e-05
1.712932586669921875e+00,1.717522168159484774e+00,1.712959289550781250e+00,1.717548871040344149e+00,8.354662656784057617e-01,8.307609379291533980e-01,8.357440233230590820e-01,8.361297786235809548e-01,3.984422422945499420e-03,5.033235624432563435e-03,3.127998858690261841e-02,3.856263980269432345e-02,6.457854062318801880e-03,7.035547029227018009e-03,2.675334326340816915e-05,2.675334326340816915e-05
1.730382204055786133e+00,1.763219606876373247e+00,1.730408906936645508e+00,1.763246309757232622e+00,8.259575963020324707e-01,8.441290080547332320e-01,8.254618644714355469e-01,8.483503103256225808e-01,6.204792298376560211e-03,4.643438756465912212e-03,4.039791598916053772e-02,3.720421344041824341e-02,3.236008808016777039e-02,2.889262400567531655e-02,2.675248288142029196e-05,2.675248288142029196e-05
1.696268558502197266e+00,1.743793010711669922e+00,1.696295261383056641e+00,1.743819713592529297e+00,8.156822323799133301e-01,8.390087723731994851e-01,8.214828372001647949e-01,8.429869353771209939e-01,3.589151427149772644e-03,4.605901241302490061e-03,3.211446478962898254e-02,3.752034567296504836e-02,2.339981496334075928e-02,1.967104747891425948e-02,2.675271753105334938e-05,2.675271753105334938e-05
2.012645959854125977e+00,2.055349397659301580e+00,2.012672662734985352e+00,2.055376100540160955e+00,9.307258725166320801e-01,9.288137912750243919e-01,9.128932356834411621e-01,9.248120903968810591e-01,4.496498033404350281e-03,4.680872615426778967e-03,5.090859904885292053e-02,4.023191221058368405e-02,1.136217415332794189e-01,1.568107888102531489e-01,2.675236100913025439e-05,2.675236100913025439e-05
1.806915402412414551e+00,1.741090452671051114e+00,1.806942105293273926e+00,1.741117155551910489e+00,8.737702965736389160e-01,8.392509400844574419e-01,8.749263286590576172e-01,8.441868722438812256e-01,5.713321268558502197e-03,5.519294273108243595e-03,4.453664645552635193e-02,4.151073656976222992e-02,7.968897931277751923e-03,1.062261890619993140e-02,2.675178984645754099e-05,2.675178984645754099e-05
1.743981957435607910e+00,1.751691699028015137e+00,1.744008660316467285e+00,1.751718401908874512e+00,8.521285653114318848e-01,8.396948695182799849e-01,8.480437397956848145e-01,8.614872157573699729e-01,5.012996029108762741e-03,7.279534917324781071e-03,3.027226030826568604e-02,3.425662480294704160e-02,8.524429984390735626e-03,8.973450493067502629e-03,2.674277493497356772e-05,2.674277493497356772e-05
2.278377771377563477e+00,2.591833806037902921e+00,2.278404474258422852e+00,2.591860508918762296e+00,9.662556648254394531e-01,1.048804712295532182e+00,9.963242411613464355e-01,1.095280134677886874e+00,5.288901273161172867e-03,6.107987137511372566e-03,4.171972349286079407e-02,4.092304930090904375e-02,2.687891423702239990e-01,4.007179319858550914e-01,2.674479401321150362e-05,2.674479401321150362e-05
1.903632760047912598e+00,1.895321702957153409e+00,1.903659462928771973e+00,1.895348405838012784e+00,8.564355373382568359e-01,8.746432781219481978e-01,8.681734204292297363e-01,9.140025854110718218e-01,5.411307327449321747e-03,6.527700275182723826e-03,4.790421947836875916e-02,4.601175412535667142e-02,1.257083714008331299e-01,5.413639955222606520e-02,2.674848656170070171e-05,2.674848656170070171e-05
1.834700703620910645e+00,1.813271141052246183e+00,1.834727406501770020e+00,1.813297843933105558e+00,8.749799728393554688e-01,8.497169315814971924e-01,8.798555135726928711e-01,8.945929884910583940e-01,6.243140436708927155e-03,6.622208515182137489e-03,5.134505033493041992e-02,4.503709971904754777e-02,2.227698080241680145e-02,1.730187293142080446e-02,2.674644565558992326e-05,2.674644565558992326e-05
1.831108808517456055e+00,1.800238084793090776e+00,1.831135511398315430e+00,1.800264787673950151e+00,8.801771998405456543e-01,8.450357139110564741e-01,8.856958150863647461e-01,8.888644218444824441e-01,5.043532699346542358e-03,6.246089003980159760e-03,4.561507329344749451e-02,4.216821081936359544e-02,1.457730494439601898e-02,1.792361475527286599e-02,2.674144707270897925e-05,2.674144707270897925e-05
1.738505005836486816e+00,1.798474156856536776e+00,1.738531708717346191e+00,1.798500859737396151e+00,8.423039317131042480e-01,8.497851669788361040e-01,8.369276523590087891e-01,8.819620966911315696e-01,3.605096368119120598e-03,5.414938554167747498e-03,4.263518378138542175e-02,4.191448464989662448e-02,1.303305476903915405e-02,1.939746439456939767e-02,2.673841663636267185e-05,2.673841663636267185e-05
1.851177692413330078e+00,1.906716287136077881e+00,1.851204395294189453e+00,1.906742990016937256e+00,8.700312376022338867e-01,8.827790081501006858e-01,8.896251916885375977e-01,9.195084869861602783e-01,9.802894666790962219e-03,7.246427610516548504e-03,3.842027112841606140e-02,4.093257561326026778e-02,4.329798743128776550e-02,5.624980404973030368e-02,2.673582275747321546e-05,2.673582275747321546e-05
1.961716055870056152e+00,1.963328886032104537e+00,1.961742758750915527e+00,1.963355588912963912e+00,9.060479998588562012e-01,8.952867567539215532e-01,9.055272936820983887e-01,9.182405114173889382e-01,5.672059953212738037e-03,6.016943603754043579e-03,4.033900797367095947e-02,3.895981162786484042e-02,1.041296720504760742e-01,1.048248887062072782e-01,2.673389099072664976e-05,2.673389099072664976e-05
1.832280516624450684e+00,1.817352139949798495e+00,1.832307219505310059e+00,1.817378842830657870e+00,8.498355150222778320e-01,8.654315114021301492e-01,8.900160789489746094e-01,8.740149080753326638e-01,1.087894383817911148e-02,5.814082454890012741e-03,4.910905659198760986e-02,3.980634436011314115e-02,3.244092315435409546e-02,3.228529486805200438e-02,2.673207745829131454e-05,2.673207745829131454e-05
1.741969227790832520e+00,1.743387889862060502e+00,1.741995930671691895e+00,1.743414592742919877e+00,8.421096801757812500e-01,8.375866413116455078e-01,8.453885912895202637e-01,8.483512043952942117e-01,3.294620197266340256e-03,4.865606687963009228e-03,3.883106634020805359e-02,4.261047765612602234e-02,1.234516408294439316e-02,9.974004235118627548e-03,2.673204289749264717e-05,2.673204289749264717e-05
1.693044304847717285e+00,1.769867706298828169e+00,1.693071007728576660e+00,1.769894409179687544e+00,8.255757093429565430e-01,8.539487659931183083e-01,8.179132342338562012e-01,8.582608103752136230e-01,4.829820711165666580e-03,4.787188163027167667e-03,3.367637842893600464e-02,3.818279132246971130e-02,1.104922126978635788e-02,1.468814658001065324e-02,2.672889240784570575e-05,2.672889240784570575e-05
1.634526491165161133e+00,1.723775160312652543e+00,1.634553194046020508e+00,1.723801863193511918e+00,7.954448461532592773e-01,8.352166175842284934e-01,7.901886701583862305e-01,8.394972562789917436e-01,3.729791147634387016e-03,4.634378151968121876e-03,3.959261626005172729e-02,3.905147500336170197e-02,5.570478271692991257e-03,5.375431105494499380e-03,2.672927075764164329e-05,2.672927075764164329e-05
1.738510251045227051e+00,1.724899101257324263e+00,1.738536953926086426e+00,1.724925804138183638e+00,8.450502157211303711e-01,8.347472250461578369e-01,8.460385799407958984e-01,8.396698951721190962e-01,3.605598816648125648e-03,4.570874711498617779e-03,3.671805188059806824e-02,3.912314474582671842e-02,7.097794208675622940e-03,6.787914643064140927e-03,2.672899063327349722e-05,2.672899063327349722e-05
1.646732449531555176e+00,1.716532087326049894e+00,1.646759152412414551e+00,1.716558790206909269e+00,7.970517277717590332e-01,8.316261053085327593e-01,8.017708063125610352e-01,8.356281578540801780e-01,3.681877860799431801e-03,4.546548984944820231e-03,3.782743960618972778e-02,3.881026208400726457e-02,6.400434765964746475e-03,5.921010300517082561e-03,2.672844493645243347e-05,2.672844493645243347e-05
1.626406431198120117e+00,1.720793139934539751e+00,1.626433134078979492e+00,1.720819842815399126e+00,7.895818948745727539e-01,8.324902117252349631e-01,7.934431433677673340e-01,8.373742103576660156e-01,3.832267131656408310e-03,5.040679592639207840e-03,2.822279930114746094e-02,3.707518801093101501e-02,1.132642943412065506e-02,8.812829200178385475e-03,2.672644222911912948e-05,2.672644222911912948e-05
1.746445059776306152e+00,1.721707534790039018e+00,1.746471762657165527e+00,1.721734237670898393e+00,8.437044620513916016e-01,8.325732588768005593e-01,8.495669364929199219e-01,8.377231597900390847e-01,3.745739348232746124e-03,4.437485896050930197e-03,3.939391300082206726e-02,3.817060478031635007e-02,1.003398653119802475e-02,8.803028706461190830e-03,2.672680238902103156e-05,2.672680238902103156e-05
1.716510653495788574e+00,1.729258704185485884e+00,1.716537356376647949e+00,1.729285407066345259e+00,8.343291282653808594e-01,8.370320260524749534e-01,8.296936154365539551e-01,8.405678808689117654e-01,4.277128260582685471e-03,4.510573204606771122e-03,3.977318480610847473e-02,3.798286654055118422e-02,8.437578566372394562e-03,9.165348671376704476e-03,2.672822665772400796e-05,2.672822665772400796e-05
1.714663863182067871e+00,1.741428947448730558e+00,1.714690566062927246e+00,1.741455650329589933e+00,8.269552588462829590e-01,8.400226056575774702e-01,8.329340219497680664e-01,8.468831002712249312e-01,5.802862346172332764e-03,4.421814484521746982e-03,3.789437934756278992e-02,3.793766982853412351e-02,1.107735000550746918e-02,1.216377709060907295e-02,2.672834125405643135e-05,2.672834125405643135e-05
1.772068023681640625e+00,1.726835453510284335e+00,1.772094726562500000e+00,1.726862156391143710e+00,8.564196825027465820e-01,8.353138864040374756e-01,8.641953468322753906e-01,8.389191210269928423e-01,6.801033858209848404e-03,4.815724445506930351e-03,3.583879023790359497e-02,3.777275606989860535e-02,8.813088759779930115e-03,1.001399541273713042e-02,2.672769369382876903e-05,2.672769369382876903e-05
1.684965968132019043e+00,1.703690850734710605e+00,1.684992671012878418e+00,1.703717553615569980e+00,8.198246955871582031e-01,8.249498963356017844e-01,8.240893483161926270e-01,8.295415222644806352e-01,4.229381214827299118e-03,4.835851490497589111e-03,3.130228072404861450e-02,3.769495598971843442e-02,5.520189646631479263e-03,6.668641325086354862e-03,2.672721166163682938e-05,2.672721166163682938e-05
1.516934514045715332e+00,1.709998452663421542e+00,1.516961216926574707e+00,1.710025155544280917e+00,7.347223758697509766e-01,8.285965740680694136e-01,7.427102923393249512e-01,8.327325403690337691e-01,3.620177973061800003e-03,4.516371712088585073e-03,2.735124900937080383e-02,3.712253198027611056e-02,8.530356921255588531e-03,7.030433462932706053e-03,2.672502523637376726e-05,2.672502523637376726e-05
1.689943194389343262e+00,1.719463241100311235e+00,1.689969897270202637e+00,1.719489943981170610e+00,8.187729120254516602e-01,8.284094035625457764e-01,8.203653097152709961e-01,8.366956233978271040e-01,4.505896009504795074e-03,4.783577239140868360e-03,3.656063973903656006e-02,3.637605793774127683e-02,9.738394990563392639e-03,1.319856978952884709e-02,2.672346454346552491e-05,2.672346454346552491e-05
1.717376828193664551e+00,1.713288605213165283e+00,1.717403531074523926e+00,1.713315308094024658e+00,8.316681981086730957e-01,8.292811989784241167e-01,8.322682380676269531e-01,8.361752450466155562e-01,4.620092920958995819e-03,5.087151890620589256e-03,4.054038226604461670e-02,3.620032928884029527e-02,8.280047215521335602e-03,6.544697005301714290e-03,2.672543269000016153e-05,2.672543269000016153e-05
1.611283659934997559e+00,1.707107055187225386e+00,1.611310362815856934e+00,1.707133758068084761e+00,7.854036092758178711e-01,8.254220306873321089e-01,7.815288305282592773e-01,8.330145657062530962e-01,4.090176895260810852e-03,4.693138925358652895e-03,3.048165701329708099e-02,3.544131740927695950e-02,9.779384359717369080e-03,8.535984065383672367e-03,2.672497430467046797e-05,2.672497430467046797e-05
1.706715226173400879e+00,1.726158893108368009e+00,1.706741929054260254e+00,1.726185595989227384e+00,8.233160972595214844e-01,8.308811068534851518e-01,8.249696493148803711e-01,8.360291898250580278e-01,4.615258891135454178e-03,4.502406157553195780e-03,3.925454244017601013e-02,3.685059174895286699e-02,1.455960515886545181e-02,1.789556704461574624e-02,2.672539267223328352e-05,2.672539267223328352e-05
1.748469591140747070e+00,1.729380989074706942e+00,1.748496294021606445e+00,1.729407691955566317e+00,8.347318172454833984e-01,8.294094204902648926e-01,8.414272069931030273e-01,8.340648591518402544e-01,4.749310668557882309e-03,4.839205229654908007e-03,3.704676032066345215e-02,3.536270670592785159e-02,3.051453270018100739e-02,2.570481132715940475e-02,2.672395021363627166e-05,2.672395021363627166e-05
1.718197464942932129e+00,1.715980768203735352e+00,1.718224167823791504e+00,1.716007471084594727e+00,8.279360532760620117e-01,8.245063960552215798e-01,8.358768224716186523e-01,8.355451881885528342e-01,4.738295450806617737e-03,4.975074995309114109e-03,4.012841731309890747e-02,4.044937640428543368e-02,9.517840109765529633e-03,1.050474280491471221e-02,2.672521623026113957e-05,2.672521623026113957e-05
1.722482562065124512e+00,1.720396769046783403e+00,1.722509264945983887e+00,1.720423471927642778e+00,8.239015340805053711e-01,8.250800848007202593e-01,8.397426605224609375e-01,8.324519097805023193e-01,5.111539270728826523e-03,5.390544608235359365e-03,3.787728026509284973e-02,4.103443734347820421e-02,1.584946364164352417e-02,1.643979251384735177e-02,2.672654591151513159e-05,2.672654591151513159e-05
1.818359255790710449e+00,1.911753106117248580e+00,1.818385958671569824e+00,1.911779808998107955e+00,8.554956912994384766e-01,8.765225946903228982e-01,8.582854270935058594e-01,8.651440978050232156e-01,5.239437334239482880e-03,4.922513850033283234e-03,2.932802401483058929e-02,4.349343292415142059e-02,7.001067698001861572e-02,1.216705009341239874e-01,2.672981645446270704e-05,2.672981645446270704e-05
1.800794243812561035e+00,1.788564777374267667e+00,1.800820946693420410e+00,1.788591480255127042e+00,8.371986150741577148e-01,8.461400389671325240e-01,8.612005710601806641e-01,8.481152772903441939e-01,6.965243723243474960e-03,4.680138407275080334e-03,5.362402275204658508e-02,4.029975049197673936e-02,4.180572554469108582e-02,4.932960234582424441e-02,2.672451591934077442e-05,2.672451591934077442e-05
1.796025753021240234e+00,1.741213595867157071e+00,1.796052455902099609e+00,1.741240298748016446e+00,8.607676029205322266e-01,8.285732924938201682e-01,8.585027456283569336e-01,8.417265176773071067e-01,4.490829538553953171e-03,4.573089769110083580e-03,4.983894154429435730e-02,4.100095592439174930e-02,2.242563478648662567e-02,2.533976379781961372e-02,2.672353002708405256e-05,2.672353002708405256e-05
1.683980226516723633e+00,1.721569335460662931e+00,1.684006929397583008e+00,1.721596038341522306e+00,8.127316236495971680e-01,8.286347329616546853e-01,8.124024868011474609e-01,8.410733163356780562e-01,3.640088718384504318e-03,5.355306388810277159e-03,4.231696948409080505e-02,3.800631724298000197e-02,1.288910023868083954e-02,8.499669656157494285e-03,2.671913171070627868e-05,2.671913171070627868e-05
1.707387328147888184e+00,1.734135544300079435e+00,1.707414031028747559e+00,1.734162247180938810e+00,8.195714950561523438e-01,8.312504589557647705e-01,8.254835009574890137e-01,8.419099688529968484e-01,5.194265861064195633e-03,4.960692021995782852e-03,3.404784575104713440e-02,3.621542751789093295e-02,2.309014834463596344e-02,1.979900468140840392e-02,2.671885522431693971e-05,2.671885522431693971e-05
1.655544757843017578e+00,1.712140035629272417e+00,1.655571460723876953e+00,1.712166738510131792e+00,8.034143447875976562e-01,8.254485785961150901e-01,8.027494549751281738e-01,8.340706944465636763e-01,3.175467718392610550e-03,4.340337123721837997e-03,3.652758896350860596e-02,3.844173401594162126e-02,9.677887894213199615e-03,9.838670492172241211e-03,2.671998299774713814e-05,2.671998299774713814e-05
1.641749620437622070e+00,1.709620189666748002e+00,1.641776323318481445e+00,1.709646892547607377e+00,7.851661443710327148e-01,8.271861314773559792e-01,7.962316274642944336e-01,8.312729239463806374e-01,6.735606119036674500e-03,4.526819335296750069e-03,3.880537673830986023e-02,3.821193799376487732e-02,1.481094304472208023e-02,8.422367274761199951e-03,2.671848596946801990e-05,2.671848596946801990e-05
1.651524782180786133e+00,1.718162286281585738e+00,1.651551485061645508e+00,1.718188989162445113e+00,7.909040451049804688e-01,8.276385605335235818e-01,8.047081232070922852e-01,8.345362484455108865e-01,4.277852829545736313e-03,4.492418561130762274e-03,3.912248462438583374e-02,4.206874184310436388e-02,1.251226663589477539e-02,9.426319971680641174e-03,2.671935362741351128e-05,2.671935362741351128e-05
1.765086770057678223e+00,1.722123157978057817e+00,1.765113472938537598e+00,1.722149860858917192e+00,8.476251363754272461e-01,8.303935408592224565e-01,8.501690030097961426e-01,8.361259281635284868e-01,4.146557766944169998e-03,4.582091839984059681e-03,5.388277769088745117e-02,3.952391371130943576e-02,9.263107553124427795e-03,1.149769118055701290e-02,2.671636320883408189e-05,2.671636320883408189e-05
1.762734174728393555e+00,1.723986542224884122e+00,1.762760877609252930e+00,1.724013245105743497e+00,8.524129986763000488e-01,8.294884979724883589e-01,8.564695119857788086e-01,8.366352319717407227e-01,4.273717757314443588e-03,4.440741986036301006e-03,3.985447064042091370e-02,3.969729878008365631e-02,9.723274037241935730e-03,1.372481165453791688e-02,2.671702713996637613e-05,2.671702713996637613e-05
1.740098714828491211e+00,1.709214758872985795e+00,1.740125417709350586e+00,1.709241461753845170e+00,8.398156166076660156e-01,8.274257659912109819e-01,8.440396785736083984e-01,8.318069577217102051e-01,4.569555632770061493e-03,4.826272511854768146e-03,4.546255245804786682e-02,3.862156197428703169e-02,6.211282219737768173e-03,6.534175807610153805e-03,2.671767651918344200e-05,2.671767651918344200e-05
1.728284120559692383e+00,1.801086318492889360e+00,1.728310823440551758e+00,1.801113021373748735e+00,8.245001435279846191e-01,8.554198026657104936e-01,8.247476220130920410e-01,8.595889985561371294e-01,4.039830062538385391e-03,4.431267036125063896e-03,5.392469093203544617e-02,3.939161337912082395e-02,2.107178978621959686e-02,4.225464649498462955e-02,2.672074151632841676e-05,2.672074151632841676e-05
1.803322076797485352e+00,1.711924672126770020e+00,1.803348779678344727e+00,1.711951375007629395e+00,8.013731837272644043e-01,8.267731845378876177e-01,9.372770190238952637e-01,8.335749328136443648e-01,6.618717685341835022e-03,4.673444712534546679e-03,5.049028247594833374e-02,3.936268500983715335e-02,7.562926039099693298e-03,7.540455786511301994e-03,2.672192385944072157e-05,2.672192385944072157e-05
1.618497610092163086e+00,1.733827126026153520e+00,1.618524312973022461e+00,1.733853828907012895e+00,7.769124507904052734e-01,8.318814277648926003e-01,7.865148782730102539e-01,8.415747642517089622e-01,3.499259473755955696e-03,4.410065338015555989e-03,3.102290444076061249e-02,4.028595350682735721e-02,2.054807171225547791e-02,1.567488359287381311e-02,2.672220216481946409e-05,2.672220216481946409e-05
1.593824386596679688e+00,1.723780941963195756e+00,1.593851089477539062e+00,1.723807644844055131e+00,7.737857103347778320e-01,8.264275848865508811e-01,7.743053436279296875e-01,8.481960773468018022e-01,4.934505559504032135e-03,5.164595041424036199e-03,3.267640620470046997e-02,3.716599717736244340e-02,8.122272789478302002e-03,6.826677080243826086e-03,2.671965194167569280e-05,2.671965194167569280e-05
1.791865944862365723e+00,1.738558530807495117e+00,1.791892647743225098e+00,1.738585233688354492e+00,8.648998141288757324e-01,8.351680517196655718e-01,8.688048720359802246e-01,8.447347223758697732e-01,4.675284493714570999e-03,5.186605267226696014e-03,3.914457187056541443e-02,3.737861439585685869e-02,1.434142328798770905e-02,1.609053881838917732e-02,2.671818219823762774e-05,2.671818219823762774e-05
1.653048396110534668e+00,1.750210964679717929e+00,1.653075098991394043e+00,1.750237667560577304e+00,7.916297912597656250e-01,8.332681298255920632e-01,7.973153591156005859e-01,8.413684964179992676e-01,3.574909409508109093e-03,4.690760653465986599e-03,3.027467429637908936e-02,3.964018672704696516e-02,3.025367297232151031e-02,3.124339710921049049e-02,2.672189111763145775e-05,2.672189111763145775e-05
1.700772523880004883e+00,1.774336040019989014e+00,1.700799226760864258e+00,1.774362742900848389e+00,8.062926530838012695e-01,8.412746310234069380e-01,8.036792278289794922e-01,8.473635435104369673e-01,3.769092960283160210e-03,5.200011376291513616e-03,4.122024402022361755e-02,4.076156057417392592e-02,4.581144824624061584e-02,3.973630703985690793e-02,2.672423033800441772e-05,2.672423033800441772e-05
1.761744022369384766e+00,1.752237093448638872e+00,1.761770725250244141e+00,1.752263796329498247e+00,8.430099487304687500e-01,8.362332224845886453e-01,8.567306995391845703e-01,8.536762952804565208e-01,5.211540497839450836e-03,4.414307558909058918e-03,3.899298980832099915e-02,4.084800183773040771e-02,1.779875718057155609e-02,1.706527918577194214e-02,2.672268419701140374e-05,2.672268419701140374e-05
1.760558843612670898e+00,1.741304504871368453e+00,1.760585546493530273e+00,1.741331207752227828e+00,8.501043319702148438e-01,8.310985267162322998e-01,8.572450876235961914e-01,8.489956021308898704e-01,5.578444339334964752e-03,4.376864572986960238e-03,3.511724248528480530e-02,4.131128974258899827e-02,1.251372881233692169e-02,1.552221039310097694e-02,2.672215487109497190e-05,2.672215487109497190e-05
1.739846825599670410e+00,1.717009139060974077e+00,1.739873528480529785e+00,1.717035841941833452e+00,8.462708592414855957e-01,8.305253505706786665e-01,8.453851938247680664e-01,8.365364730358123557e-01,3.973400220274925232e-03,4.414329957216978247e-03,3.744876757264137268e-02,3.761775642633437972e-02,6.768625695258378983e-03,7.915232749655842087e-03,2.671802940312772989e-05,2.671802940312772989e-05
1.630811810493469238e+00,1.706115591526031539e+00,1.630838513374328613e+00,1.706142294406890914e+00,7.921240329742431641e-01,8.266122996807098167e-01,7.959161400794982910e-01,8.317299306392669234e-01,3.225757507607340813e-03,5.191195057705044746e-03,3.403135389089584351e-02,3.698287680745124956e-02,5.514461547136306763e-03,5.599308665841818203e-03,2.671739639481529593e-05,2.671739639481529593e-05
1.725007176399230957e+00,1.704332852363586337e+00,1.725033879280090332e+00,1.704359555244445712e+00,8.421519994735717773e-01,8.253725230693816917e-01,8.420779705047607422e-01,8.316436827182769331e-01,5.274903494864702225e-03,4.572950163856148373e-03,3.106420673429965973e-02,3.772833533585071702e-02,4.438153002411127090e-03,5.015362938866019422e-03,2.671646507224068046e-05,2.671646507224068046e-05
1.696071982383728027e+00,1.744762897491455078e+00,1.696098685264587402e+00,1.744789600372314453e+00,8.194166421890258789e-01,8.412238657474517822e-01,8.173721432685852051e-01,8.491962969303130659e-01,3.458208171650767326e-03,4.182114824652671467e-03,4.634855687618255615e-02,3.832871690392494063e-02,9.476298466324806213e-03,1.183191845193505218e-02,2.671774018381256610e-05,2.671774018381256610e-05
1.640879392623901367e+00,1.706196701526641935e+00,1.640906095504760742e+00,1.706223404407501310e+00,7.956140637397766113e-01,8.251175642013549583e-01,7.964068055152893066e-01,8.303424239158629927e-01,4.753093700855970383e-03,4.873189702630042683e-03,3.513626381754875183e-02,3.871444016695022722e-02,8.969182148575782776e-03,7.149101793766021382e-03,2.671848778845742345e-05,2.671848778845742345e-05
1.711196660995483398e+00,1.698839974403381303e+00,1.711223363876342773e+00,1.698866677284240678e+00,8.263166546821594238e-01,8.221219062805176225e-01,8.337176442146301270e-01,8.276054441928863969e-01,4.042946733534336090e-03,4.683919437229633505e-03,4.015595838427543640e-02,3.738251477479934831e-02,6.963367108255624771e-03,7.046186644583940333e-03,2.671593028935603797e-05,2.671593028935603797e-05
1.786635637283325195e+00,1.698048949241638184e+00,1.786662340164184570e+00,1.698075652122497559e+00,8.644201159477233887e-01,8.217992842197417991e-01,8.659311532974243164e-01,8.280898094177245872e-01,6.530862767249345779e-03,5.062940996140241623e-03,4.273353889584541321e-02,3.661988936364650449e-02,7.019998040050268173e-03,6.477003591135144581e-03,2.671617403393611312e-05,2.671617403393611312e-05
1.623426318168640137e+00,1.696343791484832719e+00,1.623453021049499512e+00,1.696370494365692094e+00,7.887188792228698730e-01,8.201173722743988481e-01,7.827402353286743164e-01,8.265951395034789595e-01,3.529081353917717934e-03,4.462714586406946009e-03,3.860597312450408936e-02,3.580262660980224748e-02,9.832207113504409790e-03,9.365954715758562782e-03,2.671594847925007343e-05,2.671594847925007343e-05
1.700840950012207031e+00,1.716146445274353116e+00,1.700867652893066406e+00,1.716173148155212491e+00,8.273344039916992188e-01,8.289215326309203880e-01,8.283911943435668945e-01,8.342710554599761519e-01,3.253142815083265305e-03,4.388399608433246786e-03,2.988707832992076874e-02,3.641168251633643965e-02,1.197520177811384201e-02,1.215377291664481232e-02,2.671880065463483334e-05,2.671880065463483334e-05
1.769960522651672363e+00,1.698578631877899259e+00,1.769987225532531738e+00,1.698605334758758634e+00,8.529276251792907715e-01,8.203225791454314964e-01,8.614907860755920410e-01,8.266568183898925781e-01,4.424408543854951859e-03,4.268758976832032030e-03,4.354009777307510376e-02,3.784878291189670840e-02,7.577492855489253998e-03,9.481686260551213871e-03,2.672002665349282324e-05,2.672002665349282324e-05
1.569942593574523926e+00,1.689717721939086870e+00,1.569969296455383301e+00,1.689744424819946245e+00,7.628445625305175781e-01,8.181385695934295654e-01,7.674005031585693359e-01,8.220868468284606712e-01,4.571244120597839355e-03,4.567104065790772785e-03,2.138330042362213135e-02,3.642204403877258301e-02,1.374305132776498795e-02,8.503191173076629639e-03,2.672045229701325297e-05,2.672045229701325297e-05
1.720371246337890625e+00,1.707871758937835605e+00,1.720397949218750000e+00,1.707898461818694980e+00,8.229073882102966309e-01,8.269649386405945046e-01,8.373327851295471191e-01,8.330009937286376731e-01,8.290966972708702087e-03,4.351908667013048779e-03,4.276217520236968994e-02,3.411703296005726138e-02,9.077872149646282196e-03,9.436893370002507817e-03,2.672103437362238765e-05,2.672103437362238765e-05
1.641872763633728027e+00,1.764395678043365390e+00,1.641899466514587402e+00,1.764422380924224765e+00,7.955571413040161133e-01,8.430302381515503152e-01,7.954618334770202637e-01,8.595911502838134988e-01,2.709914930164813995e-03,4.875583900138735424e-03,3.055907972157001495e-02,3.675403073430061340e-02,1.758490316569805145e-02,2.014468610286712646e-02,2.672226764843799174e-05,2.672226764843799174e-05
1.559108972549438477e+00,1.774398624897003174e+00,1.559135675430297852e+00,1.774425327777862549e+00,7.471454143524169922e-01,8.383887410163879395e-01,7.446441650390625000e-01,8.537831604480743408e-01,3.957997076213359833e-03,4.712109919637441635e-03,3.233470767736434937e-02,3.849152103066444397e-02,3.102676011621952057e-02,3.902308009564876834e-02,2.672219306987244636e-05,2.672219306987244636e-05
1.747078061103820801e+00,1.771257328987121626e+00,1.747104763984680176e+00,1.771284031867981001e+00,8.225170969963073730e-01,8.333451926708221880e-01,8.350674510002136230e-01,8.447989463806152566e-01,3.429200034588575363e-03,4.443867970257997860e-03,4.082754626870155334e-02,4.063014090061187883e-02,4.523687809705734253e-02,4.803919121623038968e-02,2.672320988494902849e-05,2.672320988494902849e-05
1.564531683921813965e+00,1.739184844493866011e+00,1.564558386802673340e+00,1.739211547374725386e+00,7.292512655258178711e-01,8.309264004230498823e-01,7.440643310546875000e-01,8.344503939151763916e-01,3.873259061947464943e-03,4.624304920434951435e-03,3.658359125256538391e-02,4.235281236469745636e-02,5.075931549072265625e-02,2.683094311505556176e-02,2.672592017916031182e-05,2.672592017916031182e-05
1.754520297050476074e+00,1.718950593471527011e+00,1.754546999931335449e+00,1.718977296352386386e+00,8.469049930572509766e-01,8.254334747791289839e-01,8.441743254661560059e-01,8.309418737888336626e-01,3.166234353557229042e-03,4.510674066841602672e-03,5.143918097019195557e-02,4.377816542983055392e-02,8.835600689053535461e-03,1.428645607084035908e-02,2.672710616025142372e-05,2.672710616025142372e-05
1.689663171768188477e+00,1.722143912315368564e+00,1.689689874649047852e+00,1.722170615196227939e+00,8.028869628906250000e-01,8.293084561824798362e-01,8.093516826629638672e-01,8.368660748004913552e-01,4.170935600996017456e-03,4.391546966508031238e-03,6.717790663242340088e-02,4.329329729080200195e-02,6.075694225728511810e-03,8.284537866711617210e-03,2.672416121640708297e-05,2.672416121640708297e-05
1.700751185417175293e+00,1.691985678672790483e+00,1.700777888298034668e+00,1.692012381553649858e+00,8.227750062942504883e-01,8.167981684207916704e-01,8.232548236846923828e-01,8.227220118045807107e-01,4.698676522821187973e-03,4.534779861569404429e-03,4.325788095593452454e-02,3.950464352965354919e-02,6.764870602637529373e-03,8.426099643111228596e-03,2.672238406375981867e-05,2.672238406375981867e-05
1.673069238662719727e+00,1.707119059562683061e+00,1.673095941543579102e+00,1.707145762443542436e+00,8.042302727699279785e-01,8.247969686985016091e-01,8.020883202552795410e-01,8.314440727233887163e-01,6.256493739783763885e-03,4.484373284503817905e-03,4.801922291517257690e-02,3.994694836437702457e-02,1.247506495565176010e-02,6.446679867804050272e-03,2.672342088771983981e-05,2.672342088771983981e-05
1.715578317642211914e+00,1.705266392230987638e+00,1.715605020523071289e+00,1.705293095111847013e+00,8.247099518775939941e-01,8.237039208412170188e-01,8.266769647598266602e-01,8.293798089027404341e-01,3.526450134813785553e-03,4.322111140936613083e-03,5.227503553032875061e-02,3.982292935252189359e-02,8.389824070036411285e-03,8.037596801295876156e-03,2.672472328413277864e-05,2.672472328413277864e-05
1.766701698303222656e+00,1.697840440273284957e+00,1.766728401184082031e+00,1.697867143154144332e+00,8.478720188140869141e-01,8.200565159320831743e-01,8.577829599380493164e-01,8.257057368755340576e-01,4.349583759903907776e-03,4.696868266910314907e-03,4.976946115493774414e-02,3.881988786160946170e-02,6.927717477083206177e-03,8.561446424573659550e-03,2.672144910320639610e-05,2.672144910320639610e-05
1.756991863250732422e+00,1.698091113567352206e+00,1.757018566131591797e+00,1.698117816448211581e+00,8.467376828193664551e-01,8.201797246932983620e-01,8.489681482315063477e-01,8.251706719398498313e-01,4.440377932041883469e-03,4.399211658164858645e-03,5.032135918736457825e-02,3.953691460192203244e-02,6.524163298308849335e-03,8.804597705602646568e-03,2.672210757737047970e-05,2.672210757737047970e-05
1.651646018028259277e+00,1.730304825305938765e+00,1.651672720909118652e+00,1.730331528186798140e+00,7.862840294837951660e-01,8.274548828601837602e-01,7.847980260848999023e-01,8.319323420524596946e-01,3.821304766461253166e-03,4.357496742159128189e-03,3.869104385375976562e-02,3.915135599672794203e-02,3.805163502693176270e-02,2.740874346345663001e-02,2.672468326636590064e-05,2.672468326636590064e-05
1.547632694244384766e+00,1.716015172004699663e+00,1.547659397125244141e+00,1.716041874885559038e+00,7.372031807899475098e-01,8.251573622226715532e-01,7.414923906326293945e-01,8.315597176551818848e-01,5.707926582545042038e-03,4.281674651429057468e-03,4.413654655218124390e-02,4.040784239768981795e-02,1.909255236387252808e-02,1.460856450721621444e-02,2.672643495316151530e-05,2.672643495316151530e-05
1.735998034477233887e+00,1.723852479457855136e+00,1.736024737358093262e+00,1.723879182338714511e+00,8.383027911186218262e-01,8.310475945472717285e-01,8.376864790916442871e-01,8.414254367351532427e-01,3.721886081621050835e-03,5.206800764426589012e-03,4.816174507141113281e-02,3.709139637649059434e-02,8.125133812427520752e-03,9.081263747066258690e-03,2.672180562512949109e-05,2.672180562512949109e-05
1.788710474967956543e+00,1.768720626831054688e+00,1.788737177848815918e+00,1.768747329711914062e+00,8.554235100746154785e-01,8.385472178459167925e-01,8.701264262199401855e-01,8.592336356639862505e-01,3.983655944466590881e-03,4.758590459823608051e-03,3.234626725316047668e-02,3.735823594033717970e-02,2.683063410222530365e-02,2.882294245064258645e-02,2.672159098437987268e-05,2.672159098437987268e-05
2.108668088912963867e+00,2.212462472915649236e+00,2.108694791793823242e+00,2.212489175796508611e+00,9.462577104568481445e-01,9.622896254062652810e-01,9.216818809509277344e-01,9.460987687110901101e-01,3.424926660954952240e-03,4.469444742426276207e-03,3.994683548808097839e-02,4.456468001008033475e-02,1.973568648099899292e-01,2.550398975610733143e-01,2.672750088095199317e-05,2.672750088095199317e-05
1.777759194374084473e+00,1.736338126659393355e+00,1.777785897254943848e+00,1.736364829540252730e+00,8.423358201980590820e-01,8.262988746166228804e-01,8.557686805725097656e-01,8.402347564697265625e-01,5.724244751036167145e-03,5.492200283333659519e-03,5.365548282861709595e-02,4.520555771887302399e-02,2.027502283453941345e-02,1.910676285624503951e-02,2.672551272553391755e-05,2.672551272553391755e-05
1.697905540466308594e+00,1.736066448688507124e+00,1.697932243347167969e+00,1.736093151569366499e+00,8.081198930740356445e-01,8.294848680496216264e-01,8.214105963706970215e-01,8.427661180496215376e-01,3.640898969024419785e-03,4.667386366054415876e-03,5.114471539855003357e-02,4.626560881733894626e-02,1.358947716653347015e-02,1.288248496130108868e-02,2.672492337296716869e-05,2.672492337296716869e-05
1.813693046569824219e+00,1.763998806476593018e+00,1.813719749450683594e+00,1.764025509357452393e+00,8.687351942062377930e-01,8.347165226936340554e-01,8.800582289695739746e-01,8.496417641639709695e-01,5.176219623535871506e-03,4.878527345135807644e-03,3.762356191873550415e-02,4.666509218513965884e-02,2.209995314478874207e-02,2.809689622372388978e-02,2.672155096661299467e-05,2.672155096661299467e-05
1.688416361808776855e+00,1.711738276481628462e+00,1.688443064689636230e+00,1.711764979362487837e+00,8.050030469894409180e-01,8.198609113693237083e-01,8.132315278053283691e-01,8.335287868976593018e-01,3.805105807259678841e-03,4.510264145210385323e-03,5.794161930680274963e-02,4.660373739898204803e-02,8.434902876615524292e-03,7.234603445976972406e-03,2.671902257134206593e-05,2.671902257134206593e-05
1.758826136589050293e+00,1.712871277332305819e+00,1.758852839469909668e+00,1.712897980213165194e+00,8.419294357299804688e-01,8.203538656234741211e-01,8.600080609321594238e-01,8.294366121292113814e-01,3.733880352228879929e-03,5.232441704720258713e-03,4.505860060453414917e-02,5.006214752793312212e-02,8.096167817711830139e-03,7.786205317825078791e-03,2.672288974281400442e-05,2.672288974281400442e-05
1.822322010993957520e+00,1.734014213085174561e+00,1.822348713874816895e+00,1.734040915966033936e+00,8.715870976448059082e-01,8.263589382171631081e-01,8.731932044029235840e-01,8.448393106460571067e-01,4.099352285265922546e-03,5.082629993557930340e-03,6.613739579916000366e-02,4.627518169581890106e-02,7.304899860173463821e-03,1.145815066993236507e-02,2.672091068234294653e-05,2.672091068234294653e-05
1.809788227081298828e+00,1.700965332984924361e+00,1.809814929962158203e+00,1.700992035865783736e+00,8.730347752571105957e-01,8.204343855381012185e-01,8.806454539299011230e-01,8.268724143505096214e-01,4.754490684717893600e-03,4.392528720200061625e-03,4.685217142105102539e-02,4.241854473948478838e-02,4.501401912420988083e-03,6.847452372312545776e-03,2.672027767403051257e-05,2.672027767403051257e-05
1.555899977684020996e+00,1.696413040161132812e+00,1.555926680564880371e+00,1.696439743041992188e+00,7.459451556205749512e-01,8.188721477985382302e-01,7.618526220321655273e-01,8.260868906974792036e-01,4.021502099931240082e-03,4.790041455999016415e-03,3.284566849470138550e-02,4.008017070591449876e-02,1.123507600277662277e-02,6.583795370534062559e-03,2.671709444257430732e-05,2.671709444257430732e-05
1.844196319580078125e+00,1.763156306743621782e+00,1.844223022460937500e+00,1.763183009624481157e+00,8.799858689308166504e-01,8.381386399269104004e-01,8.781449198722839355e-01,8.484842658042908159e-01,4.203028976917266846e-03,4.416212579235434879e-03,7.018444687128067017e-02,4.407524093985557695e-02,1.167803443968296051e-02,2.804196365177631309e-02,2.671757283678743988e-05,2.671757283678743988e-05
1.767772316932678223e+00,1.701718306541442960e+00,1.767799019813537598e+00,1.701745009422302335e+00,8.491737246513366699e-01,8.148580610752105269e-01,8.477414846420288086e-01,8.249021708965301736e-01,3.540859557688236237e-03,4.692258499562740499e-03,6.032622605562210083e-02,4.680262170732021193e-02,6.990088149905204773e-03,1.046320414170622860e-02,2.672158007044345140e-05,2.672158007044345140e-05
1.668016195297241211e+00,1.717700326442718417e+00,1.668042898178100586e+00,1.717727029323577792e+00,8.116512894630432129e-01,8.280987560749053511e-01,8.102850914001464844e-01,8.352481901645660844e-01,3.652660408988595009e-03,4.737673327326774597e-03,3.440273553133010864e-02,4.068492799997329434e-02,8.024453185498714447e-03,8.930815942585467945e-03,2.671844413271173835e-05,2.671844413271173835e-05
1.691528439521789551e+00,1.696515011787414595e+00,1.691555142402648926e+00,1.696541714668273970e+00,8.187817335128784180e-01,8.179320096969604492e-01,8.221988081932067871e-01,8.270209550857543501e-01,3.813399001955986023e-03,4.562178067862987865e-03,3.779864683747291565e-02,3.991422057151794434e-02,8.935955353081226349e-03,7.085666758939623833e-03,2.671791298780590296e-05,2.671791298780590296e-05
1.672757506370544434e+00,1.700578808784484863e+00,1.672784209251403809e+00,1.700605511665344238e+00,8.080018758773803711e-01,8.218237102031707986e-01,8.215759396553039551e-01,8.280872523784637007e-01,4.633423406630754471e-03,4.612970119342208082e-03,2.986544184386730194e-02,3.848116062581539293e-02,8.680810220539569855e-03,7.573730964213609869e-03,2.671624315553344786e-05,2.671624315553344786e-05
1.688003897666931152e+00,1.690342354774475142e+00,1.688030600547790527e+00,1.690369057655334517e+00,8.093725442886352539e-01,8.128036916255950706e-01,8.172040581703186035e-01,8.246302902698516846e-01,2.763424068689346313e-03,4.241782659664750273e-03,4.950002580881118774e-02,4.100924991071223935e-02,9.163852781057357788e-03,7.657323172315955509e-03,2.671693437150679529e-05,2.671693437150679529e-05
1.789607405662536621e+00,1.730608165264129639e+00,1.789634108543395996e+00,1.730634868144989014e+00,8.520956635475158691e-01,8.316406428813933882e-01,8.540765643119812012e-01,8.382906258106231911e-01,5.136658903211355209e-03,4.627517145127058203e-03,6.685855984687805176e-02,4.309795573353767534e-02,1.144006475806236267e-02,1.295138290151953697e-02,2.671941183507442474e-05,2.671941183507442474e-05
1.736392736434936523e+00,1.725910174846649214e+00,1.736419439315795898e+00,1.725936877727508589e+00,8.446120619773864746e-01,8.260586977005004439e-01,8.481862545013427734e-01,8.411303162574768066e-01,3.618445945903658867e-03,5.492137605324387203e-03,3.104179538786411285e-02,4.232906997203826627e-02,8.934124372899532318e-03,1.089994730427861283e-02,2.671784022822976112e-05,2.671784022822976112e-05
1.902179241180419922e+00,1.812408399581909135e+00,1.902205944061279297e+00,1.812435102462768510e+00,8.384060859680175781e-01,8.538213551044464555e-01,9.316158294677734375e-01,8.789185702800750288e-01,2.120449580252170563e-02,7.067318493500352079e-03,8.364485949277877808e-02,4.746415317058563094e-02,2.730803936719894409e-02,2.513702418655157020e-02,2.672206210263539106e-05,2.672206210263539106e-05
1.781965136528015137e+00,1.763755607604980513e+00,1.781991839408874512e+00,1.763782310485839888e+00,8.545367121696472168e-01,8.166721105575561745e-01,8.572745323181152344e-01,8.399524867534637895e-01,6.099114194512367249e-03,3.696095333434641639e-02,4.819122329354286194e-02,5.227276571094989499e-02,1.586350426077842712e-02,1.789731103926896910e-02,2.672523987712338567e-05,2.672523987712338567e-05
1.712939739227294922e+00,1.704608345031738192e+00,1.712966442108154297e+00,1.704635047912597567e+00,8.211140632629394531e-01,8.131844043731689675e-01,8.266040682792663574e-01,8.256848931312561479e-01,4.739170428365468979e-03,5.474452720955013882e-03,4.510996490716934204e-02,4.780075587332248410e-02,1.537240762263536453e-02,1.246380573138594627e-02,2.672601840458810329e-05,2.672601840458810329e-05
1.680957198143005371e+00,1.710291564464569092e+00,1.680983901023864746e+00,1.710318267345428467e+00,8.103138208389282227e-01,8.119675517082214355e-01,8.135558962821960449e-01,8.242189347743987815e-01,4.158502910286188126e-03,1.182776838541030849e-02,3.858038410544395447e-02,5.090469196438789090e-02,1.434861123561859131e-02,1.137261269614100491e-02,2.673411290743388236e-05,2.673411290743388236e-05
1.765148639678955078e+00,1.737405991554260343e+00,1.765175342559814453e+00,1.737432694435119718e+00,8.471859097480773926e-01,8.283108174800872803e-01,8.545386791229248047e-01,8.380330920219420943e-01,6.097882986068725586e-03,8.114264765754341385e-03,4.712534323334693909e-02,5.089926682412624498e-02,1.020088419318199158e-02,1.204854045063257287e-02,2.674239294719882309e-05,2.674239294719882309e-05
1.758762955665588379e+00,1.749319899082183882e+00,1.758789658546447754e+00,1.749346601963043257e+00,8.304054141044616699e-01,8.290525615215301736e-01,8.314582705497741699e-01,8.270769178867339866e-01,3.715558210387825966e-03,5.172291258350014860e-03,4.775241017341613770e-02,4.887868128716945509e-02,4.543139040470123291e-02,3.913941010832786699e-02,2.674642382771708071e-05,2.674642382771708071e-05
1.690086603164672852e+00,1.731283020973205522e+00,1.690113306045532227e+00,1.731309723854064897e+00,8.084214925765991211e-01,8.226444303989410844e-01,8.179375529289245605e-01,8.394472181797028032e-01,4.623734392225742340e-03,6.475358223542571241e-03,3.817058727145195007e-02,4.485620222985744338e-02,2.093323133885860443e-02,1.785982996225356917e-02,2.676035728654824197e-05,2.676035728654824197e-05
1.670597195625305176e+00,1.742081558704376310e+00,1.670624017715454102e+00,1.742108380794525235e+00,7.957534790039062500e-01,8.138576805591583030e-01,8.041537404060363770e-01,8.606321811676025391e-01,4.341111052781343460e-03,5.664456728845834385e-03,5.600799620151519775e-02,4.875770136713981906e-02,1.034095510840415955e-02,1.316956374794244801e-02,2.676957956282421947e-05,2.676957956282421947e-05
1.772124171257019043e+00,1.748315823078155473e+00,1.772150993347167969e+00,1.748342645168304399e+00,8.364694118499755859e-01,8.344763636589049849e-01,8.548325896263122559e-01,8.362869501113892046e-01,5.517117679119110107e-03,9.436680143699050297e-03,5.334467068314552307e-02,4.824183508753776550e-02,2.196025289595127106e-02,1.987400427460670610e-02,2.677355587366037071e-05,2.677355587366037071e-05
1.724301457405090332e+00,1.765799641609191895e+00,1.724328279495239258e+00,1.765826463699340820e+00,8.218202590942382812e-01,8.236277520656585249e-01,8.218216896057128906e-01,8.468927323818207231e-01,4.219412337988615036e-03,1.788563979789614677e-02,5.214880034327507019e-02,5.023891814053058763e-02,2.429129555821418762e-02,2.715460695326328208e-02,2.677844895515590906e-05,2.677844895515590906e-05
1.787203192710876465e+00,1.979231846332550004e+00,1.787230014801025391e+00,1.979258656501770020e+00,8.334153294563293457e-01,8.257734596729278120e-01,8.353753685951232910e-01,8.620136559009552446e-01,5.640671588480472565e-03,2.037565361708402745e-01,7.330016791820526123e-02,5.466467738151550154e-02,3.947175294160842896e-02,3.302349392324686189e-02,2.678962118807248771e-05,2.678962118807248771e-05
1.913275957107543945e+00,1.831663000583648726e+00,1.913302779197692871e+00,1.831689810752868741e+00,8.371514081954956055e-01,8.326549410820007768e-01,9.666729569435119629e-01,8.592628717422485796e-01,3.560670837759971619e-02,7.381756640970707495e-02,6.217923015356063843e-02,5.357083268463611742e-02,1.166561990976333618e-02,1.235681157559156453e-02,2.678630335140042007e-05,2.678630335140042007e-05
4.217054367065429688e+00,3.722585153579712092e+00,4.217081069946289062e+00,3.722611856460571467e+00,1.578827023506164551e+00,1.388771176338195801e+00,1.698898911476135254e+00,1.460094308853149503e+00,6.842499598860740662e-03,1.411922533996403106e-01,7.003413140773773193e-02,6.302066817879677096e-02,8.624516129493713379e-01,6.695068001747130904e-01,2.678771124919876456e-05,2.678771124919876456e-05
1.958798408508300781e+00,2.086004686355590998e+00,1.958825230598449707e+00,2.086031484603881658e+00,8.972274661064147949e-01,8.805719554424286111e-01,9.166957139968872070e-01,8.917306482791900191e-01,4.884628113359212875e-03,1.961650614626705702e-01,9.648631513118743896e-02,7.178820893168449957e-02,4.350440576672554016e-02,4.574878141283988953e-02,2.678493547136895359e-05,2.678493547136895359e-05
1.725993037223815918e+00,1.823154127597808927e+00,1.726019859313964844e+00,1.823180949687957852e+00,8.051456212997436523e-01,8.532805025577545610e-01,8.391217589378356934e-01,8.755628943443298784e-01,5.273476708680391312e-03,1.582976086065173218e-02,5.945258215069770813e-02,6.196494735777378221e-02,1.699974015355110168e-02,1.651596361771225790e-02,2.678410419321153313e-05,2.678410419321153313e-05
1.815850734710693359e+00,1.801555025577545210e+00,1.815877556800842285e+00,1.801581847667694136e+00,8.623466491699218750e-01,8.539617478847503218e-01,8.908043503761291504e-01,8.616518020629883035e-01,7.197801955044269562e-03,1.410745731554925372e-02,4.185655713081359863e-02,5.961553007364273071e-02,1.364536583423614502e-02,1.221849676221609116e-02,2.678362579899840057e-05,2.678362579899840057e-05
1.741417288780212402e+00,1.760005116462707520e+00,1.741444110870361328e+00,1.760031938552856445e+00,8.307346105575561523e-01,8.410686016082763450e-01,8.318372964859008789e-01,8.483096957206726074e-01,1.020202133804559708e-02,8.505284273996948502e-03,6.189944595098495483e-02,5.403463393449783186e-02,6.743928417563438416e-03,8.086884999647736896e-03,2.678211603779345751e-05,2.678211603779345751e-05
1.678822875022888184e+00,1.751736009120941073e+00,1.678849697113037109e+00,1.751762831211089999e+00,8.139521479606628418e-01,8.363805711269378662e-01,8.092743754386901855e-01,8.454442977905273215e-01,5.174036603420972824e-03,8.314117696136236538e-03,3.834361582994461060e-02,5.167322307825088223e-02,1.207860093563795090e-02,9.923779498785733830e-03,2.678651799215003848e-05,2.678651799215003848e-05
1.880495429039001465e+00,1.815367686748504683e+00,1.880522251129150391e+00,1.815394508838653609e+00,8.922088742256164551e-01,8.541570425033568892e-01,8.911980390548706055e-01,8.593298912048339400e-01,2.616965211927890778e-02,2.857588455080985884e-02,5.425770208239555359e-02,5.384690426290035525e-02,1.666106469929218292e-02,1.945801749825477531e-02,2.679070166777819395e-05,2.679070166777819395e-05
1.614836335182189941e+00,1.772736668586730957e+00,1.614863157272338867e+00,1.772763490676879883e+00,7.696735262870788574e-01,8.419013202190399614e-01,7.794609069824218750e-01,8.615928530693054421e-01,5.702178459614515305e-03,5.573542648926376950e-03,4.235360771417617798e-02,5.255099944770336151e-02,1.764607988297939301e-02,1.111795818433165481e-02,2.679504905245266855e-05,2.679504905245266855e-05
1.782214760780334473e+00,1.779215908050537198e+00,1.782241582870483398e+00,1.779242730140686124e+00,8.482882380485534668e-01,8.484894931316375732e-01,8.510235548019409180e-01,8.576871395111084206e-01,5.187433212995529175e-03,5.418833438307046543e-03,6.303485482931137085e-02,4.923890791833400449e-02,1.468080189079046249e-02,1.838154979050159524e-02,2.679620229173451662e-05,2.679620229173451662e-05
1.707806229591369629e+00,1.755243003368377686e+00,1.707833051681518555e+00,1.755269825458526611e+00,8.303697109222412109e-01,8.401497364044189231e-01,8.317627906799316406e-01,8.566969037055969238e-01,3.189620794728398323e-03,5.633519776165485209e-03,3.604447096586227417e-02,4.634435400366783420e-02,6.439707241952419281e-03,6.418452272191644062e-03,2.679301542229950428e-05,2.679301542229950428e-05
1.729022860527038574e+00,1.772506237030029297e+00,1.729049682617187500e+00,1.772533059120178223e+00,8.389592170715332031e-01,8.486851572990417036e-01,8.363543152809143066e-01,8.599662303924560103e-01,3.302344586700201035e-03,5.147097492590546261e-03,3.618383780121803284e-02,4.489187933504581313e-02,1.422317512333393097e-02,1.381583604961633682e-02,2.679164026631042361e-05,2.679164026631042361e-05
1.731110811233520508e+00,1.753563749790191695e+00,1.731137633323669434e+00,1.753590571880340621e+00,8.380708694458007812e-01,8.415103793144226296e-01,8.365519642829895020e-01,8.527388334274291770e-01,5.196200683712959290e-03,4.918172070756554430e-03,4.427026212215423584e-02,4.375540129840373854e-02,7.021500729024410248e-03,1.064095096662640537e-02,2.679008321138098836e-05,2.679008321138098836e-05
1.668487310409545898e+00,1.738504028320312589e+00,1.668514132499694824e+00,1.738530850410461515e+00,7.965708971023559570e-01,8.370026588439941628e-01,7.972568273544311523e-01,8.425579309463501199e-01,4.619336687028408051e-03,4.246036382392048489e-03,5.744823440909385681e-02,4.599780514836311618e-02,1.259194593876600266e-02,8.699564076960087516e-03,2.679180215636733919e-05,2.679180215636733919e-05
1.808818578720092773e+00,1.754367971420287997e+00,1.808845400810241699e+00,1.754394793510436923e+00,8.727899193763732910e-01,8.424840211868286355e-01,8.740302920341491699e-01,8.475499689579010232e-01,4.279942717403173447e-03,4.423661250621080052e-03,4.740400984883308411e-02,4.661604724824428697e-02,1.031434070318937302e-02,1.329428451135754655e-02,2.679383032955229282e-05,2.679383032955229282e-05
1.695742607116699219e+00,1.742739486694335982e+00,1.695769429206848145e+00,1.742766308784484908e+00,8.205097913742065430e-01,8.337867259979248047e-01,8.224745392799377441e-01,8.486800134181976540e-01,4.719357006251811981e-03,6.253850553184748043e-03,3.707352280616760254e-02,4.276222065091132840e-02,1.096538454294204712e-02,1.125667579472064937e-02,2.679282624740153551e-05,2.679282624740153551e-05
1.707602977752685547e+00,1.754126989841461093e+00,1.707629799842834473e+00,1.754153811931610019e+00,8.206956982612609863e-01,8.378347396850586160e-01,8.149864077568054199e-01,8.553464353084564431e-01,5.809425376355648041e-03,5.147633282467723240e-03,5.242447182536125183e-02,4.327719435095787187e-02,1.368696521967649460e-02,1.252101939171552589e-02,2.679194403754081577e-05,2.679194403754081577e-05
1.961550712585449219e+00,1.937598872184753462e+00,1.961577534675598145e+00,1.937625694274902388e+00,9.130867123603820801e-01,9.005741775035858154e-01,8.928619623184204102e-01,8.880549967288970947e-01,5.174228455871343613e-03,5.332186212763189923e-03,6.253384053707122803e-02,5.297224223613739014e-02,8.789385855197906494e-02,9.066526666283607205e-02,2.679777026060037315e-05,2.679777026060037315e-05
1.639819860458374023e+00,1.787912642955780118e+00,1.639846682548522949e+00,1.787939465045929044e+00,7.935165762901306152e-01,8.515890896320342796e-01,7.851637005805969238e-01,8.552421689033508079e-01,5.853626411408185959e-03,9.604586660861969341e-03,4.064184054732322693e-02,5.507074594497680942e-02,1.464410405606031418e-02,1.640609744936227798e-02,2.679578028619289398e-05,2.679578028619289398e-05
1.778982043266296387e+00,1.768820631504058882e+00,1.779008865356445312e+00,1.768847453594207808e+00,8.522295355796813965e-01,8.389941751956939697e-01,8.629995584487915039e-01,8.426499247550964800e-01,5.262589547783136368e-03,2.132182288914918900e-02,4.598398134112358093e-02,5.475721135735511780e-02,1.250639650970697403e-02,1.109754508361220429e-02,2.679531644389498979e-05,2.679531644389498979e-05
1.707223415374755859e+00,1.759000301361083984e+00,1.707250237464904785e+00,1.759027123451232910e+00,8.231820464134216309e-01,8.340625405311584695e-01,8.224812150001525879e-01,8.364153563976287620e-01,2.384114079177379608e-03,2.093677492812275748e-02,4.307493567466735840e-02,5.294253453612327714e-02,1.610113680362701416e-02,1.464309655129909446e-02,2.679468889255076647e-05,2.679468889255076647e-05
1.731036543846130371e+00,1.763269889354705855e+00,1.731063365936279297e+00,1.763296711444854781e+00,8.441465497016906738e-01,8.454937160015105757e-01,8.329493999481201172e-01,8.498390853404999001e-01,4.856020212173461914e-03,9.779017884284257889e-03,4.256779700517654419e-02,5.119526684284210483e-02,6.516805849969387054e-03,6.962760491296649326e-03,2.678954842849634588e-05,2.678954842849634588e-05
1.624117136001586914e+00,1.715065157413482755e+00,1.624143958091735840e+00,1.715091979503631681e+00,7.815635800361633301e-01,8.232007026672363281e-01,7.694929242134094238e-01,8.280519485473633035e-01,8.489998057484626770e-03,5.473203072324395006e-03,5.338858067989349365e-02,5.033141970634460310e-02,1.118204649537801743e-02,8.007881231606006622e-03,2.678821329027414322e-05,2.678821329027414322e-05
1.773583412170410156e+00,1.708181047439575106e+00,1.773610234260559082e+00,1.708207869529724032e+00,8.569552302360534668e-01,8.223321735858917236e-01,8.672614097595214844e-01,8.243660926818847656e-01,3.831434994935989380e-03,5.486650345847010786e-03,3.853711858391761780e-02,4.881377182900905470e-02,6.998190190643072128e-03,7.182345166802406658e-03,2.678621603990904987e-05,2.678621603990904987e-05
1.715301752090454102e+00,1.713137722015380948e+00,1.715328574180603027e+00,1.713164544105529874e+00,8.195013999938964844e-01,8.224411487579346147e-01,8.172059655189514160e-01,8.271681249141693559e-01,2.240043133497238159e-03,5.222077853977680553e-03,6.599181890487670898e-02,4.867191277444362502e-02,1.036266051232814789e-02,9.634433966130017540e-03,2.678615419426932931e-05,2.678615419426932931e-05
1.680470585823059082e+00,1.724530088901519820e+00,1.680497407913208008e+00,1.724556910991668746e+00,8.027395606040954590e-01,8.278981387615204079e-01,8.072831034660339355e-01,8.330223560333251953e-01,5.882984492927789688e-03,7.351118139922618866e-03,5.620815232396125793e-02,4.832038246095180650e-02,8.356854319572448730e-03,7.938093505799770355e-03,2.678352757357060909e-05,2.678352757357060909e-05
1.682604074478149414e+00,1.726574921607971103e+00,1.682630896568298340e+00,1.726601743698120028e+00,8.124704360961914062e-01,8.308513522148132102e-01,8.061395883560180664e-01,8.309360563755034956e-01,2.671930706128478050e-03,4.601419391110539610e-03,4.700546339154243469e-02,4.629763551056385179e-02,1.431663706898689270e-02,1.388845639303326607e-02,2.678365126485005021e-05,2.678365126485005021e-05
1.692782402038574219e+00,1.753010678291320845e+00,1.692809224128723145e+00,1.753037500381469771e+00,8.140543103218078613e-01,8.290098547935486062e-01,8.166754245758056641e-01,8.661163389682769997e-01,5.050653591752052307e-03,5.883911158889532089e-03,4.708035662770271301e-02,4.390359967947006503e-02,9.921696037054061890e-03,8.096994226798414837e-03,2.677944212337024510e-05,2.677944212337024510e-05
2.009238004684448242e+00,2.117551136016845525e+00,2.009264707565307617e+00,2.117577838897704900e+00,8.560740351676940918e-01,8.634129226207732932e-01,9.039263129234313965e-01,9.127068698406219927e-01,1.099739782512187958e-02,6.726825051009655346e-03,3.367432206869125366e-02,5.108940266072749953e-02,2.045659422874450684e-01,2.836150825023651123e-01,2.678536111488938332e-05,2.678536111488938332e-05
1.813474416732788086e+00,1.840920603275299161e+00,1.813501238822937012e+00,1.840947425365448087e+00,8.552577495574951172e-01,8.600127577781677690e-01,8.532102704048156738e-01,8.711703479290008323e-01,4.470394924283027649e-03,6.984888995066285307e-03,5.305602401494979858e-02,5.651788115501403531e-02,4.748016223311424255e-02,4.623475447297096391e-02,2.678613782336469740e-05,2.678613782336469740e-05
1.822936654090881348e+00,1.786716866493225142e+00,1.822963476181030273e+00,1.786743688583374068e+00,8.622889518737792969e-01,8.468791782855987771e-01,8.660820126533508301e-01,8.595551908016204612e-01,5.411450285464525223e-03,6.667113304138183941e-03,6.046277284622192383e-02,5.079940333962440491e-02,2.869145758450031281e-02,2.281597480177879195e-02,2.677862357813864946e-05,2.677862357813864946e-05
1.747948646545410156e+00,1.729750442504882857e+00,1.747975468635559082e+00,1.729777264595031783e+00,8.454342484474182129e-01,8.258029460906982644e-01,8.494529128074645996e-01,8.363405942916870561e-01,4.051750991493463516e-03,1.043952237814664910e-02,4.289928451180458069e-02,5.072943344712257246e-02,6.110453512519598007e-03,6.437993701547383915e-03,2.677819247765000910e-05,2.677819247765000910e-05
1.616007685661315918e+00,1.727745342254638716e+00,1.616034507751464844e+00,1.727772164344787642e+00,7.730351686477661133e-01,8.111724615097045676e-01,7.811433672904968262e-01,8.312654018402099165e-01,3.703578142449259758e-03,2.408321034163236549e-02,5.091024935245513916e-02,5.379042439162731032e-02,7.215347141027450562e-03,7.433878770098089998e-03,2.678329474292695522e-05,2.678329474292695522e-05
1.636129021644592285e+00,1.745842492580413907e+00,1.636155843734741211e+00,1.745869314670562833e+00,7.724944353103637695e-01,8.166436374187469038e-01,7.791543602943420410e-01,8.550544142723083274e-01,2.558751590549945831e-02,1.483328947797417710e-02,4.893006384372711182e-02,5.241395048797130307e-02,9.962570853531360626e-03,6.897198501974344254e-03,2.678008240764029324e-05,2.678008240764029324e-05
1.797688126564025879e+00,1.759285748004913330e+00,1.797714948654174805e+00,1.759312570095062256e+00,8.598333597183227539e-01,8.308521747589111550e-01,8.686973452568054199e-01,8.562508285045623557e-01,7.289113942533731461e-03,1.279037278145551612e-02,5.432449281215667725e-02,4.938344359397887906e-02,7.543795276433229446e-03,1.000892287120223011e-02,2.677889278857037425e-05,2.677889278857037425e-05
1.704664826393127441e+00,1.715292799472808882e+00,1.704691648483276367e+00,1.715319621562957808e+00,8.160952925682067871e-01,8.141122937202454057e-01,8.190386891365051270e-01,8.362985432147980180e-01,6.544092670083045959e-03,8.126316498965025295e-03,5.462414771318435669e-02,4.890027418732643266e-02,8.362523280084133148e-03,7.855398301035165093e-03,2.678085365914739668e-05,2.678085365914739668e-05
1.690855622291564941e+00,1.709158289432525679e+00,1.690882444381713867e+00,1.709185111522674605e+00,8.013733029365539551e-01,8.119561612606048806e-01,8.227803707122802734e-01,8.309544920921325684e-01,8.426970802247524261e-03,8.575231488794087670e-03,4.935709014534950256e-02,4.855436533689498624e-02,8.917960338294506073e-03,9.118073526769876827e-03,2.678172677406109869e-05,2.678172677406109869e-05
1.757835149765014648e+00,1.730043172836303711e+00,1.757861971855163574e+00,1.730069994926452637e+00,8.378486037254333496e-01,8.080653786659240945e-01,8.452680110931396484e-01,8.298307657241821289e-01,1.147880405187606812e-02,2.696962077170610497e-02,5.319294333457946777e-02,5.384370312094688416e-02,1.004674658179283142e-02,1.133368918672203983e-02,2.679321914911270142e-05,2.679321914911270142e-05
1.740195631980895996e+00,1.764264690876007124e+00,1.740222454071044922e+00,1.764291512966156050e+00,8.040912747383117676e-01,8.196399211883544922e-01,8.198825120925903320e-01,8.398872137069701704e-01,8.595454506576061249e-03,2.070060493424534867e-02,6.995326280593872070e-02,4.620342031121253690e-02,3.767311945557594299e-02,3.783352077007293840e-02,2.678917735465802252e-05,2.678917735465802252e-05
1.644853472709655762e+00,1.739234292507171542e+00,1.644880294799804688e+00,1.739261114597320468e+00,7.813884615898132324e-01,8.195479154586792214e-01,7.843276858329772949e-01,8.341004848480224609e-01,5.593489389866590500e-03,1.015605474822223186e-02,5.080569535493850708e-02,4.885940700769424161e-02,2.273805439472198486e-02,2.657039854675531318e-02,2.679562749108299613e-05,2.679562749108299613e-05
1.778626322746276855e+00,1.880486035346984774e+00,1.778653144836425781e+00,1.880512821674346968e+00,8.374803662300109863e-01,8.139237523078918235e-01,8.583102226257324219e-01,8.292946636676787886e-01,1.229249220341444016e-02,1.639549813233315834e-01,5.218309164047241211e-02,5.096641853451729098e-02,1.836029253900051117e-02,2.234622258692979882e-02,2.679918907233513892e-05,2.679918907233513892e-05
1.920646548271179199e+00,1.865383565425872803e+00,1.920673370361328125e+00,1.865410375595092818e+00,8.626210689544677734e-01,8.388037741184234397e-01,9.473821520805358887e-01,8.613910257816315141e-01,1.631286740303039551e-02,8.768888753838836869e-02,7.026443630456924438e-02,5.219576321542263031e-02,2.406595461070537567e-02,2.530411817133426666e-02,2.680299439816735685e-05,2.680299439816735685e-05
1.763355135917663574e+00,2.166637444496154696e+00,1.763381958007812500e+00,2.166664206981658847e+00,8.525059819221496582e-01,8.305313408374785933e-01,8.487421274185180664e-01,8.355334579944611040e-01,3.343949327245354652e-03,4.229659408330917469e-01,3.449716791510581970e-02,5.469670929014682631e-02,2.426593378186225891e-02,2.291001118719577720e-02,2.679646058822982013e-05,2.679646058822982013e-05
1.801158785820007324e+00,1.892340874671936124e+00,1.801185607910156250e+00,1.892367649078369185e+00,8.489553332328796387e-01,8.163781642913818803e-01,8.556666374206542969e-01,8.302807867527007835e-01,3.726739436388015747e-03,1.502856296021491400e-01,5.405572429299354553e-02,4.952833615243434906e-02,3.875438868999481201e-02,4.586795121431350847e-02,2.681235855561681092e-05,2.681235855561681092e-05
1.694756031036376953e+00,1.829379153251647905e+00,1.694782853126525879e+00,1.829405975341796831e+00,8.032826185226440430e-01,8.190739512443542258e-01,8.026752471923828125e-01,8.344843447208404319e-01,5.038115661591291428e-03,9.284790474921464365e-02,4.684738069772720337e-02,5.057882219552993497e-02,3.691269829869270325e-02,3.239417523145675382e-02,2.681559089978691190e-05,2.681559089978691190e-05
1.675787210464477539e+00,1.969134008884430020e+00,1.675814032554626465e+00,1.969160783290863082e+00,7.936713099479675293e-01,8.087972760200500266e-01,7.986237406730651855e-01,8.296781420707702859e-01,1.042127143591642380e-02,2.581567051820456982e-01,5.285286530852317810e-02,5.403763763606548448e-02,2.021800354123115540e-02,1.846426688134670396e-02,2.681915975699666888e-05,2.681915975699666888e-05
1.719817399978637695e+00,1.906069660186767489e+00,1.719844222068786621e+00,1.906096458435058594e+00,7.992153763771057129e-01,8.273497343063354048e-01,8.010364770889282227e-01,8.365480422973632368e-01,4.073375370353460312e-03,1.485910031944513432e-01,5.830729380249977112e-02,5.335540138185024261e-02,5.718477442860603333e-02,4.022541455924510956e-02,2.682139165699481964e-05,2.682139165699481964e-05
1.762607812881469727e+00,1.968979430198669389e+00,1.762634634971618652e+00,1.969006216526031583e+00,8.355340361595153809e-01,8.441256642341613547e-01,8.193911910057067871e-01,8.322559416294097456e-01,6.465425249189138412e-03,1.988449082709848881e-01,6.444634497165679932e-02,5.366824753582477570e-02,3.677087277173995972e-02,4.008460342884063998e-02,2.681362639123108238e-05,2.681362639123108238e-05
1.732119083404541016e+00,2.074932956695556552e+00,1.732145905494689941e+00,2.074959707260132014e+00,7.915937900543212891e-01,8.214765667915344682e-01,7.864202857017517090e-01,8.276254713535309282e-01,8.989152498543262482e-03,3.274836063385009877e-01,9.031948447227478027e-02,5.411325730383396287e-02,5.479636043310165405e-02,4.423406235873698911e-02,2.679282988538034260e-05,2.679282988538034260e-05
2.191720962524414062e+00,2.632116866111755549e+00,2.191747665405273438e+00,2.632143568992614924e+00,9.314866662025451660e-01,9.515921831130981223e-01,8.916857838630676270e-01,9.056005179882049561e-01,7.799112051725387573e-02,5.228026196360587852e-01,6.269286572933197021e-02,5.452401489019394198e-02,2.278646230697631836e-01,1.975975424051284735e-01,2.678598139027599245e-05,2.678598139027599245e-05
2.157132387161254883e+00,2.750118184089660467e+00,2.157159090042114258e+00,2.750144886970519842e+00,8.678557276725769043e-01,9.021455287933349831e-01,9.476039409637451172e-01,9.484908819198608620e-01,1.057113036513328552e-01,6.866578742861747520e-01,9.562624990940093994e-02,5.904875583946704587e-02,1.403350383043289185e-01,1.537751749157905690e-01,2.677180964383296669e-05,2.677180964383296669e-05
1.972448468208312988e+00,3.314920401573181241e+00,1.972475290298461914e+00,3.314947104454040616e+00,8.754932880401611328e-01,8.720939397811889870e-01,8.875172138214111328e-01,8.874151110649108887e-01,9.181993454694747925e-02,1.428875261545181186e+00,5.652804300189018250e-02,7.537671327590941828e-02,6.108998134732246399e-02,5.115929916501045505e-02,2.676470103324390948e-05,2.676470103324390948e-05
2.094220638275146484e+00,1.041541705131530726e+01,2.094247341156005859e+00,1.041544375419616664e+01,9.064844846725463867e-01,8.702689707279205322e-01,9.237597584724426270e-01,9.106090843677521196e-01,1.189873665571212769e-01,8.460284084081649780e+00,8.608864992856979370e-02,1.007942385971546118e-01,5.890024825930595398e-02,7.346062958240509588e-02,2.677430529729463160e-05,2.677430529729463160e-05
1.510894584655761719e+01,1.985001239776611470e+01,1.510897254943847656e+01,1.985003910064697408e+01,1.608343839645385742e+00,1.808837544918060258e+00,1.026348471641540527e+00,1.116759192943572954e+00,2.739920854568481445e+00,3.812048923969268976e+00,1.041920781135559082e-01,8.030296638607978266e-02,9.630141258239746094e+00,1.303206405639648402e+01,2.677451630006544292e-05,2.677451630006544292e-05
2.723823356628417969e+01,2.219106063842773580e+01,2.723826026916503906e+01,2.219108734130859517e+01,4.478946685791015625e+00,3.952894258499145330e+00,2.081908464431762695e+00,1.822610664367675826e+00,1.056910037994384766e+00,7.355262517929077593e-01,7.531060278415679932e-02,9.442230314016342163e-02,1.954515838623046875e+01,1.558560686111450266e+01,2.678121381904929876e-05,2.678121381904929876e-05
6.834945678710937500e+00,4.560274505615234730e+00,6.834972381591796875e+00,4.560301208496094105e+00,1.121289849281311035e+00,1.361433053016662509e+00,1.088267207145690918e+00,1.237573337554931596e+00,3.780918836593627930e+00,1.010178047418594405e+00,3.930447995662689209e-01,3.680720239877700584e-01,4.514248371124267578e-01,5.830180704593658225e-01,2.690800647542346269e-05,2.690800647542346269e-05
4.382524013519287109e+00,4.115644001960754750e+00,4.382551193237304688e+00,4.115671062469482777e+00,1.197211742401123047e+00,1.145893204212188765e+00,1.048653841018676758e+00,1.027123022079467818e+00,1.317272305488586426e+00,1.219257062673568814e+00,4.663303196430206299e-01,4.033776670694351196e-01,3.530553877353668213e-01,3.199931174516678078e-01,2.695991679502185434e-05,2.695991679502185434e-05
3.102768898010253906e+00,3.566945290565490811e+00,3.102795839309692383e+00,3.566972255706787109e+00,9.283338785171508789e-01,9.316789686679840532e-01,9.581691026687622070e-01,9.630302846431731956e-01,6.771395206451416016e-01,1.115161132812499956e+00,4.259567558765411377e-01,4.324742406606674194e-01,1.131695881485939026e-01,1.246006399393081721e-01,2.697521449590567499e-05,2.697521449590567499e-05
3.282716035842895508e+00,3.702185058593749911e+00,3.282742977142333984e+00,3.702212023735046209e+00,8.893804550170898438e-01,9.361455440521240234e-01,9.465670585632324219e-01,9.673658490180969682e-01,6.938666105270385742e-01,1.054846996068954379e+00,4.328500330448150635e-01,4.358933776617049949e-01,3.200516104698181152e-01,3.079333603382110596e-01,2.697941818041726947e-05,2.697941818041726947e-05
2.926768302917480469e+00,3.978704667091369718e+00,2.926795244216918945e+00,3.978731679916381658e+00,9.467546939849853516e-01,9.460213482379913330e-01,9.937564134597778320e-01,9.863135874271392600e-01,5.387701988220214844e-01,1.487009042501449496e+00,2.141518294811248779e-01,2.482394218444824163e-01,2.333350628614425659e-01,3.111212700605392456e-01,2.697945819818414748e-05,2.697945819818414748e-05
2.937046766281127930e+00,3.811620712280273438e+00,2.937073707580566406e+00,3.811647653579711914e+00,9.560912847518920898e-01,9.426329076290130837e-01,9.756064414978027344e-01,9.629394710063934326e-01,6.415663957595825195e-01,1.511250913143157959e+00,2.626241743564605713e-01,2.247487396001815740e-01,1.011582762002944946e-01,1.700487241148948558e-01,2.699484866752754897e-05,2.699484866752754897e-05
2.688940525054931641e+00,2.985368895530700506e+00,2.688967466354370117e+00,2.985395860671997248e+00,9.258807897567749023e-01,9.239691317081450972e-01,9.555683135986328125e-01,9.559576869010925071e-01,5.252712368965148926e-01,8.370656609535217507e-01,2.383670359849929810e-01,2.169571802020072993e-01,4.385301098227500916e-02,5.141926407814025740e-02,2.700500772334635258e-05,2.700500772334635258e-05
2.636162757873535156e+00,2.978700995445251465e+00,2.636189699172973633e+00,2.978727936744689941e+00,9.261906743049621582e-01,9.131985664367675559e-01,9.535023570060729980e-01,9.507696449756621870e-01,5.287318825721740723e-01,8.608086228370666060e-01,1.895035952329635620e-01,2.150681376457214411e-01,3.823427483439445496e-02,3.885606378316878995e-02,2.701423909456934780e-05,2.701423909456934780e-05
2.647516965866088867e+00,4.203476595878600897e+00,2.647543907165527344e+00,4.203503513336181996e+00,8.765863180160522461e-01,9.035076498985290527e-01,9.444868564605712891e-01,9.575140595436095747e-01,5.214254856109619141e-01,2.091190177202224554e+00,2.785139977931976318e-01,2.161351904273033087e-01,2.650417946279048920e-02,3.512948900461197038e-02,2.702611709537450224e-05,2.702611709537450224e-05
2.778816461563110352e+00,3.272766828536987305e+00,2.778843402862548828e+00,3.272793793678283603e+00,9.192600846290588379e-01,9.057577073574065718e-01,9.559535980224609375e-01,9.568660140037537065e-01,6.666534543037414551e-01,1.161849272251129106e+00,2.087965905666351318e-01,2.158710166811942943e-01,2.815289609134197235e-02,3.242281377315521518e-02,2.703002610360272229e-05,2.703002610360272229e-05
2.794672727584838867e+00,3.272968888282775879e+00,2.794699668884277344e+00,3.272995853424072177e+00,9.323160052299499512e-01,9.058546721935272217e-01,9.679306149482727051e-01,9.517428755760193315e-01,5.223875045776367188e-01,1.012183940410614102e+00,2.172531038522720337e-01,2.387941479682922363e-01,1.547854989767074585e-01,1.643932327628135626e-01,2.703482459764927626e-05,2.703482459764927626e-05
2.941696405410766602e+00,2.987272238731384366e+00,2.941723346710205078e+00,2.987299180030822843e+00,9.210622310638427734e-01,9.233604311943054421e-01,9.614488482475280762e-01,9.581108331680298074e-01,6.981258392333984375e-01,7.480065822601318359e-01,2.698961198329925537e-01,2.725413262844085804e-01,9.116335213184356689e-02,8.525310531258582791e-02,2.703996506170369685e-05,2.703996506170369685e-05
2.772113323211669922e+00,2.963464283943176181e+00,2.772140264511108398e+00,2.963491225242614657e+00,9.185590744018554688e-01,9.202327787876128928e-01,9.606991410255432129e-01,9.558397173881530984e-01,5.274399518966674805e-01,7.455927729606628418e-01,3.207651674747467041e-01,2.755506068468093761e-01,4.464984312653541565e-02,6.624845489859580716e-02,2.705179213080555201e-05,2.705179213080555201e-05
2.779192686080932617e+00,2.906735348701476873e+00,2.779219865798950195e+00,2.906762528419494451e+00,9.140932559967041016e-01,9.176475107669830322e-01,9.444947242736816406e-01,9.508936524391173872e-01,5.952047705650329590e-01,7.161618053913116899e-01,2.748132646083831787e-01,2.764354109764098899e-01,5.058663338422775269e-02,4.559699855744838576e-02,2.706556188059039414e-05,2.706556188059039414e-05
2.728236913681030273e+00,2.899430131912231534e+00,2.728264093399047852e+00,2.899457311630249112e+00,9.069486856460571289e-01,9.067967295646667258e-01,9.525680541992187500e-01,9.466791749000549316e-01,5.451434850692749023e-01,7.310120701789856179e-01,2.822749912738800049e-01,2.753572285175323597e-01,4.130169376730918884e-02,3.958497531712055345e-02,2.708162537601310760e-05,2.708162537601310760e-05
2.879404783248901367e+00,2.877334690093994229e+00,2.879431962966918945e+00,2.877361869812011808e+00,9.164481759071350098e-01,9.036074161529541460e-01,9.567046165466308594e-01,9.433642327785491943e-01,6.639517545700073242e-01,7.276997983455657515e-01,3.076432645320892334e-01,2.740993529558181652e-01,3.465690836310386658e-02,2.856387197971343994e-02,2.709419641178101301e-05,2.709419641178101301e-05
2.929818153381347656e+00,2.901281833648681641e+00,2.929845333099365234e+00,2.901309013366699219e+00,9.014760851860046387e-01,8.998984277248383012e-01,9.330154657363891602e-01,9.417768597602844682e-01,8.091106414794921875e-01,7.587876021862030029e-01,2.604590356349945068e-01,2.743712753057480080e-01,2.575698494911193848e-02,2.644768226891756197e-02,2.710073022171854973e-05,2.710073022171854973e-05
2.682301044464111328e+00,2.866963315010070623e+00,2.682328224182128906e+00,2.866990494728088201e+00,9.314944148063659668e-01,8.956199645996093528e-01,9.554078578948974609e-01,9.389263510704040083e-01,5.152114033699035645e-01,7.362852215766906294e-01,2.637148201465606689e-01,2.729194819927215354e-01,1.647253334522247314e-02,2.321231141686439653e-02,2.710732223931699991e-05,2.710732223931699991e-05
2.647313117980957031e+00,2.841676306724548517e+00,2.647340297698974609e+00,2.841703486442566096e+00,8.899973034858703613e-01,8.992445826530456321e-01,9.470393657684326172e-01,9.371889352798461470e-01,5.082537531852722168e-01,7.016303479671478494e-01,2.718938291072845459e-01,2.719075441360473411e-01,3.012898936867713928e-02,3.170491717755794664e-02,2.711250272113829851e-05,2.711250272113829851e-05
2.753329992294311523e+00,2.806869983673095703e+00,2.753357172012329102e+00,2.806897163391113281e+00,8.828504085540771484e-01,8.916382074356079546e-01,9.188530445098876953e-01,9.376194834709167258e-01,6.729020476341247559e-01,6.866534829139709917e-01,2.628822326660156250e-01,2.716930359601974487e-01,1.584219001233577728e-02,1.926572620868682861e-02,2.711375782382674515e-05,2.711375782382674515e-05
3.024677038192749023e+00,2.854769301414489924e+00,3.024704217910766602e+00,2.854796481132507502e+00,9.203339219093322754e-01,8.942759752273559126e-01,9.730947613716125488e-01,9.395317554473876509e-01,9.199277758598327637e-01,7.247277736663818581e-01,1.815136224031448364e-01,2.684993803501128928e-01,2.980716153979301453e-02,2.773441616445779939e-02,2.711886918405070901e-05,2.711886918405070901e-05
3.007458925247192383e+00,2.834541869163513361e+00,3.007486104965209961e+00,2.834569048881530939e+00,8.489306569099426270e-01,8.880377471446990745e-01,9.000011682510375977e-01,9.379431188106537309e-01,9.627157449722290039e-01,7.224631845951080544e-01,2.755041420459747314e-01,2.670294344425201416e-01,2.030722796916961670e-02,1.906844023615121911e-02,2.712381683522835374e-05,2.712381683522835374e-05
2.726607799530029297e+00,2.777233314514160334e+00,2.726634979248046875e+00,2.777260494232177912e+00,9.219861030578613281e-01,8.969627320766448975e-01,9.572923183441162109e-01,9.369407236576080544e-01,5.482312440872192383e-01,6.651632845401763694e-01,2.767609059810638428e-01,2.563668161630630604e-01,2.233728766441345215e-02,2.179980818182230065e-02,2.713230787776410580e-05,2.713230787776410580e-05
2.629458904266357422e+00,2.878091692924499512e+00,2.629486083984375000e+00,2.878118872642517090e+00,8.990982770919799805e-01,8.959316551685333474e-01,9.444798231124877930e-01,9.357658147811889204e-01,5.153890252113342285e-01,7.654386639595032182e-01,2.484243065118789673e-01,2.509171500802039878e-01,2.206748165190219879e-02,3.003837987780571053e-02,2.713864887482486665e-05,2.713864887482486665e-05
2.678820610046386719e+00,2.772265338897704989e+00,2.678847789764404297e+00,2.772292518615722567e+00,9.021902680397033691e-01,8.855460941791534202e-01,9.490764141082763672e-01,9.317351281642913818e-01,5.493025779724121094e-01,6.878136098384857178e-01,2.572874724864959717e-01,2.505347281694412231e-01,2.096381410956382751e-02,1.663570161908865114e-02,2.714340371312573552e-05,2.714340371312573552e-05
2.791134834289550781e+00,2.792195034027099787e+00,2.791162014007568359e+00,2.792222213745117365e+00,8.167553544044494629e-01,8.816205859184265137e-01,9.023005962371826172e-01,9.307529628276824951e-01,7.520477175712585449e-01,7.055500805377959983e-01,2.968939542770385742e-01,2.517385393381118552e-01,2.313719689846038818e-02,2.253290265798568726e-02,2.714701986405998468e-05,2.714701986405998468e-05
2.832988262176513672e+00,2.787857508659362882e+00,2.833015441894531250e+00,2.787884688377380460e+00,8.925261497497558594e-01,8.787050604820251243e-01,9.507409930229187012e-01,9.331333339214324951e-01,6.829746961593627930e-01,6.979013741016387717e-01,2.808394730091094971e-01,2.513886645436286815e-01,2.590694651007652283e-02,2.672900296747684340e-02,2.715119808271992952e-05,2.715119808271992952e-05
2.590545892715454102e+00,2.750254511833190918e+00,2.590573072433471680e+00,2.750281691551208496e+00,9.303732514381408691e-01,8.750144898891448753e-01,9.688599109649658203e-01,9.295040130615234153e-01,4.978163838386535645e-01,6.797629415988921675e-01,1.721705943346023560e-01,2.465697035193443187e-01,2.132580243051052094e-02,1.940326634794473787e-02,2.715411756071262062e-05,2.715411756071262062e-05
2.702080249786376953e+00,2.886969971656799139e+00,2.702107429504394531e+00,2.886997151374816717e+00,8.745713829994201660e-01,8.757875919342040794e-01,9.081704616546630859e-01,9.319253802299499734e-01,6.446354389190673828e-01,8.147887408733367476e-01,2.592121362686157227e-01,2.447461366653442272e-01,1.549110654741525650e-02,1.972211953252554079e-02,2.715730079216882586e-05,2.715730079216882586e-05
2.868036270141601562e+00,2.767328953742981046e+00,2.868063449859619141e+00,2.767356133460998624e+00,8.831719160079956055e-01,8.740040779113769087e-01,9.266345500946044922e-01,9.289745807647704634e-01,7.692392468452453613e-01,6.950415015220642312e-01,2.662851512432098389e-01,2.444946393370628357e-01,2.270527370274066925e-02,2.481415607035159995e-02,2.715880145842675120e-05,2.715880145842675120e-05
2.577434301376342773e+00,2.792186331748962580e+00,2.577461481094360352e+00,2.792213511466980158e+00,8.638208508491516113e-01,8.715772747993468794e-01,9.125093817710876465e-01,9.268082916736603005e-01,4.940425753593444824e-01,7.329512238502502441e-01,2.873979210853576660e-01,2.437157452106475941e-01,1.966349221765995026e-02,1.713377330452203751e-02,2.716368908295407891e-05,2.716368908295407891e-05
2.563817501068115234e+00,2.745377230644225897e+00,2.563844680786132812e+00,2.745404410362243475e+00,9.168229699134826660e-01,8.715762555599212424e-01,9.477432966232299805e-01,9.283548891544342041e-01,4.854191243648529053e-01,6.783729553222656028e-01,1.957611739635467529e-01,2.448405116796493475e-01,1.807083562016487122e-02,2.223265599459409853e-02,2.716854760365094990e-05,2.716854760365094990e-05
2.560646772384643555e+00,2.765746712684631348e+00,2.560673952102661133e+00,2.765773892402648926e+00,8.215491175651550293e-01,8.766277432441711426e-01,8.709583282470703125e-01,9.272000968456268755e-01,4.847871363162994385e-01,6.945289313793182595e-01,3.648062050342559814e-01,2.439208805561065563e-01,1.854588277637958527e-02,2.346908152103423933e-02,2.717638926696963608e-05,2.717638926696963608e-05
2.513031959533691406e+00,3.052965474128723322e+00,2.513059139251708984e+00,3.052992653846740900e+00,8.508858084678649902e-01,8.699938237667084184e-01,9.113780260086059570e-01,9.267091095447540505e-01,4.771612882614135742e-01,9.997079312801361306e-01,2.563288509845733643e-01,2.405287832021713312e-01,1.727790944278240204e-02,1.602586144581437042e-02,2.718227551667951047e-05,2.718227551667951047e-05
2.566648960113525391e+00,2.854776358604431241e+00,2.566676139831542969e+00,2.854803538322448819e+00,8.282555937767028809e-01,8.656837046146392822e-01,8.943230509757995605e-01,9.251836359500884566e-01,5.061616897583007812e-01,8.078367292881012407e-01,3.270616233348846436e-01,2.406549438834190424e-01,1.084705628454685211e-02,1.541735129430890118e-02,2.718942414503544569e-05,2.718942414503544569e-05
2.643486261367797852e+00,2.810214853286743253e+00,2.643513441085815430e+00,2.810242033004760831e+00,8.951324820518493652e-01,8.638239562511443870e-01,9.631493091583251953e-01,9.228433132171630637e-01,5.796030163764953613e-01,7.692819237709045410e-01,1.920240968465805054e-01,2.398040607571601812e-01,1.357748918235301971e-02,1.446154797449708020e-02,2.719706026255153120e-05,2.719706026255153120e-05
2.535545587539672852e+00,2.897894906997680486e+00,2.535572767257690430e+00,2.897922086715698065e+00,8.767122030258178711e-01,8.615585267543792725e-01,9.312611222267150879e-01,9.251747071743011697e-01,4.745450913906097412e-01,8.519700467586517334e-01,2.355465292930603027e-01,2.431749179959297180e-01,1.748063601553440094e-02,1.601672684773802757e-02,2.719834810704924166e-05,2.719834810704924166e-05
2.658180713653564453e+00,2.869374489784240811e+00,2.658207893371582031e+00,2.869401669502258390e+00,8.498167991638183594e-01,8.618750274181365967e-01,9.196359515190124512e-01,9.238621473312378374e-01,5.821653604507446289e-01,8.266871273517608643e-01,2.894296050071716309e-01,2.402402013540267944e-01,1.713287271559238434e-02,1.670990306884050439e-02,2.720350130402948707e-05,2.720350130402948707e-05
2.696806669235229492e+00,2.936769700050354093e+00,2.696833848953247070e+00,2.936796879768371671e+00,8.888751864433288574e-01,8.598673462867736372e-01,9.472329616546630859e-01,9.241984724998474343e-01,6.594766378402709961e-01,8.987954795360565408e-01,1.880977600812911987e-01,2.411215335130691417e-01,1.312407571822404861e-02,1.278686318546533654e-02,2.720610063988715410e-05,2.720610063988715410e-05
2.590925931930541992e+00,2.787605428695678622e+00,2.590953111648559570e+00,2.787632608413696200e+00,8.632412552833557129e-01,8.597272455692290816e-01,9.192417263984680176e-01,9.231848299503326860e-01,5.418386459350585938e-01,7.491828441619873269e-01,2.543199062347412109e-01,2.421315416693687328e-01,1.228429563343524933e-02,1.337900990620255470e-02,2.720720294746570289e-05,2.720720294746570289e-05
2.469224452972412109e+00,2.771321916580200106e+00,2.469251632690429688e+00,2.771349096298217685e+00,8.480409383773803711e-01,8.591348409652710405e-01,9.223538041114807129e-01,9.252965033054352251e-01,4.685662984848022461e-01,7.304526567459106445e-01,2.147518545389175415e-01,2.426319882273673956e-01,1.551125198602676392e-02,1.380595006048679352e-02,2.721018245210871100e-05,2.721018245210871100e-05
2.518373966217041016e+00,2.856229853630066096e+00,2.518401145935058594e+00,2.856257033348083674e+00,8.636570572853088379e-01,8.574591219425201638e-01,9.264286160469055176e-01,9.234248757362365501e-01,5.192353725433349609e-01,8.201058506965637207e-01,1.926684230566024780e-01,2.417718395590782166e-01,1.638453081250190735e-02,1.346813216805458138e-02,2.721439886954613030e-05,2.721439886954613030e-05
2.625181674957275391e+00,2.837998008728027433e+00,2.625208854675292969e+00,2.838025188446045011e+00,8.847599625587463379e-01,8.566689848899841087e-01,9.257199168205261230e-01,9.238117098808288352e-01,5.874397754669189453e-01,8.051618993282317893e-01,2.164660692214965820e-01,2.406958252191543635e-01,1.079614832997322083e-02,1.165964249521493981e-02,2.721849159570410848e-05,2.721849159570410848e-05
2.440260887145996094e+00,2.827869606018066584e+00,2.440288066864013672e+00,2.827896785736084162e+00,8.231306672096252441e-01,8.588329911231994407e-01,8.914662003517150879e-01,9.215737760066986528e-01,4.496383965015411377e-01,7.941330850124359575e-01,2.630878388881683350e-01,2.406154856085777338e-01,1.293789595365524292e-02,1.271435962989926269e-02,2.722170211200136691e-05,2.722170211200136691e-05
3.115166187286376953e+00,2.956358218193054110e+00,3.115193367004394531e+00,2.956385397911071689e+00,8.954355716705322266e-01,8.538622915744781272e-01,9.396034479141235352e-01,9.217031419277190718e-01,1.059916019439697266e+00,9.301863908767700195e-01,2.077419310808181763e-01,2.392877832055091969e-01,1.246903184801340103e-02,1.131857931613922119e-02,2.722537283261772245e-05,2.722537283261772245e-05
2.575134277343750000e+00,2.889585256576538086e+00,2.575161457061767578e+00,2.889612436294555664e+00,8.080337643623352051e-01,8.550463378429412620e-01,9.068821668624877930e-01,9.206314921379089578e-01,5.556945204734802246e-01,8.619766235351562500e-01,2.946117818355560303e-01,2.385021999478340038e-01,9.912073612213134766e-03,1.342859370633959701e-02,2.722794670262373984e-05,2.722794670262373984e-05
2.454912185668945312e+00,2.937888288497924716e+00,2.454939365386962891e+00,2.937915468215942294e+00,8.486036658287048340e-01,8.522646963596344216e-01,9.112039804458618164e-01,9.190007627010345903e-01,4.618270397186279297e-01,9.184584915637969971e-01,2.194303572177886963e-01,2.369112551212310680e-01,1.384702417999505997e-02,1.125311199575662613e-02,2.723170109675265849e-05,2.723170109675265849e-05
2.426662683486938477e+00,2.668796563148498446e+00,2.426689863204956055e+00,2.668823742866516024e+00,8.176545500755310059e-01,8.520072340965271218e-01,8.768262267112731934e-01,9.230251014232635498e-01,4.637013971805572510e-01,6.401156604290008101e-01,2.549651563167572021e-01,2.414119750261306818e-01,1.351543888449668884e-02,1.223660418763756683e-02,2.723381658142898232e-05,2.723381658142898232e-05
2.496463537216186523e+00,2.701699376106262207e+00,2.496490716934204102e+00,2.701726555824279785e+00,8.583587408065795898e-01,8.588059902191161887e-01,9.336957335472106934e-01,9.264142572879791038e-01,4.665809571743011475e-01,6.494323253631592019e-01,2.146954983472824097e-01,2.435483351349830572e-01,2.313290908932685852e-02,2.349843457341194153e-02,2.723510260693728924e-05,2.723510260693728924e-05
2.548137903213500977e+00,2.704407906532287686e+00,2.548165082931518555e+00,2.704435086250305265e+00,8.952675461769104004e-01,8.589590609073638472e-01,9.484198093414306641e-01,9.264154553413390669e-01,4.619232714176177979e-01,6.581534683704376443e-01,2.284806519746780396e-01,2.462442398071288951e-01,1.404676027595996857e-02,1.463568778708577121e-02,2.723522266023792326e-05,2.723522266023792326e-05
2.548369646072387695e+00,2.767888689041137606e+00,2.548396825790405273e+00,2.767915868759155185e+00,8.912483453750610352e-01,8.691571712493896262e-01,9.609969854354858398e-01,9.275957286357879861e-01,4.498450458049774170e-01,6.718030154705048052e-01,2.143267244100570679e-01,2.501334533095359580e-01,3.195258229970932007e-02,4.919928796589374820e-02,2.723758007050491869e-05,2.723758007050491869e-05
2.656052589416503906e+00,2.737167882919311346e+00,2.656079769134521484e+00,2.737195062637328924e+00,8.388764858245849609e-01,8.691287398338317649e-01,9.042735099792480469e-01,9.296348571777344194e-01,6.205803155899047852e-01,6.502004086971282515e-01,2.590812742710113525e-01,2.618505030870437733e-01,3.324069082736968994e-02,2.635331843048334052e-02,2.723714169405866414e-05,2.723714169405866414e-05
2.644704580307006836e+00,2.749298310279846280e+00,2.644731760025024414e+00,2.749325489997863858e+00,8.991613388061523438e-01,8.725887656211852583e-01,9.558078646659851074e-01,9.321981847286224809e-01,4.450115859508514404e-01,6.659894406795501265e-01,3.264707624912261963e-01,2.621580332517624012e-01,1.825277507305145264e-02,1.636389326304197450e-02,2.723716715991031379e-05,2.723716715991031379e-05
2.550033807754516602e+00,2.738318753242492853e+00,2.550060987472534180e+00,2.738345932960510432e+00,8.747268319129943848e-01,8.683083593845367654e-01,9.581149220466613770e-01,9.315736949443816917e-01,4.357362389564514160e-01,6.652312576770782471e-01,2.711802423000335693e-01,2.621723592281341442e-01,1.027551386505365372e-02,1.103306645527482067e-02,2.723850775510072708e-05,2.723850775510072708e-05
2.482610702514648438e+00,2.681301212310791104e+00,2.482637882232666016e+00,2.681328392028808683e+00,8.615490794181823730e-01,8.662349343299865501e-01,9.193845987319946289e-01,9.316792190074920654e-01,4.353330433368682861e-01,6.140288233757018599e-01,2.576843798160552979e-01,2.593241900205612294e-01,8.659581653773784637e-03,1.003405824303627014e-02,2.724006844800896943e-05,2.724006844800896943e-05
3.946466207504272461e+00,3.278466963768005282e+00,3.946493387222290039e+00,3.278494143486022860e+00,9.449842572212219238e-01,9.150982141494751199e-01,9.675666689872741699e-01,1.235212290287017733e+00,1.703539848327636719e+00,8.111229360103606734e-01,3.002331554889678955e-01,2.839084297418594249e-01,3.014223650097846985e-02,3.312517181038856368e-02,2.721997225307859480e-05,2.721997225307859480e-05
2.465608835220336914e+00,2.841146206855774015e+00,2.465636014938354492e+00,2.841173386573791593e+00,8.606649637222290039e-01,8.825158178806304932e-01,9.523265957832336426e-01,9.473383665084839089e-01,4.493775963783264160e-01,7.499840319156646506e-01,1.784763932228088379e-01,2.321307912468910106e-01,2.476329356431961060e-02,2.917718514800071716e-02,2.723137004068121314e-05,2.723137004068121314e-05
2.551594257354736328e+00,2.764355206489562899e+00,2.551621437072753906e+00,2.764382386207580478e+00,8.952282667160034180e-01,8.914852321147919145e-01,9.502093791961669922e-01,9.464484453201293945e-01,4.460433125495910645e-01,6.742496073246002641e-01,2.399697452783584595e-01,2.339080169796943776e-01,2.014355547726154327e-02,1.826385166496038298e-02,2.723655961744952947e-05,2.723655961744952947e-05
3.048659086227416992e+00,2.713467335700988858e+00,3.048686265945434570e+00,2.713494515419006436e+00,8.843706846237182617e-01,8.869650721549987571e-01,9.644078612327575684e-01,9.445301353931426780e-01,9.550012946128845215e-01,6.292037844657898393e-01,2.317676395177841187e-01,2.388373523950576838e-01,1.311166398227214813e-02,1.393096363171935151e-02,2.724081787164323032e-05,2.724081787164323032e-05
2.412935495376586914e+00,2.699774241447448819e+00,2.412962675094604492e+00,2.699801421165466397e+00,8.565354943275451660e-01,8.826619684696197510e-01,9.354555010795593262e-01,9.445994973182678667e-01,4.430790543556213379e-01,6.214530348777771440e-01,1.676004379987716675e-01,2.390511259436607361e-01,1.026501227170228958e-02,1.200861083343624999e-02,2.724202204262837768e-05,2.724202204262837768e-05
2.604395866394042969e+00,2.720590281486511053e+00,2.604423046112060547e+00,2.720617461204528631e+00,8.836356401443481445e-01,8.811793446540832075e-01,9.202392101287841797e-01,9.454557657241821067e-01,5.792355537414550781e-01,6.431469023227691650e-01,2.070477455854415894e-01,2.383150324225425665e-01,1.423760969191789627e-02,1.249327315017581021e-02,2.724835940171033144e-05,2.724835940171033144e-05
2.682008028030395508e+00,2.712657833099365146e+00,2.682035207748413086e+00,2.712685012817382724e+00,8.466445207595825195e-01,8.774062812328338179e-01,8.799978494644165039e-01,9.409198284149169478e-01,7.083872556686401367e-01,6.495398163795471635e-01,2.320185899734497070e-01,2.323338761925697327e-01,1.495999470353126526e-02,1.245799716562032665e-02,2.725414378801360726e-05,2.725414378801360726e-05
2.626756668090820312e+00,2.860980081558227361e+00,2.626783847808837891e+00,2.861007261276244940e+00,8.751855492591857910e-01,9.084095239639282671e-01,9.436298608779907227e-01,9.479826927185058816e-01,4.569879770278930664e-01,7.379802823066711204e-01,3.285249173641204834e-01,2.289530247449874933e-01,2.242837287485599518e-02,3.765453472733497342e-02,2.726150523812975734e-05,2.726150523812975734e-05
2.463000059127807617e+00,2.708573460578918457e+00,2.463027238845825195e+00,2.708600640296936035e+00,8.455889821052551270e-01,8.707531094551086426e-01,9.507766962051391602e-01,9.436366677284240279e-01,4.481946825981140137e-01,6.563637673854827437e-01,2.016154080629348755e-01,2.243245333433151190e-01,1.682432368397712708e-02,1.349540185183286702e-02,2.727027458604425192e-05,2.727027458604425192e-05
2.938190698623657227e+00,2.761430859565734863e+00,2.938217878341674805e+00,2.761458039283752441e+00,8.768806457519531250e-01,8.723880767822265181e-01,9.284151196479797363e-01,9.378337204456329568e-01,9.040856957435607910e-01,7.135113477706909180e-01,2.164174765348434448e-01,2.236616373062133845e-01,1.239184197038412094e-02,1.403609858825802768e-02,2.727980609051883221e-05,2.727980609051883221e-05
2.490209102630615234e+00,2.693979454040527521e+00,2.490236282348632812e+00,2.694006633758545100e+00,8.834924101829528809e-01,8.702674269676208274e-01,9.429692625999450684e-01,9.374046623706817627e-01,4.371992349624633789e-01,6.506662487983703169e-01,2.170936912298202515e-01,2.247476235032081493e-01,9.454437531530857086e-03,1.089348662644624641e-02,2.728792969719506800e-05,2.728792969719506800e-05
2.465158939361572266e+00,2.786099958419799627e+00,2.465186119079589844e+00,2.786127138137817205e+00,8.989308476448059082e-01,8.649159610271454079e-01,9.606915116310119629e-01,9.387743413448333962e-01,4.274530410766601562e-01,7.453901410102844460e-01,1.628508269786834717e-01,2.204736664891243092e-01,1.523263938724994659e-02,1.654583010822534631e-02,2.729699917836114764e-05,2.729699917836114764e-05
2.476483583450317383e+00,2.722744417190551935e+00,2.476511001586914062e+00,2.722771835327148615e+00,8.788373470306396484e-01,8.687638342380523682e-01,9.323937296867370605e-01,9.357035100460052712e-01,4.188568890094757080e-01,6.851060092449188232e-01,2.353667020797729492e-01,2.170355975627899225e-01,1.102898642420768738e-02,1.613547448068857262e-02,2.730877895373851061e-05,2.730877895373851061e-05
2.358170986175537109e+00,2.746380829811096103e+00,2.358198404312133789e+00,2.746408247947692782e+00,8.390271067619323730e-01,8.593454539775848833e-01,9.164085388183593750e-01,9.300057470798492876e-01,4.013370275497436523e-01,7.287740439176559892e-01,1.914033740758895874e-01,2.172212496399879567e-01,9.995092637836933136e-03,1.103429971262812580e-02,2.731812492129392922e-05,2.731812492129392922e-05
2.399562835693359375e+00,2.806492948532104403e+00,2.399590253829956055e+00,2.806520366668701083e+00,8.589573502540588379e-01,8.614410638809204546e-01,9.239569902420043945e-01,9.297475695610046831e-01,4.027315378189086914e-01,7.878391504287719505e-01,2.035375684499740601e-01,2.172786504030227717e-01,1.037940569221973419e-02,1.018649088218808244e-02,2.732104985625483096e-05,2.732104985625483096e-05
2.489609241485595703e+00,2.676396059989929022e+00,2.489636659622192383e+00,2.676423478126525701e+00,9.089810252189636230e-01,8.619490802288055642e-01,9.664173722267150879e-01,9.345786154270172563e-01,3.993582129478454590e-01,6.478686094284057395e-01,2.009143084287643433e-01,2.152386561036109813e-01,1.393821928650140762e-02,1.676114629954099725e-02,2.733101428020745516e-05,2.733101428020745516e-05
2.892168283462524414e+00,2.888449287414550870e+00,2.892195701599121094e+00,2.888476681709289728e+00,8.538759946823120117e-01,8.951207935810089333e-01,9.074676036834716797e-01,9.280707240104675293e-01,8.456121087074279785e-01,8.104751229286193404e-01,2.471044808626174927e-01,2.120600774884223993e-01,3.810804709792137146e-02,4.272265098989010135e-02,2.733945439103990793e-05,2.733945439103990793e-05
2.678122997283935547e+00,2.875668525695800781e+00,2.678150415420532227e+00,2.875695943832397461e+00,9.051082134246826172e-01,8.924023151397705300e-01,9.310493469238281250e-01,1.073734128475189120e+00,4.734286069869995117e-01,6.262063145637511985e-01,3.183335065841674805e-01,2.309219330549240057e-01,5.020339041948318481e-02,5.240374580025673051e-02,2.734693771344609559e-05,2.734693771344609559e-05
2.653721094131469727e+00,2.742191028594970881e+00,2.653748512268066406e+00,2.742218446731567560e+00,8.382661342620849609e-01,8.604841470718384011e-01,9.293518662452697754e-01,9.486997425556182861e-01,5.485702753067016602e-01,6.594490110874176025e-01,3.191288709640502930e-01,2.515745982527732849e-01,1.840384677052497864e-02,2.198350057005882263e-02,2.736077658482827246e-05,2.736077658482827246e-05
2.670287609100341797e+00,2.759760403633117587e+00,2.670315027236938477e+00,2.759787821769714267e+00,8.622136116027832031e-01,8.476866126060486062e-01,9.259548783302307129e-01,9.400273501873016579e-01,5.854703187942504883e-01,7.028403639793395774e-01,2.804038524627685547e-01,2.527036041021347157e-01,1.624522544443607330e-02,1.650242619216442039e-02,2.737152681220322847e-05,2.737152681220322847e-05
2.649713277816772461e+00,2.753943586349487216e+00,2.649740695953369141e+00,2.753971004486083896e+00,8.607926964759826660e-01,8.577113807201385276e-01,9.233949780464172363e-01,9.366873145103454812e-01,5.432431697845458984e-01,6.853923916816710982e-01,3.050107955932617188e-01,2.522533506155014149e-01,1.727165281772613525e-02,2.189915720373392105e-02,2.738044167927000672e-05,2.738044167927000672e-05
2.915389776229858398e+00,2.764935421943664373e+00,2.915417194366455078e+00,2.764962840080261053e+00,8.691996932029724121e-01,8.532059431076050027e-01,9.476524591445922852e-01,9.349829018115997092e-01,8.430169224739074707e-01,7.127196550369262473e-01,2.431541681289672852e-01,2.505251616239547729e-01,1.236657518893480301e-02,1.350176716223359073e-02,2.738885632425080985e-05,2.738885632425080985e-05
2.601683139801025391e+00,2.774859261512756525e+00,2.601710557937622070e+00,2.774886679649353205e+00,8.037733435630798340e-01,8.510158002376556619e-01,8.818979859352111816e-01,9.334583997726439986e-01,6.221539378166198730e-01,7.302797138690948486e-01,2.811342179775238037e-01,2.495435923337936401e-01,1.272379141300916672e-02,1.056176060810685123e-02,2.739797491813078523e-05,2.739797491813078523e-05
2.556413650512695312e+00,2.793010902404785334e+00,2.556441068649291992e+00,2.793038320541382014e+00,8.049724698066711426e-01,8.449865400791167769e-01,9.049200415611267090e-01,9.336523175239562766e-01,5.316799283027648926e-01,7.516324162483215554e-01,3.049002289772033691e-01,2.499589949846267589e-01,9.941007941961288452e-03,1.278065033257007668e-02,2.740449781413190067e-05,2.740449781413190067e-05
2.797694206237792969e+00,2.849828338623046964e+00,2.797721624374389648e+00,2.849855756759643644e+00,8.843836188316345215e-01,8.487171947956084761e-01,9.322988986968994141e-01,9.320030212402343750e-01,6.506072282791137695e-01,7.927328407764434592e-01,3.107032775878906250e-01,2.500885173678398243e-01,1.970100402832031250e-02,2.628676258027553420e-02,2.740564377745613456e-05,2.740564377745613456e-05
2.849547863006591797e+00,2.761955332756042658e+00,2.849575281143188477e+00,2.761982750892639338e+00,8.922360539436340332e-01,8.438889741897582786e-01,9.512722492218017578e-01,9.279740929603577104e-01,7.577676177024841309e-01,7.377970039844512495e-01,2.395012229681015015e-01,2.385135501623153742e-01,8.770701475441455841e-03,1.378174358978867531e-02,2.741668504313565791e-05,2.741668504313565791e-05
2.520860671997070312e+00,2.801715946197509854e+00,2.520888090133666992e+00,2.801743364334106534e+00,8.233311176300048828e-01,8.484107494354248269e-01,9.446219801902770996e-01,9.285547196865081565e-01,5.412608981132507324e-01,7.780006945133208784e-01,1.995646357536315918e-01,2.347917869687080328e-01,1.208194345235824585e-02,1.195797063410282066e-02,2.742243304965086281e-05,2.742243304965086281e-05
3.889347791671752930e+00,2.818219137191772639e+00,3.889375209808349609e+00,2.818246555328369318e+00,8.707283735275268555e-01,8.499648630619048850e-01,9.163472056388854980e-01,9.288637220859528032e-01,1.847975611686706543e+00,7.922129154205321822e-01,2.376388907432556152e-01,2.338031962513923701e-01,1.665770262479782104e-02,1.337451962754130329e-02,2.742595097515732050e-05,2.742595097515732050e-05
2.610752344131469727e+00,2.774849057197570801e+00,2.610779762268066406e+00,2.774876475334167480e+00,8.435082435607910156e-01,8.415446639060973899e-01,9.275797009468078613e-01,9.272587597370147705e-01,6.113948822021484375e-01,7.622997164726257324e-01,2.177840620279312134e-01,2.333711743354797419e-01,1.048540789633989334e-02,1.037467569112777641e-02,2.743021286732982844e-05,2.743021286732982844e-05
2.527234315872192383e+00,2.786003232002258301e+00,2.527261734008789062e+00,2.786030650138854980e+00,8.700566291809082031e-01,8.418702065944672075e-01,9.214625358581542969e-01,9.252583861351013628e-01,5.280936360359191895e-01,7.781059563159942183e-01,1.996661126613616943e-01,2.324659332633018383e-01,7.955595850944519043e-03,8.302797749638556740e-03,2.743746154010295868e-05,2.743746154010295868e-05
2.487589836120605469e+00,2.724285316467285334e+00,2.487617254257202148e+00,2.724312734603882014e+00,8.052613735198974609e-01,8.394357562065124512e-01,8.999172449111938477e-01,9.256807684898376021e-01,5.185121297836303711e-01,7.175949037075042281e-01,2.559407353401184082e-01,2.334969907999038807e-01,7.958300411701202393e-03,8.076903317123651851e-03,2.743897857726551592e-05,2.743897857726551592e-05
2.706312417984008789e+00,2.805750846862792969e+00,2.706339836120605469e+00,2.805778264999389648e+00,8.383752703666687012e-01,8.405053794384003130e-01,9.058172106742858887e-01,9.251150190830230713e-01,6.745113730430603027e-01,7.947602152824402300e-01,2.781275212764739990e-01,2.338213324546813965e-01,9.481073357164859772e-03,1.154888300225138595e-02,2.744348603300750256e-05,2.744348603300750256e-05
2.519245386123657227e+00,2.868373870849609375e+00,2.519272804260253906e+00,2.868401288986206055e+00,8.524127006530761719e-01,8.461042940616607666e-01,9.367530941963195801e-01,9.242164790630340576e-01,5.268250703811645508e-01,8.548148691654204878e-01,1.933043301105499268e-01,2.329677477478981074e-01,9.950160980224609375e-03,1.027053268626332283e-02,2.744851553870830685e-05,2.744851553870830685e-05
2.529121875762939453e+00,2.761478137969970881e+00,2.529149293899536133e+00,2.761505556106567560e+00,8.849217295646667480e-01,8.474853754043578657e-01,9.432918429374694824e-01,9.242680072784423828e-01,5.227483510971069336e-01,7.429667115211486816e-01,1.628807336091995239e-01,2.324909433722495977e-01,1.527920458465814590e-02,1.426710681989789078e-02,2.745474375842604786e-05,2.745474375842604786e-05
2.468792915344238281e+00,2.695289444923401057e+00,2.468820333480834961e+00,2.695316863059997736e+00,7.873491644859313965e-01,8.386121809482574019e-01,9.134693145751953125e-01,9.232732117176055686e-01,5.234438180923461914e-01,6.931740701198577659e-01,2.375843971967697144e-01,2.325624749064445496e-01,6.946381181478500366e-03,7.667505322024226536e-03,2.745607343968003988e-05,2.745607343968003988e-05
2.782948255538940430e+00,2.740797138214111417e+00,2.782975673675537109e+00,2.740824556350708097e+00,8.341125845909118652e-01,8.404871344566344771e-01,9.340442419052124023e-01,9.272627711296081987e-01,7.496224641799926758e-01,7.139617562294006126e-01,2.534096539020538330e-01,2.418704867362976019e-01,1.175919920206069946e-02,1.721503492444753647e-02,2.745341407717205584e-05,2.745341407717205584e-05
2.503915548324584961e+00,2.740351223945617587e+00,2.503942966461181641e+00,2.740378642082214267e+00,8.525659441947937012e-01,8.391847610473632812e-01,9.368032813072204590e-01,9.247523903846740501e-01,5.237745642662048340e-01,7.226506829261779563e-01,1.779021322727203369e-01,2.408970832824706976e-01,1.286948099732398987e-02,1.286626923829317128e-02,2.745303754636552185e-05,2.745303754636552185e-05
2.559985160827636719e+00,2.787569022178649991e+00,2.560012578964233398e+00,2.787596440315246671e+00,8.671771287918090820e-01,8.384085059165954368e-01,9.464491009712219238e-01,9.228486180305480735e-01,5.247985124588012695e-01,7.766313791275024636e-01,2.032643258571624756e-01,2.256495624780655018e-01,1.829633675515651703e-02,2.403091229498386522e-02,2.745854726526886225e-05,2.745854726526886225e-05
2.569031000137329102e+00,2.917407393455505371e+00,2.569058418273925781e+00,2.917434811592102051e+00,8.528640866279602051e-01,8.427806019783019575e-01,9.114547967910766602e-01,9.233348429203033225e-01,5.508356690406799316e-01,9.165822088718413863e-01,2.401666194200515747e-01,2.186822965741157532e-01,1.370967365801334381e-02,1.602747011929750443e-02,2.746849895629566163e-05,2.746849895629566163e-05
2.520586967468261719e+00,2.836495018005371183e+00,2.520614385604858398e+00,2.836522436141967862e+00,7.924772500991821289e-01,8.485800683498382346e-01,8.795288205146789551e-01,9.209685146808623823e-01,5.114462971687316895e-01,8.365269303321838379e-01,3.247880339622497559e-01,2.172645911574363764e-01,1.234661787748336792e-02,1.315486896783113480e-02,2.747249891399405897e-05,2.747249891399405897e-05
2.495414972305297852e+00,2.829131674766540705e+00,2.495442390441894531e+00,2.829159092903137385e+00,8.546650409698486328e-01,8.412461757659912553e-01,9.336918592453002930e-01,9.239943087100982444e-01,5.112864375114440918e-01,8.371965289115905762e-01,1.880918592214584351e-01,2.167632773518562428e-01,7.679901085793972015e-03,9.931407403200864792e-03,2.747776488831732422e-05,2.747776488831732422e-05
2.473779201507568359e+00,2.846252608299255193e+00,2.473806619644165039e+00,2.846280026435851873e+00,8.228930234909057617e-01,8.411443650722503218e-01,9.218266010284423828e-01,9.216764450073242632e-01,5.163635015487670898e-01,8.539566993713378906e-01,2.011976987123489380e-01,2.157063931226730347e-01,1.149854622781276703e-02,1.376874735578894650e-02,2.748108454397879541e-05,2.748108454397879541e-05
2.589781999588012695e+00,2.745608329772949219e+00,2.589809417724609375e+00,2.745635747909545898e+00,8.388726711273193359e-01,8.379507780075072798e-01,9.399564862251281738e-01,9.314867138862610307e-01,5.772375464439392090e-01,7.430247306823730691e-01,2.198018133640289307e-01,2.224219873547554072e-01,1.391329802572727203e-02,1.072408743202686240e-02,2.748351107584312558e-05,2.748351107584312558e-05
2.786716938018798828e+00,2.744878792762756259e+00,2.786744356155395508e+00,2.744906210899352939e+00,8.096754550933837891e-01,8.326613843441009744e-01,8.760309815406799316e-01,9.261256217956542747e-01,7.842962741851806641e-01,7.553468286991119607e-01,3.094191551208496094e-01,2.228285998106002697e-01,7.295147515833377838e-03,7.916285097599029888e-03,2.748689439613372087e-05,2.748689439613372087e-05
2.669659137725830078e+00,2.774613904953002752e+00,2.669686555862426758e+00,2.774641323089599432e+00,8.418725728988647461e-01,8.317515075206756148e-01,9.193993210792541504e-01,9.251810669898986594e-01,6.944316029548645020e-01,7.884264588356018066e-01,2.058697938919067383e-01,2.223559603095054682e-01,8.085824549198150635e-03,6.898867664858698845e-03,2.748717997747007757e-05,2.748717997747007757e-05
2.621324062347412109e+00,2.748004794120788574e+00,2.621351480484008789e+00,2.748032212257385254e+00,8.662067651748657227e-01,8.451843440532684770e-01,9.627902507781982422e-01,9.263085961341858132e-01,5.599098205566406250e-01,7.320908784866333452e-01,2.195561379194259644e-01,2.247105762362480164e-01,1.286112517118453979e-02,1.971042864024639268e-02,2.748919359873980284e-05,2.748919359873980284e-05
2.636904954910278320e+00,2.906167340278625666e+00,2.636932373046875000e+00,2.906194782257080167e+00,8.310305476188659668e-01,8.322795629501342773e-01,9.246109127998352051e-01,9.258473753929138406e-01,6.658325195312500000e-01,9.137542247772216797e-01,2.053735405206680298e-01,2.236316755414008983e-01,1.005753036588430405e-02,1.065454008057713578e-02,2.749315717665012926e-05,2.749315717665012926e-05
2.595996141433715820e+00,2.761798095703125178e+00,2.596023559570312500e+00,2.761825513839721857e+00,7.849649786949157715e-01,8.328702092170715554e-01,8.947769403457641602e-01,9.242170810699462669e-01,6.847701668739318848e-01,7.765396058559417281e-01,2.228413969278335571e-01,2.198492392897605785e-01,8.642603643238544464e-03,8.321994822472334255e-03,2.749786472122650594e-05,2.749786472122650594e-05
2.524236440658569336e+00,2.782535839080810369e+00,2.524263858795166016e+00,2.782563257217407049e+00,8.175224065780639648e-01,8.581968843936920166e-01,9.140259623527526855e-01,9.283327162265777588e-01,5.519768595695495605e-01,7.647263824939727339e-01,2.184600681066513062e-01,2.069772005081176869e-01,2.225123159587383270e-02,2.430257014930248260e-02,2.750750900304410607e-05,2.750750900304410607e-05
2.534128665924072266e+00,2.658566522598266424e+00,2.534156084060668945e+00,2.658593940734863104e+00,8.434078693389892578e-01,8.480278670787810835e-01,9.444991946220397949e-01,9.237463057041168657e-01,5.531057119369506836e-01,6.726209104061127153e-01,1.854782104492187500e-01,2.059570387005806025e-01,7.637507747858762741e-03,8.214428648352622639e-03,2.751049032667651772e-05,2.751049032667651772e-05
2.704820394515991211e+00,2.630319714546203613e+00,2.704847812652587891e+00,2.630347132682800293e+00,8.154779076576232910e-01,8.412449717521667258e-01,8.762988448143005371e-01,9.225171566009521262e-01,7.723079323768615723e-01,6.504683434963226540e-01,2.277394980192184448e-01,2.059563577175140270e-01,1.299625262618064880e-02,1.013282155618071625e-02,2.751555075519718230e-05,2.751555075519718230e-05
2.596757650375366211e+00,2.794312810897827237e+00,2.596785068511962891e+00,2.794340229034423917e+00,8.488792777061462402e-01,8.362889170646667925e-01,9.092666506767272949e-01,9.247051537036895530e-01,5.441926717758178711e-01,7.948660790920257790e-01,2.610026597976684570e-01,2.123464316129684559e-01,3.341656923294067383e-02,2.610621303319931100e-02,2.751735519268549979e-05,2.751735519268549979e-05
2.515350341796875000e+00,2.761635351181030096e+00,2.515377759933471680e+00,2.761662769317626775e+00,8.268991112709045410e-01,8.326147437095642312e-01,9.396827220916748047e-01,9.294217467308044656e-01,5.440151691436767578e-01,7.474297225475311501e-01,1.887402832508087158e-01,2.385262429714202770e-01,1.601313054561614990e-02,1.364289177581667900e-02,2.751508509390987456e-05,2.751508509390987456e-05
2.586317062377929688e+00,3.000401616096496582e+00,2.586344480514526367e+00,3.000429058074951083e+00,8.145485520362854004e-01,8.411804497241973655e-01,9.226328134536743164e-01,9.239402770996093528e-01,5.510159730911254883e-01,9.250719130039215532e-01,2.030614614486694336e-01,1.990094855427742004e-01,9.505790472030639648e-02,1.111995495855808286e-01,2.752547698037233204e-05,2.752547698037233204e-05
2.592911720275878906e+00,2.940253567695617853e+00,2.592939138412475586e+00,2.940281009674072354e+00,8.183928132057189941e-01,8.377144575119018777e-01,9.108222723007202148e-01,9.228182792663573997e-01,5.479667186737060547e-01,9.213087141513824907e-01,2.471135258674621582e-01,1.964880779385566600e-01,6.861644983291625977e-02,6.192404814064502577e-02,2.752661930571775883e-05,2.752661930571775883e-05
2.499867439270019531e+00,2.953261613845825195e+00,2.499894857406616211e+00,2.953289055824279696e+00,8.568822145462036133e-01,8.363985776901244895e-01,9.369987249374389648e-01,9.248890817165374978e-01,5.527297258377075195e-01,9.819067120552062988e-01,1.386649310588836670e-01,1.941398754715919495e-01,1.459192298352718353e-02,1.592739680781960626e-02,2.753104854491539299e-05,2.753104854491539299e-05
2.483348369598388672e+00,3.014083123207092374e+00,2.483375787734985352e+00,3.014110565185546875e+00,8.294369578361511230e-01,8.340982317924499068e-01,9.144717454910278320e-01,9.190717041492462158e-01,5.426170229911804199e-01,1.053290081024169877e+00,1.844444721937179565e-01,1.930670320987701305e-01,1.237815339118242264e-02,1.455603027716279030e-02,2.753513399511575699e-05,2.753513399511575699e-05
2.561991453170776367e+00,2.998013305664062322e+00,2.562019109725952148e+00,2.998040962219238104e+00,8.071060180664062500e-01,8.362459063529967818e-01,8.911105394363403320e-01,9.220930099487304465e-01,6.616491675376892090e-01,1.036057746410369962e+00,1.872856914997100830e-01,1.917426332831382862e-01,1.484017726033926010e-02,1.187403360381722450e-02,2.753925036813598126e-05,2.753925036813598126e-05
2.551835775375366211e+00,3.207223558425903231e+00,2.551863431930541992e+00,3.207251214981079013e+00,8.188955783843994141e-01,8.308460354804992898e-01,9.279266595840454102e-01,9.194337725639343262e-01,6.038462519645690918e-01,1.257610100507736250e+00,1.921363472938537598e-01,1.907076671719551142e-01,9.031163528561592102e-03,8.626042585819958947e-03,2.754199522314593196e-05,2.754199522314593196e-05
2.528865814208984375e+00,2.914348363876342773e+00,2.528893470764160156e+00,2.914376020431518555e+00,8.270119428634643555e-01,8.307720422744750977e-01,8.688487410545349121e-01,9.221676886081695557e-01,5.401284098625183105e-01,9.585900247097015603e-01,2.827603816986083984e-01,1.924011915922164973e-01,1.011635735630989075e-02,1.041749035939574207e-02,2.754345405264757574e-05,2.754345405264757574e-05
2.401173114776611328e+00,3.040803956985473455e+00,2.401200771331787109e+00,3.040831613540649236e+00,7.933288216590881348e-01,8.286984503269195779e-01,9.150276184082031250e-01,9.235782623291015625e-01,5.425886511802673340e-01,1.088221395015716464e+00,1.411845237016677856e-01,1.918290331959724426e-01,9.043341502547264099e-03,8.476787153631449093e-03,2.754776687652338296e-05,2.754776687652338296e-05
2.482526302337646484e+00,2.905464744567871183e+00,2.482553958892822266e+00,2.905492401123046964e+00,7.988363504409790039e-01,8.373403668403625044e-01,8.937487602233886719e-01,9.158514022827148882e-01,5.506753325462341309e-01,9.535301864147186501e-01,2.324513047933578491e-01,1.910844326019286998e-01,6.814726628363132477e-03,7.658339058980345899e-03,2.755166678980458528e-05,2.755166678980458528e-05
2.425302982330322266e+00,2.867055034637451261e+00,2.425330638885498047e+00,2.867082691192627042e+00,8.268046379089355469e-01,8.285090267658233865e-01,9.564439654350280762e-01,9.197860121726989524e-01,5.274773240089416504e-01,9.181880891323089822e-01,1.055899411439895630e-01,1.904758170247077831e-01,8.987125009298324585e-03,1.009606169536709716e-02,2.755588502623140812e-05,2.755588502623140812e-05
2.437004089355468750e+00,2.632803273200988947e+00,2.437031745910644531e+00,2.632830929756164728e+00,8.008598089218139648e-01,8.235796451568603294e-01,8.747814893722534180e-01,9.209129929542541060e-01,5.273895263671875000e-01,6.788474082946777122e-01,2.212270349264144897e-01,1.972947373986244091e-01,1.274624746292829514e-02,1.216850942000746727e-02,2.756013418547809124e-05,2.756013418547809124e-05
2.468806505203247070e+00,2.606443262100219815e+00,2.468834161758422852e+00,2.606470918655395597e+00,8.108206987380981445e-01,8.260424137115478516e-01,9.140082001686096191e-01,9.220711410045623335e-01,5.416188240051269531e-01,6.463610172271728738e-01,1.889310479164123535e-01,1.990649089217186030e-01,1.342763379216194153e-02,1.290385574102401699e-02,2.756271351245231926e-05,2.756271351245231926e-05
2.595223903656005859e+00,2.620882916450500311e+00,2.595251560211181641e+00,2.620910573005676092e+00,8.622316122055053711e-01,8.288422286510467307e-01,9.507170319557189941e-01,9.188496589660644087e-01,6.491356492042541504e-01,6.657356798648834673e-01,1.264372617006301880e-01,1.990194365382194630e-01,6.702497135847806931e-03,8.435974922031163822e-03,2.757472793746273965e-05,2.757472793746273965e-05
2.540878534317016602e+00,2.731182336807250977e+00,2.540906190872192383e+00,2.731209993362426758e+00,8.231446743011474609e-01,8.511401772499084251e-01,8.939315676689147949e-01,9.282495796680449995e-01,5.612532496452331543e-01,7.070950090885161909e-01,2.291782200336456299e-01,2.148904666304588262e-01,3.337062895298004150e-02,2.980713900178670953e-02,2.757675247266888618e-05,2.757675247266888618e-05
2.560163736343383789e+00,2.634028744697570978e+00,2.560191392898559570e+00,2.634056401252746760e+00,8.748714923858642578e-01,8.488104343414306641e-01,9.407122731208801270e-01,9.246070623397827370e-01,5.347335934638977051e-01,6.167608678340912309e-01,1.842563897371292114e-01,2.200859233736991993e-01,2.559007704257965088e-02,2.376444470137357642e-02,2.758101254585199058e-05,2.758101254585199058e-05
2.771544694900512695e+00,2.636220097541809082e+00,2.771572351455688477e+00,2.636247754096984863e+00,8.287507891654968262e-01,8.396022319793701172e-01,9.213873147964477539e-01,9.304689049720764604e-01,7.967870831489562988e-01,6.279997467994690163e-01,2.059868127107620239e-01,2.217593103647232111e-01,1.863277703523635864e-02,1.638994626700878213e-02,2.758717528195120394e-05,2.758717528195120394e-05
2.542142391204833984e+00,2.629624581336975186e+00,2.542170047760009766e+00,2.629652237892150968e+00,8.157390356063842773e-01,8.396352171897888406e-01,8.971503376960754395e-01,9.248079776763915572e-01,5.311180949211120605e-01,6.259243547916412131e-01,2.664752900600433350e-01,2.224577099084854015e-01,3.165954723954200745e-02,1.679931096732616494e-02,2.759183553280308843e-05,2.759183553280308843e-05
2.568064928054809570e+00,2.700808787345886142e+00,2.568092584609985352e+00,2.700836443901061923e+00,8.793692588806152344e-01,8.761040151119232622e-01,9.453710913658142090e-01,9.307603299617767112e-01,5.291144251823425293e-01,6.346585094928741677e-01,1.938817501068115234e-01,2.226184234023094177e-01,2.032824978232383728e-02,3.666755855083465854e-02,2.759721064649056643e-05,2.759721064649056643e-05
2.705517530441284180e+00,2.600484991073608310e+00,2.705545186996459961e+00,2.600512647628784091e+00,7.959846258163452148e-01,8.305175781250000444e-01,9.063507914543151855e-01,9.242341756820678933e-01,7.180784344673156738e-01,6.137378156185150369e-01,2.775453031063079834e-01,2.225119158625602778e-01,7.558537647128105164e-03,9.483519196510314248e-03,2.760289498837664723e-05,2.760289498837664723e-05
2.504234313964843750e+00,2.609887814521789640e+00,2.504261970520019531e+00,2.609915471076965421e+00,8.366022109985351562e-01,8.368212223052978738e-01,9.331610202789306641e-01,9.237541735172272173e-01,5.420519709587097168e-01,6.140783905982971635e-01,1.826147437095642090e-01,2.233551517128944397e-01,9.804144501686096191e-03,1.187889343127608230e-02,2.760809729807078838e-05,2.760809729807078838e-05
2.521010875701904297e+00,2.589855813980102450e+00,2.521038532257080078e+00,2.589883470535278231e+00,8.570179939270019531e-01,8.252529382705688921e-01,9.267450571060180664e-01,9.228721380233764204e-01,5.149718523025512695e-01,6.125080645084380881e-01,2.157857120037078857e-01,2.228693589568138123e-01,6.490272469818592072e-03,6.353395991027355194e-03,2.761311952781397849e-05,2.761311952781397849e-05
2.637670278549194336e+00,2.598872280120849698e+00,2.637697935104370117e+00,2.598899936676025479e+00,8.600713014602661133e-01,8.287341535091400369e-01,9.353552460670471191e-01,9.216801345348357710e-01,6.341018676757812500e-01,6.177725732326507790e-01,2.003734111785888672e-01,2.240202143788337652e-01,7.768309209495782852e-03,6.665198458358645092e-03,2.761463474598713219e-05,2.761463474598713219e-05
2.450004816055297852e+00,2.608978343009948908e+00,2.450032472610473633e+00,2.609005999565124689e+00,7.914974093437194824e-01,8.284599542617797630e-01,9.190201759338378906e-01,9.211723446846008523e-01,5.154624581336975098e-01,6.249099254608154741e-01,2.153568118810653687e-01,2.248152032494545038e-01,8.667962625622749329e-03,9.620879217982292522e-03,2.762187432381324470e-05,2.762187432381324470e-05
2.527181386947631836e+00,2.614199137687683194e+00,2.527209043502807617e+00,2.614226794242858976e+00,8.577864170074462891e-01,8.318748176097869873e-01,9.338185191154479980e-01,9.222639143466949685e-01,5.063037276268005371e-01,6.270102202892303689e-01,2.206998765468597412e-01,2.237122476100921742e-01,8.572857826948165894e-03,9.337907470762730339e-03,2.762939402600750327e-05,2.762939402600750327e-05
2.461689949035644531e+00,2.608385181427002042e+00,2.461717605590820312e+00,2.608412837982177823e+00,7.900235652923583984e-01,8.257914841175079124e-01,8.749678134918212891e-01,9.229782938957213911e-01,5.388277173042297363e-01,6.278444766998291238e-01,2.467254698276519775e-01,2.220557540655136164e-01,1.114538125693798065e-02,9.715274069458245884e-03,2.764011878753080964e-05,2.764011878753080964e-05
2.497341632843017578e+00,2.607756876945495517e+00,2.497369289398193359e+00,2.607784533500671298e+00,8.623857498168945312e-01,8.228770554065704124e-01,9.451252818107604980e-01,9.159081697463988814e-01,5.008205771446228027e-01,6.409295380115509477e-01,1.817152798175811768e-01,2.193383425474166870e-01,7.294537965208292007e-03,8.703725319355726589e-03,2.765305180219002068e-05,2.765305180219002068e-05
2.516726016998291016e+00,2.578103661537170410e+00,2.516753673553466797e+00,2.578131318092346191e+00,7.849977016448974609e-01,8.259041786193848100e-01,8.797547817230224609e-01,9.171414196491241011e-01,5.844002366065979004e-01,6.079272508621216264e-01,2.572679221630096436e-01,2.204639971256256159e-01,1.030531618744134903e-02,6.666780682280659676e-03,2.765514000202529132e-05,2.765514000202529132e-05
2.694952726364135742e+00,2.591016030311584561e+00,2.694980382919311523e+00,2.591043686866760343e+00,7.959803938865661621e-01,8.248518824577331099e-01,8.892405033111572266e-01,9.212142109870911089e-01,7.113690972328186035e-01,6.170317292213439719e-01,2.917765378952026367e-01,2.202367350459098760e-01,6.586406845599412918e-03,7.681500539183616985e-03,2.766175384749658406e-05,2.766175384749658406e-05
2.424401998519897461e+00,2.563810253143310458e+00,2.424429655075073242e+00,2.563837909698486239e+00,8.143104314804077148e-01,8.169526278972625288e-01,9.301975369453430176e-01,9.231727778911590354e-01,4.912221431732177734e-01,5.991999268531799094e-01,1.820923537015914917e-01,2.179416403174400385e-01,6.579468026757240295e-03,6.543292431160807610e-03,2.766751276794821024e-05,2.766751276794821024e-05
2.584011077880859375e+00,2.564213275909423828e+00,2.584038734436035156e+00,2.564240932464599609e+00,8.303434848785400391e-01,8.230592608451843262e-01,9.377250671386718750e-01,9.159270644187926802e-01,5.594193935394287109e-01,6.021762609481811079e-01,2.494747638702392578e-01,2.145082712173461970e-01,7.048354949802160263e-03,8.542431425303221096e-03,2.767306068562902510e-05,2.767306068562902510e-05
2.383447647094726562e+00,2.569569301605224787e+00,2.383475303649902344e+00,2.569596958160400568e+00,8.246315121650695801e-01,8.199357748031615989e-01,9.028264880180358887e-01,9.143877983093261497e-01,4.868330657482147217e-01,6.158744931221008523e-01,1.622700542211532593e-01,2.131018236279487721e-01,6.886504590511322021e-03,6.269401358440518553e-03,2.767962359939701855e-05,2.767962359939701855e-05
2.677668571472167969e+00,2.563690900802612305e+00,2.677696228027343750e+00,2.563718557357788086e+00,8.247333765029907227e-01,8.225784540176391824e-01,9.201638698577880859e-01,9.164197742938995361e-01,7.343147993087768555e-01,6.056856632232665572e-01,1.923360228538513184e-01,2.122440710663795471e-01,6.120557431131601334e-03,6.762904068455100233e-03,2.768153353827074170e-05,2.768153353827074170e-05
2.408364772796630859e+00,2.592911505699157626e+00,2.408392429351806641e+00,2.592939162254333407e+00,8.056672215461730957e-01,8.246571600437164751e-01,9.104371666908264160e-01,9.194024801254272461e-01,4.800106287002563477e-01,6.271262645721435991e-01,2.010982334613800049e-01,2.097684234380721990e-01,1.115161180496215820e-02,1.195715861395001481e-02,2.768651211226824671e-05,2.768651211226824671e-05
2.509853839874267578e+00,2.605734515190124334e+00,2.509881496429443359e+00,2.605762171745300115e+00,8.557652235031127930e-01,8.313392162322997825e-01,8.888525962829589844e-01,9.173603832721710649e-01,4.750407338142395020e-01,6.217045009136199507e-01,2.557207345962524414e-01,2.085067123174667303e-01,3.447449207305908203e-02,2.682375870645046373e-02,2.769210914266295731e-05,2.769210914266295731e-05
2.607186079025268555e+00,2.637348723411560236e+00,2.607213735580444336e+00,2.637376379966736017e+00,8.509004712104797363e-01,8.542984724044799805e-01,8.952149748802185059e-01,9.146554350852966753e-01,5.963058471679687500e-01,6.152574300765991655e-01,2.249947786331176758e-01,2.119332522153854481e-01,3.976995497941970825e-02,4.120413474738597592e-02,2.769938873825594783e-05,2.769938873825594783e-05
2.413300752639770508e+00,2.563132691383361639e+00,2.413328409194946289e+00,2.563160347938537420e+00,7.917144894599914551e-01,8.266976892948150191e-01,8.466506004333496094e-01,9.142299056053161399e-01,4.668698906898498535e-01,5.968376874923706499e-01,2.914195954799652100e-01,2.126037374138832203e-01,1.664636097848415375e-02,1.276363991200923920e-02,2.770756691461429000e-05,2.770756691461429000e-05
2.396209955215454102e+00,2.547752904891967596e+00,2.396237611770629883e+00,2.547780561447143377e+00,7.730578184127807617e-01,8.174076855182648149e-01,8.667159080505371094e-01,9.160346388816833496e-01,4.902341365814208984e-01,5.936311900615691695e-01,2.567309439182281494e-01,2.122130677103996332e-01,9.471073746681213379e-03,8.466284256428480148e-03,2.771716754068620503e-05,2.771716754068620503e-05
2.371479749679565430e+00,2.550648474693298251e+00,2.371507406234741211e+00,2.550676131248474032e+00,8.244315385818481445e-01,8.171772062778472900e-01,9.435858726501464844e-01,9.165797412395477739e-01,4.510560035705566406e-01,5.955425798892974854e-01,1.434505134820938110e-01,2.130323827266693004e-01,8.956027217209339142e-03,8.316555991768836975e-03,2.772157131403218955e-05,2.772157131403218955e-05
2.727024078369140625e+00,2.548322653770446866e+00,2.727051734924316406e+00,2.548350310325622647e+00,7.791154384613037109e-01,8.196341633796692117e-01,8.729980587959289551e-01,9.108592033386230247e-01,7.929575443267822266e-01,5.956334948539734331e-01,2.761129438877105713e-01,2.144444674253463690e-01,5.840103607624769211e-03,7.751314854249358351e-03,2.772848165477626026e-05,2.772848165477626026e-05
2.450789213180541992e+00,2.563740754127502353e+00,2.450816869735717773e+00,2.563768410682678134e+00,7.777020335197448730e-01,8.226440370082854781e-01,8.549295067787170410e-01,9.084775745868682861e-01,5.131934881210327148e-01,6.064144909381866677e-01,2.982071340084075928e-01,2.198363423347473034e-01,6.757243070751428604e-03,6.368400249630212957e-03,2.773682717815972865e-05,2.773682717815972865e-05
2.366513013839721680e+00,2.603819632530212314e+00,2.366540670394897461e+00,2.603847289085388095e+00,7.921012639999389648e-01,8.166804909706115723e-01,9.070363640785217285e-01,9.099653005599975808e-01,4.496105909347534180e-01,6.510936319828033447e-01,2.121634930372238159e-01,2.202549472451210133e-01,5.601110868155956268e-03,5.825267639011144638e-03,2.774738641164731234e-05,2.774738641164731234e-05
2.362683057785034180e+00,2.589465689659118830e+00,2.362710714340209961e+00,2.589493346214294611e+00,8.126519918441772461e-01,8.199600815773010476e-01,9.377533197402954102e-01,9.142061829566955344e-01,4.532322585582733154e-01,6.263200581073761208e-01,1.509344577789306641e-01,2.198872432112693731e-01,8.111076429486274719e-03,9.092133585363626133e-03,2.775046959868632257e-05,2.775046959868632257e-05
2.987545013427734375e+00,2.565637373924255282e+00,2.987572669982910156e+00,2.565665030479431064e+00,8.370519876480102539e-01,8.219793617725372759e-01,9.288384914398193359e-01,9.117732822895050493e-01,1.034996867179870605e+00,6.022251784801483376e-01,1.763408184051513672e-01,2.173696413636207470e-01,1.031677052378654480e-02,1.228988980874419143e-02,2.775943721644580364e-05,2.775943721644580364e-05
2.506183147430419922e+00,2.568055796623229803e+00,2.506210803985595703e+00,2.568083453178405584e+00,9.161652326583862305e-01,8.268367171287536177e-01,9.614900350570678711e-01,9.128865242004394753e-01,4.534411132335662842e-01,6.027876734733581543e-01,1.666116565465927124e-01,2.153585880994796642e-01,8.475035429000854492e-03,1.018622322008013760e-02,2.776454857666976750e-05,2.776454857666976750e-05
2.474725723266601562e+00,2.548487186431884766e+00,2.474753379821777344e+00,2.548514842987060547e+00,8.589891791343688965e-01,8.201533973217010054e-01,9.299890398979187012e-01,9.133067309856415239e-01,4.974282085895538330e-01,5.922805756330490334e-01,1.802529841661453247e-01,2.137262850999832042e-01,8.066226728260517120e-03,9.020229335874319077e-03,2.777158988465089351e-05,2.777158988465089351e-05
2.562870740890502930e+00,2.580686211585998535e+00,2.562898635864257812e+00,2.580714106559753418e+00,7.917908430099487305e-01,8.169565737247467263e-01,8.979969024658203125e-01,9.112993955612183061e-01,6.277582049369812012e-01,6.331423282623290794e-01,2.395868450403213501e-01,2.122044414281845093e-01,5.737904459238052368e-03,7.083491422235965729e-03,2.777943336695898324e-05,2.777943336695898324e-05
2.444596290588378906e+00,2.606214642524719238e+00,2.444624185562133789e+00,2.606242537498474121e+00,8.817304968833923340e-01,8.198107421398163064e-01,9.380801916122436523e-01,9.119465768337249312e-01,4.289506375789642334e-01,6.546178042888641802e-01,1.879580318927764893e-01,2.122051581740379278e-01,7.877117022871971130e-03,7.634331472218036652e-03,2.778811904136091471e-05,2.778811904136091471e-05
2.447602033615112305e+00,2.546588158607482999e+00,2.447629928588867188e+00,2.546616053581237882e+00,8.719255924224853516e-01,8.229140639305114746e-01,9.500751495361328125e-01,9.144663572311401145e-01,4.240208268165588379e-01,5.905243068933486716e-01,1.958782970905303955e-01,2.112366169691085871e-01,5.702325608581304550e-03,7.446780987083912069e-03,2.779703572741709650e-05,2.779703572741709650e-05
2.556856870651245117e+00,2.564197659492492676e+00,2.556884765625000000e+00,2.564225554466247559e+00,8.393306136131286621e-01,8.225012898445129839e-01,9.338461160659790039e-01,9.180754303932190385e-01,6.037552356719970703e-01,6.027553439140319602e-01,1.730787307024002075e-01,2.103131726384162847e-01,6.846256554126739502e-03,1.055238693952560355e-02,2.780422073556110263e-05,2.780422073556110263e-05
2.471683979034423828e+00,2.548814678192138583e+00,2.471711874008178711e+00,2.548842573165893466e+00,9.067233800888061523e-01,8.235250949859619363e-01,9.412313699722290039e-01,9.137980401515960471e-01,4.213733673095703125e-01,5.957819491624831709e-01,1.949458718299865723e-01,2.042638108134269825e-01,7.409957237541675568e-03,1.144580384716391633e-02,2.781393050099723041e-05,2.781393050099723041e-05
2.298258066177368164e+00,2.632955098152160556e+00,2.298285961151123047e+00,2.632982993125915439e+00,8.167889714241027832e-01,8.232665538787842241e-01,9.019020795822143555e-01,9.109171211719513384e-01,4.146426916122436523e-01,6.909215271472930464e-01,1.529877930879592896e-01,1.979073256254196278e-01,1.193674188107252121e-02,9.942601900547742844e-03,2.782623778330162168e-05,2.782623778330162168e-05
2.375228643417358398e+00,2.685760378837585449e+00,2.375256538391113281e+00,2.685788273811340332e+00,8.132442235946655273e-01,8.248965978622436745e-01,8.941966891288757324e-01,9.123901724815368652e-01,4.821749627590179443e-01,7.446618407964706865e-01,1.759705394506454468e-01,1.956584036350250133e-01,9.642303921282291412e-03,8.153391443192959179e-03,2.783075615298002958e-05,2.783075615298002958e-05
2.335304737091064453e+00,2.677133560180664062e+00,2.335332632064819336e+00,2.677161455154418945e+00,8.405049443244934082e-01,8.211010515689849409e-01,9.189073443412780762e-01,9.133561968803405318e-01,4.019505083560943604e-01,7.412019222974777222e-01,1.633838266134262085e-01,1.910819247364997919e-01,1.055803243070840836e-02,1.039240732789039647e-02,2.783653872029390186e-05,2.783653872029390186e-05
2.304690122604370117e+00,2.562795019149780362e+00,2.304718017578125000e+00,2.562822914123535245e+00,7.996356487274169922e-01,8.233329594135284646e-01,9.073448777198791504e-01,9.082596540451050027e-01,4.079267382621765137e-01,6.297752410173416138e-01,1.807882636785507202e-01,1.919507816433906611e-01,8.994628675282001495e-03,9.476361796259880066e-03,2.784088246698956937e-05,2.784088246698956937e-05
2.565819978713989258e+00,2.579819512367248713e+00,2.565847873687744141e+00,2.579847407341003596e+00,8.539312481880187988e-01,8.239438831806182861e-01,9.319258332252502441e-01,9.070405185222625288e-01,6.002680659294128418e-01,6.468836247920990434e-01,1.689722239971160889e-01,1.908750951290130726e-01,1.072270888835191727e-02,1.107639651745557716e-02,2.784514072118327022e-05,2.784514072118327022e-05
2.699854135513305664e+00,2.657371759414672852e+00,2.699882030487060547e+00,2.657399654388427734e+00,8.478980064392089844e-01,8.194033205509185791e-01,9.242410063743591309e-01,9.110091149806975874e-01,7.546927332878112793e-01,7.284824520349502119e-01,1.626605540513992310e-01,1.898595660924911610e-01,1.036158856004476547e-02,8.617250248789787292e-03,2.784954995149746537e-05,2.784954995149746537e-05
2.260151147842407227e+00,2.602246284484863281e+00,2.260179042816162109e+00,2.602274179458618164e+00,8.054000139236450195e-01,8.184672594070434570e-01,9.069187641143798828e-01,9.058964371681212935e-01,4.049625396728515625e-01,6.838541030883789062e-01,1.338082700967788696e-01,1.858816057443618830e-01,9.061242453753948212e-03,8.146864175796509483e-03,2.785463766485918313e-05,2.785463766485918313e-05
2.302976846694946289e+00,2.741508173942565740e+00,2.303004741668701172e+00,2.741536068916320623e+00,8.387673497200012207e-01,8.299288153648376465e-01,9.061353802680969238e-01,9.062721431255340576e-01,3.857243657112121582e-01,8.123759627342224121e-01,1.565805673599243164e-01,1.769138798117637634e-01,1.576929725706577301e-02,1.601735642179846764e-02,2.786790173558983952e-05,2.786790173558983952e-05
2.787211418151855469e+00,2.544970011711120694e+00,2.787239313125610352e+00,2.544997906684875577e+00,8.283089995384216309e-01,8.221454024314880371e-01,8.859813213348388672e-01,9.136766016483306441e-01,7.985606193542480469e-01,5.786934018135070357e-01,2.635202407836914062e-01,2.182272776961326488e-01,1.084020547568798065e-02,1.222732709720730782e-02,2.786076765914913267e-05,2.786076765914913267e-05
2.359503746032714844e+00,2.569829916954040616e+00,2.359531641006469727e+00,2.569857811927795499e+00,8.288533091545104980e-01,8.324367523193358931e-01,9.272897839546203613e-01,9.103744685649871604e-01,4.155157506465911865e-01,5.853381037712097612e-01,1.675054728984832764e-01,2.227364256978034973e-01,2.033955976366996765e-02,1.894411873072385927e-02,2.786487311823293567e-05,2.786487311823293567e-05
2.388081550598144531e+00,2.554470348358154119e+00,2.388109445571899414e+00,2.554498243331909002e+00,8.030365705490112305e-01,8.190090954303741455e-01,9.115009307861328125e-01,9.095923125743865523e-01,4.593115746974945068e-01,5.938334941864014116e-01,2.068325877189636230e-01,2.242177113890647944e-01,7.399796042591333389e-03,7.817722903564573028e-03,2.787161429296247661e-05,2.787161429296247661e-05
2.608059167861938477e+00,2.549424433708190829e+00,2.608087062835693359e+00,2.549452328681945712e+00,8.023568987846374512e-01,8.203632593154907005e-01,9.018976688385009766e-01,9.083546042442321999e-01,6.360173225402832031e-01,5.895486801862717119e-01,2.580584585666656494e-01,2.241911441087722778e-01,9.728637523949146271e-03,6.966711534187197512e-03,2.787353150779381394e-05,2.787353150779381394e-05
2.647128343582153320e+00,2.991735339164733887e+00,2.647156238555908203e+00,2.991763210296630948e+00,8.156065344810485840e-01,8.269630253314972368e-01,9.033154845237731934e-01,9.031315207481384055e-01,6.868776082992553711e-01,1.030587211251258850e+00,1.949903815984725952e-01,1.830376729369163624e-01,4.633835703134536743e-02,4.801595248281955580e-02,2.789255086099728942e-05,2.789255086099728942e-05
2.703843355178833008e+00,3.083827066421508611e+00,2.703871250152587891e+00,3.083855009078979581e+00,8.491624593734741211e-01,8.225175082683563454e-01,9.422555565834045410e-01,9.014381945133209673e-01,7.444097995758056641e-01,1.170944482088088989e+00,1.556303948163986206e-01,1.770888343453407288e-01,1.238508708775043488e-02,1.183809451758861472e-02,2.790276994346641004e-05,2.790276994346641004e-05
2.428416252136230469e+00,3.889422750473022550e+00,2.428444147109985352e+00,3.889450740814209162e+00,8.626697659492492676e-01,8.467756688594818559e-01,9.179353117942810059e-01,9.117965996265411377e-01,4.020675122737884521e-01,1.879608818888664157e+00,1.741795688867568970e-01,1.529957741498947088e-01,7.156413793563842773e-02,9.824588969349860867e-02,2.791732185869477689e-05,2.791732185869477689e-05
2.656242847442626953e+00,2.901601743698120295e+00,2.656270742416381836e+00,2.901629638671875178e+00,1.023086428642272949e+00,1.061095774173736572e+00,9.287065863609313965e-01,9.339869379997253196e-01,4.169468581676483154e-01,6.393450438976288064e-01,1.386842280626296997e-01,1.216000422835350064e-01,1.488186717033386230e-01,1.455739259719848744e-01,2.793729072436690331e-05,2.793729072436690331e-05
2.471424818038940430e+00,4.557445287704467773e+00,2.471452713012695312e+00,4.557473158836364391e+00,7.878983616828918457e-01,8.698134243488311323e-01,9.076219797134399414e-01,9.437332987785339578e-01,5.183572769165039062e-01,2.532723134756088346e+00,2.202401459217071533e-01,1.693811073899268993e-01,3.730711340904235840e-02,4.179424941539764543e-02,2.794017927953973413e-05,2.794017927953973413e-05
2.357010602951049805e+00,4.282525944709777654e+00,2.357038497924804688e+00,4.282553863525390803e+00,8.418738245964050293e-01,8.440448045730590820e-01,9.162058830261230469e-01,9.110831856727600320e-01,4.534118473529815674e-01,2.324380564689636053e+00,1.263195127248764038e-01,1.766284435987472423e-01,1.919960603117942810e-02,2.638895008713006834e-02,2.794147439999505877e-05,2.794147439999505877e-05
6.755529403686523438e+00,8.271083307266234641e+00,6.755557537078857422e+00,8.271111154556274769e+00,2.636497974395751953e+00,2.378726935386657804e+00,1.313040733337402344e+00,1.892280721664428622e+00,6.456301808357238770e-01,2.044247043132782160e+00,3.788645565509796143e-01,3.913759291172027588e-01,1.781495690345764160e+00,1.564452755451202437e+00,2.795561704260762781e-05,2.795561704260762781e-05
3.158144235610961914e+00,3.134503722190856934e+00,3.158172369003295898e+00,3.134531855583190918e+00,1.015683174133300781e+00,1.011399233341216952e+00,9.890287518501281738e-01,1.001353830099105835e+00,6.816506981849670410e-01,7.368586719036102073e-01,4.115758538246154785e-01,3.143665760755539051e-01,6.020595505833625793e-02,7.052526623010635376e-02,2.801995287882164121e-05,2.801995287882164121e-05
2.952599763870239258e+00,2.947551560401916682e+00,2.952627897262573242e+00,2.947579693794250666e+00,9.004333615303039551e-01,9.197852015495300293e-01,9.657531976699829102e-01,9.654500782489776611e-01,6.595036387443542480e-01,7.266230165958404985e-01,4.005074501037597656e-01,3.121273428201675193e-01,2.640205249190330505e-02,2.356584016233682563e-02,2.805840813380200416e-05,2.805840813380200416e-05
2.781589984893798828e+00,2.970737719535827548e+00,2.781618118286132812e+00,2.970765852928161532e+00,9.260476231575012207e-01,9.316404581069945845e-01,9.481465220451354980e-01,9.606089234352112038e-01,6.417583227157592773e-01,7.476448297500610796e-01,2.448830008506774902e-01,3.118015259504318126e-01,2.075440809130668640e-02,1.904206871986389299e-02,2.806568954838439822e-05,2.806568954838439822e-05
2.779681205749511719e+00,2.926608014106750311e+00,2.779709339141845703e+00,2.926636147499084295e+00,9.168597459793090820e-01,9.145691156387328880e-01,9.562731981277465820e-01,9.562003731727599654e-01,6.241205930709838867e-01,7.250339448451995628e-01,2.612698972225189209e-01,3.113209933042526134e-01,2.115803211927413940e-02,1.948357913643121789e-02,2.807802593451924622e-05,2.807802593451924622e-05
2.936634778976440430e+00,2.873988294601440341e+00,2.936662912368774414e+00,2.874016427993774325e+00,8.830370306968688965e-01,8.978515684604644331e-01,9.349173903465270996e-01,9.532444655895233598e-01,6.627559661865234375e-01,7.039409637451171653e-01,4.503505527973175049e-01,3.107308715581894032e-01,5.573780741542577744e-03,8.220485597848891518e-03,2.808434510370716453e-05,2.808434510370716453e-05
2.722373008728027344e+00,2.850321435928344638e+00,2.722401142120361328e+00,2.850349569320678622e+00,8.471177220344543457e-01,8.797309935092926247e-01,9.183216691017150879e-01,9.525134027004241721e-01,6.231081485748291016e-01,7.010506629943847878e-01,3.242748975753784180e-01,3.094873309135436901e-01,9.550487622618675232e-03,7.539044413715600794e-03,2.809038051054812968e-05,2.809038051054812968e-05
2.838514328002929688e+00,2.836609840393066406e+00,2.838542461395263672e+00,2.836637973785400391e+00,9.137489199638366699e-01,8.693983674049376997e-01,9.847533702850341797e-01,9.482720911502837691e-01,6.750952005386352539e-01,7.018081545829772949e-01,2.580382525920867920e-01,3.077897250652313343e-01,6.878694985061883926e-03,9.341571293771267631e-03,2.809577017615083605e-05,2.809577017615083605e-05
2.689012527465820312e+00,2.822575521469116389e+00,2.689040660858154297e+00,2.822603654861450373e+00,8.558247685432434082e-01,8.671200394630431685e-01,9.498639702796936035e-01,9.465241730213165283e-01,6.253464221954345703e-01,6.911549687385558638e-01,2.455158680677413940e-01,3.067687481641769298e-01,1.246165391057729721e-02,1.100754104554653098e-02,2.810029764077626169e-05,2.810029764077626169e-05
2.774364948272705078e+00,2.808369755744934082e+00,2.774393081665039062e+00,2.808397889137268066e+00,8.782448172569274902e-01,8.578672647476196511e-01,9.670484662055969238e-01,9.456469595432281938e-01,6.236852407455444336e-01,6.906953334808350053e-01,2.991296052932739258e-01,3.058805108070373757e-01,6.256976630538702011e-03,8.279734011739491722e-03,2.810441219480708241e-05,2.810441219480708241e-05
3.009269237518310547e+00,2.802102518081665217e+00,3.009297370910644531e+00,2.802130651473999201e+00,8.500421643257141113e-01,8.533010780811309814e-01,9.187302589416503906e-01,9.459477126598357932e-01,9.615128636360168457e-01,6.909329712390899214e-01,2.708865404129028320e-01,3.050044417381286843e-01,8.097750134766101837e-03,6.916342023760080511e-03,2.810806290653999895e-05,2.810806290653999895e-05
2.773719787597656250e+00,2.805759668350219727e+00,2.773747920989990234e+00,2.805787801742553711e+00,8.416580557823181152e-01,8.552145719528198020e-01,9.473509788513183594e-01,9.437940895557404009e-01,6.195024251937866211e-01,6.953542292118072288e-01,3.603319227695465088e-01,3.046743601560592540e-01,4.876087419688701630e-03,6.722319358959794218e-03,2.811099693644791842e-05,2.811099693644791842e-05
2.806393384933471680e+00,2.795720219612121582e+00,2.806421518325805664e+00,2.795748353004455566e+00,8.191388249397277832e-01,8.517287731170654075e-01,9.324765205383300781e-01,9.411564946174622026e-01,7.448977231979370117e-01,6.908772051334380881e-01,3.013986647129058838e-01,3.037360697984695657e-01,8.481654338538646698e-03,8.221689425408840873e-03,2.811327431118115783e-05,2.811327431118115783e-05
2.782157182693481445e+00,2.808569836616515936e+00,2.782185316085815430e+00,2.808597970008849920e+00,8.909475803375244141e-01,8.535439670085906982e-01,9.410180449485778809e-01,9.470213055610656738e-01,6.255049109458923340e-01,6.912396728992462602e-01,3.127566576004028320e-01,3.034584432840347068e-01,1.192976348102092743e-02,1.330651780590414932e-02,2.811359445331618190e-05,2.811359445331618190e-05
2.913840055465698242e+00,2.790701103210449396e+00,2.913868188858032227e+00,2.790729236602783381e+00,8.384555578231811523e-01,8.440196216106414795e-01,9.593693017959594727e-01,9.419746041297912820e-01,7.508248090744018555e-01,6.938152790069580522e-01,3.562506735324859619e-01,3.029084265232085960e-01,8.939522318542003632e-03,7.983187027275562980e-03,2.811566082527860999e-05,2.811566082527860999e-05
2.723384380340576172e+00,2.787048816680908203e+00,2.723412513732910156e+00,2.787076950073242188e+00,8.203932642936706543e-01,8.449446916580199973e-01,9.329022169113159180e-01,9.395351052284240945e-01,6.860757470130920410e-01,6.926260471343994585e-01,2.748751938343048096e-01,3.022710591554641502e-01,9.138103574514389038e-03,7.671989593654870640e-03,2.811680678860284388e-05,2.811680678860284388e-05
2.810559988021850586e+00,2.801528859138488592e+00,2.810588121414184570e+00,2.801556992530822576e+00,8.579989671707153320e-01,8.395622849464416948e-01,9.420025348663330078e-01,9.465377271175384744e-01,6.342822909355163574e-01,7.055931508541106734e-01,3.694400489330291748e-01,3.016457885503768810e-01,6.836274173110723495e-03,8.189816772937775352e-03,2.811883859976660460e-05,2.811883859976660460e-05
2.742061853408813477e+00,2.790719103813171564e+00,2.742089986801147461e+00,2.790747237205505549e+00,8.076303601264953613e-01,8.396362841129303423e-01,9.203069806098937988e-01,9.389775693416595459e-01,7.029401063919067383e-01,7.041382431983947976e-01,3.043838441371917725e-01,3.013824224472045898e-01,6.800601724535226822e-03,6.584549974650144750e-03,2.811945159919559956e-05,2.811945159919559956e-05
2.675268173217773438e+00,2.808849096298217773e+00,2.675296306610107422e+00,2.808877229690551758e+00,8.525746464729309082e-01,8.403414189815521240e-01,9.558993577957153320e-01,9.385910451412200484e-01,6.120989322662353516e-01,7.215918898582458496e-01,2.479013502597808838e-01,3.010707527399062999e-01,6.793731357902288437e-03,7.253975514322519649e-03,2.812155071296729147e-05,2.812155071296729147e-05
2.736463308334350586e+00,2.791066670417785556e+00,2.736491441726684570e+00,2.791094803810119540e+00,8.141251206398010254e-01,8.500868082046508789e-01,9.394875168800354004e-01,9.389394462108612283e-01,6.699642539024353027e-01,6.941425681114197221e-01,3.034903109073638916e-01,2.983267694711685403e-01,9.395995177328586578e-03,9.571049734950065960e-03,2.812262209772597998e-05,2.812262209772597998e-05
2.781974315643310547e+00,2.772032451629638850e+00,2.782002449035644531e+00,2.772060585021972834e+00,8.128575086593627930e-01,8.380516707897186501e-01,9.227728247642517090e-01,9.393954038619994895e-01,7.579052448272705078e-01,6.892649829387664795e-01,2.791414856910705566e-01,2.971198290586471447e-01,9.297436103224754333e-03,8.200598740950226437e-03,2.812282764352858067e-05,2.812282764352858067e-05
2.623963832855224609e+00,2.783880472183227539e+00,2.623991966247558594e+00,2.783908605575561523e+00,8.479818701744079590e-01,8.456695973873138428e-01,9.612676501274108887e-01,9.444954752922057883e-01,6.129982471466064453e-01,6.813004314899444580e-01,1.844800710678100586e-01,2.971432626247406117e-01,1.723574101924896240e-02,1.527177067473530804e-02,2.812307502608746290e-05,2.812307502608746290e-05
2.804944992065429688e+00,2.773050284385681241e+00,2.804973125457763672e+00,2.773078417778015226e+00,8.674733042716979980e-01,8.350216269493102583e-01,9.513249397277832031e-01,9.371942222118377908e-01,6.787594556808471680e-01,6.942614078521728294e-01,3.000937402248382568e-01,2.989465355873107688e-01,7.293811533600091934e-03,7.626521587371826345e-03,2.812362436088733375e-05,2.812362436088733375e-05
2.729673624038696289e+00,2.792657542228698553e+00,2.729701757431030273e+00,2.792685675621032537e+00,8.564115762710571289e-01,8.350059151649474876e-01,9.212572574615478516e-01,9.382825136184692605e-01,6.557459831237792969e-01,7.128357827663421853e-01,2.898859977722167969e-01,2.996591717004776223e-01,6.372577976435422897e-03,6.874135043472051447e-03,2.812420643749646842e-05,2.812420643749646842e-05
2.646231889724731445e+00,2.795558667182922452e+00,2.646260023117065430e+00,2.795586800575256436e+00,7.580707073211669922e-01,8.423242986202239546e-01,9.256422519683837891e-01,9.393256604671478271e-01,7.250931859016418457e-01,6.984944760799407515e-01,2.153372317552566528e-01,3.013691008090972900e-01,2.208858914673328400e-02,1.404513241723179783e-02,2.812515231198631227e-05,2.812515231198631227e-05
2.623028516769409180e+00,2.801938557624816806e+00,2.623056650161743164e+00,2.801966691017150790e+00,7.738332748413085938e-01,8.327635228633880615e-01,9.257359504699707031e-01,9.370899200439453125e-01,6.112126111984252930e-01,7.236459136009216753e-01,3.070312142372131348e-01,3.028298228979110496e-01,5.215482320636510849e-03,5.609398754313587969e-03,2.812612183333840221e-05,2.812612183333840221e-05
2.791702985763549805e+00,2.809043788909912021e+00,2.791731119155883789e+00,2.809071922302246005e+00,8.674276471138000488e-01,8.352451801300049272e-01,9.519328474998474121e-01,9.397883415222167969e-01,6.080116033554077148e-01,7.187574684619904009e-01,3.551659584045410156e-01,3.029593020677566750e-01,9.165139868855476379e-03,1.229345388710498775e-02,2.812692036968655884e-05,2.812692036968655884e-05
2.648501873016357422e+00,2.805688142776489258e+00,2.648530006408691406e+00,2.805716276168823242e+00,8.368459939956665039e-01,8.348340213298797163e-01,9.307742118835449219e-01,9.435986876487731934e-01,6.073026657104492188e-01,7.154416680335998757e-01,2.631278336048126221e-01,3.026123791933059692e-01,1.045122090727090836e-02,9.201361518353223107e-03,2.812833190546371043e-05,2.812833190546371043e-05
2.691576480865478516e+00,2.790390086174011408e+00,2.691604614257812500e+00,2.790418219566345392e+00,7.947248816490173340e-01,8.289961040019988570e-01,9.287211894989013672e-01,9.380651116371154785e-01,7.003604769706726074e-01,7.142624437808990923e-01,2.598058581352233887e-01,3.021112799644470326e-01,7.963905110955238342e-03,6.955154752358794039e-03,2.812751699821092188e-05,2.812751699821092188e-05
2.698992967605590820e+00,2.804555392265319913e+00,2.699021100997924805e+00,2.804583525657653897e+00,7.715245485305786133e-01,8.288069725036620872e-01,8.979632854461669922e-01,9.390090584754944292e-01,6.584599018096923828e-01,7.280909419059753418e-01,3.615659475326538086e-01,3.013771414756775124e-01,9.479269385337829590e-03,7.271274784579872738e-03,2.812739330693148077e-05,2.812739330693148077e-05
2.634054660797119141e+00,2.805210447311401456e+00,2.634082794189453125e+00,2.805238580703735440e+00,7.946463823318481445e-01,8.270704507827758567e-01,9.126619100570678711e-01,9.360992372035980003e-01,6.013628840446472168e-01,7.346287012100219949e-01,3.200897574424743652e-01,3.018690168857574574e-01,5.293696653097867966e-03,5.542931286618113865e-03,2.812804086715914309e-05,2.812804086715914309e-05
2.721045494079589844e+00,2.858820796012878418e+00,2.721073627471923828e+00,2.858848929405212402e+00,8.176067471504211426e-01,8.412741124629974365e-01,9.533081650733947754e-01,9.372445166110991988e-01,6.159136295318603516e-01,7.575473010540008101e-01,3.220441937446594238e-01,3.010874748229980247e-01,1.217282563447952271e-02,2.166746556758880615e-02,2.812908496707677841e-05,2.812908496707677841e-05
2.691844224929809570e+00,2.796491956710815519e+00,2.691872358322143555e+00,2.796520090103149503e+00,7.977449893951416016e-01,8.310684740543365923e-01,9.331883192062377930e-01,9.377176225185394065e-01,7.115854620933532715e-01,7.184548556804657427e-01,2.389163225889205933e-01,3.003341048955917580e-01,1.040905620902776718e-02,8.916884474456310966e-03,2.813023093040101230e-05,2.813023093040101230e-05
2.703472852706909180e+00,2.798278284072876154e+00,2.703500986099243164e+00,2.798306417465210139e+00,8.510533571243286133e-01,8.322204470634460005e-01,9.246141314506530762e-01,9.354942858219146284e-01,6.060384511947631836e-01,7.166561424732208474e-01,3.100421428680419922e-01,3.000643819570541493e-01,1.172485575079917908e-02,1.384305227547883918e-02,2.812978891597595066e-05,2.812978891597595066e-05
2.830091714859008789e+00,2.783493161201477051e+00,2.830119848251342773e+00,2.783521294593811035e+00,8.241313695907592773e-01,8.219150185585022417e-01,9.653316736221313477e-01,9.427826046943664773e-01,8.224645853042602539e-01,7.136016786098480225e-01,2.125882953405380249e-01,2.996937900781631581e-01,5.575827322900295258e-03,5.500021576881408865e-03,2.812856473610736430e-05,2.812856473610736430e-05
2.878224372863769531e+00,2.780454206466674627e+00,2.878252506256103516e+00,2.780482339859008611e+00,8.132134079933166504e-01,8.253158450126647505e-01,9.332059621810913086e-01,9.339361071586609331e-01,7.883052825927734375e-01,7.168213367462158425e-01,3.384635150432586670e-01,2.996781796216964611e-01,5.036145448684692383e-03,4.702813271433114832e-03,2.812800994433928281e-05,2.812800994433928281e-05
3.107631683349609375e+00,2.770648789405822932e+00,3.107659816741943359e+00,2.770676922798156916e+00,8.690912127494812012e-01,8.248378098011016624e-01,9.756793379783630371e-01,9.363239169120788352e-01,9.945467710494995117e-01,7.031771421432495561e-01,2.628471851348876953e-01,2.998968124389648215e-01,5.467088427394628525e-03,6.413081288337707173e-03,2.812883212754968554e-05,2.812883212754968554e-05
2.695224285125732422e+00,2.796511864662170499e+00,2.695252418518066406e+00,2.796539998054504483e+00,8.137791752815246582e-01,8.253252565860748069e-01,9.250042438507080078e-01,9.346371710300445113e-01,6.013569831848144531e-01,7.290563464164734331e-01,3.479116857051849365e-01,3.004643350839614757e-01,7.172401528805494308e-03,7.028730632737278765e-03,2.812876118696294725e-05,2.812876118696294725e-05
2.780334234237670898e+00,2.803371024131775080e+00,2.780362367630004883e+00,2.803399157524109064e+00,8.785873055458068848e-01,8.245411038398742232e-01,9.554825425148010254e-01,9.351483941078185813e-01,5.923594832420349121e-01,7.356253683567046675e-01,3.454087972640991211e-01,2.997792214155197144e-01,8.496008813381195068e-03,8.276908472180367210e-03,2.812840830301865935e-05,2.812840830301865935e-05
2.757157802581787109e+00,2.778050661087036133e+00,2.757185935974121094e+00,2.778078794479370117e+00,8.291326761245727539e-01,8.206633806228638139e-01,9.375371336936950684e-01,9.381662905216217041e-01,5.912230014801025391e-01,7.152252018451690230e-01,3.955440223217010498e-01,2.992480456829070823e-01,3.721029730513691902e-03,4.747759783640503883e-03,2.812823186104651541e-05,2.812823186104651541e-05
2.599117279052734375e+00,2.767716073989868075e+00,2.599145412445068359e+00,2.767744207382202060e+00,8.040003180503845215e-01,8.243478655815124068e-01,9.358612298965454102e-01,9.388161301612854004e-01,6.001273393630981445e-01,7.006910026073456255e-01,2.534964680671691895e-01,2.989036262035369984e-01,5.632100161164999008e-03,4.957403521984815598e-03,2.812913771776948124e-05,2.812913771776948124e-05
2.727220773696899414e+00,2.816078495979309260e+00,2.727248907089233398e+00,2.816106629371643244e+00,8.122975826263427734e-01,8.383748114109039751e-01,9.369128346443176270e-01,9.331482112407684104e-01,6.953902840614318848e-01,7.283558368682860884e-01,2.702874839305877686e-01,2.999114841222763062e-01,1.233260985463857651e-02,1.628821864724159380e-02,2.812934144458267838e-05,2.812934144458267838e-05
2.761783599853515625e+00,2.809172821044922053e+00,2.761811733245849609e+00,2.809200954437256037e+00,8.435214161872863770e-01,8.240141391754149947e-01,9.472743272781372070e-01,9.355525672435760498e-01,6.325677633285522461e-01,7.405647993087768333e-01,3.326147794723510742e-01,3.016808927059173584e-01,5.804996937513351440e-03,7.360381912440061916e-03,2.812908314808737487e-05,2.812908314808737487e-05
3.256126880645751953e+00,2.864898252487182440e+00,3.256155014038085938e+00,2.864926385879516424e+00,8.289880156517028809e-01,8.275228440761566162e-01,9.341148138046264648e-01,9.334719479084014893e-01,1.131854891777038574e+00,7.941265583038330522e-01,3.558557629585266113e-01,3.019736438989639171e-01,5.313563626259565353e-03,7.803264912217855800e-03,2.812883576552849263e-05,2.812883576552849263e-05
3.035165786743164062e+00,2.828962635993957697e+00,3.035193920135498047e+00,2.828990769386291682e+00,8.778627514839172363e-01,8.232185065746306929e-01,9.625906348228454590e-01,9.355012238025665061e-01,9.410700201988220215e-01,7.604741752147674561e-01,2.475939244031906128e-01,3.022027283906936757e-01,6.048344075679779053e-03,7.565999077633023609e-03,2.812881939462386072e-05,2.812881939462386072e-05
2.968861341476440430e+00,2.858873271942138583e+00,2.968889474868774414e+00,2.858901405334472567e+00,8.499522209167480469e-01,8.253403544425964578e-01,9.771698117256164551e-01,9.477812469005584273e-01,8.890700340270996094e-01,7.758985400199890359e-01,2.477177977561950684e-01,3.019794702529907116e-01,4.951540846377611160e-03,7.873686868697405208e-03,2.813007813529111445e-05,2.813007813529111445e-05
2.585586071014404297e+00,2.815962815284728915e+00,2.585614204406738281e+00,2.815990948677062899e+00,7.936766147613525391e-01,8.191292524337768777e-01,8.985612392425537109e-01,9.336313009262084961e-01,5.827967524528503418e-01,7.545836210250854714e-01,3.026936352252960205e-01,3.027802973985672108e-01,7.857812568545341492e-03,5.838232999667525465e-03,2.812970342347398400e-05,2.812970342347398400e-05
2.750708341598510742e+00,2.857567811012267978e+00,2.750736474990844727e+00,2.857595944404601962e+00,8.444206118583679199e-01,8.184426665306091531e-01,9.540526866912841797e-01,9.367766022682190163e-01,6.509084701538085938e-01,7.923503279685973899e-01,2.961903512477874756e-01,3.038095712661743053e-01,5.136221647262573242e-03,6.188650615513324738e-03,2.812927414197474718e-05,2.812927414197474718e-05
2.796711683273315430e+00,2.891268324851989924e+00,2.796739816665649414e+00,2.891296458244323908e+00,8.108578920364379883e-01,8.547163426876067671e-01,9.122357368469238281e-01,9.339024782180785911e-01,6.974820494651794434e-01,7.693455755710602029e-01,3.587564527988433838e-01,3.045791298151016013e-01,1.737949438393115997e-02,2.872476559132337501e-02,2.812784623529296368e-05,2.812784623529296368e-05
2.671009540557861328e+00,2.843884444236755460e+00,2.671037673950195312e+00,2.843912577629089444e+00,8.208695054054260254e-01,8.294596135616302268e-01,9.387395977973937988e-01,9.327208220958709273e-01,5.793508291244506836e-01,7.627079248428344505e-01,3.185935020446777344e-01,3.048663318157195934e-01,1.345601864159107208e-02,1.412969790399074520e-02,2.812806269503198564e-05,2.812806269503198564e-05
2.734012842178344727e+00,2.784712934494018466e+00,2.734040975570678711e+00,2.784741067886352450e+00,8.310002088546752930e-01,8.168647766113281694e-01,9.330321550369262695e-01,9.364330649375915971e-01,7.468099594116210938e-01,7.247927784919738770e-01,2.157501876354217529e-01,3.007945805788040383e-01,7.420413661748170853e-03,5.827647168189287186e-03,2.812790626194328070e-05,2.812790626194328070e-05
2.869109153747558594e+00,2.749395561218261896e+00,2.869137287139892578e+00,2.749423694610595881e+00,8.368844985961914062e-01,8.145062744617461714e-01,9.305054545402526855e-01,9.388803482055664285e-01,8.296062946319580078e-01,6.920447468757628950e-01,2.663525938987731934e-01,2.993091821670532116e-01,5.760089959949254990e-03,4.654962429776787411e-03,2.812871753121726215e-05,2.812871753121726215e-05
2.597602367401123047e+00,2.838415288925170810e+00,2.597630500793457031e+00,2.838443422317504794e+00,8.346126675605773926e-01,8.210037350654602051e-01,9.426274895668029785e-01,9.332326889038086160e-01,5.889448523521423340e-01,7.776185333728790061e-01,2.253914028406143188e-01,2.995221167802810669e-01,6.025990005582571030e-03,7.038246234878897320e-03,2.812807178997900337e-05,2.812807178997900337e-05
2.679963827133178711e+00,2.837804698944091708e+00,2.679991960525512695e+00,2.837832832336425692e+00,8.261134028434753418e-01,8.223203241825103316e-01,9.075029492378234863e-01,9.342325866222381814e-01,5.835514068603515625e-01,7.725926816463470903e-01,3.528402745723724365e-01,2.996287703514098899e-01,9.955833666026592255e-03,9.030295349657536247e-03,2.812799721141345799e-05,2.812799721141345799e-05
2.657718420028686523e+00,2.814547562599182040e+00,2.657746553421020508e+00,2.814575695991516024e+00,8.317522406578063965e-01,8.565339744091033936e-01,9.265156388282775879e-01,9.337367475032806174e-01,5.761911869049072266e-01,6.847302436828612837e-01,2.622346282005310059e-01,2.969439953565597423e-01,6.102475151419639587e-02,4.260259009897708615e-02,2.812696402543224394e-05,2.812696402543224394e-05
3.089222908020019531e+00,2.738066983222961603e+00,3.089251041412353516e+00,2.738095116615295588e+00,9.002391099929809570e-01,8.245795071125030518e-01,9.492427706718444824e-01,9.359827876091003640e-01,9.272704720497131348e-01,6.705516099929809126e-01,3.051145970821380615e-01,2.962012439966201782e-01,7.356100250035524368e-03,1.075186589732766117e-02,2.812712773447856307e-05,2.812712773447856307e-05
2.711929321289062500e+00,2.735359787940979004e+00,2.711957454681396484e+00,2.735387921333312988e+00,8.229247927665710449e-01,8.242476046085357444e-01,9.115632772445678711e-01,9.319871842861175981e-01,6.760447621345520020e-01,6.779656529426574263e-01,2.959843873977661133e-01,2.963122576475143433e-01,5.412008613348007202e-03,4.847110994160175150e-03,2.812701131915673614e-05,2.812701131915673614e-05
2.732187509536743164e+00,2.775179862976074219e+00,2.732215642929077148e+00,2.775207996368408203e+00,8.144727945327758789e-01,8.393437802791595681e-01,9.103057384490966797e-01,9.392149090766906960e-01,6.438278555870056152e-01,6.835041522979736772e-01,3.472409844398498535e-01,2.963574975728988647e-01,1.634022034704685211e-02,1.675949711352586746e-02,2.812724778777919710e-05,2.812724778777919710e-05
2.784288406372070312e+00,2.736739301681518466e+00,2.784316539764404297e+00,2.736767435073852450e+00,8.292553424835205078e-01,8.206864774227142778e-01,9.317044019699096680e-01,9.339611709117889848e-01,7.379083037376403809e-01,6.786645293235779031e-01,2.773852944374084473e-01,2.966216176748275868e-01,8.035105653107166290e-03,6.805425742641091347e-03,2.812685670505743474e-05,2.812685670505743474e-05
2.637711524963378906e+00,2.708705401420593351e+00,2.637739658355712891e+00,2.708733534812927335e+00,7.974354028701782227e-01,8.167775213718414529e-01,9.074486494064331055e-01,9.310542941093444824e-01,5.674280524253845215e-01,6.597512066364288330e-01,3.605107367038726807e-01,2.961539506912231334e-01,4.888514522463083267e-03,4.968484817072749311e-03,2.812650018313433975e-05,2.812650018313433975e-05
2.583019495010375977e+00,2.721232533454895020e+00,2.583047628402709961e+00,2.721260666847229004e+00,7.926706075668334961e-01,8.180578589439392312e-01,9.174076318740844727e-01,9.341163218021393266e-01,5.611108541488647461e-01,6.631266891956328902e-01,3.028881251811981201e-01,2.959401637315750011e-01,8.942187763750553131e-03,9.991520456969738354e-03,2.812664570228662342e-05,2.812664570228662342e-05
2.695757150650024414e+00,2.756561899185180575e+00,2.695785284042358398e+00,2.756590032577514560e+00,8.494963645935058594e-01,8.303689241409302202e-01,9.333804845809936523e-01,9.391399919986724854e-01,5.622990131378173828e-01,6.734938085079192893e-01,3.331235647201538086e-01,2.957213878631591575e-01,1.745776087045669556e-02,1.783775929361581733e-02,2.812599450408015400e-05,2.812599450408015400e-05
2.762111663818359375e+00,2.760174655914306552e+00,2.762139797210693359e+00,2.760202789306640536e+00,7.899254560470581055e-01,8.376025676727294478e-01,8.900229930877685547e-01,9.329224169254303201e-01,7.669715881347656250e-01,6.707155406475067139e-01,2.890461087226867676e-01,2.954947501420974731e-01,2.614558488130569458e-02,2.343935016542673250e-02,2.812591628753580153e-05,2.812591628753580153e-05
2.769289731979370117e+00,2.741032791137695490e+00,2.769317865371704102e+00,2.741060924530029475e+00,8.667242527008056641e-01,8.266217768192291038e-01,9.602211117744445801e-01,9.368660271167754683e-01,6.304908394813537598e-01,6.613187372684479204e-01,2.991056740283966064e-01,2.946542412042617576e-01,1.274788752198219299e-02,2.157197482883930345e-02,2.812606726365629584e-05,2.812606726365629584e-05
2.581818580627441406e+00,2.700933313369751065e+00,2.581846714019775391e+00,2.700961446762085050e+00,8.253626227378845215e-01,8.143542289733887163e-01,9.423816204071044922e-01,9.361611783504486528e-01,5.804379582405090332e-01,6.518947601318358931e-01,2.275407016277313232e-01,2.936752140522003174e-01,6.095716729760169983e-03,4.847987275570631201e-03,2.812494858517311513e-05,2.812494858517311513e-05
2.660083293914794922e+00,2.696000790596008390e+00,2.660111427307128906e+00,2.696028923988342374e+00,8.514679670333862305e-01,8.200694143772124800e-01,9.322745800018310547e-01,9.292925238609314187e-01,5.506414771080017090e-01,6.472847223281860130e-01,3.193676471710205078e-01,2.935912430286407582e-01,6.331693846732378006e-03,5.762895848602056330e-03,2.812501952575985342e-05,2.812501952575985342e-05
2.737803220748901367e+00,2.692640614509582697e+00,2.737831354141235352e+00,2.692668747901916682e+00,8.950763940811157227e-01,8.207112371921538863e-01,9.562464952468872070e-01,9.313561379909515159e-01,5.570157170295715332e-01,6.410055041313171831e-01,3.255667090415954590e-01,2.938664436340331920e-01,3.897955873981118202e-03,5.701273353770375599e-03,2.812490129144862294e-05,2.812490129144862294e-05
2.773466587066650391e+00,2.701060032844543546e+00,2.773494720458984375e+00,2.701088166236877530e+00,8.327227830886840820e-01,8.205498576164245161e-01,9.509088993072509766e-01,9.330285072326660600e-01,6.344883441925048828e-01,6.476215362548828347e-01,3.511334657669067383e-01,2.913629174232482688e-01,4.213405307382345200e-03,8.497250638902187694e-03,2.812437014654278755e-05,2.812437014654278755e-05
2.563189029693603516e+00,2.702713322639465510e+00,2.563217163085937500e+00,2.702741456031799494e+00,8.025644421577453613e-01,8.195530235767364280e-01,9.223439097404479980e-01,9.333753645420074241e-01,5.438625812530517578e-01,6.540716528892517312e-01,2.897304594516754150e-01,2.905350714921951516e-01,4.687573760747909546e-03,5.178204271942377090e-03,2.812416641972959042e-05,2.812416641972959042e-05
2.649544715881347656e+00,2.701268434524536133e+00,2.649572849273681641e+00,2.701296567916870117e+00,8.353756070137023926e-01,8.144400298595428911e-01,9.387264251708984375e-01,9.374277472496033159e-01,5.504776239395141602e-01,6.544608175754547119e-01,3.207322657108306885e-01,2.904585868120193592e-01,4.232635255903005600e-03,4.481294658035039902e-03,2.812393904605414718e-05,2.812393904605414718e-05
2.560070276260375977e+00,2.697420930862426847e+00,2.560098409652709961e+00,2.697449064254760831e+00,8.300394415855407715e-01,8.165961265563964622e-01,9.233878254890441895e-01,9.351020574569701704e-01,5.453276038169860840e-01,6.445516109466552512e-01,2.431927919387817383e-01,2.907786548137664684e-01,1.812238804996013641e-02,1.039253594353795052e-02,2.812425009324215353e-05,2.812425009324215353e-05
2.595064878463745117e+00,2.693235445022582830e+00,2.595093011856079102e+00,2.693263578414916815e+00,8.281546831130981445e-01,8.159911215305328813e-01,9.438750743865966797e-01,9.367717862129211204e-01,5.426570177078247070e-01,6.415387153625488059e-01,2.710652351379394531e-01,2.911497682332992443e-01,9.312867186963558197e-03,7.783985929563641548e-03,2.812396633089520037e-05,2.812396633089520037e-05
2.725425958633422852e+00,2.694865179061889826e+00,2.725454092025756836e+00,2.694893312454223810e+00,8.686883449554443359e-01,8.239497125148773637e-01,9.463279843330383301e-01,9.327836990356445090e-01,6.951790452003479004e-01,6.383686125278472678e-01,2.068968415260314941e-01,2.913710504770278820e-01,8.333925157785415649e-03,8.392130397260189403e-03,2.812353704939596355e-05,2.812353704939596355e-05
2.656477451324462891e+00,2.687781834602355868e+00,2.656505584716796875e+00,2.687809967994689853e+00,7.955622673034667969e-01,8.149335980415344238e-01,8.764735460281372070e-01,9.378395259380341020e-01,5.380370616912841797e-01,6.392355799674988015e-01,4.428273141384124756e-01,2.913264125585556252e-01,3.577227005735039711e-03,4.446705523878336126e-03,2.812336424540262669e-05,2.812336424540262669e-05
2.724401950836181641e+00,2.694567823410034091e+00,2.724430084228515625e+00,2.694595956802368075e+00,8.029677271842956543e-01,8.170866727828979270e-01,9.329993724822998047e-01,9.324280738830565962e-01,6.958298087120056152e-01,6.452547788619995561e-01,2.841553092002868652e-01,2.907389432191848644e-01,8.449628949165344238e-03,9.059365186840296486e-03,2.812270031427033246e-05,2.812270031427033246e-05
2.793525695800781250e+00,2.683729481697082697e+00,2.793553829193115234e+00,2.683757615089416682e+00,8.634288311004638672e-01,8.183604836463928001e-01,9.823191761970520020e-01,9.328074932098389116e-01,5.504058599472045898e-01,6.379005849361419900e-01,3.941363394260406494e-01,2.896186798810959084e-01,3.235415555536746979e-03,5.042255716398357998e-03,2.812267484841868281e-05,2.812267484841868281e-05
2.770530939102172852e+00,2.681649231910705478e+00,2.770559072494506836e+00,2.681677365303039462e+00,8.628000020980834961e-01,8.152060568332671897e-01,9.409620165824890137e-01,9.349509000778197798e-01,6.514256000518798828e-01,6.363089025020599587e-01,3.106487095355987549e-01,2.899995982646942361e-01,4.694713279604911804e-03,5.183814559131860733e-03,2.812273305607959628e-05,2.812273305607959628e-05
2.653465032577514648e+00,2.686075949668884189e+00,2.653493165969848633e+00,2.686104083061218173e+00,8.541607856750488281e-01,8.133019685745239702e-01,9.753802418708801270e-01,9.389910459518432395e-01,5.284995436668395996e-01,6.371334791183471680e-01,2.907319664955139160e-01,2.902593076229095237e-01,4.692462272942066193e-03,6.390151800587773323e-03,2.812190723489038646e-05,2.812190723489038646e-05
2.588180303573608398e+00,2.684968447685241788e+00,2.588208436965942383e+00,2.684996581077575772e+00,7.743805646896362305e-01,8.172273635864257812e-01,9.174619317054748535e-01,9.330001950263977495e-01,5.194680690765380859e-01,6.375069916248321533e-01,3.703409135341644287e-01,2.903719872236251720e-01,6.528917700052261353e-03,6.861905567348003387e-03,2.812144521158188581e-05,2.812144521158188581e-05
2.580231428146362305e+00,2.692758584022521884e+00,2.580259561538696289e+00,2.692786717414855868e+00,8.337813615798950195e-01,8.217736363410950151e-01,9.841273427009582520e-01,9.351409196853637251e-01,5.178677439689636230e-01,6.347536087036133035e-01,2.378792464733123779e-01,2.908500432968139648e-01,6.575569044798612595e-03,1.024029608815908363e-02,2.812174352584406734e-05,2.812174352584406734e-05
2.614278793334960938e+00,2.690708494186401456e+00,2.614306926727294922e+00,2.690736627578735440e+00,7.923269867897033691e-01,8.189291477203368697e-01,9.208515286445617676e-01,9.302080512046814187e-01,5.769002437591552734e-01,6.318450033664703147e-01,3.090234696865081787e-01,2.912372559309005515e-01,1.517679542303085327e-02,1.848899424076080183e-02,2.812121056194882840e-05,2.812121056194882840e-05
2.541762113571166992e+00,2.676610040664672674e+00,2.541790246963500977e+00,2.676638174057006658e+00,7.996144890785217285e-01,8.217863023281097856e-01,9.408743381500244141e-01,9.302105903625488281e-01,5.253121852874755859e-01,6.263880968093872292e-01,2.708953022956848145e-01,2.911564439535140880e-01,5.066014360636472702e-03,7.068599062040448362e-03,2.812058664858341217e-05,2.812058664858341217e-05
3.054419517517089844e+00,2.696474099159240634e+00,3.054447650909423828e+00,2.696502232551574618e+00,8.181473016738891602e-01,8.307950735092163308e-01,9.235671758651733398e-01,9.323357284069061501e-01,9.621583223342895508e-01,6.273608386516571489e-01,3.418718576431274414e-01,2.907757520675658958e-01,8.675213903188705444e-03,1.520669236779212917e-02,2.811996455420739949e-05,2.811996455420739949e-05
2.442448854446411133e+00,2.664926981925964444e+00,2.442476987838745117e+00,2.664955115318298429e+00,7.710911035537719727e-01,8.092573463916779009e-01,9.110308885574340820e-01,9.345302402973174605e-01,5.034226775169372559e-01,6.276727855205536111e-01,2.533290386199951172e-01,2.905108124017715676e-01,3.574984613806009293e-03,2.955741691403091041e-03,2.812008096952922642e-05,2.812008096952922642e-05
2.610023975372314453e+00,2.658555126190185636e+00,2.610052108764648438e+00,2.658583259582519620e+00,7.904070615768432617e-01,8.107286870479584184e-01,8.925958871841430664e-01,9.340711951255797896e-01,5.850576758384704590e-01,6.196157157421111616e-01,3.383087813854217529e-01,2.896082073450088612e-01,3.654383588582277298e-03,4.531294899061321865e-03,2.812024467857554555e-05,2.812024467857554555e-05
2.538361787796020508e+00,2.658359718322754084e+00,2.538389921188354492e+00,2.658387851715088068e+00,8.184902667999267578e-01,8.132848203182220237e-01,9.136186838150024414e-01,9.307432889938354048e-01,5.533034205436706543e-01,6.218435108661651833e-01,2.492929697036743164e-01,2.891992121934890969e-01,3.656645538285374641e-03,3.288846276700496500e-03,2.811923877743538469e-05,2.811923877743538469e-05
2.831733703613281250e+00,2.679428887367248713e+00,2.831761837005615234e+00,2.679457020759582697e+00,8.433934450149536133e-01,8.278593719005584717e-01,9.222152829170227051e-01,9.351406931877136453e-01,6.967817544937133789e-01,6.158537983894347700e-01,3.583989739418029785e-01,2.907626330852508545e-01,1.094431150704622269e-02,9.812326356768607399e-03,2.811781268974300474e-05,2.811781268974300474e-05
2.468519687652587891e+00,2.663461518287658869e+00,2.468547821044921875e+00,2.663489651679992853e+00,7.536594271659851074e-01,8.147041976451874223e-01,8.789166808128356934e-01,9.317009508609771506e-01,5.052074790000915527e-01,6.194571673870086226e-01,3.266565203666687012e-01,2.946167558431625477e-01,4.079627338796854019e-03,2.982482523657381621e-03,2.811654121614992619e-05,2.811654121614992619e-05
2.557660579681396484e+00,2.663671207427978693e+00,2.557688713073730469e+00,2.663699340820312678e+00,8.376249670982360840e-01,8.121394872665405051e-01,9.153889417648315430e-01,9.298903822898865190e-01,5.112669467926025391e-01,6.233136475086211714e-01,2.895382046699523926e-01,2.945988088846206443e-01,3.841731231659650803e-03,3.728877939283847982e-03,2.811675403791014105e-05,2.811675403791014105e-05
2.984123468399047852e+00,2.668863201141357333e+00,2.984151601791381836e+00,2.668891334533691317e+00,8.173915147781372070e-01,8.166393756866454634e-01,9.338697195053100586e-01,9.299455046653747337e-01,9.124505519866943359e-01,6.194387316703796609e-01,3.131342232227325439e-01,2.933725297451019176e-01,7.277389988303184509e-03,9.467041399329901435e-03,2.811659214785322547e-05,2.811659214785322547e-05
2.528527259826660156e+00,2.657284665107726873e+00,2.528555393218994141e+00,2.657312798500060858e+00,8.016914129257202148e-01,8.073147714138031450e-01,9.334389567375183105e-01,9.365971505641936812e-01,4.910213351249694824e-01,6.176868200302123579e-01,2.990273833274841309e-01,2.921441525220870861e-01,3.348196158185601234e-03,3.541776700876653108e-03,2.811542071867734194e-05,2.811542071867734194e-05
3.122867584228515625e+00,2.652105474472045810e+00,3.122895717620849609e+00,2.652133607864379794e+00,7.732752561569213867e-01,8.129872322082519753e-01,9.164041876792907715e-01,9.345447957515716775e-01,1.115889906883239746e+00,6.090072095394134521e-01,3.134040534496307373e-01,2.901045501232147328e-01,3.894223365932703018e-03,5.461769597604870970e-03,2.811440208461135626e-05,2.811440208461135626e-05
2.601755619049072266e+00,2.655614519119262606e+00,2.601783752441406250e+00,2.655642652511596591e+00,8.269556164741516113e-01,8.116186797618866189e-01,9.568409919738769531e-01,9.354210436344146951e-01,5.569282174110412598e-01,6.158199608325958252e-01,2.584933340549468994e-01,2.888839155435561912e-01,2.537398599088191986e-03,3.870909241959452542e-03,2.811408194247633219e-05,2.811408194247633219e-05
2.539773464202880859e+00,2.647843813896179288e+00,2.539801597595214844e+00,2.647871947288513272e+00,8.126913309097290039e-01,8.131669700145721658e-01,9.486044049263000488e-01,9.309730291366576926e-01,5.030975341796875000e-01,6.118384897708892822e-01,2.721087932586669922e-01,2.889742195606231911e-01,3.271408611908555031e-03,2.891067345626652067e-03,2.811422018567100167e-05,2.811422018567100167e-05
2.886398792266845703e+00,2.644447493553161443e+00,2.886426925659179688e+00,2.644475626945495428e+00,7.809803485870361328e-01,8.075279712677001509e-01,9.331134557723999023e-01,9.352808594703674316e-01,8.052148222923278809e-01,6.075549721717834473e-01,3.641584515571594238e-01,2.908467590808868630e-01,2.931721741333603859e-03,3.236875636503100395e-03,2.811458762153051794e-05,2.811458762153051794e-05
2.462957143783569336e+00,2.654294657707214178e+00,2.462985277175903320e+00,2.654322791099548162e+00,8.117024302482604980e-01,8.142269849777221680e-01,9.261084198951721191e-01,9.300634622573852317e-01,4.914240837097167969e-01,6.151690304279326948e-01,2.298974990844726562e-01,2.919550299644469993e-01,3.824763698503375053e-03,2.880197297781705683e-03,2.811412923620082438e-05,2.811412923620082438e-05
2.499478340148925781e+00,2.661021423339843928e+00,2.499506473541259766e+00,2.661049556732177912e+00,7.922874689102172852e-01,8.153398454189300093e-01,9.185294508934020996e-01,9.273426353931426558e-01,4.784796833992004395e-01,6.232940375804900679e-01,3.070829212665557861e-01,2.920598834753036499e-01,3.098980989307165146e-03,2.985072042793035681e-03,2.811337981256656349e-05,2.811337981256656349e-05
2.871736288070678711e+00,2.664066624641418635e+00,2.871764421463012695e+00,2.664094758033752619e+00,8.468933701515197754e-01,8.249369382858275923e-01,9.471021294593811035e-01,9.287835478782653365e-01,7.358338832855224609e-01,6.068391799926757812e-01,3.361653387546539307e-01,2.927976518869400135e-01,5.741359200328588486e-03,1.070927279070019687e-02,2.811517515510786325e-05,2.811517515510786325e-05
3.050717353820800781e+00,2.678176999092102051e+00,3.050745487213134766e+00,2.678205132484436035e+00,7.597944140434265137e-01,8.346578180789947510e-01,9.179754853248596191e-01,9.402755260467529075e-01,1.043556809425354004e+00,6.006091892719268577e-01,3.240057229995727539e-01,2.940417259931564220e-01,5.384814925491809845e-03,8.592670410871505390e-03,2.811525700963102281e-05,2.811525700963102281e-05
2.614799499511718750e+00,2.655604124069213867e+00,2.614827632904052734e+00,2.655632257461547852e+00,8.162717819213867188e-01,8.232453525066375510e-01,9.225765466690063477e-01,9.316875517368317094e-01,5.749279856681823730e-01,5.989301323890685591e-01,2.957437634468078613e-01,2.916742265224456787e-01,5.279608070850372314e-03,1.006690077483654057e-02,2.811432932503521442e-05,2.811432932503521442e-05
2.684488773345947266e+00,2.699531698226928622e+00,2.684516906738281250e+00,2.699559831619262606e+00,8.473860621452331543e-01,8.445664525032043901e-01,9.480593204498291016e-01,9.311535120010375755e-01,5.810335278511047363e-01,6.068936049938201682e-01,2.821272015571594238e-01,2.902740865945815929e-01,2.588270977139472961e-02,2.664404157549142907e-02,2.811388912959955633e-05,2.811388912959955633e-05
2.567197084426879883e+00,2.692915415763855069e+00,2.567225217819213867e+00,2.692943549156189054e+00,8.507450222969055176e-01,8.380511403083801270e-01,9.470912218093872070e-01,9.352483093738556130e-01,4.748669266700744629e-01,6.090046048164368120e-01,2.747615277767181396e-01,2.896113336086273415e-01,1.973240077495574951e-02,2.100005932152271271e-02,2.811369085975456983e-05,2.811369085975456983e-05
3.218430519104003906e+00,2.660339307785034357e+00,3.218458652496337891e+00,2.660367441177368342e+00,8.061702847480773926e-01,8.109015226364135742e-01,9.044744968414306641e-01,9.321193993091583252e-01,1.215495347976684570e+00,6.183596730232239214e-01,2.828313708305358887e-01,2.921825557947158591e-01,9.459127672016620636e-03,6.776127824559807430e-03,2.811548620229586959e-05,2.811548620229586959e-05
2.867190599441528320e+00,2.654768204689025968e+00,2.867218732833862305e+00,2.654796338081359952e+00,8.053599596023559570e-01,8.148734331130981223e-01,9.383949041366577148e-01,9.390442967414855957e-01,7.661675810813903809e-01,6.024393796920776145e-01,3.534798026084899902e-01,2.922930389642715565e-01,3.788173897191882133e-03,6.118028936907648867e-03,2.811578815453685820e-05,2.811578815453685820e-05
8.875408172607421875e+00,1.001968660354614293e+01,8.875435829162597656e+00,1.001971426010131871e+01,3.061747789382934570e+00,3.547451758384704501e+00,1.099458813667297363e+00,1.139545106887817294e+00,4.468168616294860840e-01,4.397927165031433328e-01,1.304513961076736450e-01,1.405357211828231756e-01,4.136933803558349609e+00,4.752361106872558416e+00,2.811519152601249516e-05,2.811519152601249516e-05
7.392816543579101562e+00,5.132022953033446910e+00,7.392844676971435547e+00,5.132051086425780895e+00,1.863534331321716309e+00,1.483263742923736528e+00,1.275342464447021484e+00,1.156927871704101607e+00,4.365893602371215820e-01,4.466125577688216941e-01,1.173826456069946289e-01,1.407800495624542125e-01,3.699967622756958008e+00,1.904438769817352384e+00,2.812658749462570995e-05,2.812658749462570995e-05
3.187802553176879883e+00,3.156061100959777654e+00,3.187830686569213867e+00,3.156089234352111639e+00,1.137269616127014160e+00,1.137591159343719571e+00,1.031993865966796875e+00,1.025420880317688077e+00,4.513438642024993896e-01,4.427242219448089822e-01,1.305550932884216309e-01,1.534015119075775035e-01,4.366402626037597656e-01,3.969233751296997181e-01,2.814005711115896702e-05,2.814005711115896702e-05
2.661484241485595703e+00,2.717403912544250399e+00,2.661512374877929688e+00,2.717432045936584384e+00,9.834313392639160156e-01,9.996998429298400435e-01,9.858091473579406738e-01,9.867339968681335671e-01,4.215654134750366211e-01,4.331858962774276511e-01,1.319810301065444946e-01,1.579768672585487310e-01,1.386974453926086426e-01,1.398072943091392406e-01,2.815687730617355555e-05,2.815687730617355555e-05
2.687205314636230469e+00,2.636287903785705655e+00,2.687233448028564453e+00,2.636316037178039640e+00,1.011427760124206543e+00,9.915498018264770064e-01,9.732257127761840820e-01,9.743873059749603716e-01,4.159552752971649170e-01,4.169892340898513905e-01,1.795914173126220703e-01,1.539500221610069219e-01,1.070051565766334534e-01,9.941151067614555081e-02,2.816261076077353209e-05,2.816261076077353209e-05
2.480545043945312500e+00,2.613776540756225675e+00,2.480573177337646484e+00,2.613804674148559659e+00,9.528674483299255371e-01,9.973700642585754395e-01,9.624299407005310059e-01,9.732014536857604980e-01,4.072448313236236572e-01,4.000887423753738403e-01,7.873451709747314453e-02,1.521776095032691956e-01,7.926850020885467529e-02,9.093866720795631964e-02,2.816721462295390666e-05,2.816721462295390666e-05
2.535011053085327148e+00,2.519688916206360041e+00,2.535039186477661133e+00,2.519717049598694025e+00,9.829824566841125488e-01,9.719240188598632368e-01,9.728263616561889648e-01,9.681067883968352827e-01,3.774382770061492920e-01,3.813462615013122337e-01,1.558317989110946655e-01,1.482434794306755066e-01,4.593202471733093262e-02,5.006842352449893813e-02,2.817186577885877341e-05,2.817186577885877341e-05
2.430738687515258789e+00,2.487717342376709162e+00,2.430766820907592773e+00,2.487745475769043146e+00,9.544536471366882324e-01,9.685997724533080833e-01,9.537826776504516602e-01,9.691358089447021928e-01,3.658713698387145996e-01,3.612060666084289662e-01,1.165701746940612793e-01,1.451321378350257929e-01,4.006079956889152527e-02,4.364356473088264188e-02,2.817333370330743492e-05,2.817333370330743492e-05
2.456233263015747070e+00,2.466864705085754395e+00,2.456261396408081055e+00,2.466892838478088379e+00,9.851050972938537598e-01,9.742756009101867232e-01,9.667107462882995605e-01,9.667488574981689675e-01,3.338848948478698730e-01,3.392244935035705344e-01,1.224745213985443115e-01,1.415626242756843622e-01,4.805810377001762390e-02,4.505306594073772708e-02,2.817472341121174395e-05,2.817472341121174395e-05
2.493888139724731445e+00,2.479398965835571289e+00,2.493916273117065430e+00,2.479427099227905273e+00,9.771553277969360352e-01,9.775353431701659934e-01,9.687473177909851074e-01,9.666291475296020508e-01,3.274305164813995361e-01,3.324278980493545754e-01,1.643417775630950928e-01,1.410710573196411188e-01,5.621342733502388000e-02,6.173552274703979215e-02,2.817477434291504323e-05,2.817477434291504323e-05
2.406705379486083984e+00,2.404119062423705877e+00,2.406733512878417969e+00,2.404147195816039861e+00,9.706581234931945801e-01,9.561634182929992232e-01,9.712551832199096680e-01,9.647530794143677202e-01,3.026241660118103027e-01,3.085231542587280051e-01,1.247522234916687012e-01,1.384266436100006215e-01,3.741557896137237549e-02,3.625270612537860593e-02,2.817610038619022816e-05,2.817610038619022816e-05
2.401093244552612305e+00,2.382511806488037287e+00,2.401121377944946289e+00,2.382539939880371271e+00,9.870696067810058594e-01,9.610305964946747048e-01,9.731407165527343750e-01,9.629951655864715798e-01,2.769144475460052490e-01,2.827392578124999778e-01,1.235419437289237976e-01,1.358864292502403315e-01,4.042681679129600525e-02,3.986035175621509274e-02,2.817789936671033502e-05,2.817789936671033502e-05
2.321424245834350586e+00,2.347645902633666903e+00,2.321452379226684570e+00,2.347674036026000888e+00,9.477767944335937500e-01,9.577910721302032027e-01,9.481166005134582520e-01,9.614116191864013894e-01,2.601192295551300049e-01,2.551747888326644786e-01,1.231674551963806152e-01,1.332579329609870911e-01,4.224414750933647156e-02,4.001039043068885942e-02,2.817971108015626669e-05,2.817971108015626669e-05
2.255790472030639648e+00,2.310131859779358088e+00,2.255818605422973633e+00,2.310159993171692072e+00,9.389809370040893555e-01,9.539210677146912065e-01,9.518427252769470215e-01,9.585028111934661421e-01,2.306960672140121460e-01,2.268538728356361278e-01,9.813743829727172852e-02,1.300402879714965820e-01,3.613360598683357239e-02,4.081381559371947965e-02,2.818422581185586751e-05,2.818422581185586751e-05
2.273583650588989258e+00,2.248204231262207031e+00,2.273611783981323242e+00,2.248232364654541016e+00,9.434276819229125977e-01,9.369084477424621804e-01,9.561598300933837891e-01,9.559294283390045166e-01,1.976317614316940308e-01,1.985650926828384510e-01,1.467132121324539185e-01,1.278912432491779438e-01,2.965110167860984802e-02,2.890996616333723138e-02,2.818978100549429655e-05,2.818978100549429655e-05
2.176275014877319336e+00,2.202924752235412509e+00,2.176303148269653320e+00,2.202952885627746493e+00,9.055282473564147949e-01,9.212176382541656938e-01,9.567921161651611328e-01,9.538098216056823953e-01,1.682602614164352417e-01,1.709860250353813227e-01,1.172726228833198547e-01,1.279641881585121266e-01,2.842165529727935791e-02,2.894708719104528358e-02,2.819893416017293930e-05,2.819893416017293930e-05
2.119776964187622070e+00,2.152179312705993830e+00,2.119805097579956055e+00,2.152207446098327814e+00,9.138833880424499512e-01,9.072650074958801270e-01,9.421080946922302246e-01,9.458445668220519797e-01,1.324710249900817871e-01,1.428329646587371826e-01,1.061359271407127380e-01,1.289250016212463434e-01,2.517877519130706787e-02,2.731178440153598716e-02,2.820546251314226538e-05,2.820546251314226538e-05
2.077344655990600586e+00,2.114624953269958585e+00,2.077372789382934570e+00,2.114653086662292569e+00,8.862304091453552246e-01,9.033960103988647461e-01,9.301904439926147461e-01,9.390054166316985640e-01,1.183295771479606628e-01,1.156373441219329806e-01,1.142074912786483765e-01,1.286783926188945770e-01,2.838685549795627594e-02,2.790779527276754379e-02,2.821432281052693725e-05,2.821432281052693725e-05
2.158007383346557617e+00,2.094352245330810547e+00,2.158035516738891602e+00,2.094380378723144531e+00,9.290983676910400391e-01,8.946662187576294167e-01,9.708023071289062500e-01,9.378379106521606001e-01,9.318542480468750000e-02,9.343932271003722867e-02,1.316400617361068726e-01,1.307666108012199291e-01,3.328130394220352173e-02,3.764218688011169295e-02,2.822190435836091638e-05,2.822190435836091638e-05
2.018478631973266602e+00,2.084849214553833097e+00,2.018506765365600586e+00,2.084877347946167081e+00,8.716977238655090332e-01,8.935897171497344527e-01,9.018556475639343262e-01,9.367852389812469927e-01,9.487384557723999023e-02,8.942971676588058749e-02,1.234147027134895325e-01,1.333616718649864308e-01,2.663671411573886871e-02,3.168279435485601286e-02,2.822243368427734822e-05,2.822243368427734822e-05
2.002278566360473633e+00,2.056587481498718173e+00,2.002306699752807617e+00,2.056615614891052157e+00,8.647041916847229004e-01,8.918413460254669411e-01,9.120787978172302246e-01,9.286531627178191695e-01,7.208304852247238159e-02,7.152729928493499478e-02,1.201487407088279724e-01,1.318668261170387324e-01,3.326375037431716919e-02,3.269881978631019454e-02,2.822677197400480509e-05,2.822677197400480509e-05
1.975219488143920898e+00,2.009898591041564764e+00,1.975247740745544434e+00,2.009926736354827881e+00,8.623875379562377930e-01,8.802774965763091597e-01,8.981173038482666016e-01,9.223626852035522461e-01,5.767742916941642761e-02,5.697423778474330902e-02,1.382220387458801270e-01,1.302575141191482655e-01,1.881533674895763397e-02,2.002664767205715110e-02,2.823023532982915640e-05,2.823023532982915640e-05
2.098514080047607422e+00,2.056370449066162287e+00,2.098542213439941406e+00,2.056398582458496271e+00,9.159213304519653320e-01,8.975066065788268599e-01,9.517471194267272949e-01,9.388670504093170610e-01,4.616575688123703003e-02,4.632740803062915941e-02,1.510229557752609253e-01,1.297065258026122991e-01,3.365714475512504578e-02,4.396281577646732330e-02,2.823425165843218565e-05,2.823425165843218565e-05
2.129957914352416992e+00,1.994778561592102095e+00,2.129986047744750977e+00,1.994806790351867587e+00,8.654078841209411621e-01,8.796257138252258079e-01,1.086568474769592285e+00,9.253689289093017800e-01,4.838144779205322266e-02,3.656173497438430786e-02,9.955146908760070801e-02,1.261830523610115162e-01,3.004885651171207428e-02,2.703913766890764236e-02,2.823815884767100215e-05,2.823815884767100215e-05
2.008864641189575195e+00,1.982320666313171387e+00,2.008892774581909180e+00,1.982348918914794922e+00,8.998941779136657715e-01,8.836452662944793701e-01,9.320042133331298828e-01,9.256229519844054732e-01,2.649245224893093109e-02,3.055662289261817932e-02,1.323881000280380249e-01,1.218432612717151586e-01,1.808565109968185425e-02,2.065254021435975959e-02,2.824242983479052782e-05,2.824242983479052782e-05
1.915153622627258301e+00,1.989583885669708341e+00,1.915181875228881836e+00,1.989612114429473833e+00,8.603237271308898926e-01,8.880288183689117876e-01,8.944689035415649414e-01,9.175371885299682395e-01,2.818613871932029724e-02,2.719372790306806564e-02,1.000779643654823303e-01,1.223389774560928317e-01,3.209688887000083923e-02,3.448521867394447465e-02,2.824977127602323890e-05,2.824977127602323890e-05
2.016952514648437500e+00,1.972724044322967440e+00,2.016980886459350586e+00,1.972752296924590976e+00,9.107586741447448730e-01,8.895959556102752686e-01,9.238343834877014160e-01,9.216666996479034868e-01,2.346369437873363495e-02,2.384112011641264031e-02,1.412818729877471924e-01,1.183581858873367365e-01,1.761380769312381744e-02,1.926210597157478402e-02,2.825601404765620828e-05,2.825601404765620828e-05
2.055136919021606445e+00,2.018827080726623535e+00,2.055165290832519531e+00,2.018855452537536621e+00,9.052569866180419922e-01,8.966703772544860618e-01,9.652101397514343262e-01,9.431816637516021729e-01,2.223895490169525146e-02,2.139253020286559920e-02,1.135289967060089111e-01,1.198872961103916168e-01,4.890181124210357666e-02,3.769518807530403137e-02,2.826167110470123589e-05,2.826167110470123589e-05
1.959952235221862793e+00,1.985180115699768155e+00,1.959980487823486328e+00,1.985208368301391690e+00,8.793650865554809570e-01,8.918256521224975364e-01,9.114750027656555176e-01,9.204076826572418213e-01,2.294692955911159515e-02,1.915049664676189353e-02,1.081636548042297363e-01,1.201539188623428345e-01,3.800141438841819763e-02,3.364239148795604428e-02,2.826580021064728498e-05,2.826580021064728498e-05
2.082441568374633789e+00,2.175253844261169522e+00,2.082469940185546875e+00,2.175282216072082608e+00,9.264737963676452637e-01,9.430081605911254661e-01,9.514860510826110840e-01,1.004369592666626065e+00,2.405270561575889587e-02,1.845466624945402145e-02,1.240910664200782776e-01,1.211081713438034030e-01,5.633781850337982178e-02,8.831321671605110724e-02,2.826684794854372740e-05,2.826684794854372740e-05
2.091013431549072266e+00,1.994023156166076616e+00,2.091041803359985352e+00,1.994051444530487105e+00,9.376496076583862305e-01,8.994832456111907515e-01,9.747102856636047363e-01,9.254459142684936523e-01,1.854336634278297424e-02,1.662729028612375259e-02,1.270018517971038818e-01,1.177181474864482935e-01,3.310813754796981812e-02,3.474854864180088043e-02,2.827172465913463384e-05,2.827172465913463384e-05
1.916300773620605469e+00,2.060466003417968928e+00,1.916329026222229004e+00,2.060494375228882014e+00,8.518965244293212891e-01,9.033806324005126953e-01,9.045026302337646484e-01,9.549214184284210427e-01,1.238754857331514359e-02,1.461028251796960865e-02,9.482815861701965332e-02,1.320470958948135320e-01,5.268596485257148743e-02,5.550653934478759488e-02,2.827417119988240302e-05,2.827417119988240302e-05
1.943603396415710449e+00,1.949570834636688232e+00,1.943631649017333984e+00,1.949599087238311768e+00,8.853657245635986328e-01,8.804641842842102495e-01,9.151725769042968750e-01,9.137000560760497603e-01,8.019841276109218597e-03,1.339634424075484241e-02,1.140192449092864990e-01,1.215379081666469602e-01,2.102596685290336609e-02,2.047234792262315681e-02,2.827749267453327775e-05,2.827749267453327775e-05
1.852057099342346191e+00,1.923494648933410600e+00,1.852085351943969727e+00,1.923522901535034135e+00,8.416737318038940430e-01,8.743186891078948975e-01,8.513346910476684570e-01,8.965173184871673140e-01,1.030655857175588608e-02,1.304307188838720391e-02,1.315399110317230225e-01,1.226620197296142550e-01,1.720217429101467133e-02,1.695354748517274857e-02,2.828223477990832180e-05,2.828223477990832180e-05
1.852288961410522461e+00,1.934735119342803955e+00,1.852317214012145996e+00,1.934763371944427490e+00,8.651842474937438965e-01,8.758281350135803667e-01,8.726823329925537109e-01,9.010264515876770242e-01,7.717612665146589279e-03,1.203428115695714951e-02,8.113101124763488770e-02,1.218649007380008670e-01,2.557375654578208923e-02,2.398130949586629868e-02,2.828817014233209193e-05,2.828817014233209193e-05
1.861023068428039551e+00,1.970975947380065874e+00,1.861051321029663086e+00,1.971004199981689409e+00,8.423482775688171387e-01,8.864169001579285112e-01,8.722692728042602539e-01,9.155917525291442649e-01,1.322636567056179047e-02,1.171842291951179574e-02,9.186198562383651733e-02,1.182552635669708307e-01,4.131721332669258118e-02,3.899362757802009305e-02,2.829390177794266492e-05,2.829390177794266492e-05
2.171499729156494141e+00,2.157116699218749822e+00,2.171528100967407227e+00,2.157145071029662908e+00,9.630717039108276367e-01,9.354434311389923096e-01,9.909420013427734375e-01,9.701060414314269797e-01,1.194476801902055740e-02,1.024929396808147396e-02,1.171391457319259644e-01,1.220668807625770597e-01,8.840205520391464233e-02,1.192510664463043157e-01,2.829988625308033079e-05,2.829988625308033079e-05
2.120077610015869141e+00,2.184996700286865323e+00,2.120105981826782227e+00,2.185025072097778409e+00,9.201222062110900879e-01,9.522933602333069070e-01,9.307537674903869629e-01,9.856440544128417525e-01,7.707304786890745163e-03,9.730773046612739563e-03,1.786919981241226196e-01,1.224999494850635556e-01,8.280239999294281006e-02,1.148285470902919714e-01,2.830490484484471381e-05,2.830490484484471381e-05
1.865460991859436035e+00,1.909937143325805664e+00,1.865489244461059570e+00,1.909965395927429199e+00,8.440088033676147461e-01,8.690196573734283447e-01,8.690698146820068359e-01,8.911437392234802246e-01,1.283206883817911148e-02,9.907229151576758125e-03,1.171039342880249023e-01,1.182895876467227880e-01,2.244636975228786469e-02,2.157693952322006087e-02,2.831060191965661943e-05,2.831060191965661943e-05
1.934180140495300293e+00,1.942267596721649170e+00,1.934208512306213379e+00,1.942295968532562256e+00,8.925576210021972656e-01,8.780594348907471147e-01,9.116230607032775879e-01,9.034424066543579324e-01,7.394042331725358963e-03,9.863692615181208351e-03,9.823417663574218750e-02,1.182082831859588568e-01,2.437130548059940338e-02,3.269378133118152480e-02,2.831232268363237381e-05,2.831232268363237381e-05
1.892807006835937500e+00,1.908390593528747514e+00,1.892835378646850586e+00,1.908418965339660600e+00,8.493946790695190430e-01,8.675305366516112837e-01,8.978102803230285645e-01,8.926554560661316140e-01,1.070047914981842041e-02,9.437891747802495609e-03,1.127525120973587036e-01,1.171187311410903931e-01,2.214897423982620239e-02,2.164797466248273919e-02,2.832035170285962522e-05,2.832035170285962522e-05
1.949373006820678711e+00,1.906217801570892378e+00,1.949401378631591797e+00,1.906246173381805464e+00,8.968124389648437500e-01,8.708580076694488747e-01,9.016731977462768555e-01,8.916625320911407693e-01,1.150557491928339005e-02,9.437488578259944222e-03,1.212277188897132874e-01,1.126850068569183322e-01,1.815396733582019806e-02,2.157471831887960295e-02,2.832804602803662419e-05,2.832804602803662419e-05
1.860538840293884277e+00,1.901728951930999667e+00,1.860567212104797363e+00,1.901757323741912753e+00,8.538432121276855469e-01,8.712204813957213911e-01,8.602213263511657715e-01,8.941593110561371072e-01,5.901561118662357330e-03,9.967232961207628597e-03,1.268895417451858521e-01,1.082558780908584595e-01,1.368304807692766190e-02,1.812606267631054063e-02,2.833604594343341887e-05,2.833604594343341887e-05
2.019981145858764648e+00,1.908568239212036222e+00,2.020009517669677734e+00,1.908596611022949308e+00,9.198637604713439941e-01,8.701153695583343506e-01,9.291259646415710449e-01,8.974420130252838135e-01,7.095064967870712280e-03,9.241708554327487946e-03,1.436926126480102539e-01,1.104362256824970301e-01,2.020367607474327087e-02,2.133294418454170088e-02,2.834431506926193833e-05,2.834431506926193833e-05
1.964054465293884277e+00,1.894241607189178556e+00,1.964082837104797363e+00,1.894269979000091642e+00,8.808907270431518555e-01,8.651830554008483887e-01,9.206897020339965820e-01,8.904061257839203103e-01,1.104311551898717880e-02,9.673484228551387440e-03,1.268766671419143677e-01,1.045837327837944031e-01,2.455429546535015106e-02,2.439522892236709734e-02,2.835338455042801797e-05,2.835338455042801797e-05
1.871724247932434082e+00,1.885425865650177002e+00,1.871752619743347168e+00,1.885454237461090088e+00,8.453628420829772949e-01,8.647882103919982688e-01,8.925096392631530762e-01,8.869287848472595659e-01,9.380396455526351929e-03,8.715379796922207573e-03,1.014332696795463562e-01,1.074425838887691498e-01,2.303817681968212128e-02,1.755085214972496033e-02,2.836236490111332387e-05,2.836236490111332387e-05
1.985356569290161133e+00,1.966153347492217929e+00,1.985384941101074219e+00,1.966181719303131015e+00,8.721292018890380859e-01,8.813894808292388472e-01,9.378772974014282227e-01,9.132488369941711426e-01,8.545880205929279327e-03,7.471048319712281054e-03,1.056319475173950195e-01,1.153842978179454859e-01,6.117223203182220459e-02,4.865968413650989532e-02,2.836701605701819062e-05,2.836701605701819062e-05
1.901152014732360840e+00,1.895649075508117676e+00,1.901180386543273926e+00,1.895677447319030762e+00,8.695759773254394531e-01,8.672589123249053733e-01,8.948792815208435059e-01,8.927757263183593306e-01,1.685157045722007751e-02,9.794904291629791607e-03,9.695503860712051392e-02,1.011516623198986109e-01,2.289011701941490173e-02,2.466779612004756789e-02,2.837208739947527647e-05,2.837208739947527647e-05
1.838079094886779785e+00,1.872206258773803755e+00,1.838107466697692871e+00,1.872234630584716841e+00,8.452690243721008301e-01,8.589510023593902588e-01,8.632270097732543945e-01,8.818865835666656050e-01,6.446294486522674561e-03,8.492709230631589543e-03,1.053577437996864319e-01,1.029969207942485754e-01,1.777895912528038025e-02,1.987904142588376930e-02,2.837827742041554302e-05,2.837827742041554302e-05
1.915168166160583496e+00,1.909687209129333541e+00,1.915196537971496582e+00,1.909715580940246626e+00,8.628648519515991211e-01,8.739253997802733931e-01,9.064721465110778809e-01,8.954732120037078857e-01,9.776216931641101837e-03,8.783475775271654823e-03,1.102651804685592651e-01,1.009838007390499171e-01,2.578988671302795410e-02,3.052136097103357384e-02,2.838025102391839027e-05,2.838025102391839027e-05
1.835656046867370605e+00,1.868006062507629350e+00,1.835684418678283691e+00,1.868034434318542436e+00,8.474152684211730957e-01,8.627254188060760054e-01,8.729010224342346191e-01,8.800784885883331521e-01,6.739131640642881393e-03,8.573089353740214955e-03,8.926562964916229248e-02,1.000767439603805486e-01,1.933498680591583252e-02,1.655234005302190850e-02,2.838714317476842552e-05,2.838714317476842552e-05
1.845165610313415527e+00,1.857678258419036776e+00,1.845193982124328613e+00,1.857706630229949862e+00,8.252610564231872559e-01,8.569797396659850630e-01,8.821098804473876953e-01,8.751251101493835449e-01,1.061548478901386261e-02,8.885075245052576412e-03,1.122380867600440979e-01,1.003888010978698786e-01,1.494104880839586258e-02,1.629954986274242262e-02,2.839296939782798290e-05,2.839296939782798290e-05
1.825879335403442383e+00,1.889671063423156827e+00,1.825907707214355469e+00,1.889699435234069913e+00,8.334676623344421387e-01,8.624143064022063987e-01,8.910452127456665039e-01,8.942230939865112305e-01,7.644959725439548492e-03,7.713553356006741177e-03,6.788992136716842651e-02,1.046096183359623011e-01,2.583155222237110138e-02,2.071047220379114082e-02,2.839939224941190332e-05,2.839939224941190332e-05
1.769461154937744141e+00,1.915175914764404297e+00,1.769489526748657227e+00,1.915204286575317383e+00,8.151198625564575195e-01,8.661963701248168723e-01,8.200017809867858887e-01,8.937193334102631059e-01,9.236465208232402802e-03,7.410506112501024853e-03,7.506081461906433105e-02,1.070240721106529291e-01,5.004223063588142395e-02,4.082564413547516008e-02,2.840375236701220274e-05,2.840375236701220274e-05
2.051715373992919922e+00,2.105559539794922053e+00,2.051743745803833008e+00,2.105587911605835139e+00,9.255139231681823730e-01,9.247714936733245628e-01,9.338710308074951172e-01,9.458580791950226274e-01,7.757498882710933685e-03,7.845630822703241608e-03,1.143524423241615295e-01,1.046187758445739774e-01,7.022031396627426147e-02,1.224655881524085999e-01,2.840442539309151471e-05,2.840442539309151471e-05
1.882864236831665039e+00,1.877457308769226119e+00,1.882892608642578125e+00,1.877485680580139205e+00,8.699587583541870117e-01,8.610280573368072066e-01,8.781232237815856934e-01,8.792788386344909668e-01,5.284290295094251633e-03,8.305435394868254315e-03,1.050115823745727539e-01,1.016206741333007812e-01,2.448639273643493652e-02,2.722432911396026681e-02,2.840794695657677948e-05,2.840794695657677948e-05
1.950294375419616699e+00,1.986989951133728116e+00,1.950322747230529785e+00,1.987018322944641202e+00,8.888983130455017090e-01,8.976046383380890115e-01,8.896648883819580078e-01,9.160094678401946577e-01,9.686427190899848938e-03,8.380745304748415947e-03,1.193441599607467651e-01,1.008596971631050138e-01,4.270047321915626526e-02,6.413538120687008182e-02,2.841382229235023260e-05,2.841382229235023260e-05
1.759966850280761719e+00,1.899859654903411910e+00,1.759995222091674805e+00,1.899888026714324996e+00,8.120164275169372559e-01,8.685440123081207275e-01,8.293004035949707031e-01,8.926072776317596214e-01,7.499308325350284576e-03,7.915436429902911533e-03,7.501518726348876953e-02,1.006811618804931696e-01,3.613546490669250488e-02,3.011176846921443870e-02,2.842043249984271824e-05,2.842043249984271824e-05
1.985333800315856934e+00,1.868184554576873824e+00,1.985362172126770020e+00,1.868212926387786910e+00,9.144381284713745117e-01,8.579650461673736794e-01,9.437410235404968262e-01,8.840304851531982644e-01,9.811541996896266937e-03,7.959430385380984047e-03,1.033077463507652283e-01,1.003076106309890719e-01,1.403548941016197205e-02,1.792197693139314582e-02,2.842604953912086785e-05,2.842604953912086785e-05
1.872049808502197266e+00,1.863377892971038730e+00,1.872078180313110352e+00,1.863406264781951815e+00,8.658013939857482910e-01,8.625592470169067827e-01,8.721734881401062012e-01,8.801812112331390825e-01,9.854169562458992004e-03,8.450181409716605446e-03,1.121352538466453552e-01,9.655509516596794128e-02,1.208539772778749466e-02,1.563214892521500726e-02,2.842835601768456399e-05,2.842835601768456399e-05
1.830506443977355957e+00,1.859901797771453813e+00,1.830534934997558594e+00,1.859930288791656450e+00,8.594231605529785156e-01,8.551222801208495650e-01,8.641910552978515625e-01,8.847718000411987083e-01,5.246403161436319351e-03,7.541169505566358219e-03,8.708532154560089111e-02,9.591867998242378790e-02,1.456051785498857498e-02,1.654792036861181190e-02,2.843519541784189641e-05,2.843519541784189641e-05
1.843184471130371094e+00,1.848058128356933505e+00,1.843212962150573730e+00,1.848086619377136142e+00,8.400289416313171387e-01,8.523672580718993919e-01,8.801070451736450195e-01,8.758463323116302268e-01,8.808303624391555786e-03,7.784483721479773521e-03,1.006185486912727356e-01,9.725535139441490728e-02,1.362168043851852417e-02,1.480470849201083114e-02,2.844180562533438206e-05,2.844180562533438206e-05
1.893231987953186035e+00,1.841561746597289995e+00,1.893260478973388672e+00,1.841590237617492631e+00,8.708218336105346680e-01,8.560605108737945335e-01,9.249967932701110840e-01,8.762201309204101785e-01,7.492577657103538513e-03,9.061414562165737846e-03,7.794205099344253540e-02,8.795522451400757113e-02,1.197887212038040161e-02,1.226447820663452079e-02,2.844818482117261738e-05,2.844818482117261738e-05
1.932432532310485840e+00,1.857532882690429599e+00,1.932461023330688477e+00,1.857561373710632235e+00,8.358690738677978516e-01,8.581100106239318848e-01,9.537631273269653320e-01,8.790996849536896196e-01,1.250441838055849075e-02,8.840810321271420219e-03,1.032523289322853088e-01,8.829696252942084711e-02,2.704354561865329742e-02,2.318541202694177766e-02,2.845569179044105113e-05,2.845569179044105113e-05
1.890435099601745605e+00,1.909962630271911710e+00,1.890463590621948242e+00,1.909991121292114347e+00,8.723832964897155762e-01,8.722763180732726607e-01,8.786073923110961914e-01,8.916974186897277388e-01,4.513682331889867783e-03,7.543068844825029373e-03,8.744055032730102539e-02,9.178533032536506653e-02,4.749021306633949280e-02,4.666046164929867068e-02,2.846246206900104880e-05,2.846246206900104880e-05
1.804817795753479004e+00,1.879677963256835893e+00,1.804846286773681641e+00,1.879706454277038530e+00,8.360015153884887695e-01,8.687279820442199707e-01,8.356682062149047852e-01,8.842867732048034224e-01,1.217287313193082809e-02,7.430042652413248842e-03,9.440569579601287842e-02,8.999693617224693853e-02,2.656956575810909271e-02,2.923625577241182466e-02,2.846864299499429762e-05,2.846864299499429762e-05
1.849903106689453125e+00,1.828903377056121826e+00,1.849931597709655762e+00,1.828931868076324463e+00,8.410844206809997559e-01,8.457761645317077859e-01,8.729314208030700684e-01,8.698670685291289839e-01,9.226208552718162537e-03,7.587021822109818806e-03,1.113989427685737610e-01,9.048116132616997043e-02,1.526210457086563110e-02,1.519200038164853980e-02,2.847357245627790689e-05,2.847357245627790689e-05
1.857343316078186035e+00,1.864033246040344149e+00,1.857371807098388672e+00,1.864061737060546786e+00,8.660936355590820312e-01,8.565572619438170943e-01,8.723288774490356445e-01,8.803175866603851762e-01,6.240089423954486847e-03,8.258376270532608032e-03,8.141433447599411011e-02,8.763606771826744357e-02,3.126632794737815857e-02,3.126395381987094602e-02,2.848005897249095142e-05,2.848005897249095142e-05
1.866523861885070801e+00,1.828091573715209917e+00,1.866552352905273438e+00,1.828120064735412553e+00,8.753993511199951172e-01,8.529784440994262473e-01,8.884232044219970703e-01,8.696610569953918679e-01,6.500530056655406952e-03,9.670882672071456215e-03,8.364776521921157837e-02,8.460361212491988858e-02,1.255305577069520950e-02,1.117760902270674775e-02,2.848675831046421081e-05,2.848675831046421081e-05
1.838646531105041504e+00,1.826607871055603072e+00,1.838675022125244141e+00,1.826636362075805708e+00,8.572042584419250488e-01,8.496133923530578835e-01,8.641650676727294922e-01,8.698406279087066428e-01,1.409674808382987976e-02,9.259691089391708027e-03,8.800704777240753174e-02,8.440189287066460211e-02,1.517339050769805908e-02,1.349225854501128266e-02,2.848897929652594030e-05,2.848897929652594030e-05
1.778180480003356934e+00,1.858073377609252841e+00,1.778208971023559570e+00,1.858101868629455478e+00,8.252961635589599609e-01,8.513771057128906028e-01,8.338794112205505371e-01,8.784411668777465376e-01,8.800293318927288055e-03,6.887574493885040110e-03,7.027636468410491943e-02,9.035524278879165927e-02,3.992825374007225037e-02,3.101231288164853911e-02,2.849707016139291227e-05,2.849707016139291227e-05
1.764482855796813965e+00,1.820674073696136430e+00,1.764511346817016602e+00,1.820702564716339067e+00,8.194421529769897461e-01,8.474333405494689497e-01,8.224939703941345215e-01,8.627151548862457275e-01,6.239018402993679047e-03,7.482798444107175220e-03,9.804935008287429810e-02,8.586881533265114386e-02,1.825827546417713165e-02,1.717397198081016541e-02,2.850306555046699941e-05,2.850306555046699941e-05
1.940482735633850098e+00,1.850348186492919877e+00,1.940511226654052734e+00,1.850376677513122514e+00,8.975941538810729980e-01,8.499334394931793435e-01,9.120796322822570801e-01,8.767283976078033003e-01,6.243021227419376373e-03,7.843161979690194824e-03,9.994172304868698120e-02,8.937539383769035894e-02,2.462425827980041504e-02,2.646780423820018630e-02,2.850240707630291581e-05,2.850240707630291581e-05
1.868418574333190918e+00,1.863651239871978671e+00,1.868447065353393555e+00,1.863679730892181308e+00,8.764602541923522949e-01,8.513987243175507036e-01,8.816816210746765137e-01,8.747983515262603982e-01,8.736331015825271606e-03,7.955250097438693047e-03,7.088571786880493164e-02,8.889789059758186618e-02,3.065453097224235535e-02,4.060104414820671359e-02,2.850572127499617636e-05,2.850572127499617636e-05
1.790613889694213867e+00,1.845144271850585938e+00,1.790642380714416504e+00,1.845172762870788574e+00,8.359668254852294922e-01,8.479585349559783936e-01,8.417971134185791016e-01,8.717191576957702415e-01,7.441533263772726059e-03,6.763455923646688461e-03,8.924276381731033325e-02,9.314893782138825018e-02,1.616564765572547913e-02,2.555421143770218034e-02,2.850989949365612119e-05,2.850989949365612119e-05
1.834882974624633789e+00,1.820964479446411044e+00,1.834911465644836426e+00,1.820992970466613681e+00,8.571543097496032715e-01,8.459323823451996294e-01,8.691130876541137695e-01,8.636874973773955855e-01,8.138113655149936676e-03,7.932775001972914436e-03,8.390508592128753662e-02,8.692717030644417364e-02,1.657252013683319092e-02,1.648464407771825860e-02,2.851705721695907414e-05,2.851705721695907414e-05
1.915893197059631348e+00,1.840171396732330322e+00,1.915921688079833984e+00,1.840199887752532959e+00,8.869385719299316406e-01,8.512450575828551802e-01,8.896841406822204590e-01,8.663284599781035933e-01,8.540587499737739563e-03,8.790562208741903999e-03,1.059371829032897949e-01,8.209511712193488797e-02,2.479250356554985046e-02,3.171220626682043353e-02,2.852370016626082361e-05,2.852370016626082361e-05
1.848180890083312988e+00,1.962264406681060835e+00,1.848209381103515625e+00,1.962292897701263472e+00,8.576970100402832031e-01,8.965901017189026323e-01,8.672626018524169922e-01,9.108694136142730935e-01,8.525462821125984192e-03,6.669948250055313457e-03,7.444740086793899536e-02,9.141860306262969416e-02,4.024834558367729187e-02,5.671632662415504456e-02,2.852595207514241338e-05,2.852595207514241338e-05
1.972727537155151367e+00,1.956426167488098056e+00,1.972756028175354004e+00,1.956454658508300692e+00,8.983784317970275879e-01,8.811411380767821822e-01,8.991691470146179199e-01,9.127676069736481157e-01,6.043089553713798523e-03,8.289387309923767697e-03,1.149640381336212158e-01,8.538973107933997553e-02,5.417289957404136658e-02,6.883827298879623136e-02,2.852894431271124631e-05,2.852894431271124631e-05
1.817812323570251465e+00,1.867876601219177202e+00,1.817840814590454102e+00,1.867905092239379838e+00,8.321544528007507324e-01,8.506247341632843240e-01,8.394639492034912109e-01,8.679112374782562700e-01,4.751674365252256393e-03,6.800753483548760588e-03,8.230216801166534424e-02,9.183903262019157965e-02,5.914000421762466431e-02,5.070084966719150266e-02,2.852973921108059585e-05,2.852973921108059585e-05
1.809076309204101562e+00,1.822507238388061612e+00,1.809104800224304199e+00,1.822535729408264249e+00,8.332942724227905273e-01,8.433269143104553667e-01,8.450357913970947266e-01,8.558695316314697266e-01,6.816910579800605774e-03,8.230673009529709469e-03,1.000757291913032532e-01,8.705330640077590942e-02,2.385363355278968811e-02,2.802674043923616271e-02,2.853581099770963192e-05,2.853581099770963192e-05
1.968479156494140625e+00,1.911083912849426358e+00,1.968507647514343262e+00,1.911112403869628995e+00,8.723710179328918457e-01,8.602461278438567893e-01,8.983913660049438477e-01,8.736366033554077148e-01,7.074141874909400940e-03,7.469136267900466919e-03,6.794437021017074585e-02,9.181700646877288818e-02,1.226981356739997864e-01,7.791502922773360651e-02,2.854111880878917873e-05,2.854111880878917873e-05
1.918476343154907227e+00,1.876013946533203081e+00,1.918504834175109863e+00,1.876042437553405717e+00,8.734748959541320801e-01,8.558381855487823264e-01,8.778079152107238770e-01,8.682442307472229004e-01,7.416670676320791245e-03,7.141586858779191971e-03,1.161032691597938538e-01,8.991917520761490146e-02,4.367355629801750183e-02,5.487078651785850386e-02,2.854237573046702892e-05,2.854237573046702892e-05
1.819033741950988770e+00,1.807149112224578857e+00,1.819062232971191406e+00,1.807177603244781494e+00,8.515079021453857422e-01,8.415959596633910689e-01,8.559673428535461426e-01,8.539744496345520464e-01,6.159573793411254883e-03,7.329998305067420006e-03,8.781839907169342041e-02,8.676004707813263217e-02,1.758058927953243256e-02,1.748866233974695136e-02,2.854603735613636672e-05,2.854603735613636672e-05
1.799992561340332031e+00,1.795244443416595503e+00,1.800021171569824219e+00,1.795273053646087691e+00,8.484652042388916016e-01,8.396388769149780718e-01,8.489274382591247559e-01,8.513873040676116499e-01,1.154633052647113800e-02,7.459477754309773445e-03,7.832846045494079590e-02,8.550611585378646573e-02,1.272493880242109299e-02,1.125270845368504455e-02,2.855159254977479577e-05,2.855159254977479577e-05
1.959678769111633301e+00,1.801880037784576505e+00,1.959707379341125488e+00,1.801908648014068692e+00,8.670220375061035156e-01,8.390946447849273460e-01,9.474757313728332520e-01,8.489196538925171120e-01,7.116017863154411316e-03,6.900368351489305149e-03,1.208228394389152527e-01,9.024576321244240362e-02,1.724230125546455383e-02,1.671961918473243575e-02,2.855895581888034940e-05,2.855895581888034940e-05
1.867403030395507812e+00,1.860378670692443892e+00,1.867431640625000000e+00,1.860407280921936080e+00,8.680305480957031250e-01,8.553888082504272905e-01,8.766105175018310547e-01,8.717267513275146484e-01,4.066544119268655777e-03,6.482793437317013914e-03,8.202978223562240601e-02,9.277527704834938327e-02,3.666560351848602295e-02,3.400503322482108931e-02,2.856374703696928918e-05,2.856374703696928918e-05
1.833008050918579102e+00,1.802948141098022372e+00,1.833036661148071289e+00,1.802976751327514560e+00,8.480236530303955078e-01,8.417768001556396040e-01,8.622779846191406250e-01,8.512924194335937944e-01,1.429257821291685104e-02,7.201108988374472011e-03,9.405106306076049805e-02,8.530028164386749268e-02,1.436284370720386505e-02,1.737757474184036324e-02,2.856539504136890173e-05,2.856539504136890173e-05
1.855163693428039551e+00,1.816184449195861861e+00,1.855192303657531738e+00,1.816213059425354048e+00,8.635615706443786621e-01,8.429269611835479292e-01,8.758367300033569336e-01,8.590027511119842085e-01,7.435197476297616959e-03,6.568702682852744883e-03,8.952077478170394897e-02,8.493938446044921320e-02,1.880948245525360107e-02,2.274662572890519957e-02,2.856907667592167854e-05,2.856907667592167854e-05
1.824747681617736816e+00,1.822058713436126798e+00,1.824776291847229004e+00,1.822087323665618985e+00,8.548337221145629883e-01,8.474329352378845437e-01,8.598535656929016113e-01,8.593019247055053711e-01,8.954175747931003571e-03,6.946258200332522566e-03,7.923734188079833984e-02,8.451974317431450168e-02,2.186887897551059723e-02,2.385786026716232161e-02,2.857064828276634216e-05,2.857064828276634216e-05
1.787165760993957520e+00,1.804898202419281006e+00,1.787194371223449707e+00,1.804926812648773193e+00,8.383689522743225098e-01,8.437667250633239524e-01,8.379914760589599609e-01,8.553097665309905562e-01,3.715813392773270607e-03,6.536634499207138668e-03,9.580000489950180054e-02,8.614040613174438199e-02,1.128947641700506210e-02,1.314469547942280839e-02,2.857661093003116548e-05,2.857661093003116548e-05
1.756394028663635254e+00,1.814388620853424117e+00,1.756422638893127441e+00,1.814417231082916304e+00,8.226277828216552734e-01,8.451876759529113325e-01,8.299928903579711914e-01,8.540124416351317915e-01,5.223904270678758621e-03,6.389597104862332691e-03,7.774400711059570312e-02,8.272899910807610113e-02,2.080545946955680847e-02,2.606986276805400848e-02,2.858283369278069586e-05,2.858283369278069586e-05
1.873644471168518066e+00,1.928652536869049028e+00,1.873673081398010254e+00,1.928681147098541215e+00,8.580317497253417969e-01,8.789207398891448753e-01,8.639651536941528320e-01,8.858535170555115190e-01,1.089794375002384186e-02,7.403710763901472439e-03,8.927068859338760376e-02,7.913754209876060208e-02,5.147891864180564880e-02,7.733703479170798978e-02,2.858547304640524089e-05,2.858547304640524089e-05
1.753438711166381836e+00,1.801633155345916837e+00,1.753467321395874023e+00,1.801661765575409024e+00,8.152052164077758789e-01,8.388134717941284624e-01,8.217278122901916504e-01,8.482484340667724165e-01,7.002259138971567154e-03,6.670049950480460774e-03,8.631379902362823486e-02,8.446806147694588263e-02,2.318949624896049500e-02,2.343311794102191994e-02,2.858648622350301594e-05,2.858648622350301594e-05
1.814274191856384277e+00,1.791097235679626420e+00,1.814302802085876465e+00,1.791125845909118608e+00,8.528469800949096680e-01,8.394281208515167458e-01,8.598627448081970215e-01,8.496472537517547607e-01,6.984301842749118805e-03,7.035914994776249105e-03,8.013933151960372925e-02,7.901013493537903387e-02,1.444088574498891830e-02,1.597581077367067268e-02,2.859036248992197216e-05,2.859036248992197216e-05
1.773087739944458008e+00,1.794486927986145064e+00,1.773116350173950195e+00,1.794515538215637251e+00,8.187891840934753418e-01,8.374234735965728760e-01,8.399519920349121094e-01,8.449981689453125444e-01,7.468177936971187592e-03,6.657057115808129658e-03,8.137582242488861084e-02,8.090449497103691101e-02,2.550245821475982666e-02,2.450375389307737212e-02,2.859861524484585971e-05,2.859861524484585971e-05
1.822637557983398438e+00,1.885422265529632657e+00,1.822666168212890625e+00,1.885450875759124845e+00,8.318182229995727539e-01,8.661352872848511186e-01,8.476870059967041016e-01,8.785925090312958208e-01,4.144929349422454834e-03,6.412931624799967159e-03,8.040224015712738037e-02,8.147897347807883661e-02,5.858518555760383606e-02,5.280257686972618381e-02,2.860473978216759861e-05,2.860473978216759861e-05
1.714780092239379883e+00,1.781180131435394332e+00,1.714808702468872070e+00,1.781208741664886519e+00,8.113248944282531738e-01,8.334440588951110840e-01,8.154087066650390625e-01,8.442530632019042969e-01,4.831071943044662476e-03,6.296077044680714607e-03,6.923413276672363281e-02,8.041284084320068914e-02,1.398136001080274582e-02,1.677406225353479316e-02,2.860900349332951009e-05,2.860900349332951009e-05
1.904870748519897461e+00,1.911169242858886674e+00,1.904899358749389648e+00,1.911197853088378862e+00,8.476664423942565918e-01,8.714042663574218528e-01,8.762750029563903809e-01,8.799784719944000466e-01,4.906915128231048584e-03,6.738248141482472073e-03,1.050315499305725098e-01,8.257973417639732916e-02,7.099074125289916992e-02,7.046849727630614957e-02,2.860994572984054685e-05,2.860994572984054685e-05
1.961802005767822266e+00,1.873313868045806796e+00,1.961830615997314453e+00,1.873342478275298983e+00,8.742163181304931641e-01,8.536439001560210960e-01,8.735613822937011719e-01,8.646628081798553023e-01,6.136971991509199142e-03,6.351084634661674673e-03,1.053734049201011658e-01,8.521256446838379461e-02,1.025139689445495605e-01,6.344351321458815973e-02,2.861026950995437801e-05,2.861026950995437801e-05
1.733249068260192871e+00,1.792399632930755660e+00,1.733277678489685059e+00,1.792428243160247847e+00,8.107520937919616699e-01,8.415121257305144820e-01,8.167930841445922852e-01,8.493237137794494851e-01,5.220927298069000244e-03,6.929488573223352606e-03,8.504739403724670410e-02,8.134199902415276129e-02,1.543564070016145706e-02,1.329232249408960308e-02,2.861216489691287279e-05,2.861216489691287279e-05
1.804162502288818359e+00,1.885885429382324174e+00,1.804191112518310547e+00,1.885914039611816362e+00,8.170547485351562500e-01,8.656716823577881303e-01,8.302358388900756836e-01,8.794203877449036089e-01,7.686701137572526932e-03,6.340894429013132876e-03,1.154143214225769043e-01,8.423536494374275763e-02,3.377083316445350647e-02,5.021709986031055312e-02,2.861651773855555803e-05,2.861651773855555803e-05
1.821130275726318359e+00,1.803777122497558505e+00,1.821158885955810547e+00,1.803805732727050692e+00,8.525659441947937012e-01,8.422789394855498823e-01,8.651474118232727051e-01,8.512772679328918235e-01,6.965120788663625717e-03,6.954034045338630850e-03,8.169888705015182495e-02,8.316248953342438022e-02,1.475284248590469360e-02,2.010438200086355279e-02,2.862069959519430995e-05,2.862069959519430995e-05
1.720925688743591309e+00,1.793971145153045565e+00,1.720954298973083496e+00,1.793999755382537753e+00,8.064918518066406250e-01,8.377509891986847368e-01,8.150808811187744141e-01,8.524642825126648171e-01,5.949082784354686737e-03,6.911364244297146450e-03,7.709257304668426514e-02,7.943351343274115961e-02,1.631129346787929535e-02,1.741100512444972853e-02,2.862440305761992931e-05,2.862440305761992931e-05
1.691556572914123535e+00,1.793826496601104825e+00,1.691585183143615723e+00,1.793855106830597013e+00,7.939944267272949219e-01,8.379186689853668213e-01,7.956006526947021484e-01,8.467080593109130859e-01,4.330957308411598206e-03,6.344564678147435362e-03,7.600700855255126953e-02,8.031079992651939115e-02,2.162349782884120941e-02,2.254439871758222649e-02,2.862926157831680030e-05,2.862926157831680030e-05
1.809937357902526855e+00,1.777948355674743741e+00,1.809965968132019043e+00,1.777976965904235929e+00,8.490603566169738770e-01,8.347584247589111550e-01,8.548877835273742676e-01,8.434470355510711448e-01,8.560855872929096222e-03,7.006752770394086838e-03,8.477685600519180298e-02,8.014295101165772039e-02,1.265140809118747711e-02,1.259319791570305894e-02,2.863416375475935638e-05,2.863416375475935638e-05
1.760436534881591797e+00,1.806220185756683305e+00,1.760465145111083984e+00,1.806248795986175493e+00,8.290205001831054688e-01,8.460189163684844749e-01,8.331909179687500000e-01,8.566267728805542214e-01,7.237701676785945892e-03,7.740263594314455986e-03,7.029246538877487183e-02,7.695835754275322238e-02,2.069498039782047272e-02,1.887588798999786238e-02,2.863966801669448614e-05,2.863966801669448614e-05
1.729569315910339355e+00,1.784523832798004195e+00,1.729597926139831543e+00,1.784552443027496382e+00,8.098118305206298828e-01,8.337087631225585938e-01,8.185732364654541016e-01,8.442457199096680132e-01,5.881930235773324966e-03,6.701882183551788504e-03,7.426191121339797974e-02,7.854945957660675049e-02,2.104047499597072601e-02,2.131801657378673553e-02,2.864420093828812242e-05,2.864420093828812242e-05
1.770738124847412109e+00,1.813799130916595503e+00,1.770766735076904297e+00,1.813827741146087691e+00,8.220707774162292480e-01,8.505011916160583052e-01,8.299996852874755859e-01,8.594345867633819136e-01,7.507049944251775742e-03,6.800382211804389780e-03,9.139171242713928223e-02,7.696677744388580322e-02,1.976881362497806549e-02,2.009615823626518388e-02,2.864824818971101195e-05,2.864824818971101195e-05
1.877151846885681152e+00,1.795019435882568404e+00,1.877180457115173340e+00,1.795048046112060591e+00,8.708401322364807129e-01,8.390220224857329878e-01,8.778386712074279785e-01,8.500927031040191872e-01,7.333782967180013657e-03,6.558022415265441114e-03,1.035204008221626282e-01,7.744108363986015875e-02,1.761892065405845642e-02,2.190558910369872977e-02,2.864986709028016776e-05,2.864986709028016776e-05
1.829274535179138184e+00,1.810471844673156694e+00,1.829303145408630371e+00,1.810500454902648881e+00,8.487774133682250977e-01,8.411174297332764116e-01,8.531433939933776855e-01,8.468055248260497603e-01,6.954974960535764694e-03,6.070481706410646092e-03,8.989817649126052856e-02,8.245333507657051642e-02,3.050056658685207367e-02,3.402503393590450287e-02,2.865419082809239626e-05,2.865419082809239626e-05
1.759311437606811523e+00,1.803838944435119718e+00,1.759340047836303711e+00,1.803867554664611905e+00,8.301014900207519531e-01,8.435597956180572732e-01,8.363627791404724121e-01,8.532776057720183882e-01,5.118433851748704910e-03,6.671839114278555090e-03,6.410966068506240845e-02,7.623504921793937406e-02,2.361889742314815521e-02,2.409464363008737703e-02,2.865851274691522121e-05,2.865851274691522121e-05
1.760417699813842773e+00,1.788138592243194491e+00,1.760446310043334961e+00,1.788167202472686679e+00,8.223563432693481445e-01,8.379802048206329568e-01,8.233489394187927246e-01,8.488980591297149436e-01,3.710603574290871620e-03,6.407341640442609960e-03,9.686163067817687988e-02,7.782887965440750400e-02,1.414021942764520645e-02,1.702410914003849030e-02,2.866229078790638596e-05,2.866229078790638596e-05
1.944163322448730469e+00,1.924823653697967485e+00,1.944191932678222656e+00,1.924852263927459672e+00,8.719667792320251465e-01,8.628596603870392068e-01,8.825334906578063965e-01,8.741581618785858598e-01,5.844926927238702774e-03,6.453319313004612576e-03,9.626470506191253662e-02,7.789492234587669373e-02,8.755332231521606445e-02,1.034575521945953341e-01,2.866789327526930720e-05,2.866789327526930720e-05
1.925934076309204102e+00,1.785912501811981246e+00,1.925962686538696289e+00,1.785941112041473433e+00,8.962422609329223633e-01,8.368987321853638139e-01,9.032928943634033203e-01,8.491591513156890869e-01,6.410370115190744400e-03,6.654909020289779056e-03,1.068102717399597168e-01,7.902361527085303983e-02,1.317831967025995255e-02,1.417607301846146584e-02,2.866972863557748497e-05,2.866972863557748497e-05
1.994379162788391113e+00,2.164715480804443537e+00,1.994407892227172852e+00,2.164744091033935725e+00,8.689084053039550781e-01,9.233148753643035667e-01,8.872568607330322266e-01,9.504761874675751177e-01,5.929772742092609406e-03,5.906579643487929951e-03,7.035198062658309937e-02,8.140041232109070102e-02,1.619321107864379883e-01,2.036174401640891973e-01,2.867200601031072438e-05,2.867200601031072438e-05
1.748556971549987793e+00,1.801738429069519087e+00,1.748585700988769531e+00,1.801767158508300826e+00,8.140589594841003418e-01,8.433707773685454878e-01,8.354718089103698730e-01,8.547443568706512007e-01,5.155248567461967468e-03,6.820108834654092442e-03,6.558072566986083984e-02,7.710705772042274198e-02,2.829022891819477081e-02,1.969614643603563239e-02,2.867257717298343778e-05,2.867257717298343778e-05
1.794872045516967773e+00,1.811422431468963534e+00,1.794900774955749512e+00,1.811451160907745273e+00,8.521626591682434082e-01,8.449666976928711382e-01,8.581097126007080078e-01,8.633869707584380659e-01,7.309118285775184631e-03,5.886291107162833387e-03,6.372654438018798828e-02,7.767390608787536066e-02,1.356416847556829453e-02,1.950855329632759233e-02,2.867477633117232472e-05,2.867477633117232472e-05
1.700968980789184570e+00,1.763832700252532915e+00,1.700997710227966309e+00,1.763861429691314653e+00,7.962191700935363770e-01,8.289025723934173584e-01,8.030679225921630859e-01,8.362178206443786621e-01,7.463255431503057480e-03,6.946337828412652189e-03,7.857491821050643921e-02,7.872123122215271551e-02,1.564380154013633728e-02,1.304470058530569042e-02,2.867971124942414463e-05,2.867971124942414463e-05
1.677265763282775879e+00,1.773895931243896440e+00,1.677294492721557617e+00,1.773924660682678178e+00,7.997286319732666016e-01,8.345726847648620161e-01,8.098561167716979980e-01,8.399446189403534380e-01,5.528226960450410843e-03,6.951503269374370401e-03,4.673517122864723206e-02,7.821924462914467413e-02,1.541760191321372986e-02,1.420786697417497635e-02,2.868091905838809907e-05,2.868091905838809907e-05
1.820429563522338867e+00,1.885774052143097013e+00,1.820458292961120605e+00,1.885802781581878751e+00,8.462457060813903809e-01,8.655589520931243896e-01,8.550309538841247559e-01,8.787207722663878950e-01,6.165924482047557831e-03,5.874477000907063831e-03,6.732618808746337891e-02,7.953216508030891418e-02,4.566073045134544373e-02,5.608766935765743117e-02,2.868440424208529294e-05,2.868440424208529294e-05
1.736470699310302734e+00,1.805087268352508545e+00,1.736499428749084473e+00,1.805115997791290283e+00,8.020560145378112793e-01,8.409291803836822510e-01,8.198330402374267578e-01,8.509002566337585671e-01,4.222468007355928421e-03,6.363976374268531452e-03,7.264088839292526245e-02,7.695655301213263910e-02,3.771812096238136292e-02,2.993730101734399726e-02,2.868521914933808148e-05,2.868521914933808148e-05
1.866782546043395996e+00,1.807364332675933882e+00,1.866811275482177734e+00,1.807393062114715621e+00,8.734937906265258789e-01,8.449201583862304688e-01,8.789148926734924316e-01,8.561153173446655051e-01,4.562826361507177353e-03,6.915430817753076380e-03,8.153615146875381470e-02,7.254929989576339167e-02,2.827475965023040771e-02,2.686416544020175934e-02,2.868625415430869907e-05,2.868625415430869907e-05
1.738481760025024414e+00,1.773431801795959384e+00,1.738510489463806152e+00,1.773460531234741122e+00,8.189403414726257324e-01,8.340869128704071489e-01,8.272165656089782715e-01,8.409107863903045876e-01,4.537425003945827484e-03,6.760056503117084850e-03,7.118520885705947876e-02,7.494814023375510892e-02,1.660217717289924622e-02,1.672588214278221061e-02,2.869035233743488789e-05,2.869035233743488789e-05
1.893007159233093262e+00,1.890940439701080278e+00,1.893035888671875000e+00,1.890969169139862016e+00,8.860584497451782227e-01,8.639677226543426292e-01,8.884162306785583496e-01,8.709308624267577681e-01,6.900032516568899155e-03,6.181470723822713245e-03,7.040988653898239136e-02,7.505443915724754889e-02,4.122256860136985779e-02,7.480595335364341458e-02,2.869324453058652580e-05,2.869324453058652580e-05
1.681233048439025879e+00,1.762231791019439608e+00,1.681261777877807617e+00,1.762260520458221347e+00,7.995661497116088867e-01,8.323926150798797163e-01,8.044226169586181641e-01,8.397545635700225386e-01,4.888413008302450180e-03,6.676877150312066078e-03,6.146954372525215149e-02,7.286897599697113315e-02,1.088633388280868530e-02,1.053875256329774891e-02,2.869563286367338151e-05,2.869563286367338151e-05
1.819110035896301270e+00,1.765213036537170321e+00,1.819138765335083008e+00,1.765241765975952060e+00,8.559315800666809082e-01,8.310918092727661577e-01,8.635024428367614746e-01,8.377221107482910600e-01,5.099158734083175659e-03,6.015424430370330637e-03,8.436702936887741089e-02,7.583317458629608432e-02,1.020975876599550247e-02,1.455051125958561897e-02,2.869953823392279446e-05,2.869953823392279446e-05
1.656043052673339844e+00,1.774504089355468661e+00,1.656071782112121582e+00,1.774532818794250399e+00,7.912004590034484863e-01,8.352645993232726829e-01,7.921333312988281250e-01,8.435842573642731157e-01,6.313207093626260757e-03,6.995900720357895071e-03,4.621753841638565063e-02,7.158533930778503140e-02,2.017858438193798065e-02,1.707401592284440994e-02,2.870249227271415293e-05,2.870249227271415293e-05
1.708522796630859375e+00,1.759475028514862149e+00,1.708551526069641113e+00,1.759503757953643888e+00,8.114239573478698730e-01,8.308040082454681841e-01,8.114403486251831055e-01,8.396516680717468484e-01,4.796238616108894348e-03,6.473642028868198568e-03,6.832136213779449463e-02,7.077120319008826932e-02,1.254089642316102982e-02,1.177453482523560524e-02,2.870707794500049204e-05,2.870707794500049204e-05
1.634954571723937988e+00,1.759006965160369917e+00,1.634983301162719727e+00,1.759035694599151656e+00,7.814959883689880371e-01,8.289891958236694780e-01,7.896282672882080078e-01,8.394502162933349387e-01,3.676943015307188034e-03,6.086805835366249084e-03,4.307728260755538940e-02,7.173727303743362982e-02,1.707608625292778015e-02,1.274348590523004601e-02,2.870805838028900325e-05,2.870805838028900325e-05
1.679657578468322754e+00,1.776542925834655673e+00,1.679686307907104492e+00,1.776571655273437411e+00,7.961466312408447266e-01,8.327344119548797385e-01,8.054912090301513672e-01,8.401315748691559060e-01,4.312296863645315170e-03,5.869263270869851286e-03,5.219445377588272095e-02,7.951397970318793695e-02,2.151294983923435211e-02,1.829371210187673638e-02,2.871122887881938368e-05,2.871122887881938368e-05
1.638174533843994141e+00,1.774723947048187256e+00,1.638203263282775879e+00,1.774752676486968994e+00,7.676274776458740234e-01,8.325688302516937034e-01,7.783614993095397949e-01,8.421452641487121582e-01,1.081076916307210922e-02,7.158959237858653242e-03,6.450404226779937744e-02,7.370925545692444403e-02,1.687076501548290253e-02,1.914160400629043648e-02,2.871203469112515450e-05,2.871203469112515450e-05
1.863524794578552246e+00,1.803171968460083097e+00,1.863553524017333984e+00,1.803200697898864835e+00,8.551155328750610352e-01,8.386482954025268333e-01,8.570113182067871094e-01,8.460925221443176270e-01,7.092842366546392441e-03,5.720388563349843199e-03,1.139008179306983948e-01,7.898359149694442194e-02,3.040428273379802704e-02,3.372718840837478360e-02,2.871437027351930737e-05,2.871437027351930737e-05
1.822125196456909180e+00,1.796946275234222457e+00,1.822153925895690918e+00,1.796975004673004195e+00,8.603350520133972168e-01,8.407445192337036355e-01,8.645650744438171387e-01,8.501472413539886697e-01,4.787923768162727356e-03,6.411523325368762016e-03,7.136700302362442017e-02,7.250216156244278232e-02,2.107011526823043823e-02,2.714085374027490685e-02,2.871543620130978525e-05,2.871543620130978525e-05
1.745126843452453613e+00,1.756363487243652433e+00,1.745155572891235352e+00,1.756392216682434171e+00,8.251985311508178711e-01,8.285411298274993896e-01,8.350911140441894531e-01,8.357452452182769775e-01,8.674375712871551514e-03,6.094542238861322750e-03,6.322340667247772217e-02,7.489335685968398493e-02,1.293942611664533615e-02,1.108920490369200672e-02,2.871898323064669967e-05,2.871898323064669967e-05
1.800048112869262695e+00,1.776931977272033780e+00,1.800076842308044434e+00,1.776960706710815519e+00,8.446085453033447266e-01,8.316720008850098100e-01,8.506368398666381836e-01,8.405247390270232932e-01,9.740859270095825195e-03,6.494183139875531023e-03,7.237257063388824463e-02,7.901276871562004644e-02,2.268934808671474457e-02,1.922828946262598176e-02,2.872358891181647778e-05,2.872358891181647778e-05
1.850179195404052734e+00,1.808923208713531405e+00,1.850207924842834473e+00,1.808951938152313144e+00,8.627594113349914551e-01,8.422703504562377708e-01,8.661091327667236328e-01,8.551321208477020708e-01,6.602916400879621506e-03,6.401781877502799208e-03,8.789668232202529907e-02,7.559318020939827243e-02,2.681109309196472168e-02,2.952579539269208769e-02,2.872631375794298947e-05,2.872631375794298947e-05
1.720270633697509766e+00,1.787359237670898438e+00,1.720299363136291504e+00,1.787387967109680176e+00,8.122757673263549805e-01,8.362642407417297807e-01,8.231157064437866211e-01,8.438445091247558372e-01,4.867698997259140015e-03,5.785378068685531963e-03,5.147610604763031006e-02,7.371779456734657565e-02,2.853537723422050476e-02,2.774732410907745223e-02,2.872715049306862056e-05,2.872715049306862056e-05
1.825251460075378418e+00,1.793020880222320645e+00,1.825280189514160156e+00,1.793049609661102384e+00,8.505005240440368652e-01,8.371557414531707320e-01,8.624562025070190430e-01,8.473737478256225808e-01,4.870506469160318375e-03,5.835787206888198679e-03,8.048171550035476685e-02,7.621970698237419406e-02,2.694253437221050262e-02,2.643593922257423540e-02,2.872883851523511112e-05,2.872883851523511112e-05
1.709916949272155762e+00,1.757903003692626864e+00,1.709945678710937500e+00,1.757931733131408603e+00,8.036096692085266113e-01,8.249762833118439165e-01,8.100111484527587891e-01,8.367107510566711426e-01,8.486885577440261841e-03,5.960784386843442917e-03,7.580536603927612305e-02,7.748425081372260770e-02,1.200400758534669876e-02,1.277095358818769455e-02,2.872936238418333232e-05,2.872936238418333232e-05
1.841417551040649414e+00,1.762830603122711226e+00,1.841446280479431152e+00,1.762859332561492964e+00,8.562994003295898438e-01,8.265868306159973589e-01,8.843087553977966309e-01,8.331550180912017378e-01,7.571361027657985687e-03,6.629775604233145367e-03,7.061468064785003662e-02,7.319225594401360113e-02,2.262327261269092560e-02,2.326670121401548316e-02,2.873150151572190225e-05,2.873150151572190225e-05
1.768985986709594727e+00,1.755995726585388272e+00,1.769014716148376465e+00,1.756024456024170011e+00,8.352657556533813477e-01,8.281612575054169145e-01,8.418653607368469238e-01,8.353769004344939741e-01,1.091331429779529572e-02,6.331837130710482250e-03,6.718804687261581421e-02,7.393189892172813416e-02,1.375343743711709976e-02,1.219382826238870655e-02,2.873615994758438319e-05,2.873615994758438319e-05
1.746001720428466797e+00,1.774983119964599565e+00,1.746030449867248535e+00,1.775011849403381303e+00,8.205136060714721680e-01,8.343777954578399658e-01,8.358947038650512695e-01,8.426106393337249312e-01,8.634247817099094391e-03,6.555585842579603369e-03,5.375692993402481079e-02,7.067314088344574252e-02,2.720226533710956573e-02,2.076595108956098487e-02,2.873958874261006713e-05,2.873958874261006713e-05
1.752318382263183594e+00,1.749679481983184903e+00,1.752347111701965332e+00,1.749708211421966642e+00,8.377287387847900391e-01,8.275106668472289595e-01,8.456950187683105469e-01,8.359452009201049361e-01,5.379047244787216187e-03,6.318190554156899626e-03,5.457206442952156067e-02,6.963682770729065497e-02,8.943405002355575562e-03,1.026862291619181668e-02,2.874371421057730913e-05,2.874371421057730913e-05
1.857132315635681152e+00,1.760632717609405429e+00,1.857161045074462891e+00,1.760661447048187167e+00,8.724832534790039062e-01,8.310545861721039262e-01,8.814798593521118164e-01,8.380141675472259077e-01,7.073870860040187836e-03,6.334783835336565624e-03,8.532325178384780884e-02,6.977770701050758917e-02,1.077214628458023071e-02,1.545145632699132000e-02,2.874804340535774827e-05,2.874804340535774827e-05
1.684025049209594727e+00,1.779655051231384233e+00,1.684053778648376465e+00,1.779683780670165971e+00,7.741701006889343262e-01,8.289253175258636253e-01,7.870637774467468262e-01,8.370616853237151656e-01,5.346681457012891769e-03,6.152833625674247568e-03,6.917200237512588501e-02,7.267855554819106778e-02,4.827255010604858398e-02,3.483666442334652086e-02,2.875253994716331363e-05,2.875253994716331363e-05
1.844629406929016113e+00,1.827584755420684770e+00,1.844658136367797852e+00,1.827613484859466508e+00,8.397160768508911133e-01,8.473596751689911333e-01,8.401529788970947266e-01,8.568312883377074973e-01,6.676734425127506256e-03,6.094139022752642805e-03,1.159390732645988464e-01,7.315501198172569275e-02,4.214448109269142151e-02,4.414466954767704010e-02,2.875458812923170626e-05,2.875458812923170626e-05
1.712568163871765137e+00,1.767882013320922763e+00,1.712596893310546875e+00,1.767910742759704501e+00,8.075154423713684082e-01,8.323903739452361839e-01,8.149452805519104004e-01,8.370951831340789351e-01,4.275718238204717636e-03,6.858656229451298540e-03,6.482690572738647461e-02,6.745620444416999817e-02,2.100484818220138550e-02,2.408160455524921417e-02,2.875707650673575699e-05,2.875707650673575699e-05
1.762231826782226562e+00,1.749774622917175337e+00,1.762260556221008301e+00,1.749803352355957076e+00,8.316078782081604004e-01,8.276376008987427202e-01,8.391233086585998535e-01,8.338949620723724587e-01,4.480386152863502502e-03,5.802901741117238825e-03,7.343134284019470215e-02,6.987860649824143011e-02,1.358885504305362701e-02,1.256056027486920391e-02,2.876071630453225225e-05,2.876071630453225225e-05
1.711516618728637695e+00,1.753276801109314054e+00,1.711545348167419434e+00,1.753305530548095792e+00,8.060886263847351074e-01,8.251739621162414995e-01,8.201727867126464844e-01,8.338329553604125755e-01,4.005211405456066132e-03,5.630449391901493073e-03,6.512250751256942749e-02,7.170954495668410700e-02,1.612744480371475220e-02,1.692991107702255388e-02,2.876195139833725989e-05,2.876195139833725989e-05
1.702589750289916992e+00,1.783759605884551958e+00,1.702618479728698730e+00,1.783788335323333696e+00,8.045920729637145996e-01,8.401081621646880881e-01,8.093438744544982910e-01,8.464793264865875244e-01,5.297646857798099518e-03,6.352703878656029354e-03,6.557850539684295654e-02,7.048285305500030795e-02,1.777766272425651550e-02,2.033659107983112196e-02,2.876701728382613510e-05,2.876701728382613510e-05
1.852413177490234375e+00,1.763935112953185946e+00,1.852441906929016113e+00,1.763963842391967685e+00,8.755549788475036621e-01,8.259045898914336714e-01,8.825140595436096191e-01,8.356612205505371538e-01,4.590247757732868195e-03,6.194760650396346699e-03,6.619831174612045288e-02,7.115900740027428228e-02,2.355546317994594574e-02,2.501551844179630141e-02,2.876833787013310939e-05,2.876833787013310939e-05
1.812224030494689941e+00,1.871124005317688077e+00,1.812252759933471680e+00,1.871152734756469815e+00,8.449814915657043457e-01,8.563566386699676958e-01,8.487780690193176270e-01,8.653272271156311479e-01,7.764073554426431656e-03,6.168623361736536373e-03,4.473673179745674133e-02,7.145615816116332453e-02,6.596361100673675537e-02,7.181531488895416537e-02,2.876835606002714485e-05,2.876835606002714485e-05
1.954102396965026855e+00,1.913253450393676669e+00,1.954131126403808594e+00,1.913282179832458407e+00,8.940037488937377930e-01,8.705440521240234153e-01,9.047077298164367676e-01,8.800443649291992410e-01,6.657720543444156647e-03,6.067035626620054592e-03,6.844064593315124512e-02,6.991920992732048035e-02,8.029247075319290161e-02,8.667875602841376703e-02,2.877045335480943322e-05,2.877045335480943322e-05
1.789778709411621094e+00,1.749110114574432329e+00,1.789807438850402832e+00,1.749138844013214067e+00,8.401245474815368652e-01,8.233388006687164529e-01,8.463870882987976074e-01,8.289329886436462846e-01,4.421184770762920380e-03,5.964160058647393833e-03,8.122940361499786377e-02,7.724824845790863315e-02,1.761642470955848694e-02,1.362591674551367690e-02,2.877305087167769670e-05,2.877305087167769670e-05
1.792468786239624023e+00,1.749133706092834473e+00,1.792497515678405762e+00,1.749162435531616211e+00,8.440325856208801270e-01,8.238752603530883345e-01,8.500646352767944336e-01,8.287752807140350564e-01,1.096553634852170944e-02,6.250738631933927536e-03,7.060924917459487915e-02,7.438793107867240628e-02,1.679675653576850891e-02,1.584450779482722213e-02,2.877588667615782470e-05,2.877588667615782470e-05
1.674023866653442383e+00,1.748477482795715243e+00,1.674052596092224121e+00,1.748506212234496981e+00,7.965503931045532227e-01,8.259988546371459517e-01,7.967685461044311523e-01,8.303632259368896040e-01,6.280738394707441330e-03,6.344554061070084398e-03,6.086914986371994019e-02,7.350215539336205084e-02,1.355507783591747284e-02,1.226870315149426391e-02,2.877970473491586745e-05,2.877970473491586745e-05
1.642551898956298828e+00,1.768848335742950528e+00,1.642580628395080566e+00,1.768877065181732267e+00,7.665836215019226074e-01,8.276011407375335471e-01,7.826952338218688965e-01,8.379171848297118919e-01,6.068441085517406464e-03,5.990559002384543419e-03,5.701351538300514221e-02,7.179547920823096951e-02,3.019101545214653015e-02,2.554400563240051200e-02,2.878283885365817696e-05,2.878283885365817696e-05
1.748462677001953125e+00,1.742279756069183394e+00,1.748491406440734863e+00,1.742308485507965132e+00,8.193910121917724609e-01,8.214972317218780518e-01,8.228194713592529297e-01,8.271205723285675049e-01,7.709952536970376968e-03,6.314877094700932850e-03,8.698606491088867188e-02,7.316453307867050448e-02,1.155619136989116669e-02,1.418253174051642418e-02,2.878570739994756877e-05,2.878570739994756877e-05
1.761915326118469238e+00,1.745813465118408292e+00,1.761944055557250977e+00,1.745842194557190030e+00,8.287512063980102539e-01,8.195184648036957231e-01,8.428040146827697754e-01,8.315405368804931197e-01,6.604959722608327866e-03,6.310612661764025688e-03,7.326825708150863647e-02,7.764420807361602228e-02,1.048686075955629349e-02,1.079964479431510041e-02,2.878639861592091620e-05,2.878639861592091620e-05
1.791725754737854004e+00,1.830071938037872270e+00,1.791754484176635742e+00,1.830100667476654008e+00,8.441826105117797852e-01,8.471008896827697532e-01,8.428162932395935059e-01,8.633730530738830122e-01,5.302715115249156952e-03,6.361799268051982099e-03,6.573673337697982788e-02,7.863119393587111872e-02,3.368748351931571960e-02,3.460500799119472365e-02,2.878793020499870181e-05,2.878793020499870181e-05
1.826569914817810059e+00,1.741110622882843018e+00,1.826598644256591797e+00,1.741139352321624756e+00,8.576821088790893555e-01,8.153967261314392090e-01,8.646070361137390137e-01,8.243947863578796609e-01,3.152636578306555748e-03,6.143169477581977844e-03,8.525089919567108154e-02,7.905305325984954279e-02,1.587736792862415314e-02,1.612287200987339020e-02,2.878817940654698759e-05,2.878817940654698759e-05
1.779641628265380859e+00,1.748292386531829834e+00,1.779670476913452148e+00,1.748321235179901123e+00,8.425490260124206543e-01,8.184107899665832297e-01,8.523311614990234375e-01,8.319202959537506104e-01,6.048029754310846329e-03,6.758558796718716621e-03,6.512353569269180298e-02,7.420708760619162958e-02,1.358968392014503479e-02,1.699568834155797820e-02,2.879039311665110290e-05,2.879039311665110290e-05
1.872362971305847168e+00,1.759320020675659180e+00,1.872391819953918457e+00,1.759348869323730469e+00,8.889093399047851562e-01,8.217316746711731401e-01,8.875206112861633301e-01,8.279797554016112837e-01,3.716262755915522575e-03,6.455871462821960623e-03,7.423225045204162598e-02,7.697085812687873285e-02,1.798459701240062714e-02,2.618184238672256400e-02,2.879407838918268681e-05,2.879407838918268681e-05
2.118180751800537109e+00,2.218272066116333097e+00,2.118209600448608398e+00,2.218300914764404386e+00,9.239862561225891113e-01,9.548321843147278276e-01,9.407696723937988281e-01,9.707863807678223100e-01,7.477608043700456619e-03,3.039905121549963882e-02,7.673494517803192139e-02,8.643916994333267212e-02,1.692122966051101685e-01,1.758153051137924250e-01,2.879645762732252479e-05,2.879645762732252479e-05
3.417432546615600586e+00,6.577140283584594904e+00,3.417461395263671875e+00,6.577168893814087092e+00,1.203752160072326660e+00,1.373083579540252730e+00,1.011457562446594238e+00,1.185017168521881104e+00,3.985369205474853516e-02,2.786447352170944303e+00,2.592583000659942627e-01,2.606735676527023315e-01,9.031107425689697266e-01,9.719186425209045410e-01,2.879045860026963055e-05,2.879045860026963055e-05
2.756860256195068359e+00,4.361441063880920233e+00,2.756889104843139648e+00,4.361469769477844594e+00,9.735172986984252930e-01,9.993924558162688987e-01,9.902850389480590820e-01,1.028076148033142179e+00,3.186920285224914551e-01,1.910747730731964023e+00,3.930180966854095459e-01,3.006514012813568115e-01,8.134782314300537109e-02,1.225733086466789246e-01,2.880987449316307902e-05,2.880987449316307902e-05
4.097812175750732422e+00,2.909533500671386719e+00,4.097840785980224609e+00,2.909562349319458008e+00,9.272606968879699707e-01,9.335359752178191695e-01,9.441749453544616699e-01,9.588758111000060813e-01,1.892533063888549805e+00,7.000401616096496582e-01,3.046181499958038330e-01,2.839901775121688732e-01,2.922527678310871124e-02,3.309141285717487335e-02,2.884398418245837092e-05,2.884398418245837092e-05
2.919506788253784180e+00,2.794512605667114347e+00,2.919535636901855469e+00,2.794541454315185636e+00,9.069291949272155762e-01,9.183954894542694092e-01,9.360606670379638672e-01,9.491600155830383079e-01,7.702676057815551758e-01,6.278605699539184792e-01,2.813858389854431152e-01,2.777567923069000355e-01,2.486349083483219147e-02,2.133972942829132080e-02,2.884963396354578435e-05,2.884963396354578435e-05
2.571525812149047852e+00,2.824774956703186124e+00,2.571554660797119141e+00,2.824803805351257413e+00,9.194938540458679199e-01,9.144055902957916038e-01,9.361411333084106445e-01,9.458047449588775635e-01,4.190039038658142090e-01,6.682390272617340088e-01,2.773007154464721680e-01,2.764689087867736594e-01,1.958641223609447479e-02,1.985669489949941705e-02,2.885012145270593464e-05,2.885012145270593464e-05
2.663860082626342773e+00,2.778647136688232600e+00,2.663888931274414062e+00,2.778675985336303889e+00,9.273813962936401367e-01,9.056493878364563210e-01,9.550656676292419434e-01,9.426188290119170698e-01,4.999712407588958740e-01,6.381431698799133745e-01,2.667125463485717773e-01,2.769399344921111839e-01,1.472926884889602661e-02,1.529571879655122757e-02,2.885101821448188275e-05,2.885101821448188275e-05
3.186312913894653320e+00,2.788271665573120117e+00,3.186341762542724609e+00,2.788300514221191406e+00,8.903743624687194824e-01,9.029717147350311279e-01,9.741138219833374023e-01,9.356509566307067427e-01,1.042875409126281738e+00,6.451075315475464089e-01,2.567165195941925049e-01,2.841369658708572388e-01,2.223310992121696472e-02,2.040451932698488305e-02,2.885082722059451044e-05,2.885082722059451044e-05
2.546458244323730469e+00,2.778358840942382724e+00,2.546487092971801758e+00,2.778387689590454013e+00,8.864391446113586426e-01,8.990153312683105691e-01,9.287424683570861816e-01,9.349426031112670898e-01,4.229209423065185547e-01,6.471648871898650901e-01,2.974775433540344238e-01,2.874068558216095193e-01,1.087830215692520142e-02,9.829205553978681217e-03,2.885377762140706182e-05,2.885377762140706182e-05
2.630847454071044922e+00,2.761394953727722257e+00,2.630876302719116211e+00,2.761423802375793546e+00,9.077904820442199707e-01,8.950364828109741433e-01,9.190948009490966797e-01,9.332385182380675825e-01,4.074301719665527344e-01,6.337725579738616721e-01,3.878576159477233887e-01,2.905842721462249534e-01,8.674269542098045349e-03,8.763157762587070465e-03,2.885557478293776512e-05,2.885557478293776512e-05
2.716735363006591797e+00,2.773901963233947665e+00,2.716764211654663086e+00,2.773930811882018954e+00,9.160898327827453613e-01,8.924466371536254883e-01,9.462701678276062012e-01,9.309939682483673318e-01,5.860256552696228027e-01,6.505429029464722124e-01,2.609411776065826416e-01,2.918199956417083518e-01,7.408355828374624252e-03,8.098470792174339988e-03,2.885905996663495898e-05,2.885905996663495898e-05
3.586346149444580078e+00,2.744699525833129705e+00,3.586374998092651367e+00,2.744728374481200994e+00,9.162706732749938965e-01,8.906536459922790305e-01,9.628693461418151855e-01,9.342925786972046120e-01,1.452863693237304688e+00,6.234457373619080034e-01,2.457689195871353149e-01,2.883510380983352883e-01,8.573519065976142883e-03,7.956523122265935291e-03,2.885924914153292775e-05,2.885924914153292775e-05
2.571692466735839844e+00,2.767734527587890625e+00,2.571721315383911133e+00,2.767763376235961914e+00,8.894315361976623535e-01,8.898640811443329079e-01,9.136630296707153320e-01,9.360993981361389604e-01,4.046191573143005371e-01,6.475002527236938255e-01,3.502637445926666260e-01,2.806475788354873546e-01,1.371487323194742203e-02,1.362318824976682663e-02,2.886797119572293013e-05,2.886797119572293013e-05
2.618291616439819336e+00,2.732940745353698908e+00,2.618320465087890625e+00,2.732969594001770197e+00,8.628959059715270996e-01,8.885574877262115701e-01,9.139081835746765137e-01,9.358192741870879905e-01,5.056138634681701660e-01,6.231262326240539773e-01,3.311702013015747070e-01,2.797263056039810403e-01,4.703340120613574982e-03,5.711388355121016329e-03,2.887144182750489563e-05,2.887144182750489563e-05
2.908759832382202148e+00,2.758333873748779475e+00,2.908788681030273438e+00,2.758362722396850764e+00,8.996934294700622559e-01,8.872514843940735307e-01,9.345138669013977051e-01,9.331289172172546609e-01,7.548537850379943848e-01,6.490042269229888694e-01,3.121623992919921875e-01,2.807607382535934337e-01,7.536329329013824463e-03,8.188496809452772141e-03,2.887262598960660398e-05,2.887262598960660398e-05
2.521963357925415039e+00,2.738852167129516513e+00,2.521992206573486328e+00,2.738881015777587802e+00,8.837127685546875000e-01,8.919146180152892622e-01,9.695507884025573730e-01,9.308579862117767334e-01,4.188308715820312500e-01,6.243059396743774192e-01,2.398719191551208496e-01,2.808948576450348011e-01,9.996890090405941010e-03,1.087877638638019492e-02,2.887302252929657698e-05,2.887302252929657698e-05
2.589140892028808594e+00,2.762511467933654874e+00,2.589169740676879883e+00,2.762540316581726163e+00,8.829212784767150879e-01,8.937128305435180220e-01,9.145764708518981934e-01,9.363588452339172141e-01,4.278660416603088379e-01,6.331308782100677490e-01,3.516916036605834961e-01,2.823543906211852805e-01,1.208533532917499542e-02,1.695456523448228905e-02,2.887324626499321312e-05,2.887324626499321312e-05
2.570274114608764648e+00,2.729073739051818936e+00,2.570302963256835938e+00,2.729102587699890226e+00,8.535215854644775391e-01,8.796354711055756059e-01,9.152925014495849609e-01,9.355837762355804221e-01,4.277590215206146240e-01,6.211972057819366011e-01,3.655688762664794922e-01,2.845400512218475564e-01,8.132295683026313782e-03,8.117225486785173416e-03,2.887357004510704428e-05,2.887357004510704428e-05
3.137365102767944336e+00,2.773374915122985840e+00,3.137393951416015625e+00,2.773403763771057129e+00,8.639171719551086426e-01,8.853740990161895752e-01,9.204921722412109375e-01,9.318534731864929199e-01,1.067215204238891602e+00,6.594974517822265181e-01,2.776626646518707275e-01,2.854751199483871460e-01,8.077745325863361359e-03,1.117477845400571823e-02,2.887632217607460916e-05,2.887632217607460916e-05
2.851633310317993164e+00,2.770797085762024103e+00,2.851662158966064453e+00,2.770825934410095392e+00,8.838918209075927734e-01,8.942300498485564741e-01,9.382991790771484375e-01,9.392593622207641157e-01,7.460903525352478027e-01,6.302967071533203125e-01,2.704328894615173340e-01,2.833720266819000355e-01,1.291895750910043716e-02,2.363896574825048377e-02,2.887631308112759143e-05,2.887631308112759143e-05
2.896643161773681641e+00,2.799713277816772372e+00,2.896672010421752930e+00,2.799742126464843661e+00,9.263830184936523438e-01,8.986538827419281450e-01,9.721019864082336426e-01,9.450103402137756126e-01,7.501611113548278809e-01,6.271613359451293501e-01,2.144761383533477783e-01,2.813570201396942139e-01,3.352086618542671204e-02,4.753068834543228149e-02,2.887445589294657111e-05,2.887445589294657111e-05
2.467887878417968750e+00,2.714228606224060147e+00,2.467916727066040039e+00,2.714257454872131436e+00,8.598952293395996094e-01,8.663516640663146973e-01,9.543321728706359863e-01,9.460324645042419434e-01,4.227860271930694580e-01,6.156666338443755881e-01,2.263842970132827759e-01,2.814837902784347312e-01,4.490177612751722336e-03,4.694045428186655392e-03,2.887453592848032713e-05,2.887453592848032713e-05
2.426290988922119141e+00,2.688663172721862615e+00,2.426319837570190430e+00,2.688692021369933904e+00,8.735756278038024902e-01,8.578704833984375222e-01,9.651292562484741211e-01,9.335515201091766357e-01,4.161885976791381836e-01,6.117048740386963335e-01,1.657828539609909058e-01,2.804268747568130493e-01,5.614717025309801102e-03,5.109392991289496595e-03,2.888622475438751280e-05,2.888622475438751280e-05
2.943597793579101562e+00,2.670357942581176758e+00,2.943626642227172852e+00,2.670386791229248047e+00,8.435478210449218750e-01,8.604931235313415527e-01,9.119641184806823730e-01,9.323006153106689897e-01,9.081742763519287109e-01,5.913159132003784624e-01,2.742257118225097656e-01,2.802851468324661366e-01,5.685925483703613281e-03,5.963183566927909504e-03,2.888830022129695863e-05,2.888830022129695863e-05
2.554799795150756836e+00,2.712018942832946866e+00,2.554828643798828125e+00,2.712047791481018155e+00,8.469740748405456543e-01,8.695641756057739258e-01,9.190055727958679199e-01,9.300696372985839400e-01,4.697968065738677979e-01,6.122605502605438232e-01,3.024790585041046143e-01,2.817431360483169667e-01,1.654436253011226654e-02,1.838148534297943254e-02,2.888823837565723807e-05,2.888823837565723807e-05
2.550148725509643555e+00,2.705718660354614169e+00,2.550177574157714844e+00,2.705747509002685458e+00,8.599718809127807617e-01,8.613980293273926225e-01,9.176738262176513672e-01,9.330136537551879661e-01,4.687781929969787598e-01,6.164791166782379594e-01,2.869389951229095459e-01,2.817499339580535889e-01,1.678595133125782013e-02,1.307796854525804589e-02,2.888726157834753394e-05,2.888726157834753394e-05
2.939200878143310547e+00,2.671315622329712092e+00,2.939229726791381836e+00,2.671344470977783381e+00,8.532520532608032227e-01,8.494136393070220725e-01,9.258764386177062988e-01,9.315878927707672563e-01,8.480732440948486328e-01,6.023607969284057173e-01,3.063523471355438232e-01,2.823367297649383434e-01,5.646746139973402023e-03,5.616592057049274271e-03,2.889411916839890182e-05,2.889411916839890182e-05
2.387666225433349609e+00,2.682170963287353604e+00,2.387695074081420898e+00,2.682199811935424894e+00,8.260656595230102539e-01,8.484125196933746116e-01,9.018123149871826172e-01,9.334018409252167192e-01,4.066445529460906982e-01,6.120996534824371116e-01,2.450185865163803101e-01,2.824980616569519043e-01,8.125212043523788452e-03,5.758841009810567076e-03,2.892099109885748476e-05,2.892099109885748476e-05
2.535768270492553711e+00,2.703821730613708674e+00,2.535797119140625000e+00,2.703850579261779963e+00,8.754479885101318359e-01,8.548258781433105691e-01,9.371843934059143066e-01,9.354484736919402854e-01,3.591386377811431885e-01,6.229239404201507568e-01,3.570710718631744385e-01,2.802420973777771107e-01,6.925963796675205231e-03,1.038131071254611015e-02,2.892504198825918138e-05,2.892504198825918138e-05
2.582962751388549805e+00,2.693447852134704501e+00,2.582991600036621094e+00,2.693476700782775790e+00,8.440852165222167969e-01,8.464679002761841264e-01,9.298496842384338379e-01,9.336023449897765669e-01,3.777605295181274414e-01,6.297487258911133035e-01,4.278073906898498535e-01,2.791309475898742787e-01,3.460200969129800797e-03,4.497937951236962925e-03,2.892921838792972267e-05,2.892921838792972267e-05
2.682876348495483398e+00,2.705108857154846280e+00,2.682905197143554688e+00,2.705137705802917569e+00,8.694334030151367188e-01,8.473755717277526855e-01,9.459565877914428711e-01,9.340982139110565186e-01,5.813081860542297363e-01,6.414015710353850874e-01,2.791759967803955078e-01,2.727692961692810281e-01,7.002229336649179459e-03,9.464189410209655762e-03,2.892674456234090030e-05,2.892674456234090030e-05
2.547196865081787109e+00,2.710116100311279475e+00,2.547225713729858398e+00,2.710144948959350764e+00,8.257095217704772949e-01,8.494896054267883079e-01,9.093458056449890137e-01,9.325098335742950661e-01,6.512472629547119141e-01,6.511582255363463911e-01,1.520721912384033203e-01,2.704212218523025513e-01,8.822164498269557953e-03,6.537188496440649206e-03,2.892816883104387671e-05,2.892816883104387671e-05
2.570408344268798828e+00,2.714759206771850675e+00,2.570437192916870117e+00,2.714788055419921964e+00,8.170837163925170898e-01,8.490125060081481490e-01,8.956868052482604980e-01,9.338793873786925825e-01,5.576362609863281250e-01,6.578900814056396484e-01,2.928934395313262939e-01,2.683575600385665894e-01,7.108275312930345535e-03,5.619656573981046503e-03,2.892611882998608053e-05,2.892611882998608053e-05
2.973404169082641602e+00,2.681526923179626376e+00,2.973433017730712891e+00,2.681555771827697665e+00,7.993695735931396484e-01,8.564840734004974809e-01,8.979830741882324219e-01,9.388270616531372292e-01,9.713811278343200684e-01,6.097663104534148948e-01,2.957687675952911377e-01,2.662969022989273293e-01,8.901571854948997498e-03,1.015251819044351612e-02,2.892794327635783702e-05,2.892794327635783702e-05
2.360938549041748047e+00,2.664766407012939542e+00,2.360967397689819336e+00,2.664795255661010831e+00,8.473272919654846191e-01,8.465376019477843794e-01,9.270692467689514160e-01,9.333608686923980935e-01,3.899686038494110107e-01,6.139422416687011497e-01,1.899372041225433350e-01,2.657445520162582397e-01,6.636465433984994888e-03,5.181092396378516804e-03,2.892816701205447316e-05,2.892816701205447316e-05
2.579998970031738281e+00,2.665890789031982511e+00,2.580027818679809570e+00,2.665919637680053800e+00,7.753859162330627441e-01,8.441335797309875710e-01,8.861471414566040039e-01,9.353858888149261253e-01,5.635604262351989746e-01,6.158318042755126509e-01,3.503246009349822998e-01,2.653968304395675770e-01,4.580774344503879547e-03,5.142702581360935818e-03,2.892647171393036842e-05,2.892647171393036842e-05
2.451988220214843750e+00,2.676129007339477450e+00,2.452017068862915039e+00,2.676157855987548739e+00,9.021245837211608887e-01,8.503579437732696755e-01,9.656405448913574219e-01,9.392629981040954146e-01,4.020886123180389404e-01,6.110294103622436745e-01,1.728176623582839966e-01,2.671840459108352772e-01,9.316635318100452423e-03,8.294535102322697639e-03,2.892279007937759161e-05,2.892279007937759161e-05
2.468161344528198242e+00,2.672311329841613681e+00,2.468190193176269531e+00,2.672340178489684970e+00,8.472959399223327637e-01,8.429737210273742232e-01,9.741382002830505371e-01,9.334171950817108376e-01,3.900324106216430664e-01,6.252085685729980025e-01,2.533787786960601807e-01,2.658856987953185924e-01,3.315896727144718170e-03,4.826152790337800633e-03,2.892567863455042243e-05,2.892567863455042243e-05
2.523496150970458984e+00,2.675865244865417658e+00,2.523524999618530273e+00,2.675894093513488947e+00,8.308295607566833496e-01,8.444115698337555376e-01,9.089574217796325684e-01,9.328921794891357200e-01,5.082151889801025391e-01,6.295236706733703391e-01,2.710066735744476318e-01,2.652705013751983643e-01,4.487487953156232834e-03,3.767300792969763105e-03,2.892403972509782761e-05,2.892403972509782761e-05
2.701198816299438477e+00,2.672512507438659757e+00,2.701227664947509766e+00,2.672541356086731046e+00,8.455124497413635254e-01,8.491148054599761963e-01,9.305269122123718262e-01,9.308481097221374956e-01,6.426274776458740234e-01,6.258424103260040727e-01,2.778464257717132568e-01,2.614560335874557273e-01,4.685611929744482040e-03,5.251179495826363390e-03,2.892651718866545707e-05,2.892651718866545707e-05
2.484135627746582031e+00,2.631343173980712713e+00,2.484164476394653320e+00,2.631372022628784002e+00,8.650378584861755371e-01,8.409292101860046387e-01,9.515818953514099121e-01,9.353333830833434615e-01,3.887521326541900635e-01,5.876944482326507124e-01,2.729396820068359375e-01,2.621460527181625477e-01,5.824176128953695297e-03,5.240153940394520933e-03,2.892666816478595138e-05,2.892666816478595138e-05
2.827122449874877930e+00,2.690025997161865412e+00,2.827151298522949219e+00,2.690054845809936701e+00,8.305007219314575195e-01,8.516042292118072288e-01,9.354905486106872559e-01,9.327814817428589089e-01,7.711692452430725098e-01,6.353691220283508301e-01,2.847074270248413086e-01,2.625232487916946411e-01,5.254392977803945541e-03,7.747943745926022530e-03,2.892653901653829962e-05,2.892653901653829962e-05
2.380787372589111328e+00,2.705385327339172363e+00,2.380816221237182617e+00,2.705414175987243652e+00,8.412913680076599121e-01,8.657775342464446577e-01,9.048621654510498047e-01,9.386024475097656250e-01,3.710631728172302246e-01,6.202392280101776123e-01,2.316328883171081543e-01,2.590844035148620605e-01,3.193751350045204163e-02,2.168168853968381951e-02,2.892848351621069014e-05,2.892848351621069014e-05
2.302293539047241211e+00,2.659993672370910556e+00,2.302322387695312500e+00,2.660022521018981845e+00,8.020460009574890137e-01,8.476984024047851118e-01,9.049633145332336426e-01,9.311719238758087158e-01,3.556734323501586914e-01,6.203745484352112260e-01,2.347227334976196289e-01,2.554992392659187206e-01,4.888217430561780930e-03,5.249571613967418324e-03,2.892796328524127603e-05,2.892796328524127603e-05
2.601155042648315430e+00,2.638839602470397949e+00,2.601183891296386719e+00,2.638868451118469238e+00,8.499592542648315430e-01,8.500828087329864724e-01,9.234332442283630371e-01,9.307466387748718484e-01,5.325912237167358398e-01,5.949242413043975830e-01,2.854053676128387451e-01,2.544450417160987743e-01,9.766070172190666199e-03,8.640806190669536591e-03,2.893046621466055512e-05,2.893046621466055512e-05
2.397676229476928711e+00,2.638445377349853516e+00,2.397705078125000000e+00,2.638474225997924805e+00,8.471216559410095215e-01,8.522425532341003640e-01,9.099658131599426270e-01,9.340055167675018755e-01,3.655653595924377441e-01,5.812682747840881570e-01,2.559167444705963135e-01,2.546123951673507912e-01,1.910673081874847412e-02,1.631664829328656127e-02,2.893021155614405870e-05,2.893021155614405870e-05
3.152055978775024414e+00,2.623732900619506925e+00,3.152084827423095703e+00,2.623761749267578214e+00,8.074913024902343750e-01,8.395202279090880904e-01,8.898522853851318359e-01,9.326980412006378174e-01,1.167402505874633789e+00,5.919928252696990967e-01,2.823315560817718506e-01,2.553716212511062400e-01,4.978395998477935791e-03,4.150168271735310555e-03,2.893195051001384854e-05,2.893195051001384854e-05
2.460466623306274414e+00,2.629228687286377042e+00,2.460495471954345703e+00,2.629257535934448331e+00,8.394731879234313965e-01,8.406787574291229026e-01,9.057090878486633301e-01,9.341984510421752486e-01,3.976371288299560547e-01,5.923703908920288086e-01,3.125031888484954834e-01,2.563654586672782787e-01,5.144217982888221741e-03,5.615655379369854754e-03,2.893050623242743313e-05,2.893050623242743313e-05
2.412180662155151367e+00,2.602199721336364568e+00,2.412209510803222656e+00,2.602228569984435858e+00,8.222630620002746582e-01,8.438319563865661621e-01,9.454417228698730469e-01,9.295401513576507790e-01,3.706347048282623291e-01,5.705445528030395064e-01,2.677925825119018555e-01,2.521815806627273338e-01,6.048338022083044052e-03,6.101422011852264404e-03,2.893069540732540190e-05,2.893069540732540190e-05
2.308844089508056641e+00,2.646379542350769221e+00,2.308872938156127930e+00,2.646408390998840510e+00,8.263406157493591309e-01,8.406459391117095947e-01,9.473487734794616699e-01,9.326255500316620317e-01,3.655679523944854736e-01,6.124703526496887429e-01,1.590878963470458984e-01,2.508317336440086254e-01,1.049876213073730469e-02,9.805968962609767914e-03,2.893311466323211789e-05,2.893311466323211789e-05
2.438982963562011719e+00,2.625976657867431729e+00,2.439011812210083008e+00,2.626005506515503019e+00,8.484241366386413574e-01,8.400862872600555198e-01,9.255238175392150879e-01,9.299184322357177956e-01,4.305851161479949951e-01,5.970539033412933794e-01,2.269823402166366577e-01,2.528745114803314098e-01,7.467483170330524445e-03,6.043458217754959713e-03,2.893388955271802843e-05,2.893388955271802843e-05
2.427895545959472656e+00,2.626593828201293945e+00,2.427924394607543945e+00,2.626622676849365234e+00,8.721456527709960938e-01,8.329584717750548872e-01,9.612511992454528809e-01,9.415114283561706321e-01,3.782621026039123535e-01,5.951600372791290283e-01,2.114368826150894165e-01,2.517567023634910695e-01,4.799534101039171219e-03,5.207181861624121839e-03,2.893640703405253589e-05,2.893640703405253589e-05
2.393610715866088867e+00,2.625971627235412775e+00,2.393639564514160156e+00,2.626000475883484064e+00,8.006725907325744629e-01,8.374854028224945068e-01,9.062780737876892090e-01,9.334155261516571267e-01,3.678578436374664307e-01,5.958832085132599321e-01,3.097246289253234863e-01,2.498246550559997670e-01,9.077541530132293701e-03,9.362822026014327656e-03,2.893622331612277776e-05,2.893622331612277776e-05
2.657726764678955078e+00,2.643358969688415439e+00,2.657755613327026367e+00,2.643387818336486728e+00,8.411450982093811035e-01,8.357650220394134966e-01,9.582123756408691406e-01,9.356847643852234109e-01,6.115619540214538574e-01,6.189960896968841331e-01,2.443387657403945923e-01,2.485176295042038075e-01,2.468477934598922729e-03,4.395500151440500866e-03,2.893817872973158956e-05,2.893817872973158956e-05
2.405540227890014648e+00,2.654859280586242765e+00,2.405569076538085938e+00,2.654888129234314054e+00,8.585193753242492676e-01,8.481443881988525169e-01,9.484498500823974609e-01,9.370093882083893044e-01,3.648352026939392090e-01,6.106988430023193581e-01,2.253158241510391235e-01,2.503611564636230580e-01,8.419890888035297394e-03,8.645518310368060719e-03,2.894580211432185024e-05,2.894580211432185024e-05
2.334707260131835938e+00,2.615996527671813787e+00,2.334736108779907227e+00,2.616025376319885076e+00,8.308480978012084961e-01,8.352670371532440186e-01,9.015541076660156250e-01,9.319319605827331987e-01,3.551042079925537109e-01,5.920441567897796187e-01,2.366897761821746826e-01,2.503176897764206044e-01,1.051120739430189133e-02,6.435663253068923777e-03,2.894453064072877169e-05,2.894453064072877169e-05
2.348191499710083008e+00,2.632060909271240146e+00,2.348220348358154297e+00,2.632089757919311435e+00,8.130771517753601074e-01,8.340473830699920432e-01,9.107749462127685547e-01,9.319198131561279297e-01,3.699813783168792725e-01,6.074270486831665483e-01,2.476638108491897583e-01,2.518946945667266957e-01,6.694321520626544952e-03,6.771965976804494511e-03,2.894647332141175866e-05,2.894647332141175866e-05
2.891712665557861328e+00,2.647064375877380193e+00,2.891741514205932617e+00,2.647093224525451483e+00,8.650339245796203613e-01,8.401291251182556596e-01,9.532890915870666504e-01,9.284729301929474099e-01,8.448467254638671875e-01,6.107758998870849165e-01,2.188969850540161133e-01,2.568950355052947998e-01,9.645893238484859467e-03,1.079137241467833554e-02,2.895099169109016657e-05,2.895099169109016657e-05
2.423168420791625977e+00,2.617978000640869052e+00,2.423197269439697266e+00,2.618006849288940341e+00,8.247340917587280273e-01,8.373609781265258789e-01,9.404640793800354004e-01,9.364209890365600142e-01,4.293690323829650879e-01,5.813793003559112327e-01,2.158083766698837280e-01,2.494669541716575678e-01,1.279271952807903290e-02,1.334978677332401310e-02,2.895149009418673813e-05,2.895149009418673813e-05
2.611403703689575195e+00,2.610435652732848943e+00,2.611432552337646484e+00,2.610464501380920233e+00,8.708697557449340820e-01,8.365091621875763161e-01,9.514852762222290039e-01,9.383300364017486128e-01,4.894180595874786377e-01,5.823247790336608665e-01,2.949956953525543213e-01,2.453202798962593190e-01,4.634907469153404236e-03,7.951383106410503041e-03,2.895090437959879637e-05,2.895090437959879637e-05
2.574928760528564453e+00,2.613433885574340643e+00,2.574957609176635742e+00,2.613462734222411932e+00,8.214198946952819824e-01,8.409635722637176514e-01,9.085508584976196289e-01,9.351699531078339067e-01,5.698004961013793945e-01,5.897607743740082009e-01,2.683570683002471924e-01,2.419199645519256592e-01,6.800387054681777954e-03,5.619632685557008137e-03,2.895061516028363258e-05,2.895061516028363258e-05
2.792671918869018555e+00,2.629556751251220792e+00,2.792700767517089844e+00,2.629585599899292081e+00,8.480508923530578613e-01,8.488502502441406250e-01,9.436607360839843750e-01,9.340222477912902832e-01,6.940518021583557129e-01,5.876514911651611328e-01,2.989480793476104736e-01,2.445319041609764210e-01,7.960638962686061859e-03,1.450084382668137550e-02,2.896253499784506857e-05,2.896253499784506857e-05
3.084689378738403320e+00,2.621198081970214755e+00,3.084718227386474609e+00,2.621226930618286044e+00,8.325526714324951172e-01,8.375931799411773238e-01,9.182037115097045898e-01,9.359161317348480003e-01,1.038118243217468262e+00,5.941457033157349077e-01,2.913238406181335449e-01,2.472140371799468883e-01,4.490886349231004715e-03,6.328994780778885235e-03,2.896712976507842541e-05,2.896712976507842541e-05
2.635890483856201172e+00,2.638570904731750488e+00,2.635919332504272461e+00,2.638599753379821777e+00,8.377061486244201660e-01,8.497390925884247270e-01,9.406952857971191406e-01,9.374961674213408980e-01,6.715195178985595703e-01,5.842691421508788840e-01,1.644769608974456787e-01,2.462871581315994318e-01,2.149281837046146393e-02,2.077934220433235238e-02,2.896728801715653390e-05,2.896728801715653390e-05
2.424677371978759766e+00,2.619453167915344327e+00,2.424706220626831055e+00,2.619482016563415616e+00,7.959591150283813477e-01,8.393193483352661133e-01,9.158484935760498047e-01,9.361355006694793701e-01,4.433186650276184082e-01,5.844904720783233865e-01,2.590195834636688232e-01,2.494014471769332997e-01,1.053153537213802338e-02,1.010636286810040474e-02,2.896401565521955490e-05,2.896401565521955490e-05
2.458976268768310547e+00,2.613665461540222168e+00,2.459005117416381836e+00,2.613694310188293457e+00,8.213071823120117188e-01,8.346510887145995872e-01,9.412819743156433105e-01,9.313318431377410889e-01,4.416175782680511475e-01,5.913998067378998247e-01,2.480103969573974609e-01,2.498753651976585444e-01,6.759074982255697250e-03,6.407384015619754965e-03,2.896335354307666421e-05,2.896335354307666421e-05
2.403149127960205078e+00,2.649171090126037686e+00,2.403178215026855469e+00,2.649200177192688077e+00,7.820482254028320312e-01,8.592255651950836404e-01,8.708563446998596191e-01,9.369036495685577615e-01,4.610612094402313232e-01,5.755348026752471480e-01,2.612685263156890869e-01,2.471664637327194158e-01,2.791471965610980988e-02,3.034064024686813216e-02,2.897293961723335087e-05,2.897293961723335087e-05
2.522938251495361328e+00,2.619867587089538485e+00,2.522967338562011719e+00,2.619896674156188876e+00,8.775142431259155273e-01,8.346942424774169700e-01,9.771926999092102051e-01,9.408123612403869185e-01,4.436588883399963379e-01,5.909645020961761253e-01,2.157687246799468994e-01,2.437789276242256220e-01,8.803570643067359924e-03,9.617496933788060448e-03,2.897364174714311957e-05,2.897364174714311957e-05
2.487937450408935547e+00,2.606931209564208984e+00,2.487966537475585938e+00,2.606960296630859375e+00,8.515027165412902832e-01,8.380883336067199707e-01,9.297416210174560547e-01,9.418139994144439919e-01,4.627712965011596680e-01,5.799282073974609819e-01,2.347867786884307861e-01,2.391363412141799816e-01,9.135063737630844116e-03,7.964400574564933777e-03,2.897361628129146993e-05,2.897361628129146993e-05
3.279530048370361328e+00,2.598032498359680087e+00,3.279559135437011719e+00,2.598061585426330478e+00,7.904645204544067383e-01,8.380894601345062478e-01,8.888450860977172852e-01,9.336594820022583452e-01,1.299944996833801270e+00,5.819616317749023438e-01,2.923639118671417236e-01,2.383063092827796825e-01,7.911435328423976898e-03,6.015540054067969496e-03,2.897882222896441817e-05,2.897882222896441817e-05
2.528408527374267578e+00,2.660310602188110440e+00,2.528437614440917969e+00,2.660339689254760831e+00,8.656980395317077637e-01,8.663054764270782249e-01,9.502986669540405273e-01,9.356281101703644021e-01,4.668929278850555420e-01,5.909158945083617942e-01,2.307874858379364014e-01,2.396355062723159735e-01,1.473145186901092529e-02,2.782556973397731781e-02,2.897733611462172121e-05,2.897733611462172121e-05
2.551831245422363281e+00,2.691473650932311834e+00,2.551860332489013672e+00,2.691502737998962225e+00,9.168293476104736328e-01,8.855479419231414573e-01,9.327853918075561523e-01,9.367663562297821045e-01,4.585178792476654053e-01,5.833768486976623757e-01,1.864369511604309082e-01,2.417710691690445057e-01,5.726175382733345032e-02,4.401139803230762204e-02,2.899174614867661148e-05,2.899174614867661148e-05
2.530790328979492188e+00,2.638581061363220126e+00,2.530819416046142578e+00,2.638610148429870517e+00,8.348233699798583984e-01,8.489119350910186990e-01,9.154330492019653320e-01,9.362341701984405740e-01,4.607534706592559814e-01,5.956021547317504883e-01,3.030121624469757080e-01,2.428060531616210993e-01,1.676817052066326141e-02,1.502674985677003930e-02,2.899174069170840085e-05,2.899174069170840085e-05
2.445953130722045898e+00,2.603394889831542880e+00,2.445982217788696289e+00,2.603423976898193271e+00,8.321602940559387207e-01,8.342185497283935991e-01,9.459424614906311035e-01,9.374929547309875932e-01,4.628083705902099609e-01,5.821345150470733643e-01,1.976463794708251953e-01,2.437739029526710399e-01,7.395794149488210678e-03,5.774984834715723991e-03,2.899751780205406249e-05,2.899751780205406249e-05
2.471210241317749023e+00,2.596636176109313965e+00,2.471239328384399414e+00,2.596665263175964355e+00,8.346208930015563965e-01,8.308263361454010232e-01,9.428185224533081055e-01,9.311238050460814986e-01,4.643314778804779053e-01,5.847800374031066895e-01,2.247232794761657715e-01,2.456232637166976818e-01,4.716094583272933960e-03,4.282777896150946617e-03,2.899887113017030060e-05,2.899887113017030060e-05
2.776996135711669922e+00,2.594321084022522150e+00,2.777025222778320312e+00,2.594350171089172541e+00,8.402236700057983398e-01,8.290242791175842507e-01,9.202014207839965820e-01,9.339157938957214355e-01,7.638468742370605469e-01,5.798407435417175515e-01,2.472397536039352417e-01,2.461733669042587280e-01,5.484426859766244888e-03,5.366858746856451208e-03,2.899801984312944114e-05,2.899801984312944114e-05
2.552489519119262695e+00,2.610154175758361728e+00,2.552518606185913086e+00,2.610183262825012118e+00,8.335701227188110352e-01,8.301787436008453147e-01,9.367577433586120605e-01,9.394109070301055464e-01,5.303577184677124023e-01,5.887850165367126687e-01,2.471384704113006592e-01,2.474284037947654669e-01,4.665528889745473862e-03,4.351098695769906391e-03,2.899691025959327817e-05,2.899691025959327817e-05
2.588922023773193359e+00,2.608876609802246005e+00,2.588951110839843750e+00,2.608905696868896396e+00,8.480887413024902344e-01,8.274436533451080544e-01,9.782531261444091797e-01,9.362885236740112749e-01,5.153968930244445801e-01,5.923551917076110840e-01,2.440757304430007935e-01,2.488568365573883001e-01,3.107581054791808128e-03,3.932383330538869078e-03,2.899558057833928615e-05,2.899558057833928615e-05
2.401329755783081055e+00,2.624730563163757413e+00,2.401358842849731445e+00,2.624759650230407804e+00,7.971222996711730957e-01,8.287824571132660356e-01,9.049375653266906738e-01,9.291488528251647949e-01,4.557473361492156982e-01,6.058870553970336914e-01,2.335983961820602417e-01,2.542676925659179688e-01,9.924100711941719055e-03,6.644471408799290310e-03,2.899973696912638843e-05,2.899973696912638843e-05
2.454402923583984375e+00,2.653558802604675471e+00,2.454432010650634766e+00,2.653587889671325861e+00,8.296426534652709961e-01,8.302290260791778120e-01,9.535539746284484863e-01,9.319663405418395774e-01,4.528538882732391357e-01,6.262734711170196977e-01,2.093992829322814941e-01,2.569256365299225076e-01,8.953045122325420380e-03,8.164272690191865661e-03,2.900132676586508751e-05,2.900132676586508751e-05
2.479402065277099609e+00,2.631051421165466309e+00,2.479431152343750000e+00,2.631080508232116699e+00,8.713669180870056152e-01,8.305164158344269243e-01,9.578225612640380859e-01,9.309896588325500266e-01,4.509823620319366455e-01,6.017053484916686790e-01,1.895760595798492432e-01,2.563249588012695424e-01,9.653958491981029510e-03,1.151499534025788272e-02,2.900253457482904196e-05,2.900253457482904196e-05
2.444156408309936523e+00,2.631378650665283203e+00,2.444185495376586914e+00,2.631407737731933594e+00,8.781303167343139648e-01,8.218012809753417747e-01,9.733019471168518066e-01,9.325733482837677002e-01,4.490337371826171875e-01,6.157196760177612305e-01,1.400536298751831055e-01,2.567063555121421592e-01,3.636708483099937439e-03,4.577974090352654457e-03,2.899777246057055891e-05,2.899777246057055891e-05
2.478441476821899414e+00,2.604345154762268244e+00,2.478470563888549805e+00,2.604374241828918635e+00,8.349441885948181152e-01,8.258136808872222900e-01,9.600570201873779297e-01,9.320376992225647417e-01,4.318813979625701904e-01,5.855383217334747536e-01,2.458830475807189941e-01,2.540588691830635293e-01,5.675880238413810730e-03,6.896602176129818136e-03,2.899852552218362689e-05,2.899852552218362689e-05
2.381564140319824219e+00,2.605930876731872736e+00,2.381593227386474609e+00,2.605959963798523127e+00,7.908540368080139160e-01,8.257548689842224565e-01,9.049598574638366699e-01,9.285228312015533225e-01,4.385392367839813232e-01,5.930333435535430908e-01,2.418410331010818481e-01,2.542763739824295266e-01,5.369926337152719498e-03,4.343469720333814274e-03,2.899965147662442178e-05,2.899965147662442178e-05
2.406933307647705078e+00,2.625213098526001154e+00,2.406962394714355469e+00,2.625242185592651545e+00,7.955102920532226562e-01,8.322826564311981423e-01,9.363645315170288086e-01,9.290787220001220925e-01,4.223908185958862305e-01,5.991486310958862305e-01,2.444190382957458496e-01,2.542954966425895469e-01,8.248629048466682434e-03,1.040757335722446511e-02,2.899992068705614656e-05,2.899992068705614656e-05
2.389124870300292969e+00,2.621806383132934570e+00,2.389153957366943359e+00,2.621835470199584961e+00,7.449862957000732422e-01,8.324869275093078613e-01,8.951342701911926270e-01,9.322619199752807395e-01,4.134084880352020264e-01,5.927277028560637984e-01,3.216426074504852295e-01,2.539147198200225608e-01,1.395325921475887299e-02,1.041510850191116298e-02,2.900039362430106848e-05,2.900039362430106848e-05
2.353753805160522461e+00,2.619001126289367765e+00,2.353782892227172852e+00,2.619030213356018155e+00,8.303620815277099609e-01,8.255566000938415749e-01,9.418419003486633301e-01,9.313320696353912798e-01,4.275651872158050537e-01,6.016909956932068315e-01,1.461849808692932129e-01,2.552748456597327964e-01,7.799774874001741409e-03,5.146612366661429579e-03,2.899466562666930258e-05,2.899466562666930258e-05
4.405899047851562500e+00,2.625894021987915217e+00,4.405928134918212891e+00,2.625923109054565607e+00,8.467043042182922363e-01,8.212667584419250932e-01,9.257053136825561523e-01,9.332965493202209917e-01,2.332608461380004883e+00,6.095044136047362837e-01,2.979021370410919189e-01,2.576100975275039673e-01,2.978876465931534767e-03,4.216170543804765095e-03,2.899769242503680289e-05,2.899769242503680289e-05
2.588873147964477539e+00,2.595109915733337491e+00,2.588902235031127930e+00,2.595139002799987882e+00,7.634434700012207031e-01,8.242647111415862815e-01,9.114556908607482910e-01,9.335126638412475364e-01,6.394574046134948730e-01,5.782282531261444536e-01,2.656182944774627686e-01,2.493192136287689098e-01,8.898177184164524078e-03,9.785035252571105610e-03,2.899907849496230483e-05,2.899907849496230483e-05
2.480865001678466797e+00,2.628247976303100586e+00,2.480894088745117188e+00,2.628277063369750977e+00,8.630459904670715332e-01,8.397859036922454834e-01,9.360684752464294434e-01,9.344303011894226074e-01,4.677627384662628174e-01,5.916628658771514448e-01,1.985325515270233154e-01,2.411303803324699457e-01,1.545533910393714905e-02,2.123847566545009752e-02,2.899899482144974172e-05,2.899899482144974172e-05
2.663384914398193359e+00,2.586678218841552912e+00,2.663414001464843750e+00,2.586707305908203303e+00,7.990210056304931641e-01,8.341853499412537065e-01,9.065465331077575684e-01,9.323862314224242720e-01,6.636567711830139160e-01,5.723020076751709206e-01,2.824144661426544189e-01,2.389612972736358532e-01,1.174609549343585968e-02,8.843271434307098736e-03,2.900648723880294710e-05,2.900648723880294710e-05
2.420110225677490234e+00,2.587936305999755771e+00,2.420139312744140625e+00,2.587965393066406161e+00,8.087918758392333984e-01,8.247476518154144287e-01,9.231027960777282715e-01,9.410621523857116699e-01,4.767065942287445068e-01,5.809393882751464622e-01,2.030928879976272583e-01,2.342585206031799205e-01,8.416109718382358551e-03,6.928611639887094151e-03,2.900638173741754144e-05,2.900638173741754144e-05
2.589259386062622070e+00,2.578803277015686124e+00,2.589288473129272461e+00,2.578832364082336515e+00,8.105990290641784668e-01,8.218710422515869141e-01,9.330101013183593750e-01,9.395940661430358665e-01,5.309478044509887695e-01,5.770271003246307817e-01,3.087988793849945068e-01,2.321397542953491100e-01,5.903512705117464066e-03,8.171370252966880798e-03,2.900815343309659511e-05,2.900815343309659511e-05
2.553692817687988281e+00,2.597953057289123624e+00,2.553721904754638672e+00,2.597982144355774015e+00,8.624730706214904785e-01,8.327025949954987016e-01,9.402586221694946289e-01,9.397502243518829346e-01,5.267958641052246094e-01,5.803283810615539329e-01,2.144450992345809937e-01,2.308558017015457098e-01,9.720194153487682343e-03,1.431598095223307610e-02,2.901142215705476701e-05,2.901142215705476701e-05
2.451851367950439453e+00,2.572084856033325373e+00,2.451880455017089844e+00,2.572113943099975764e+00,8.253145217895507812e-01,8.225418567657470925e-01,9.535315036773681641e-01,9.346908867359161599e-01,4.566485583782196045e-01,5.801208138465880904e-01,2.130825966596603394e-01,2.299874439835548345e-01,3.274092450737953186e-03,4.743907367810606956e-03,2.901042535086162388e-05,2.901042535086162388e-05
2.409001588821411133e+00,2.584911823272705078e+00,2.409030675888061523e+00,2.584940910339355469e+00,8.392447829246520996e-01,8.266969382762908714e-01,9.302487373352050781e-01,9.391687929630279097e-01,4.528352320194244385e-01,5.839210629463196245e-01,1.795442551374435425e-01,2.300195246934890747e-01,7.128506433218717575e-03,5.105530284345150341e-03,2.901114385167602450e-05,2.901114385167602450e-05
2.552463531494140625e+00,2.588486480712890447e+00,2.552492618560791016e+00,2.588515567779540838e+00,8.224003911018371582e-01,8.184237718582153542e-01,9.270725846290588379e-01,9.465558886528014915e-01,5.156278610229492188e-01,5.784460902214050293e-01,2.699586749076843262e-01,2.266468361020088085e-01,1.740392670035362244e-02,1.841389182955026696e-02,2.901258267229422927e-05,2.901258267229422927e-05
2.551847457885742188e+00,2.619170761108398526e+00,2.551876544952392578e+00,2.619199848175048917e+00,8.812500238418579102e-01,8.696689844131469949e-01,9.572536349296569824e-01,9.412186801433563010e-01,4.606913626194000244e-01,5.530203104019164595e-01,2.363902032375335693e-01,2.214088544249534496e-01,1.626227051019668579e-02,3.385398127138614793e-02,2.901622428908012807e-05,2.901622428908012807e-05
2.470303773880004883e+00,2.562002801895141513e+00,2.470332860946655273e+00,2.562031888961791903e+00,8.644683957099914551e-01,8.425791084766387495e-01,9.551945328712463379e-01,9.406679689884185347e-01,4.475131928920745850e-01,5.459215432405472024e-01,1.847206354141235352e-01,2.201572149991989080e-01,1.840721629559993744e-02,1.267702076584100758e-02,2.901590778492391109e-05,2.901590778492391109e-05
2.435926198959350586e+00,2.521650218963622958e+00,2.435955286026000977e+00,2.521679306030273349e+00,7.407186627388000488e-01,8.240311682224273904e-01,8.820897936820983887e-01,9.372176051139831099e-01,5.588027834892272949e-01,5.350958615541457908e-01,2.478578984737396240e-01,2.196212857961654663e-01,6.457021925598382950e-03,5.684325657784938986e-03,2.901611514971591532e-05,2.901611514971591532e-05
2.462536573410034180e+00,2.522759461402892978e+00,2.462565660476684570e+00,2.522788548469543368e+00,8.626228570938110352e-01,8.254574120044708696e-01,9.248712658882141113e-01,9.383766531944275346e-01,4.305161535739898682e-01,5.381849199533462746e-01,2.408913224935531616e-01,2.157764241099357494e-01,3.634982276707887650e-03,4.964145552366972143e-03,2.901423431467264891e-05,2.901423431467264891e-05
2.561124563217163086e+00,2.518754029273986728e+00,2.561153650283813477e+00,2.518783116340637118e+00,8.273628354072570801e-01,8.227450072765349898e-01,9.423421621322631836e-01,9.365261256694793479e-01,5.542844533920288086e-01,5.396187573671340498e-01,2.335789799690246582e-01,2.150161698460578974e-01,3.556235693395137787e-03,4.847967438399792064e-03,2.902057349274400622e-05,2.902057349274400622e-05
2.489078998565673828e+00,2.580596923828125000e+00,2.489108085632324219e+00,2.580626010894775391e+00,8.672136068344116211e-01,8.773171424865722212e-01,9.566116929054260254e-01,9.505214154720306174e-01,4.034874737262725830e-01,5.140551030635833740e-01,2.454920709133148193e-01,2.142375916242599543e-01,1.627431623637676239e-02,2.446572482585906982e-02,2.902382220781873912e-05,2.902382220781873912e-05
2.397775173187255859e+00,2.480942583084106534e+00,2.397804260253906250e+00,2.480971670150756925e+00,8.247551918029785156e-01,8.235312938690185769e-01,9.447827339172363281e-01,9.378537893295287864e-01,3.834308683872222900e-01,5.009226441383362038e-01,2.403983473777770996e-01,2.143636792898178101e-01,4.407958593219518661e-03,4.271166864782571793e-03,2.902564301621168852e-05,2.902564301621168852e-05
2.388319969177246094e+00,2.482233476638794123e+00,2.388349056243896484e+00,2.482262563705444514e+00,8.093256354331970215e-01,8.206111609935760054e-01,9.514201283454895020e-01,9.362977623939514604e-01,3.791442513465881348e-01,5.043643146753311601e-01,2.437786459922790527e-01,2.155369013547897283e-01,4.651201888918876648e-03,5.423286138102412571e-03,2.902520100178662688e-05,2.902520100178662688e-05
2.371883392333984375e+00,2.526440405845642001e+00,2.371912479400634766e+00,2.526469492912292392e+00,8.602221608161926270e-01,8.382020890712738037e-01,9.304494261741638184e-01,9.380173683166503906e-01,3.725149929523468018e-01,5.176368862390517966e-01,1.909254789352416992e-01,2.158231019973754772e-01,1.777120679616928101e-02,1.676104487851261954e-02,2.902435153373517096e-05,2.902435153373517096e-05
2.410673618316650391e+00,2.506583237648010165e+00,2.410702705383300781e+00,2.506612324714660556e+00,8.577129244804382324e-01,8.274654626846313921e-01,9.315335154533386230e-01,9.356405436992645264e-01,3.801903128623962402e-01,5.209956049919128862e-01,2.321193516254425049e-01,2.151212096214294434e-01,9.117566980421543121e-03,7.360439328476786440e-03,2.902635242207907140e-05,2.902635242207907140e-05
2.505598068237304688e+00,2.499951529502868475e+00,2.505627155303955078e+00,2.499980616569518865e+00,8.272963166236877441e-01,8.199240505695343240e-01,9.327236413955688477e-01,9.332130432128906694e-01,5.250571370124816895e-01,5.272810816764831321e-01,2.169188112020492554e-01,2.148948088288307190e-01,3.602382494136691093e-03,4.638541443273425276e-03,2.902777305280324072e-05,2.902777305280324072e-05
2.387230396270751953e+00,2.496191334724426447e+00,2.387259483337402344e+00,2.496220421791076838e+00,8.188255429267883301e-01,8.221186995506286621e-01,9.461820125579833984e-01,9.463231384754180464e-01,3.831389546394348145e-01,5.071485936641693115e-01,2.336619943380355835e-01,2.150330141186714283e-01,5.422065034508705139e-03,5.567942233756184751e-03,2.903054155467543751e-05,2.903054155467543751e-05
3.288001537322998047e+00,2.589862465858459473e+00,3.288030624389648438e+00,2.589891552925109863e+00,8.156409859657287598e-01,8.842110872268676980e-01,8.785035014152526855e-01,9.368359565734862837e-01,1.299106836318969727e+00,5.119124531745911089e-01,2.577085494995117188e-01,2.147741302847862299e-01,3.704168274998664856e-02,4.212880954146384915e-02,2.903225686168298125e-05,2.903225686168298125e-05
2.387492418289184570e+00,2.510588979721069425e+00,2.387521505355834961e+00,2.510618066787719815e+00,8.329772949218750000e-01,8.391848981380463091e-01,9.454413652420043945e-01,9.533795297145843950e-01,3.121097087860107422e-01,4.903591692447662465e-01,2.884998917579650879e-01,2.111447066068649348e-01,8.463993668556213379e-03,1.652074139565229416e-02,2.903374843299388885e-05,2.903374843299388885e-05
2.225492000579833984e+00,2.494110488891601474e+00,2.225521087646484375e+00,2.494139575958251864e+00,7.973115444183349609e-01,8.450229883193969282e-01,9.251812100410461426e-01,9.331231296062469927e-01,3.006528913974761963e-01,4.908354938030242698e-01,1.861366629600524902e-01,2.104419380426406916e-01,1.620954088866710663e-02,1.468702061101794312e-02,2.903548374888487160e-05,2.903548374888487160e-05
2.186144828796386719e+00,2.398180174827575506e+00,2.186173915863037109e+00,2.398209261894225897e+00,8.110242486000061035e-01,8.196364164352416548e-01,8.928670287132263184e-01,9.330634355545044389e-01,2.662726044654846191e-01,4.313256531953811868e-01,2.094992101192474365e-01,2.094114288687705938e-01,6.481906864792108536e-03,4.743205336853861982e-03,2.904188659158535302e-05,2.904188659158535302e-05
2.134990215301513672e+00,2.463355255126953303e+00,2.135019302368164062e+00,2.463384342193603693e+00,8.101332187652587891e-01,8.380868613719940630e-01,9.560192227363586426e-01,9.425010204315185103e-01,2.271152436733245850e-01,4.664658755064010620e-01,1.324300467967987061e-01,2.093345001339912415e-01,9.292679838836193085e-03,6.967058451846241778e-03,2.904481698351446539e-05,2.904481698351446539e-05
2.640920162200927734e+00,2.595245885848998846e+00,2.640949249267578125e+00,2.595274972915649236e+00,9.458113312721252441e-01,9.152913391590118408e-01,9.589765071868896484e-01,9.464308619499206543e-01,4.053632318973541260e-01,4.676380366086959617e-01,2.411254644393920898e-01,2.088972851634025574e-01,8.964336663484573364e-02,5.698840767145156583e-02,2.904756911448203027e-05,2.904756911448203027e-05
2.242921829223632812e+00,2.436651396751403631e+00,2.242950916290283203e+00,2.436680483818054022e+00,8.364145755767822266e-01,8.272998213768005815e-01,9.129995107650756836e-01,9.327988386154174583e-01,3.047617673873901367e-01,4.608042687177658081e-01,1.807423084974288940e-01,2.087882980704307556e-01,8.003766648471355438e-03,6.960077909752726555e-03,2.904853135987650603e-05,2.904853135987650603e-05
2.254780530929565430e+00,2.494063425064086736e+00,2.254809617996215820e+00,2.494092512130737127e+00,8.161564469337463379e-01,8.430992245674133745e-01,9.584361910820007324e-01,9.321959316730499268e-01,3.083369731903076172e-01,4.833747982978821023e-01,1.569343507289886475e-01,2.103962764143943731e-01,1.491673476994037628e-02,2.499715294688940187e-02,2.905259316321462393e-05,2.905259316321462393e-05
2.362993717193603516e+00,2.469685506820678889e+00,2.363022804260253906e+00,2.469714593887329279e+00,8.638405799865722656e-01,8.409424722194671631e-01,9.435337185859680176e-01,9.359360516071320024e-01,3.312208354473114014e-01,4.699809581041335949e-01,2.133905589580535889e-01,2.103831946849822887e-01,1.100795622915029526e-02,1.244281185790896416e-02,2.905572182498872280e-05,2.905572182498872280e-05
2.253453969955444336e+00,2.487370634078979403e+00,2.253483057022094727e+00,2.487399721145629794e+00,7.925347089767456055e-01,8.383395135402679221e-01,9.409645199775695801e-01,9.375527024269103560e-01,3.027893006801605225e-01,4.899662286043167114e-01,2.058508098125457764e-01,2.107604712247848622e-01,1.131461281329393387e-02,1.075172442942857673e-02,2.905647124862298369e-05,2.905647124862298369e-05
2.587022304534912109e+00,2.447502565383911310e+00,2.587051391601562500e+00,2.447531652450561701e+00,8.310378789901733398e-01,8.199055135250091775e-01,9.388173818588256836e-01,9.329455256462096946e-01,6.414487361907958984e-01,4.796911627054214478e-01,1.703010648488998413e-01,2.110766425728797802e-01,5.417405162006616592e-03,3.883748408406972972e-03,2.905705514422152191e-05,2.905705514422152191e-05
2.317223072052001953e+00,2.474510264396667658e+00,2.317252159118652344e+00,2.474539351463318049e+00,8.154491186141967773e-01,8.230156421661376509e-01,9.246798157691955566e-01,9.338195502758026567e-01,3.739697933197021484e-01,5.002088904380798118e-01,1.907462328672409058e-01,2.103301495313644465e-01,1.237792335450649261e-02,7.136003021150827755e-03,2.905939618358388543e-05,2.905939618358388543e-05
2.283679246902465820e+00,2.452533769607543768e+00,2.283708333969116211e+00,2.452562856674194158e+00,7.800784111022949219e-01,8.265118956565856712e-01,9.079126119613647461e-01,9.330815255641937700e-01,3.807136416435241699e-01,4.752893805503844993e-01,2.064491659402847290e-01,2.095239892601966913e-01,8.525423705577850342e-03,8.127010567113757480e-03,2.905966721300501376e-05,2.905966721300501376e-05
2.291087150573730469e+00,2.474692034721374334e+00,2.291116237640380859e+00,2.474721121788024725e+00,8.178760409355163574e-01,8.234417140483856201e-01,9.393168687820434570e-01,9.376175045967102273e-01,3.565155267715454102e-01,4.963390767574310525e-01,1.718743145465850830e-01,2.109818100929260198e-01,5.504290107637643814e-03,6.311876047402620142e-03,2.906084591813851148e-05,2.906084591813851148e-05
2.242730379104614258e+00,2.499588227272033780e+00,2.242759466171264648e+00,2.499617314338684171e+00,8.252999782562255859e-01,8.342339456081390159e-01,9.452201724052429199e-01,9.365003705024719238e-01,3.217832148075103760e-01,5.058731257915496382e-01,1.415086686611175537e-01,2.123307347297668513e-01,8.918270468711853027e-03,1.065011024475097726e-02,2.906337613239884377e-05,2.906337613239884377e-05
2.381860017776489258e+00,2.481884813308715909e+00,2.381889104843139648e+00,2.481913900375366300e+00,8.444072008132934570e-01,8.245047450065612349e-01,9.428612589836120605e-01,9.376611232757567915e-01,4.088838994503021240e-01,4.992830663919448630e-01,1.796893328428268433e-01,2.135167673230171093e-01,6.018315907567739487e-03,6.919090449810027903e-03,2.906492409238126129e-05,2.906492409238126129e-05
2.314311742782592773e+00,2.476536393165588379e+00,2.314340829849243164e+00,2.476565480232238770e+00,7.918019294738769531e-01,8.252840936183929443e-01,9.124257564544677734e-01,9.344012379646301492e-01,3.665508329868316650e-01,4.939514219760894886e-01,2.379392683506011963e-01,2.133519321680069081e-01,5.593734793365001678e-03,9.547737240791321495e-03,2.906615191022865474e-05,2.906615191022865474e-05
2.363857746124267578e+00,2.514364480972290039e+00,2.363886833190917969e+00,2.514393568038940430e+00,8.475056886672973633e-01,8.398664653301238792e-01,9.630499482154846191e-01,9.415326058864593728e-01,3.727087974548339844e-01,5.106415718793868574e-01,1.736825257539749146e-01,2.128390908241271917e-01,6.910766940563917160e-03,9.484747424721717834e-03,2.906589725171215832e-05,2.906589725171215832e-05
2.336816549301147461e+00,2.501483964920043768e+00,2.336845636367797852e+00,2.501513051986694158e+00,8.223005533218383789e-01,8.269600212574005349e-01,9.347525238990783691e-01,9.370706975460052490e-01,3.891295492649078369e-01,5.151370584964751753e-01,1.807782649993896484e-01,2.127158731222152654e-01,9.855548851191997528e-03,9.600344579666852951e-03,2.906818554038181901e-05,2.906818554038181901e-05
2.346463203430175781e+00,2.495485424995422363e+00,2.346492290496826172e+00,2.495514512062072754e+00,7.762685418128967285e-01,8.243583261966704878e-01,8.942788839340209961e-01,9.374617874622345193e-01,3.996719419956207275e-01,5.143683224916457686e-01,2.655166983604431152e-01,2.125273481011390742e-01,1.072692591696977615e-02,6.769688799977302551e-03,2.906723238993436098e-05,2.906723238993436098e-05
2.444730520248413086e+00,2.470312619209289462e+00,2.444759607315063477e+00,2.470341706275939853e+00,8.759053349494934082e-01,8.230746507644652876e-01,9.607532620429992676e-01,9.415064692497253640e-01,3.683844804763793945e-01,4.861899137496948353e-01,2.337840795516967773e-01,2.099249377846717779e-01,5.903505254536867142e-03,9.616654738783836712e-03,2.907416637754067779e-05,2.907416637754067779e-05
2.343015909194946289e+00,2.485714387893676935e+00,2.343044996261596680e+00,2.485743474960327326e+00,7.971622347831726074e-01,8.384481728076934592e-01,9.356341361999511719e-01,9.393853843212127686e-01,3.345131278038024902e-01,4.876023471355438454e-01,2.677916288375854492e-01,2.088991478085517883e-01,7.914897054433822632e-03,1.137929027900099789e-02,2.907559610321186483e-05,2.907559610321186483e-05
2.465029001235961914e+00,2.484645628929138095e+00,2.465058088302612305e+00,2.484674715995788485e+00,7.976132035255432129e-01,8.396068751811981423e-01,9.076570272445678711e-01,9.356420457363128218e-01,5.542533993721008301e-01,4.885211735963821411e-01,1.971358060836791992e-01,2.098006635904312023e-01,8.369760587811470032e-03,1.107484884560108220e-02,2.907483576564118266e-05,2.907483576564118266e-05
2.340763568878173828e+00,2.467862391471862704e+00,2.340792655944824219e+00,2.467891478538513095e+00,8.258102536201477051e-01,8.410465896129608598e-01,9.321405291557312012e-01,9.368243217468261719e-01,3.471606671810150146e-01,4.715932875871658436e-01,2.235400378704071045e-01,2.091360524296760615e-01,1.211224775761365891e-02,9.262169338762759815e-03,2.907736779889091849e-05,2.907736779889091849e-05
2.649049043655395508e+00,2.445197463035583496e+00,2.649078130722045898e+00,2.445226550102233887e+00,7.303467392921447754e-01,8.210893869400024414e-01,8.586199283599853516e-01,9.352024793624877930e-01,8.279224038124084473e-01,4.747142642736434937e-01,2.240237593650817871e-01,2.091900363564491161e-01,8.136387914419174194e-03,5.001258105039596558e-03,2.907809903263114393e-05,2.907809903263114393e-05
2.740835428237915039e+00,2.441741299629211603e+00,2.740864515304565430e+00,2.441770386695861994e+00,8.101216554641723633e-01,8.248580157756805198e-01,8.996897339820861816e-01,9.368444263935089555e-01,7.688096165657043457e-01,4.670323967933655007e-01,2.541082501411437988e-01,2.064222946763038524e-01,8.106300607323646545e-03,6.584159377962350672e-03,2.908637907239608467e-05,2.908637907239608467e-05
2.292868852615356445e+00,2.436037135124206721e+00,2.292897939682006836e+00,2.436066222190857111e+00,8.445181846618652344e-01,8.222277522087096946e-01,9.400846958160400391e-01,9.344341576099395308e-01,3.244021832942962646e-01,4.684250235557556041e-01,1.795566976070404053e-01,2.062330871820449718e-01,4.307292867451906204e-03,4.717163229361176664e-03,2.908668102463707328e-05,2.908668102463707328e-05
3.136894941329956055e+00,2.442376685142517267e+00,3.136924028396606445e+00,2.442405772209167658e+00,8.124938607215881348e-01,8.174847543239593950e-01,9.101970791816711426e-01,9.350460231304168479e-01,1.226248383522033691e+00,4.782915174961089866e-01,1.827120929956436157e-01,2.076047614216804393e-01,5.243439693003892899e-03,3.949648863635957068e-03,2.908878923335578293e-05,2.908878923335578293e-05
2.278097391128540039e+00,2.455240225791931241e+00,2.278126478195190430e+00,2.455269312858581632e+00,8.094732761383056641e-01,8.240227639675140603e-01,9.158219695091247559e-01,9.272903323173522505e-01,3.104483485221862793e-01,4.845223814249038918e-01,2.382948249578475952e-01,2.116816997528076227e-01,4.058764316141605377e-03,7.723107980564236467e-03,2.908990791183896363e-05,2.908990791183896363e-05
2.173593282699584961e+00,2.489442682266235440e+00,2.173622369766235352e+00,2.489471769332885831e+00,7.643133997917175293e-01,8.244176805019378662e-01,9.203526973724365234e-01,9.317829489707947221e-01,2.928816676139831543e-01,5.096794158220291360e-01,1.878092139959335327e-01,2.170215144753456227e-01,8.236211724579334259e-03,6.541034206748008728e-03,2.908871647377964109e-05,2.908871647377964109e-05
2.831232070922851562e+00,2.536890292167663485e+00,2.831261157989501953e+00,2.536919379234313876e+00,8.423469662666320801e-01,8.184375405311584695e-01,9.334571361541748047e-01,9.358987808227539062e-01,8.154695630073547363e-01,5.585868716239928977e-01,2.357523888349533081e-01,2.191582143306732289e-01,4.206161480396986008e-03,4.808955360203981400e-03,2.908867463702335954e-05,2.908867463702335954e-05
2.259255409240722656e+00,2.476440691947936923e+00,2.259284496307373047e+00,2.476469779014587314e+00,7.803151607513427734e-01,8.197142541408538596e-01,9.329252839088439941e-01,9.302586495876312700e-01,3.241307735443115234e-01,5.037908047437668069e-01,2.177936136722564697e-01,2.180134519934654180e-01,4.090535454452037811e-03,4.663572786375880588e-03,2.908880378527101129e-05,2.908880378527101129e-05
2.205890178680419922e+00,2.497598838806152521e+00,2.205919265747070312e+00,2.497627925872802912e+00,7.537478804588317871e-01,8.158311426639557329e-01,9.192169308662414551e-01,9.314971446990967241e-01,3.422783315181732178e-01,5.283560812473296897e-01,1.871556639671325684e-01,2.177695512771606334e-01,3.491304116323590279e-03,4.144864901900291269e-03,2.908508758991956711e-05,2.908508758991956711e-05
2.425531387329101562e+00,2.514418649673461736e+00,2.425560474395751953e+00,2.514447736740112127e+00,8.672811985015869141e-01,8.248749673366546631e-01,9.542773365974426270e-01,9.301949262619018111e-01,3.391582369804382324e-01,5.354402929544448408e-01,2.616783678531646729e-01,2.196376189589500372e-01,3.136095125228166580e-03,4.270898317918181766e-03,2.908440910687204450e-05,2.908440910687204450e-05
2.350152969360351562e+00,2.520003676414489746e+00,2.350182056427001953e+00,2.520032763481140137e+00,8.459093570709228516e-01,8.261718630790710893e-01,9.641548991203308105e-01,9.358549714088439941e-01,3.351566195487976074e-01,5.319005280733108965e-01,1.998430937528610229e-01,2.180657193064689525e-01,5.088807549327611923e-03,8.010680740699171326e-03,2.908350506913848221e-05,2.908350506913848221e-05
2.304429054260253906e+00,2.507350945472717196e+00,2.304458141326904297e+00,2.507380032539367587e+00,8.478300571441650391e-01,8.254722595214843972e-01,9.355491399765014648e-01,9.332511782646178977e-01,3.288330435752868652e-01,5.244577527046203613e-01,1.856726408004760742e-01,2.180565059185028132e-01,6.544010248035192490e-03,6.113254930824041367e-03,2.908540045609697700e-05,2.908540045609697700e-05
2.490445375442504883e+00,2.498695302009582342e+00,2.490474462509155273e+00,2.498724389076232733e+00,8.141453862190246582e-01,8.218983769416808860e-01,9.577175378799438477e-01,9.354554593563080278e-01,5.511222481727600098e-01,5.194369554519653320e-01,1.643377542495727539e-01,2.178351685404777416e-01,3.122547408565878868e-03,4.069347260519861828e-03,2.908568421844393015e-05,2.908568421844393015e-05
2.353946924209594727e+00,2.535198402404785334e+00,2.353976011276245117e+00,2.535227489471435725e+00,8.177235722541809082e-01,8.205915033817291482e-01,9.154429435729980469e-01,9.295312821865081565e-01,3.547567725181579590e-01,5.598363995552062544e-01,2.612868249416351318e-01,2.198535010218620189e-01,4.736960399895906448e-03,5.385790858417749752e-03,2.908924943767488003e-05,2.908924943767488003e-05
2.298831462860107422e+00,2.529396295547485352e+00,2.298860549926757812e+00,2.529425382614135742e+00,7.951025366783142090e-01,8.179890632629394087e-01,9.008298516273498535e-01,9.318646013736724409e-01,3.781648576259613037e-01,5.553982704877853394e-01,2.208159416913986206e-01,2.203647390007972828e-01,3.918403759598731995e-03,3.779613203369080934e-03,2.908876922447234392e-05,2.908876922447234392e-05
2.348631620407104492e+00,2.514944076538085938e+00,2.348660707473754883e+00,2.514973163604736328e+00,8.345398902893066406e-01,8.151105105876922385e-01,9.574820995330810547e-01,9.356128513813019021e-01,3.763304054737091064e-01,5.380641758441925271e-01,1.755759268999099731e-01,2.212250649929046742e-01,4.703223239630460739e-03,4.931469820439815868e-03,2.908596616180147976e-05,2.908596616180147976e-05
2.262909173965454102e+00,2.553068089485168279e+00,2.262938261032104492e+00,2.553097176551818670e+00,8.093888759613037109e-01,8.221366107463836670e-01,9.423326849937438965e-01,9.296964049339294656e-01,3.199266195297241211e-01,5.689575195312499556e-01,1.833999603986740112e-01,2.219241499900817816e-01,7.861103862524032593e-03,1.035338090732693637e-02,2.908647547883447260e-05,2.908647547883447260e-05
2.289726257324218750e+00,2.514364218711853116e+00,2.289755344390869141e+00,2.514393305778503507e+00,8.358190059661865234e-01,8.170482099056244341e-01,9.331370592117309570e-01,9.314554154872893843e-01,3.287454843521118164e-01,5.426509231328964233e-01,1.889781206846237183e-01,2.204081311821937672e-01,3.046614816412329674e-03,2.801459422335028562e-03,2.908768874476663768e-05,2.908768874476663768e-05
2.344275951385498047e+00,2.531783151626586736e+00,2.344305038452148438e+00,2.531812238693237127e+00,8.186296820640563965e-01,8.232754528522491233e-01,9.656234979629516602e-01,9.329415023326873557e-01,3.555200099945068359e-01,5.537478625774383545e-01,2.021933346986770630e-01,2.182122334837913458e-01,2.309564501047134399e-03,3.606047644279897040e-03,2.908832539105787873e-05,2.908832539105787873e-05
2.701757907867431641e+00,2.511903166770935059e+00,2.701786994934082031e+00,2.511932253837585449e+00,8.188688158988952637e-01,8.210578441619873491e-01,9.287027716636657715e-01,9.320562422275543435e-01,7.462483644485473633e-01,5.352520853281020896e-01,2.005602717399597168e-01,2.175974860787391607e-01,7.377658970654010773e-03,5.939611745998263186e-03,2.908547321567311883e-05,2.908547321567311883e-05
2.372279882431030273e+00,2.515453052520752131e+00,2.372308969497680664e+00,2.515482139587402521e+00,8.508656620979309082e-01,8.244961023330688032e-01,9.527092576026916504e-01,9.317171275615692139e-01,3.662104010581970215e-01,5.344189673662185225e-01,1.974723041057586670e-01,2.176710695028304943e-01,5.022216122597455978e-03,7.149751251563430006e-03,2.908694477810058743e-05,2.908694477810058743e-05
2.820462465286254883e+00,2.485528802871704190e+00,2.820491552352905273e+00,2.485557889938354581e+00,8.109981417655944824e-01,8.216032803058623823e-01,9.399142265319824219e-01,9.340232253074646218e-01,8.769185543060302734e-01,5.067264735698699951e-01,1.867384016513824463e-01,2.161723494529724232e-01,5.892925430089235306e-03,7.003469439223408526e-03,2.908820715674664825e-05,2.908820715674664825e-05
2.348943471908569336e+00,2.473214125633239835e+00,2.348972558975219727e+00,2.473243212699890226e+00,8.473973870277404785e-01,8.169616341590881792e-01,9.357272982597351074e-01,9.325721383094787154e-01,3.526558876037597656e-01,5.049889713525772539e-01,2.093053311109542847e-01,2.156240448355674633e-01,3.857664531096816063e-03,3.067341726273298350e-03,2.908926217060070485e-05,2.908926217060070485e-05
2.328927516937255859e+00,2.505335831642150790e+00,2.328956604003906250e+00,2.505364918708801181e+00,8.200726509094238281e-01,8.216502726078033225e-01,9.435740113258361816e-01,9.486466109752654807e-01,3.435639441013336182e-01,5.172885328531264815e-01,2.186595201492309570e-01,2.139571517705917414e-01,3.057397436350584030e-03,3.793291491456329909e-03,2.908865826611872762e-05,2.908865826611872762e-05
3.268851995468139648e+00,2.503447985649108976e+00,3.268881082534790039e+00,2.503477072715759366e+00,8.025566339492797852e-01,8.259857833385467751e-01,9.067094922065734863e-01,9.302858769893646018e-01,1.374009966850280762e+00,5.302182078361511453e-01,1.818051487207412720e-01,2.130006015300750788e-01,3.770480630919337273e-03,3.957529505714774305e-03,2.908659917011391371e-05,2.908659917011391371e-05
2.535753250122070312e+00,2.484134554862976074e+00,2.535782337188720703e+00,2.484163641929626465e+00,8.134538531303405762e-01,8.232770085334777388e-01,9.119578003883361816e-01,9.310806155204772727e-01,5.871811509132385254e-01,5.143951147794723067e-01,2.187716513872146606e-01,2.116838350892066845e-01,4.388874862343072891e-03,3.698046761564910499e-03,2.908544956881087273e-05,2.908544956881087273e-05
2.402389049530029297e+00,2.465082645416259766e+00,2.402418136596679688e+00,2.465111732482910156e+00,8.560212254524230957e-01,8.224561691284180132e-01,9.354596138000488281e-01,9.317202508449554665e-01,3.770965635776519775e-01,4.972801297903061135e-01,2.310218214988708496e-01,2.107828587293624767e-01,2.789757680147886276e-03,2.843196643516421231e-03,2.908641909016296268e-05,2.908641909016296268e-05
2.511547803878784180e+00,2.493579769134521396e+00,2.511576890945434570e+00,2.493608856201171786e+00,7.905121445655822754e-01,8.232621908187865989e-01,9.242060780525207520e-01,9.482739686965941939e-01,6.289988756179809570e-01,5.069168537855148760e-01,1.643410176038742065e-01,2.111457452178001348e-01,3.489747643470764160e-03,3.980976948514580900e-03,2.908776878030039370e-05,2.908776878030039370e-05
2.309751987457275391e+00,2.504960656166076660e+00,2.309781074523925781e+00,2.504989743232727051e+00,8.256613016128540039e-01,8.463103950023651567e-01,9.396346807479858398e-01,9.363277196884155495e-01,3.419549763202667236e-01,4.907494217157363781e-01,1.743089705705642700e-01,2.109457656741142162e-01,2.819192409515380859e-02,2.062733918428421090e-02,2.909090471803210676e-05,2.909090471803210676e-05
2.290867805480957031e+00,2.487813305854797541e+00,2.290896892547607422e+00,2.487842392921447932e+00,7.907282710075378418e-01,8.489667057991028276e-01,9.374246001243591309e-01,9.402625918388366477e-01,3.405893146991729736e-01,4.740412086248397827e-01,2.088539600372314453e-01,2.082052379846572876e-01,1.327162049710750580e-02,1.633756710216403146e-02,2.909180693677626550e-05,2.909180693677626550e-05
2.227278232574462891e+00,2.439725852012634366e+00,2.227307319641113281e+00,2.439754939079284757e+00,7.842985987663269043e-01,8.185817301273345947e-01,9.054385423660278320e-01,9.317687928676605669e-01,3.640189766883850098e-01,4.788163006305694580e-01,1.689661741256713867e-01,2.075464382767677196e-01,4.556118976324796677e-03,3.012535162270069122e-03,2.909118120442144573e-05,2.909118120442144573e-05
2.365327835083007812e+00,2.452753591537475408e+00,2.365356922149658203e+00,2.452782678604125799e+00,8.436453342437744141e-01,8.279170632362365945e-01,9.577375650405883789e-01,9.507061541080474854e-01,3.549404144287109375e-01,4.620036602020263783e-01,2.056163698434829712e-01,2.062620565295219532e-01,3.387951059266924858e-03,5.864680511876940727e-03,2.909294016717467457e-05,2.909294016717467457e-05
2.258510589599609375e+00,2.449063348770141424e+00,2.258539676666259766e+00,2.449092435836791815e+00,7.832332849502563477e-01,8.295497715473174605e-01,9.565557241439819336e-01,9.396363496780395508e-01,3.604294359683990479e-01,4.677970618009567039e-01,1.542266756296157837e-01,2.068315520882606506e-01,4.065227229148149490e-03,5.248615425080061306e-03,2.909274553530849516e-05,2.909274553530849516e-05
2.386712789535522461e+00,2.491732597351074219e+00,2.386741876602172852e+00,2.491761684417724609e+00,8.487713932991027832e-01,8.470633208751678911e-01,9.407694935798645020e-01,9.422174990177154541e-01,3.512949347496032715e-01,4.726589649915695079e-01,2.350378930568695068e-01,2.073910206556320301e-01,1.083928812295198441e-02,2.240176275372505327e-02,2.909465183620341122e-05,2.909465183620341122e-05
2.751214981079101562e+00,2.468733644485473722e+00,2.751244068145751953e+00,2.468762731552124112e+00,8.716703653335571289e-01,8.321228146553039107e-01,9.444018602371215820e-01,9.296076595783233643e-01,6.885867714881896973e-01,4.924781352281570324e-01,2.435491085052490234e-01,2.095782399177551214e-01,3.006887156516313553e-03,4.946771357208490198e-03,2.909662362071685493e-05,2.909662362071685493e-05
2.813847780227661133e+00,2.444092297554016024e+00,2.813876867294311523e+00,2.444121384620666415e+00,8.455289006233215332e-01,8.250795364379882590e-01,9.373612999916076660e-01,9.294124841690063477e-01,8.092288970947265625e-01,4.759000957012176625e-01,2.176110446453094482e-01,2.096380382776260320e-01,4.117584787309169769e-03,4.062096262350678791e-03,2.909828617703169584e-05,2.909828617703169584e-05
2.368462562561035156e+00,2.505693078041076660e+00,2.368491649627685547e+00,2.505722165107727051e+00,8.553266525268554688e-01,8.548378527164459673e-01,9.307917952537536621e-01,9.395278394222259521e-01,3.189846873283386230e-01,4.777556777000427357e-01,2.324416935443878174e-01,2.099106311798095703e-01,3.091763518750667572e-02,2.366110496222972870e-02,2.910012699430808425e-05,2.910012699430808425e-05
2.279899835586547852e+00,2.463090634346008390e+00,2.279928922653198242e+00,2.463119721412658780e+00,8.155144453048706055e-01,8.412160158157349077e-01,9.191343784332275391e-01,9.312481939792632835e-01,3.008750677108764648e-01,4.633123993873596302e-01,2.220478057861328125e-01,2.082555294036865234e-01,2.232810854911804199e-02,1.905850358307361464e-02,2.909999966504983604e-05,2.909999966504983604e-05
2.367222070693969727e+00,2.448391890525817960e+00,2.367251157760620117e+00,2.448420977592468351e+00,8.557481169700622559e-01,8.360026836395263450e-01,9.593741893768310547e-01,9.396114349365234375e-01,3.902788460254669189e-01,4.616810947656631581e-01,1.579523682594299316e-01,2.064043164253234752e-01,3.868623869493603706e-03,4.692323645576835026e-03,2.910065268224570900e-05,2.910065268224570900e-05
2.272002458572387695e+00,2.436291265487670721e+00,2.272031545639038086e+00,2.436320352554321111e+00,8.320291042327880859e-01,8.339026212692260964e-01,9.477634429931640625e-01,9.304884791374206099e-01,2.915496230125427246e-01,4.584783256053924783e-01,1.946246922016143799e-01,2.059688553214073237e-01,6.035555154085159302e-03,7.453042780980467796e-03,2.910384864662773907e-05,2.910384864662773907e-05
2.269687652587890625e+00,2.415526413917541415e+00,2.269716739654541016e+00,2.415555500984191806e+00,8.370674848556518555e-01,8.263210535049438921e-01,9.419297575950622559e-01,9.254561901092529519e-01,3.057658374309539795e-01,4.518892079591750877e-01,1.808624416589736938e-01,2.081199198961257990e-01,4.062288440763950348e-03,3.740030480548739347e-03,2.910473267547786236e-05,2.910473267547786236e-05
2.283108711242675781e+00,2.491146945953369052e+00,2.283137798309326172e+00,2.491176033020019442e+00,8.567783832550048828e-01,8.541616141796112283e-01,9.177333712577819824e-01,9.474798977375030740e-01,2.838321924209594727e-01,4.574164479970931896e-01,2.060907930135726929e-01,2.097572639584541210e-01,1.867419481277465820e-02,2.233168631792068620e-02,2.910712646553292871e-05,2.910712646553292871e-05
2.352379560470581055e+00,2.448573803901672452e+00,2.352408647537231445e+00,2.448602890968322843e+00,8.766489028930664062e-01,8.287033140659332275e-01,9.561506509780883789e-01,9.339859068393707719e-01,2.842355370521545410e-01,4.668532699346542580e-01,2.250341176986694336e-01,2.100124970078468267e-01,1.031050644814968109e-02,9.018936567008495678e-03,2.910744115069974214e-05,2.910744115069974214e-05
2.503356695175170898e+00,2.461622428894043146e+00,2.503385782241821289e+00,2.461651515960693537e+00,7.771541476249694824e-01,8.340947091579437034e-01,9.009220600128173828e-01,9.291433930397033913e-01,6.246399283409118652e-01,4.812116146087646595e-01,1.943175047636032104e-01,2.110162973403930664e-01,6.322840694338083267e-03,6.156423268839717258e-03,2.910734838224016130e-05,2.910734838224016130e-05
2.771539449691772461e+00,2.468780016899108976e+00,2.771568536758422852e+00,2.468809103965759366e+00,8.149154782295227051e-01,8.195018589496612105e-01,9.319741725921630859e-01,9.366099596023559348e-01,7.765167951583862305e-01,4.907146483659744485e-01,2.375696003437042236e-01,2.114276766777038463e-01,1.056331302970647812e-02,1.052591884508729050e-02,2.910954208346083760e-05,2.910954208346083760e-05
2.190406322479248047e+00,2.437441182136535822e+00,2.190435409545898438e+00,2.437470269203186213e+00,8.053785562515258789e-01,8.242575407028198686e-01,9.117719531059265137e-01,9.306812644004821555e-01,2.494736462831497192e-01,4.668955415487289207e-01,2.165681123733520508e-01,2.094198554754257147e-01,7.214077748358249664e-03,6.186997471377253706e-03,2.910383773269131780e-05,2.910383773269131780e-05
2.099356651306152344e+00,2.446117281913757324e+00,2.099385738372802734e+00,2.446146368980407715e+00,8.307856917381286621e-01,8.268214285373687300e-01,9.183720946311950684e-01,9.299425065517425981e-01,1.936049461364746094e-01,4.756414949893951194e-01,1.500006616115570068e-01,2.082276448607444652e-01,6.593129131942987442e-03,5.484206229448318135e-03,2.910716648329980671e-05,2.910716648329980671e-05
3.279081821441650391e+00,2.408031177520752131e+00,3.279110908508300781e+00,2.408060264587402521e+00,8.241667151451110840e-01,8.314382314682007280e-01,8.981017470359802246e-01,9.289246320724486861e-01,1.318959593772888184e+00,4.335894942283630149e-01,2.279859483242034912e-01,2.053005516529083363e-01,9.867790155112743378e-03,8.778213616460561405e-03,2.910784132836852223e-05,2.910784132836852223e-05
2.197558164596557617e+00,2.408266448974609286e+00,2.197587251663208008e+00,2.408295536041259677e+00,8.240327835083007812e-01,8.314090907573700173e-01,9.552730321884155273e-01,9.324240267276764360e-01,2.396861612796783447e-01,4.326449096202850120e-01,1.722431629896163940e-01,2.048464685678482167e-01,6.323083303868770599e-03,6.941987900063395500e-03,2.910746115958318114e-05,2.910746115958318114e-05
2.202030181884765625e+00,2.406636261940002353e+00,2.202059268951416016e+00,2.406665349006652743e+00,8.273203372955322266e-01,8.239499568939209206e-01,9.214329719543457031e-01,9.343131244182586448e-01,2.687141597270965576e-01,4.393430620431900135e-01,1.807573735713958740e-01,2.053016364574432318e-01,3.805292537435889244e-03,3.728506504558026791e-03,2.911104456870816648e-05,2.911104456870816648e-05
2.226106882095336914e+00,2.408735537528991610e+00,2.226135969161987305e+00,2.408764624595642001e+00,8.270500898361206055e-01,8.191797912120819536e-01,9.245851635932922363e-01,9.321150898933410200e-01,2.866196334362030029e-01,4.475734740495681541e-01,1.820479631423950195e-01,2.058285757899284418e-01,5.803784821182489395e-03,4.038577433675527573e-03,2.911221963586285710e-05,2.911221963586285710e-05
2.290183067321777344e+00,2.404401421546936035e+00,2.290212154388427734e+00,2.404430508613586426e+00,8.450924754142761230e-01,8.198241770267487016e-01,9.340497851371765137e-01,9.347995221614837646e-01,2.796334922313690186e-01,4.395083665847778209e-01,2.259378433227539062e-01,2.051846370100975092e-01,5.469656083732843399e-03,5.084710940718650644e-03,2.911476258304901421e-05,2.911476258304901421e-05
4.024362087249755859e+00,2.437017321586608887e+00,4.024391174316406250e+00,2.437046408653259277e+00,8.364527225494384766e-01,8.304120182991028276e-01,9.301119446754455566e-01,9.325693011283874290e-01,2.029582262039184570e+00,4.634372085332870705e-01,2.205050736665725708e-01,2.059073284268379267e-01,7.709817960858345032e-03,4.691485688090324749e-03,2.911496267188340425e-05,2.911496267188340425e-05
2.260805845260620117e+00,2.421620821952819913e+00,2.260834932327270508e+00,2.421649909019470304e+00,8.305680751800537109e-01,8.231060981750488725e-01,9.182832837104797363e-01,9.325870335102081077e-01,2.831665873527526855e-01,4.543860763311385886e-01,2.246604859828948975e-01,2.078516200184822027e-01,4.127393476665019989e-03,3.690000530332326802e-03,2.911868432420305908e-05,2.911868432420305908e-05
2.336093902587890625e+00,2.480987501144409357e+00,2.336122989654541016e+00,2.481016588211059748e+00,8.345329165458679199e-01,8.295901715755462646e-01,9.639376997947692871e-01,9.392033100128174272e-01,2.924300432205200195e-01,4.969493091106415017e-01,2.412378042936325073e-01,2.075519427657127325e-01,3.955315798521041870e-03,7.692762324586511005e-03,2.911890805989969522e-05,2.911890805989969522e-05
2.196046113967895508e+00,2.395329427719116389e+00,2.196075201034545898e+00,2.395358514785766779e+00,7.821251153945922852e-01,8.203041970729827437e-01,8.873998522758483887e-01,9.332162082195282204e-01,3.025385439395904541e-01,4.318210929632186890e-01,2.194049358367919922e-01,2.062995135784149170e-01,4.577830433845520020e-03,3.688426665030419913e-03,2.911908086389303207e-05,2.911908086389303207e-05
2.198997020721435547e+00,2.421389484405517489e+00,2.199026107788085938e+00,2.421418571472167880e+00,8.261917829513549805e-01,8.338994860649109331e-01,8.951494693756103516e-01,9.331765830516814964e-01,2.717027366161346436e-01,4.400879770517349132e-01,1.911890953779220581e-01,2.046496823430061229e-01,1.476391777396202087e-02,9.575765766203402779e-03,2.912033960456028581e-05,2.912033960456028581e-05
2.309043169021606445e+00,2.409545111656188787e+00,2.309072256088256836e+00,2.409574198722839178e+00,8.657959103584289551e-01,8.364230334758758767e-01,9.473294019699096680e-01,9.295853674411773682e-01,2.807353734970092773e-01,4.290719300508499257e-01,2.025680989027023315e-01,2.026783823966979980e-01,1.261455565690994263e-02,1.178643377497792279e-02,2.912471427407581359e-05,2.912471427407581359e-05
2.305811405181884766e+00,2.395763444900512518e+00,2.305840492248535156e+00,2.395792531967162908e+00,8.371023535728454590e-01,8.202425301074981467e-01,9.290319681167602539e-01,9.397000133991241233e-01,2.625184655189514160e-01,4.308442682027816550e-01,2.745924890041351318e-01,2.016976401209831238e-01,2.566262148320674896e-03,3.279014257714152336e-03,2.912795753218233585e-05,2.912795753218233585e-05
2.283006906509399414e+00,2.432521748542785467e+00,2.283035993576049805e+00,2.432550835609435858e+00,8.030025959014892578e-01,8.427020788192749468e-01,9.302268028259277344e-01,9.318090796470641646e-01,2.836038172245025635e-01,4.401816070079803689e-01,2.548412382602691650e-01,2.025507599115371760e-01,1.133230421692132950e-02,1.527815572917461465e-02,2.912815762101672590e-05,2.912815762101672590e-05
2.317366838455200195e+00,2.444063639640808194e+00,2.317395925521850586e+00,2.444092726707458585e+00,9.108278751373291016e-01,8.358692765235901101e-01,9.419587850570678711e-01,9.348362803459167036e-01,2.637919485569000244e-01,4.608875215053558350e-01,1.901344209909439087e-01,2.027776569128036388e-01,1.065383572131395340e-02,9.692896623164415359e-03,2.912987838499248028e-05,2.912987838499248028e-05
2.146653652191162109e+00,2.426505494117736639e+00,2.146682739257812500e+00,2.426534581184387029e+00,8.133811354637145996e-01,8.349983990192413330e-01,9.264582991600036621e-01,9.251427233219147173e-01,2.557460665702819824e-01,4.543003082275390847e-01,1.386578679084777832e-01,2.042377278208732660e-01,1.241033058613538742e-02,7.826317101716995239e-03,2.913286152761429548e-05,2.913286152761429548e-05
2.220097303390502930e+00,2.438546824455261053e+00,2.220126390457153320e+00,2.438575911521911443e+00,8.456066846847534180e-01,8.413042604923248735e-01,9.293542504310607910e-01,9.410809040069579856e-01,2.434732168912887573e-01,4.340132772922515869e-01,1.826590895652770996e-01,2.044780895113945118e-01,1.900379918515682220e-02,1.767030060291290353e-02,2.913401658588554710e-05,2.913401658588554710e-05
2.202146530151367188e+00,2.434715747833251953e+00,2.202175617218017578e+00,2.434744834899902344e+00,7.927266359329223633e-01,8.378048777580261453e-01,9.302784204483032227e-01,9.455705165863037553e-01,2.624643743038177490e-01,4.406710207462311013e-01,2.104653418064117432e-01,2.038141757249832264e-01,6.211736239492893219e-03,6.855158135294914246e-03,2.913585376518312842e-05,2.913585376518312842e-05
2.092473030090332031e+00,2.395675349235534490e+00,2.092502117156982422e+00,2.395704436302184881e+00,7.786049246788024902e-01,8.256715476512909158e-01,9.281501770019531250e-01,9.316187441349029763e-01,2.291369885206222534e-01,4.283552408218384011e-01,1.481607556343078613e-01,2.035782307386398426e-01,8.420315571129322052e-03,6.451535830274223934e-03,2.913936623372137547e-05,2.913936623372137547e-05
4.814816951751708984e+00,2.639919257164001554e+00,4.814846038818359375e+00,2.639948344230651944e+00,8.996447324752807617e-01,9.355372667312622514e-01,9.673373699188232422e-01,9.690685629844665305e-01,2.656377792358398438e+00,4.468840092420577892e-01,2.172175347805023193e-01,2.011567384004592784e-01,7.423987984657287598e-02,8.727270215749741156e-02,2.914234937634319067e-05,2.914234937634319067e-05
2.171468496322631836e+00,2.432161283493042170e+00,2.171497583389282227e+00,2.432190370559692560e+00,7.874383330345153809e-01,8.222962975502013938e-01,9.229872822761535645e-01,9.347426593303680420e-01,3.105326294898986816e-01,4.679480493068695068e-01,1.433252394199371338e-01,2.018844887614250072e-01,7.185086142271757126e-03,5.289832176640629595e-03,2.914195647463202477e-05,2.914195647463202477e-05
2.370242357254028320e+00,2.460031676292419256e+00,2.370271444320678711e+00,2.460060763359069647e+00,7.782415747642517090e-01,8.311298847198486106e-01,9.385440945625305176e-01,9.514184117317199263e-01,4.896034896373748779e-01,4.654752522706985252e-01,1.558823287487030029e-01,2.036875754594802967e-01,7.970773614943027496e-03,8.320587733760476806e-03,2.914322249125689268e-05,2.914322249125689268e-05
2.300461292266845703e+00,2.435174942016601562e+00,2.300490379333496094e+00,2.435204029083251953e+00,8.179559111595153809e-01,8.303858399391174094e-01,9.245821237564086914e-01,9.305578172206878662e-01,3.101020753383636475e-01,4.623617172241211160e-01,2.390576303005218506e-01,2.037017688155174366e-01,8.763764053583145142e-03,8.167781634256243706e-03,2.914289507316425443e-05,2.914289507316425443e-05
2.220007896423339844e+00,2.442039823532104581e+00,2.220036983489990234e+00,2.442068910598754972e+00,8.198553323745727539e-01,8.393343508243560347e-01,9.003726840019226074e-01,9.322915971279144287e-01,2.648271918296813965e-01,4.624038487672805786e-01,2.293223589658737183e-01,2.037518262863159124e-01,5.630163941532373428e-03,4.258198244497179812e-03,2.914617834903765470e-05,2.914617834903765470e-05
2.887844800949096680e+00,2.449188947677612305e+00,2.887873888015747070e+00,2.449218034744262695e+00,8.366069197654724121e-01,8.310293853282928467e-01,9.339335560798645020e-01,9.303109645843505859e-01,8.794477581977844238e-01,4.749573260545730813e-01,2.338872402906417847e-01,2.073393508791923634e-01,3.969394136220216751e-03,5.551898200064897364e-03,2.914768629125319421e-05,2.914768629125319421e-05
3.520636558532714844e+00,2.478932118415832608e+00,3.520665645599365234e+00,2.478961205482482999e+00,8.089585304260253906e-01,8.328870534896850586e-01,9.289706945419311523e-01,9.377910315990447554e-01,1.524803400039672852e+00,4.892955124378204346e-01,2.483720779418945312e-01,2.071297958493232838e-01,9.532046504318714142e-03,1.182876732200384071e-02,2.914588185376487672e-05,2.914588185376487672e-05
2.240262508392333984e+00,2.459240365028381170e+00,2.240291595458984375e+00,2.459269452095031561e+00,7.938300371170043945e-01,8.346233665943145752e-01,9.133455157279968262e-01,9.340232014656066895e-01,2.964270412921905518e-01,4.766389548778534047e-01,2.309345006942749023e-01,2.068015694618225153e-01,5.725360009819269180e-03,7.153268484398722475e-03,2.914507967943791300e-05,2.914507967943791300e-05
2.349275827407836914e+00,2.452102398872375577e+00,2.349304914474487305e+00,2.452131485939025968e+00,8.526540994644165039e-01,8.343119740486144575e-01,9.547380208969116211e-01,9.386802077293395774e-01,2.905469536781311035e-01,4.653982430696487205e-01,2.458367198705673218e-01,2.072754934430122431e-01,5.500126630067825317e-03,6.436444120481610298e-03,2.914448486990295351e-05,2.914448486990295351e-05
2.176326513290405273e+00,2.438506889343261541e+00,2.176355600357055664e+00,2.438535976409911932e+00,7.845304608345031738e-01,8.261797606945038286e-01,9.048396944999694824e-01,9.336116373538970725e-01,2.988635897636413574e-01,4.642039567232131847e-01,1.790382713079452515e-01,2.077706441283226069e-01,9.054355323314666748e-03,6.740764621645212520e-03,2.914155629696324468e-05,2.914155629696324468e-05
2.659704923629760742e+00,2.436489748954772772e+00,2.659734010696411133e+00,2.436518836021423162e+00,8.547019958496093750e-01,8.253680765628814697e-01,9.590679407119750977e-01,9.342584669589996116e-01,6.329234242439270020e-01,4.675316154956817849e-01,2.100012749433517456e-01,2.042775288224220331e-01,3.010253654792904854e-03,5.054052453488111496e-03,2.914244760177098215e-05,2.914244760177098215e-05
2.281737089157104492e+00,2.448816919326782138e+00,2.281766176223754883e+00,2.448846006393432528e+00,8.418773412704467773e-01,8.298133969306945579e-01,9.458032250404357910e-01,9.326239466667175515e-01,3.495052158832550049e-01,4.734652817249297985e-01,1.314123570919036865e-01,2.037334799766540583e-01,1.313906628638505936e-02,9.180798288434743534e-03,2.913839671236928552e-05,2.913839671236928552e-05
2.338056087493896484e+00,2.454334282875060946e+00,2.338085174560546875e+00,2.454363369941711337e+00,8.560441136360168457e-01,8.259685933589935303e-01,9.498361945152282715e-01,9.350700378417968750e-01,3.607108294963836670e-01,4.859890758991241566e-01,1.661750972270965576e-01,2.030354097485542186e-01,5.289696156978607178e-03,4.271197877824306315e-03,2.914226934080943465e-05,2.914226934080943465e-05
2.305477380752563477e+00,2.449003243446350009e+00,2.305506467819213867e+00,2.449032330513000399e+00,8.308751583099365234e-01,8.333382666110992210e-01,9.492456316947937012e-01,9.347138762474059837e-01,3.422547876834869385e-01,4.648302108049392478e-01,1.694015264511108398e-01,2.024602577090263422e-01,1.370019558817148209e-02,1.366064427420496906e-02,2.914279684773646295e-05,2.914279684773646295e-05
2.140961647033691406e+00,2.449762010574340731e+00,2.140990734100341797e+00,2.449791097640991122e+00,7.740769386291503906e-01,8.296069920063018355e-01,8.836383819580078125e-01,9.343217253684997781e-01,3.274308741092681885e-01,4.798994451761245950e-01,1.473012864589691162e-01,2.015411049127578680e-01,8.514069952070713043e-03,4.392754565924405878e-03,2.914289871114306152e-05,2.914289871114306152e-05
2.408418893814086914e+00,2.461379790306091220e+00,2.408447980880737305e+00,2.461408877372741610e+00,7.943017482757568359e-01,8.389194607734680176e-01,9.248474836349487305e-01,9.363622665405273438e-01,4.621517062187194824e-01,4.752673715353011863e-01,2.200950533151626587e-01,2.014173895120620617e-01,7.022882346063852310e-03,9.413283504545687935e-03,2.914065589720848948e-05,2.914065589720848948e-05
2.263453960418701172e+00,2.446160292625427335e+00,2.263483047485351562e+00,2.446189379692077726e+00,8.338510990142822266e-01,8.246297538280487061e-01,9.142518639564514160e-01,9.370198607444762962e-01,3.082259297370910645e-01,4.771486788988113514e-01,1.968310475349426270e-01,2.017485842108726612e-01,1.029431819915771484e-02,5.613427888602018183e-03,2.914115611929446459e-05,2.914115611929446459e-05
2.296784639358520508e+00,2.465998482704162775e+00,2.296813726425170898e+00,2.466027569770813166e+00,8.473615646362304688e-01,8.347634732723235862e-01,9.603014588356018066e-01,9.435267746448516846e-01,3.216870427131652832e-01,4.798108369112014659e-01,1.635511964559555054e-01,2.018741846084594616e-01,3.883529221639037132e-03,6.023180484771728342e-03,2.914246397267561406e-05,2.914246397267561406e-05
3.449938297271728516e+00,2.608959555625915527e+00,3.449967384338378906e+00,2.608988642692565918e+00,1.038858175277709961e+00,9.169049978256225142e-01,9.216954112052917480e-01,9.364488661289215310e-01,1.121012210845947266e+00,4.756039142608642356e-01,1.554032266139984131e-01,2.023300960659980829e-01,2.129692733287811279e-01,7.767174169421195429e-02,2.914521974162198603e-05,2.914521974162198603e-05
2.381150484085083008e+00,2.531501436233520419e+00,2.381179571151733398e+00,2.531530523300170810e+00,8.741481900215148926e-01,8.576336979866028276e-01,9.491199254989624023e-01,9.534361064434051514e-01,3.485412895679473877e-01,4.938658356666564830e-01,1.737326979637145996e-01,1.993123918771743663e-01,3.560828045010566711e-02,2.725337911397218704e-02,2.914220749516971409e-05,2.914220749516971409e-05
2.921355962753295898e+00,2.463243675231933771e+00,2.921385049819946289e+00,2.463272762298584162e+00,8.226538300514221191e-01,8.354475080966949907e-01,9.309874176979064941e-01,9.390355348587036133e-01,9.181935191154479980e-01,4.830791145563125832e-01,2.440303862094879150e-01,1.971267744898796137e-01,5.490711424499750137e-03,8.554755523800850608e-03,2.914327342296019197e-05,2.914327342296019197e-05
2.855753660202026367e+00,2.478664255142212003e+00,2.855782747268676758e+00,2.478693342208862394e+00,8.399888873100280762e-01,8.433706104755401833e-01,9.478598237037658691e-01,9.377980768680572732e-01,8.730302453041076660e-01,4.792392343282699807e-01,1.801130473613739014e-01,1.965406179428100530e-01,1.476177200675010681e-02,2.171561270952224870e-02,2.914586184488143772e-05,2.914586184488143772e-05
2.378189325332641602e+00,2.439537644386291504e+00,2.378218412399291992e+00,2.439566731452941895e+00,8.623880743980407715e-01,8.329695940017700639e-01,9.757945537567138672e-01,9.316191315650940163e-01,3.175644278526306152e-01,4.692610830068588146e-01,2.187619358301162720e-01,1.980883732438087352e-01,3.680304624140262604e-03,7.599486643448472370e-03,2.914952347055077553e-05,2.914952347055077553e-05
2.262107372283935547e+00,2.443143701553344815e+00,2.262136459350585938e+00,2.443172788619995206e+00,8.045574426651000977e-01,8.224978387355804665e-01,9.594421386718750000e-01,9.387830674648285356e-01,2.971118390560150146e-01,4.767097294330596702e-01,1.976903975009918213e-01,1.990964442491531261e-01,3.305457765236496925e-03,6.056627957150340080e-03,2.915150616900064051e-05,2.915150616900064051e-05
2.297421216964721680e+00,2.456744122505187811e+00,2.297450304031372070e+00,2.456773209571838201e+00,8.413411974906921387e-01,8.239752948284149170e-01,9.626794457435607910e-01,9.377956330776214822e-01,2.888628244400024414e-01,4.888849228620529286e-01,2.007949799299240112e-01,2.012219145894050543e-01,3.742802888154983521e-03,4.866321850568055933e-03,2.914804281317628920e-05,2.914804281317628920e-05
2.274398565292358398e+00,2.449994516372680842e+00,2.274427652359008789e+00,2.450023603439331232e+00,8.353498578071594238e-01,8.203534424304962380e-01,9.272831082344055176e-01,9.338035821914673074e-01,3.137597441673278809e-01,4.916811108589172474e-01,1.933518201112747192e-01,1.999934047460555919e-01,4.654095042496919632e-03,4.163031931966543198e-03,2.914766992034856230e-05,2.914766992034856230e-05
2.534927368164062500e+00,2.429816889762878240e+00,2.534956455230712891e+00,2.429845976829528631e+00,8.183687329292297363e-01,8.206340491771697554e-01,9.415482282638549805e-01,9.330412685871124490e-01,6.233077645301818848e-01,4.730805158615112305e-01,1.483733057975769043e-01,1.995563447475433294e-01,3.329362720251083374e-03,3.504701983183622447e-03,2.915028744610026479e-05,2.915028744610026479e-05
2.160909414291381836e+00,2.436906456947326660e+00,2.160938501358032227e+00,2.436935544013977051e+00,7.723485231399536133e-01,8.208456993103027122e-01,9.403190016746520996e-01,9.326199471950531450e-01,2.926984429359436035e-01,4.801537036895752175e-01,1.513778120279312134e-01,1.993486344814300593e-01,4.165675491094589233e-03,3.938370500691235065e-03,2.915093500632792711e-05,2.915093500632792711e-05
2.182070255279541016e+00,2.435986423492431552e+00,2.182099342346191406e+00,2.436015510559081942e+00,7.945581078529357910e-01,8.248220562934875932e-01,9.147837162017822266e-01,9.395860195159911887e-01,3.013011217117309570e-01,4.693163663148879894e-01,1.642910838127136230e-01,1.979314327239990179e-01,7.135996129363775253e-03,4.330448806285858154e-03,2.915333243436180055e-05,2.915333243436180055e-05
2.232053041458129883e+00,2.430340981483459561e+00,2.232082128524780273e+00,2.430370068550109952e+00,8.462953567504882812e-01,8.252587616443634033e-01,9.568228721618652344e-01,9.327203929424285889e-01,2.799769043922424316e-01,4.706409513950348122e-01,1.446452736854553223e-01,1.978257566690445057e-01,4.312810488045215607e-03,3.895095037296414549e-03,2.915453660534694791e-05,2.915453660534694791e-05
2.267071008682250977e+00,2.461471819877624423e+00,2.267100095748901367e+00,2.461500906944274814e+00,8.383405804634094238e-01,8.462560474872589111e-01,9.296087026596069336e-01,9.352101147174834983e-01,2.756839394569396973e-01,4.719571381807327048e-01,2.147742211818695068e-01,1.950525492429733276e-01,8.663696236908435822e-03,1.299598729237914051e-02,2.915843833761755377e-05,2.915843833761755377e-05
5.271165847778320312e+00,2.397238874435424716e+00,5.271194934844970703e+00,2.397267961502075106e+00,8.317497968673706055e-01,8.349598348140716553e-01,8.906061053276062012e-01,9.347698569297790971e-01,3.331139087677001953e+00,4.263288736343383567e-01,2.077920436859130859e-01,1.951255887746810858e-01,9.879327379167079926e-03,6.054752226918935949e-03,2.915945515269413590e-05,2.915945515269413590e-05
2.212155580520629883e+00,2.431285738945007324e+00,2.212184667587280273e+00,2.431314826011657715e+00,8.173532485961914062e-01,8.272174239158630593e-01,9.186475872993469238e-01,9.349982082843780740e-01,2.403792887926101685e-01,4.634616076946258545e-01,2.216020524501800537e-01,1.966142371296882574e-01,1.417349372059106827e-02,8.994212374091148376e-03,2.915970253525301814e-05,2.915970253525301814e-05
2.203862428665161133e+00,2.391508531570434748e+00,2.203891515731811523e+00,2.391537618637085139e+00,8.040983080863952637e-01,8.256233036518096924e-01,9.190393090248107910e-01,9.320278227329253928e-01,2.571797072887420654e-01,4.358936905860900657e-01,2.210631966590881348e-01,1.951489508152008112e-01,2.481949049979448318e-03,2.814753446727991104e-03,2.915895311161875725e-05,2.915895311161875725e-05
2.104569673538208008e+00,2.407132101058960139e+00,2.104598760604858398e+00,2.407161188125610529e+00,7.669694423675537109e-01,8.258108139038086160e-01,8.905045390129089355e-01,9.309432744979858620e-01,2.627828121185302734e-01,4.533828377723693737e-01,1.804828643798828125e-01,1.941346704959869274e-01,3.829875728115439415e-03,2.860504807904362592e-03,2.915974619099870324e-05,2.915974619099870324e-05
2.251604557037353516e+00,2.409984040260314764e+00,2.251633644104003906e+00,2.410013127326965154e+00,8.556590080261230469e-01,8.268047571182250977e-01,9.523479938507080078e-01,9.343574941158294678e-01,2.489451915025711060e-01,4.506274461746215820e-01,1.905755400657653809e-01,1.942346945405006298e-01,4.076740704476833344e-03,3.959639975801110094e-03,2.916418452514335513e-05,2.916418452514335513e-05
2.366829633712768555e+00,2.411457538604736328e+00,2.366858720779418945e+00,2.411486625671386719e+00,8.332455754280090332e-01,8.328216314315796120e-01,9.505062103271484375e-01,9.322713673114776389e-01,3.880662322044372559e-01,4.446835130453109519e-01,1.904685497283935547e-01,1.942467615008354187e-01,4.543148912489414215e-03,7.434336654841900045e-03,2.916498488048091531e-05,2.916498488048091531e-05
2.148609161376953125e+00,2.440537691116333008e+00,2.148638248443603516e+00,2.440566778182983398e+00,8.207946419715881348e-01,8.360939562320709451e-01,9.485340118408203125e-01,9.372588932514190896e-01,2.085912674665451050e-01,4.596893131732940896e-01,1.594912260770797729e-01,1.945633769035339244e-01,1.119793672114610672e-02,1.293213134631514619e-02,2.916516314144246280e-05,2.916516314144246280e-05
2.188882112503051758e+00,2.440920472145080566e+00,2.188911199569702148e+00,2.440949559211730957e+00,8.159677386283874512e-01,8.258300125598907471e-01,9.314656257629394531e-01,9.292137980461120383e-01,2.703750133514404297e-01,4.731111377477645874e-01,1.459132432937622070e-01,1.978177919983863942e-01,2.516045048832893372e-02,1.494775386527180672e-02,2.916408629971556365e-05,2.916408629971556365e-05
2.232005119323730469e+00,2.404351520538329900e+00,2.232034206390380859e+00,2.404380607604980291e+00,8.256126642227172852e-01,8.237021923065185325e-01,9.269084930419921875e-01,9.292998313903808594e-01,2.771375477313995361e-01,4.475783020257949607e-01,1.968618631362915039e-01,1.997298762202262823e-01,5.484465509653091431e-03,4.041304229758679867e-03,2.916458106483332813e-05,2.916458106483332813e-05
2.201277494430541992e+00,2.494559121131897150e+00,2.201306581497192383e+00,2.494588208198547541e+00,8.020158410072326660e-01,8.405103504657744917e-01,9.243829846382141113e-01,9.370182096958160622e-01,2.688112854957580566e-01,5.007004886865615845e-01,1.887439042329788208e-01,2.018034666776657160e-01,1.732346042990684509e-02,1.452653035521507194e-02,2.916339144576340914e-05,2.916339144576340914e-05
3.188874721527099609e+00,2.446141076087951838e+00,3.188903808593750000e+00,2.446170163154602228e+00,7.909041047096252441e-01,8.273274242877960427e-01,9.406143426895141602e-01,9.281442880630492720e-01,1.304737925529479980e+00,4.821687698364257590e-01,1.488368213176727295e-01,2.036206170916557423e-01,3.781570820137858391e-03,4.880017740651965488e-03,2.915964432759210467e-05,2.915964432759210467e-05
2.284427642822265625e+00,2.441275715827941895e+00,2.284456729888916016e+00,2.441304802894592285e+00,8.476249575614929199e-01,8.259648621082306130e-01,9.335854053497314453e-01,9.307155489921570268e-01,2.705979049205780029e-01,4.751419454813003429e-01,2.281859666109085083e-01,2.050100386142730824e-01,4.433384165167808533e-03,4.443203145638108080e-03,2.915462391683831811e-05,2.915462391683831811e-05
2.336413383483886719e+00,2.437455534934997559e+00,2.336442470550537109e+00,2.437484622001647949e+00,7.864167690277099609e-01,8.290771484375000222e-01,9.069119095802307129e-01,9.335024237632751909e-01,3.883705139160156250e-01,4.615760862827301136e-01,2.449993193149566650e-01,2.030678957700729481e-01,9.714909829199314117e-03,1.023201541975140606e-02,2.915716504503507167e-05,2.915716504503507167e-05
2.332031488418579102e+00,2.431446194648742676e+00,2.332060575485229492e+00,2.431475281715393066e+00,8.778666257858276367e-01,8.286290049552917925e-01,9.477201104164123535e-01,9.311611652374267578e-01,3.094418942928314209e-01,4.589177310466766579e-01,1.857306361198425293e-01,2.039096325635910145e-01,1.127218268811702728e-02,8.828625362366438606e-03,2.915758886956609786e-05,2.915758886956609786e-05
2.212117671966552734e+00,2.421772718429565430e+00,2.212146759033203125e+00,2.421801805496215820e+00,8.050008416175842285e-01,8.249098479747771773e-01,9.280314445495605469e-01,9.317630946636199507e-01,2.856390774250030518e-01,4.569464713335037453e-01,1.881903856992721558e-01,2.029500842094421331e-01,5.256035830825567245e-03,5.203255545347928654e-03,2.915778532042168081e-05,2.915778532042168081e-05
2.252541065216064453e+00,2.427227187156677068e+00,2.252570152282714844e+00,2.427256274223327459e+00,8.382048606872558594e-01,8.271119356155395286e-01,9.318516254425048828e-01,9.287938594818114790e-01,2.669700682163238525e-01,4.639296293258666770e-01,2.116552591323852539e-01,2.028185397386551014e-01,3.858998417854309082e-03,4.573258990421891386e-03,2.915370350820012391e-05,2.915370350820012391e-05
2.228210210800170898e+00,2.423963928222656161e+00,2.228239297866821289e+00,2.423993015289306552e+00,8.065502047538757324e-01,8.318426728248595747e-01,9.105536937713623047e-01,9.350864529609680398e-01,2.694481611251831055e-01,4.485030531883239524e-01,2.349638491868972778e-01,2.026126518845558222e-01,6.694362033158540726e-03,5.919084185734391212e-03,2.915255936386529356e-05,2.915255936386529356e-05
2.269507646560668945e+00,2.408349156379699707e+00,2.269536733627319336e+00,2.408378243446350098e+00,8.257200121879577637e-01,8.240206420421600786e-01,9.332403540611267090e-01,9.280242979526519553e-01,2.711441814899444580e-01,4.481460124254226796e-01,2.347584366798400879e-01,2.029516085982322748e-01,4.644641652703285217e-03,5.206530960276722735e-03,2.915472214226610959e-05,2.915472214226610959e-05
2.208986997604370117e+00,2.421545577049255549e+00,2.209016084671020508e+00,2.421574664115905939e+00,8.154152035713195801e-01,8.184617757797241211e-01,9.504617452621459961e-01,9.300014793872832808e-01,2.843990623950958252e-01,4.641581416130066140e-01,1.538709700107574463e-01,2.050463289022445568e-01,4.839824512600898743e-03,3.877856372855603868e-03,2.915251570811960846e-05,2.915251570811960846e-05
2.210697412490844727e+00,2.423724818229675115e+00,2.210726499557495117e+00,2.423753905296325506e+00,8.174540400505065918e-01,8.263492643833160178e-01,9.171644449234008789e-01,9.269698083400725874e-01,2.766211330890655518e-01,4.587963372468948364e-01,1.944482326507568359e-01,2.058604001998901312e-01,5.009656306356191635e-03,5.749043868854641567e-03,2.915470759035088122e-05,2.915470759035088122e-05
2.301782131195068359e+00,2.417553091049194247e+00,2.301811218261718750e+00,2.417582178115844638e+00,8.692259788513183594e-01,8.217786490917206033e-01,9.322926998138427734e-01,9.337443470954894797e-01,2.952043712139129639e-01,4.535299509763717762e-01,2.009535282850265503e-01,2.049594283103942927e-01,4.105575382709503174e-03,3.540741046890616417e-03,2.915100776590406895e-05,2.915100776590406895e-05
2.269872188568115234e+00,2.408873748779297053e+00,2.269901275634765625e+00,2.408902835845947443e+00,8.465415835380554199e-01,8.184916913509369119e-01,9.181192517280578613e-01,9.297489225864410400e-01,2.712838649749755859e-01,4.521311223506927490e-01,2.286686450242996216e-01,2.048594966530799810e-01,5.258877296000719070e-03,3.642507921904325572e-03,2.915660661528818309e-05,2.915660661528818309e-05
2.225063800811767578e+00,2.428073072433471591e+00,2.225092887878417969e+00,2.428102159500121981e+00,8.375716209411621094e-01,8.322456359863281694e-01,9.384173750877380371e-01,9.245729446411132812e-01,2.674451172351837158e-01,4.607628732919692993e-01,1.774887442588806152e-01,2.047215148806572071e-01,4.140905104577541351e-03,5.770003562793135990e-03,2.915625009336508811e-05,2.915625009336508811e-05
3.448901891708374023e+00,2.420608496665954679e+00,3.448930978775024414e+00,2.420637583732605069e+00,8.853097558021545410e-01,8.244200170040130171e-01,9.378332495689392090e-01,9.239471137523651567e-01,1.449874877929687500e+00,4.639006882905959972e-01,1.732247322797775269e-01,2.054085955023765564e-01,2.659205114468932152e-03,2.931983768939972011e-03,2.915557342930696905e-05,2.915557342930696905e-05
2.171489238739013672e+00,2.405853724479675382e+00,2.171518325805664062e+00,2.405882811546325772e+00,7.936379909515380859e-01,8.179487347602844016e-01,9.210971593856811523e-01,9.371904492378234641e-01,2.597103714942932129e-01,4.451592504978180154e-01,1.949046105146408081e-01,2.028224438428878895e-01,2.139000454917550087e-03,2.732909936457872564e-03,2.915296317951288074e-05,2.915296317951288074e-05
3.298659086227416992e+00,2.413804745674133390e+00,3.298688173294067383e+00,2.413833832740783780e+00,8.554501533508300781e-01,8.248241007328033225e-01,9.455997943878173828e-01,9.277617931365966797e-01,1.270333409309387207e+00,4.530391275882720836e-01,2.211261838674545288e-01,2.026276811957359314e-01,6.149424705654382706e-03,5.552090890705585653e-03,2.915235018008388579e-05,2.915235018008388579e-05
2.258491277694702148e+00,2.416383361816406339e+00,2.258520364761352539e+00,2.416412448883056729e+00,8.366572856903076172e-01,8.239790380001068559e-01,9.253859519958496094e-01,9.303322494029998557e-01,3.013765513896942139e-01,4.551711410284042247e-01,1.915089488029479980e-01,2.033221468329429737e-01,3.562490688636898994e-03,3.578739333897829143e-03,2.915391632996033877e-05,2.915391632996033877e-05
2.217335700988769531e+00,2.410404729843139471e+00,2.217364788055419922e+00,2.410433816909789861e+00,8.164268732070922852e-01,8.274096429347992387e-01,9.423364996910095215e-01,9.366079151630402055e-01,2.618456780910491943e-01,4.385450214147567638e-01,1.943653523921966553e-01,2.038951173424720653e-01,2.361453138291835785e-03,3.947010822594165455e-03,2.915474397013895214e-05,2.915474397013895214e-05
6.595314979553222656e+00,2.437680125236511230e+00,6.595344066619873047e+00,2.437709212303161621e+00,8.237551450729370117e-01,8.349518537521362083e-01,9.047752618789672852e-01,9.274702727794646995e-01,4.579501628875732422e+00,4.659351319074630515e-01,2.816358804702758789e-01,2.041727438569068964e-01,5.647308193147182465e-03,5.150146177038550030e-03,2.915317600127309561e-05,2.915317600127309561e-05
2.216512918472290039e+00,2.407342481613159002e+00,2.216542005538940430e+00,2.407371568679809393e+00,8.379804491996765137e-01,8.256291210651397483e-01,9.352953433990478516e-01,9.368740677833556907e-01,2.636680603027343750e-01,4.386632233858108743e-01,1.757050007581710815e-01,2.020256251096725353e-01,3.863974474370479584e-03,4.150452092289924622e-03,2.914939250331372023e-05,2.914939250331372023e-05
2.161259174346923828e+00,2.394701147079467685e+00,2.161288261413574219e+00,2.394730234146118075e+00,8.369877338409423828e-01,8.265500485897063765e-01,9.357686042785644531e-01,9.371611654758453813e-01,2.153578698635101318e-01,4.264771014451980702e-01,1.700117588043212891e-01,2.006234541535377447e-01,3.133377293124794960e-03,3.889452409930527297e-03,2.915372169809415936e-05,2.915372169809415936e-05
2.200849771499633789e+00,2.510935950279235662e+00,2.200878858566284180e+00,2.510965037345886053e+00,8.562002778053283691e-01,8.716999530792236550e-01,9.251044392585754395e-01,9.363851308822631614e-01,2.101781666278839111e-01,4.768991619348526001e-01,1.841005980968475342e-01,1.977964550256729181e-01,2.526645176112651825e-02,2.815530505031347414e-02,2.915229924838058650e-05,2.915229924838058650e-05
2.625409364700317383e+00,2.460605263710021973e+00,2.625438451766967773e+00,2.460634350776672363e+00,8.873315453529357910e-01,8.412640094757080078e-01,9.430514574050903320e-01,9.406712293624878152e-01,5.430369377136230469e-01,4.736388862133026345e-01,2.475809156894683838e-01,1.977024376392364502e-01,4.408387467265129089e-03,7.328705862164497375e-03,2.915812729042954743e-05,2.915812729042954743e-05
2.300981044769287109e+00,2.420744657516479492e+00,2.301010131835937500e+00,2.420773744583129883e+00,8.805743455886840820e-01,8.262365102767944558e-01,9.685394167900085449e-01,9.402250707149505393e-01,2.751825153827667236e-01,4.507498294115066528e-01,1.721848547458648682e-01,1.983105063438415638e-01,4.499946720898151398e-03,5.222718184813857252e-03,2.916017911047674716e-05,2.916017911047674716e-05
2.183415651321411133e+00,2.430524396896362127e+00,2.183444738388061523e+00,2.430553483963012518e+00,7.536678910255432129e-01,8.236959099769591841e-01,8.971293568611145020e-01,9.364416301250457764e-01,3.161609768867492676e-01,4.646846145391464455e-01,2.111493796110153198e-01,1.998719379305839428e-01,5.307872314006090164e-03,5.830308375880122358e-03,2.915985896834172308e-05,2.915985896834172308e-05
2.389850854873657227e+00,2.428562831878662287e+00,2.389879941940307617e+00,2.428591918945312678e+00,8.719183206558227539e-01,8.381257891654968484e-01,9.530007839202880859e-01,9.310787856578827126e-01,3.116138279438018799e-01,4.476818889379501343e-01,2.473204880952835083e-01,2.014848798513412531e-01,5.997319240123033524e-03,1.019157068803906371e-02,2.915807272074744105e-05,2.915807272074744105e-05
2.240226984024047852e+00,2.418620347976684570e+00,2.240256071090698242e+00,2.418649435043334961e+00,8.070071935653686523e-01,8.242685079574585405e-01,9.293108582496643066e-01,9.364886701107024702e-01,3.096838593482971191e-01,4.498483270406722911e-01,1.862411051988601685e-01,2.022182077169418224e-01,7.983910851180553436e-03,5.796632776036858385e-03,2.915625191235449165e-05,2.915625191235449165e-05
2.227790355682373047e+00,2.425984287261962802e+00,2.227819442749023438e+00,2.426013374328613192e+00,8.098655343055725098e-01,8.290507793426513672e-01,9.251820445060729980e-01,9.401079595088959184e-01,2.786410152912139893e-01,4.445532917976379172e-01,2.058531045913696289e-01,2.029881805181503185e-01,8.248763158917427063e-03,9.284058678895234715e-03,2.915787990787066519e-05,2.915787990787066519e-05
2.420522689819335938e+00,2.429491615295410245e+00,2.420551776885986328e+00,2.429520702362060636e+00,8.306232690811157227e-01,8.273526370525360329e-01,9.326150417327880859e-01,9.295907378196716087e-01,3.861916363239288330e-01,4.634504973888396995e-01,2.665188610553741455e-01,2.026032477617263905e-01,4.573926795274019241e-03,6.494506401941180576e-03,2.915570803452283144e-05,2.915570803452283144e-05
2.220213890075683594e+00,2.421543359756469727e+00,2.220242977142333984e+00,2.421572446823120117e+00,8.279717564582824707e-01,8.193544566631316695e-01,9.365255236625671387e-01,9.333740711212158425e-01,3.305599987506866455e-01,4.667899459600448608e-01,1.223308593034744263e-01,1.994924142956733815e-01,2.825781470164656639e-03,2.532434859313070861e-03,2.915223740274086595e-05,2.915223740274086595e-05
2.657134294509887695e+00,2.490345644950866522e+00,2.657163381576538086e+00,2.490374732017516912e+00,8.227968215942382812e-01,8.500703275203704834e-01,9.008448123931884766e-01,9.436165869235992876e-01,6.897972822189331055e-01,4.726395994424820168e-01,2.222675681114196777e-01,2.006128579378128052e-01,2.142784185707569122e-02,2.340628430247306685e-02,2.915401637437753379e-05,2.915401637437753379e-05
2.332519531250000000e+00,2.435531735420227051e+00,2.332548618316650391e+00,2.435560822486877441e+00,7.911356091499328613e-01,8.223405480384826660e-01,9.216837286949157715e-01,9.337958693504333496e-01,3.797727823257446289e-01,4.754544645547866821e-01,2.365718334913253784e-01,2.008408710360526928e-01,3.355504479259252548e-03,3.100017923861741933e-03,2.915297409344930202e-05,2.915297409344930202e-05
2.663882732391357422e+00,2.443227481842041193e+00,2.663911819458007812e+00,2.443256568908691584e+00,8.265609145164489746e-01,8.222453355789184348e-01,9.341441988945007324e-01,9.360546410083770974e-01,7.067373991012573242e-01,4.787517070770263561e-01,1.923729777336120605e-01,2.015404790639877264e-01,4.067257512360811234e-03,4.635328613221645529e-03,2.915461300290189683e-05,2.915461300290189683e-05
2.324919462203979492e+00,2.419857788085937322e+00,2.324948549270629883e+00,2.419886875152587713e+00,8.221157193183898926e-01,8.267058014869690385e-01,9.374577403068542480e-01,9.330724835395812766e-01,3.406227827072143555e-01,4.467156052589416615e-01,2.169316560029983521e-01,2.030343815684318431e-01,7.791632320731878281e-03,1.032955283299088513e-02,2.914833748945966363e-05,2.914833748945966363e-05
2.211830854415893555e+00,2.421642327308654696e+00,2.211859941482543945e+00,2.421671414375305087e+00,8.225734829902648926e-01,8.204258739948272483e-01,9.166687130928039551e-01,9.384028434753417525e-01,3.052684068679809570e-01,4.538281053304672463e-01,1.601365804672241211e-01,2.043486922979354803e-01,7.183884270489215851e-03,4.636886483058333570e-03,2.914839751610998064e-05,2.914839751610998064e-05
2.265058279037475586e+00,2.453342747688293635e+00,2.265087366104125977e+00,2.453371834754944025e+00,8.181836009025573730e-01,8.306341707706451638e-01,9.716464281082153320e-01,9.335775732994079368e-01,3.271953463554382324e-01,4.764306753873824851e-01,1.398262083530426025e-01,2.029126495122909601e-01,8.206620812416076660e-03,9.787648916244506836e-03,2.914552715083118528e-05,2.914552715083118528e-05
2.771052360534667969e+00,2.404184365272521884e+00,2.771081447601318359e+00,2.404213452339172274e+00,8.351058959960937500e-01,8.215317249298095259e-01,9.588752985000610352e-01,9.387017905712127241e-01,7.611715793609619141e-01,4.380045443773269431e-01,2.130033969879150391e-01,2.025800704956054743e-01,2.896015532314777374e-03,3.366200230084359733e-03,2.914505239459685981e-05,2.914505239459685981e-05
2.224442720413208008e+00,2.422931742668152033e+00,2.224471807479858398e+00,2.422960829734802424e+00,7.709848284721374512e-01,8.185979425907135010e-01,9.424132704734802246e-01,9.359605073928832786e-01,3.245334625244140625e-01,4.633286595344543457e-01,1.827659606933593750e-01,2.019155308604240473e-01,3.745425026863813400e-03,3.129129484295845205e-03,2.914781725849024951e-05,2.914781725849024951e-05
2.322539806365966797e+00,2.410927414894104004e+00,2.322568893432617188e+00,2.410956501960754395e+00,8.331859707832336426e-01,8.231911659240722656e-01,9.241693019866943359e-01,9.347522675991057906e-01,3.044716119766235352e-01,4.483562141656875499e-01,2.572729885578155518e-01,2.004482999444007763e-01,3.440205473452806473e-03,4.179485607892274857e-03,2.914954347943421453e-05,2.914954347943421453e-05
2.295366048812866211e+00,2.428713321685791016e+00,2.295395135879516602e+00,2.428742408752441406e+00,8.148611187934875488e-01,8.254164516925811546e-01,9.497061967849731445e-01,9.419458329677581343e-01,3.264134526252746582e-01,4.511483013629913330e-01,1.964738816022872925e-01,2.018839627504348810e-01,7.911425083875656128e-03,8.318720711395144116e-03,2.914626020356081426e-05,2.914626020356081426e-05
2.270576715469360352e+00,2.420216012001037420e+00,2.270605802536010742e+00,2.420245099067687811e+00,7.847688794136047363e-01,8.265487372875213179e-01,9.046764373779296875e-01,9.328002810478210893e-01,3.096325099468231201e-01,4.493394166231155507e-01,2.663008272647857666e-01,2.044713735580444280e-01,5.198035389184951782e-03,7.056151563301682299e-03,2.914588912972249091e-05,2.914588912972249091e-05
2.308176517486572266e+00,2.450190567970275790e+00,2.308205604553222656e+00,2.450219655036926181e+00,8.730309605598449707e-01,8.292904436588287576e-01,9.544610381126403809e-01,9.322228133678436279e-01,3.118177652359008789e-01,4.710437923669815174e-01,1.577021479606628418e-01,2.071841672062873785e-01,1.116450317203998566e-02,1.044947579503059318e-02,2.914612559834495187e-05,2.914612559834495187e-05
2.852765321731567383e+00,2.463371467590332209e+00,2.852794408798217773e+00,2.463400554656982600e+00,8.534214496612548828e-01,8.195944190025329368e-01,9.461694359779357910e-01,9.278552114963531938e-01,7.915194630622863770e-01,4.965760231018066517e-01,2.576941847801208496e-01,2.122369825839996449e-01,3.960825502872467041e-03,7.108819065615534435e-03,2.914272045018151402e-05,2.914272045018151402e-05
2.327715158462524414e+00,2.466215610504150391e+00,2.327744245529174805e+00,2.466244697570800781e+00,8.302339315414428711e-01,8.195318639278411643e-01,9.277616143226623535e-01,9.349973440170288308e-01,3.329225778579711914e-01,4.937693387269973533e-01,2.280733883380889893e-01,2.123061165213585011e-01,8.723846636712551117e-03,5.610957369208335530e-03,2.914009382948279381e-05,2.914009382948279381e-05
2.595242023468017578e+00,2.481625080108642578e+00,2.595271110534667969e+00,2.481654167175292969e+00,8.326688408851623535e-01,8.217530488967895730e-01,9.037249088287353516e-01,9.318000376224517822e-01,5.961344838142395020e-01,5.113337218761444536e-01,2.586418986320495605e-01,2.119365766644477900e-01,4.071870353072881699e-03,4.801731370389461344e-03,2.913342541432939470e-05,2.913342541432939470e-05
2.302151918411254883e+00,2.470644855499267489e+00,2.302181005477905273e+00,2.470673942565917880e+00,8.743388652801513672e-01,8.239780306816101296e-01,9.436173439025878906e-01,9.293625116348266380e-01,3.277778625488281250e-01,5.028692513704300371e-01,1.518908143043518066e-01,2.107708960771560724e-01,4.526983480900526047e-03,3.664198052138090307e-03,2.914011565735563636e-05,2.914011565735563636e-05
2.268898725509643555e+00,2.451314258575439275e+00,2.268927812576293945e+00,2.451343345642089666e+00,8.025097846984863281e-01,8.227640867233276811e-01,9.422838091850280762e-01,9.307915925979614036e-01,3.402678668498992920e-01,4.825778454542160034e-01,1.802359521389007568e-01,2.104508250951767079e-01,3.601381555199623108e-03,4.730022745206952095e-03,2.913826756412163377e-05,2.913826756412163377e-05
2.197670459747314453e+00,2.448923826217651367e+00,2.197699546813964844e+00,2.448952913284301758e+00,7.912051677703857422e-01,8.196570158004761186e-01,9.325343370437622070e-01,9.315914571285247581e-01,3.166751861572265625e-01,4.848558783531188854e-01,1.526815593242645264e-01,2.094853758811950628e-01,4.574143327772617340e-03,3.334108460694551641e-03,2.912907075369730592e-05,2.912907075369730592e-05
2.383786678314208984e+00,2.468824267387390137e+00,2.383815765380859375e+00,2.468853354454040527e+00,8.926815986633300781e-01,8.316172361373901367e-01,9.393411874771118164e-01,9.269446611404419389e-01,3.319625854492187500e-01,4.945958167314529197e-01,2.141329944133758545e-01,2.100210502743720953e-01,5.668505094945430756e-03,5.645604897290467869e-03,2.912948912126012146e-05,2.912948912126012146e-05
2.280972242355346680e+00,2.448106884956359863e+00,2.281001329421997070e+00,2.448135972023010254e+00,8.271592259407043457e-01,8.268556237220764382e-01,9.363417029380798340e-01,9.325082480907440630e-01,3.300139904022216797e-01,4.716326326131820568e-01,1.794622391462326050e-01,2.097063511610031128e-01,7.995205931365489960e-03,7.404006738215685064e-03,2.912980198743753135e-05,2.912980198743753135e-05
2.172729969024658203e+00,2.439646816253662198e+00,2.172759056091308594e+00,2.439675903320312589e+00,7.856371402740478516e-01,8.163586974143981490e-01,9.007636904716491699e-01,9.300913274288177268e-01,3.196098506450653076e-01,4.823914378881454246e-01,1.625574529170989990e-01,2.083278492093086354e-01,4.161902703344821930e-03,2.477500215172767726e-03,2.912605850724503398e-05,2.912605850724503398e-05
2.392481327056884766e+00,2.521411657333374023e+00,2.392510414123535156e+00,2.521440744400024414e+00,8.701901435852050781e-01,8.550613701343536821e-01,9.596944451332092285e-01,9.622881770133971946e-01,3.155963420867919922e-01,4.703155815601348655e-01,2.286150902509689331e-01,2.077699288725853022e-01,1.838544756174087524e-02,2.597663849592208793e-02,2.912666786869522184e-05,2.912666786869522184e-05
2.232321739196777344e+00,2.457043790817260653e+00,2.232350826263427734e+00,2.457072877883911044e+00,8.379570245742797852e-01,8.257949054241180420e-01,9.631796479225158691e-01,9.325226426124573198e-01,2.981960475444793701e-01,4.804221987724304199e-01,1.235250830650329590e-01,2.091019585728645380e-01,9.463802911341190338e-03,9.201994165778160095e-03,2.912574564106762409e-05,2.912574564106762409e-05
3.072743654251098633e+00,2.533599662780761541e+00,3.072772741317749023e+00,2.533628749847411932e+00,8.213973641395568848e-01,8.481883764266967551e-01,8.940683007240295410e-01,9.287450909614562988e-01,1.026034593582153320e+00,5.161706209182739258e-01,3.036801517009735107e-01,2.109634444117546026e-01,2.756301313638687134e-02,2.953213695436716218e-02,2.912963100243359804e-05,2.912963100243359804e-05
2.298687696456909180e+00,2.466582107543945135e+00,2.298716783523559570e+00,2.466611194610595525e+00,8.369839191436767578e-01,8.253397166728972945e-01,9.355203509330749512e-01,9.272229492664336714e-01,3.342572748661041260e-01,4.975354313850403054e-01,1.852526217699050903e-01,2.105477988719940130e-01,6.673426833003759384e-03,5.936170835047960628e-03,2.912622039730194956e-05,2.912622039730194956e-05
2.597677946090698242e+00,2.464549517631530851e+00,2.597707033157348633e+00,2.464578604698181241e+00,8.454528450965881348e-01,8.230539560317993164e-01,9.233424663543701172e-01,9.260442078113555464e-01,5.961365103721618652e-01,5.013255983591079490e-01,2.285302728414535522e-01,2.102770596742629949e-01,4.216004628688097000e-03,3.848669398576021021e-03,2.912737909355200827e-05,2.912737909355200827e-05
2.247088670730590820e+00,2.464327383041381658e+00,2.247117757797241211e+00,2.464356470108032049e+00,8.043377399444580078e-01,8.262504935264587402e-01,9.185879230499267578e-01,9.316454291343688743e-01,3.294826745986938477e-01,4.863215595483779685e-01,1.830751001834869385e-01,2.104568973183632008e-01,1.160534098744392395e-02,9.652913454920053829e-03,2.912718446168582886e-05,2.912718446168582886e-05
2.450549364089965820e+00,2.439713835716247559e+00,2.450578451156616211e+00,2.439742922782897949e+00,8.354751467704772949e-01,8.193720042705535667e-01,9.184228777885437012e-01,9.314152896404266357e-01,4.626686871051788330e-01,4.739427953958511575e-01,2.282072901725769043e-01,2.106793701648712047e-01,5.775323137640953064e-03,4.304369678720831871e-03,2.913236312451772392e-05,2.913236312451772392e-05
2.274105787277221680e+00,2.494554257392883390e+00,2.274134874343872070e+00,2.494583344459533780e+00,7.936239242553710938e-01,8.212100625038146751e-01,9.121726751327514648e-01,9.264561772346496804e-01,3.030885756015777588e-01,5.249878615140914917e-01,2.559151649475097656e-01,2.127305656671523992e-01,9.305386804044246674e-03,9.169570729136466633e-03,2.912563832069281489e-05,2.912563832069281489e-05
2.235614061355590820e+00,2.494637227058410733e+00,2.235643148422241211e+00,2.494666314125061124e+00,8.305794000625610352e-01,8.284670770168304221e-01,9.318051338195800781e-01,9.254325568675995095e-01,3.027501404285430908e-01,5.161112844944000244e-01,1.609209775924682617e-01,2.161063596606254689e-01,9.558356367051601410e-03,8.519930578768254020e-03,2.912617492256686091e-05,2.912617492256686091e-05
2.216340303421020508e+00,2.475222706794738770e+00,2.216369390487670898e+00,2.475251793861389160e+00,7.956622838973999023e-01,8.195145964622497781e-01,9.190797209739685059e-01,9.217617154121399148e-01,2.908549010753631592e-01,5.105267792940140215e-01,2.072190642356872559e-01,2.204739630222320446e-01,3.524248721078038216e-03,2.945666993036866275e-03,2.912383206421509385e-05,2.912383206421509385e-05
2.562276840209960938e+00,2.491952204704284579e+00,2.562305927276611328e+00,2.491981291770934970e+00,8.221062421798706055e-01,8.219014406204223633e-01,8.874899148941040039e-01,9.288611710071563721e-01,5.320383906364440918e-01,5.157791078090667725e-01,3.177058696746826172e-01,2.216948851943016108e-01,2.936371602118015289e-03,3.715611156076192943e-03,2.912530726462136954e-05,2.912530726462136954e-05
2.266420841217041016e+00,2.521128129959106623e+00,2.266449928283691406e+00,2.521157217025757014e+00,8.079385757446289062e-01,8.139336109161376953e-01,8.875250816345214844e-01,9.432894229888916238e-01,3.187434077262878418e-01,5.381997495889663252e-01,2.501738369464874268e-01,2.233243942260742243e-01,2.039869083091616631e-03,2.380876382812857454e-03,2.912276613642461598e-05,2.912276613642461598e-05
2.753135204315185547e+00,2.501493120193481356e+00,2.753164291381835938e+00,2.501522207260131747e+00,8.687949180603027344e-01,8.264349758625030296e-01,9.649484157562255859e-01,9.230950474739074707e-01,7.031345963478088379e-01,5.152065098285675271e-01,2.095098346471786499e-01,2.228459298610687145e-01,6.747446954250335693e-03,1.391068408265709946e-02,2.911993578891269863e-05,2.911993578891269863e-05
2.338935375213623047e+00,2.507325077056884677e+00,2.338964462280273438e+00,2.507354164123535067e+00,7.725422978401184082e-01,8.138773083686828835e-01,8.933196067810058594e-01,9.402782917022705078e-01,4.451605975627899170e-01,5.192731440067290816e-01,2.050222456455230713e-01,2.180569753050804194e-01,2.289044857025146484e-02,1.583934817463159700e-02,2.911722731369081885e-05,2.911722731369081885e-05
2.634723901748657227e+00,2.497357821464538663e+00,2.634752988815307617e+00,2.497386908531189054e+00,8.260568380355834961e-01,8.329449713230132613e-01,9.157270193099975586e-01,9.331399321556090865e-01,6.259964108467102051e-01,5.093615502119064331e-01,2.530333995819091797e-01,2.110118553042411860e-01,1.391036156564950943e-02,1.089950250461697509e-02,2.911486444645561278e-05,2.911486444645561278e-05
2.325881719589233398e+00,2.478524994850158869e+00,2.325910806655883789e+00,2.478554081916809260e+00,8.162049651145935059e-01,8.229663908481598122e-01,9.587442874908447266e-01,9.373139321804047075e-01,3.655136823654174805e-01,5.005401283502578513e-01,1.792396157979965210e-01,2.105463713407516591e-01,6.179350893944501877e-03,7.158249709755181919e-03,2.911533920268993825e-05,2.911533920268993825e-05
2.223963975906372070e+00,2.466769957542419345e+00,2.223993062973022461e+00,2.466799044609069735e+00,8.019941449165344238e-01,8.262004792690277322e-01,9.417660236358642578e-01,9.304124891757965532e-01,3.452081680297851562e-01,4.956486672163009644e-01,1.297958195209503174e-01,2.100567415356636158e-01,5.199866369366645813e-03,4.451589938253164118e-03,2.911790943471714854e-05,2.911790943471714854e-05
2.518880844116210938e+00,2.446912264823913663e+00,2.518909931182861328e+00,2.446941351890564054e+00,8.664614558219909668e-01,8.201489865779876265e-01,9.574345350265502930e-01,9.307081103324890137e-01,5.387910604476928711e-01,4.842230886220931785e-01,1.541917622089385986e-01,2.094597026705741771e-01,2.002033172175288200e-03,2.372353710234165105e-03,2.912006129918154329e-05,2.912006129918154329e-05
2.281359910964965820e+00,2.444528031349181951e+00,2.281388998031616211e+00,2.444557118415832342e+00,8.093898892402648926e-01,8.218384623527527078e-01,9.137471914291381836e-01,9.283092856407165749e-01,3.274385035037994385e-01,4.815263241529464944e-01,2.271259576082229614e-01,2.096726223826408386e-01,3.658343805000185966e-03,3.181331767700612632e-03,2.912192394433077425e-05,2.912192394433077425e-05
2.443400621414184570e+00,2.462853336334228427e+00,2.443429708480834961e+00,2.462882423400878817e+00,7.913166880607604980e-01,8.238481640815734641e-01,8.966478705406188965e-01,9.338091433048247847e-01,5.685324072837829590e-01,4.924054771661758312e-01,1.804410666227340698e-01,2.081490397453308050e-01,6.462478078901767731e-03,4.641506914049386631e-03,2.911987030529417098e-05,2.911987030529417098e-05
2.372165441513061523e+00,2.467056798934936346e+00,2.372194528579711914e+00,2.467085886001586736e+00,8.784403800964355469e-01,8.354551136493683083e-01,9.478996396064758301e-01,9.352521538734436257e-01,3.504817783832550049e-01,4.834776818752288818e-01,1.885297000408172607e-01,2.071143537759780884e-01,6.813995540142059326e-03,5.757498787716031075e-03,2.912375748564954847e-05,2.912375748564954847e-05
2.272404909133911133e+00,2.428308844566345215e+00,2.272433996200561523e+00,2.428337931632995605e+00,8.201235532760620117e-01,8.217103362083435503e-01,9.383999705314636230e-01,9.283675611019134299e-01,3.254308998584747314e-01,4.684801787137985452e-01,1.850156933069229126e-01,2.069981440901756398e-01,3.434994723647832870e-03,2.752699563279747876e-03,2.912083073169924319e-05,2.912083073169924319e-05
2.376891374588012695e+00,2.428891181945800781e+00,2.376920461654663086e+00,2.428920269012451172e+00,8.850670456886291504e-01,8.204865932464600053e-01,9.516266584396362305e-01,9.312516391277313454e-01,3.142632544040679932e-01,4.662086725234985130e-01,2.229308634996414185e-01,2.074938386678695790e-01,3.003417514264583588e-03,3.450474864803254431e-03,2.911949741246644408e-05,2.911949741246644408e-05
2.145839452743530273e+00,2.438649678230285556e+00,2.145868539810180664e+00,2.438678765296935946e+00,7.481683492660522461e-01,8.236014664173125777e-01,8.933491706848144531e-01,9.270468890666961892e-01,3.211193084716796875e-01,4.761847198009491189e-01,1.786466687917709351e-01,2.074471578001975958e-01,4.555967170745134354e-03,4.369444819167256702e-03,2.911750925704836845e-05,2.911750925704836845e-05
2.333193063735961914e+00,2.467417478561401367e+00,2.333222150802612305e+00,2.467446565628051758e+00,8.501038551330566406e-01,8.245870172977447510e-01,9.384245276451110840e-01,9.312029898166656050e-01,3.572733700275421143e-01,5.014074057340621726e-01,1.833149343729019165e-01,2.073642253875732366e-01,4.076250363141298294e-03,2.855798159725963896e-03,2.912027048296295106e-05,2.912027048296295106e-05
2.243420362472534180e+00,2.454314017295837314e+00,2.243449449539184570e+00,2.454343104362487704e+00,8.013320565223693848e-01,8.263643920421600564e-01,9.178850650787353516e-01,9.274549663066864458e-01,3.442173600196838379e-01,4.879899948835372814e-01,1.726393550634384155e-01,2.074853971600532643e-01,7.346575148403644562e-03,5.019260663539170872e-03,2.912147465394809842e-05,2.912147465394809842e-05
2.308070898056030273e+00,2.478799414634704767e+00,2.308099985122680664e+00,2.478828501701355158e+00,8.324646353721618652e-01,8.485393643379210982e-01,9.346684813499450684e-01,9.312165796756743941e-01,3.211130499839782715e-01,4.770654410123825184e-01,2.131964564323425293e-01,2.069677412509918213e-01,6.628296338021755219e-03,1.501025399193167686e-02,2.911724004661664367e-05,2.911724004661664367e-05
2.376427650451660156e+00,2.442600727081298828e+00,2.376456737518310547e+00,2.442629814147949219e+00,7.599318027496337891e-01,8.209656119346618874e-01,8.907184004783630371e-01,9.263570785522461382e-01,4.708986580371856689e-01,4.859551399946212547e-01,2.516498267650604248e-01,2.065833151340484564e-01,3.228981513530015945e-03,2.739586541429161939e-03,2.911742922151461244e-05,2.911742922151461244e-05
2.314378261566162109e+00,2.446314358711242587e+00,2.314407348632812500e+00,2.446343445777892978e+00,8.151561617851257324e-01,8.233429729938507302e-01,9.233728647232055664e-01,9.265679478645324485e-01,3.368954062461853027e-01,4.881069034337997548e-01,2.365715354681015015e-01,2.053805992007255443e-01,2.382290782406926155e-03,2.915933192707598036e-03,2.911667252192273736e-05,2.911667252192273736e-05
2.134028196334838867e+00,2.433350920677185059e+00,2.134057283401489258e+00,2.433380007743835449e+00,7.562651634216308594e-01,8.159324705600738969e-01,8.817913532257080078e-01,9.286160349845886675e-01,3.160204589366912842e-01,4.811219900846481212e-01,1.764155775308609009e-01,2.054926276206970326e-01,3.535517258569598198e-03,2.187850931659340685e-03,2.911808405769988894e-05,2.911808405769988894e-05
2.782990694046020508e+00,2.439462733268737971e+00,2.783019781112670898e+00,2.439491820335388361e+00,8.255777359008789062e-01,8.232787549495697021e-01,9.294685125350952148e-01,9.327198505401611550e-01,7.900601029396057129e-01,4.736944586038589478e-01,2.336295843124389648e-01,2.042847409844398554e-01,4.254466854035854340e-03,5.484926095232367342e-03,2.911970477725844830e-05,2.911970477725844830e-05
2.274757146835327148e+00,2.454924225807189941e+00,2.274786233901977539e+00,2.454953312873840332e+00,8.604554533958435059e-01,8.334973931312561479e-01,9.422041177749633789e-01,9.298288464546203835e-01,3.463887572288513184e-01,4.806329041719436534e-01,1.144112721085548401e-01,2.025216802954673823e-01,1.129737589508295059e-02,8.443371672183275917e-03,2.911634146585129201e-05,2.911634146585129201e-05
2.274172782897949219e+00,2.425057339668273748e+00,2.274201869964599609e+00,2.425086426734924139e+00,8.188491463661193848e-01,8.177783370018005815e-01,9.061161875724792480e-01,9.319400429725647195e-01,3.483971953392028809e-01,4.698175668716430553e-01,1.970617473125457764e-01,2.028699889779090881e-01,3.748504444956779480e-03,2.651337673887610349e-03,2.912113632191903889e-05,2.912113632191903889e-05
2.655827760696411133e+00,2.427975296974182129e+00,2.655856847763061523e+00,2.428004384040832520e+00,8.322720527648925781e-01,8.244295656681061013e-01,9.322860240936279297e-01,9.315378665924072266e-01,7.061433196067810059e-01,4.635774493217468262e-01,1.809858828783035278e-01,2.038245946168899536e-01,4.140432924032211304e-03,4.605821939185262073e-03,2.911816045525483787e-05,2.911816045525483787e-05
2.892301082611083984e+00,2.422523188591003240e+00,2.892330169677734375e+00,2.422552275657653631e+00,8.337118029594421387e-01,8.311856985092163086e-01,9.432297348976135254e-01,9.351142823696136919e-01,8.897413611412048340e-01,4.469800710678100697e-01,2.222527563571929932e-01,2.030521824955940358e-01,3.365328768268227577e-03,6.191022694110870361e-03,2.912376294261775911e-05,2.912376294261775911e-05
2.241258144378662109e+00,2.424140286445617853e+00,2.241287231445312500e+00,2.424169373512268244e+00,8.056446313858032227e-01,8.297682702541351318e-01,9.216629266738891602e-01,9.345938205718994363e-01,2.704855501651763916e-01,4.529105156660079845e-01,2.411931604146957397e-01,2.031672224402427673e-01,2.271932084113359451e-03,3.700508456677198584e-03,2.912447962444275618e-05,2.912447962444275618e-05
2.235670804977416992e+00,2.422160196304321111e+00,2.235699892044067383e+00,2.422189283370971502e+00,8.415762782096862793e-01,8.227037847042083518e-01,9.565325975418090820e-01,9.346390306949615701e-01,2.644752562046051025e-01,4.572044670581817405e-01,1.691181212663650513e-01,2.027827486395835932e-01,3.968547563999891281e-03,4.830194357782602484e-03,2.912359923357143998e-05,2.912359923357143998e-05
2.253435850143432617e+00,2.430795550346374512e+00,2.253464937210083008e+00,2.430824637413024902e+00,8.091728091239929199e-01,8.230674505233764870e-01,9.412254095077514648e-01,9.359639346599578635e-01,2.719974815845489502e-01,4.651757478713989258e-01,2.288297414779663086e-01,2.040625959634780884e-01,2.210470614954829216e-03,2.525814762338996107e-03,2.912161289714276791e-05,2.912161289714276791e-05
2.257553577423095703e+00,2.445903325080871493e+00,2.257582664489746094e+00,2.445932412147521884e+00,8.287227153778076172e-01,8.245102643966675249e-01,9.247649908065795898e-01,9.333137154579163042e-01,2.984814643859863281e-01,4.805841326713561901e-01,2.023042291402816772e-01,2.045699805021286011e-01,3.280380507931113243e-03,2.925208187662065029e-03,2.912270065280608833e-05,2.912270065280608833e-05
2.110190391540527344e+00,2.445562696456909269e+00,2.110219478607177734e+00,2.445591783523559659e+00,7.634379863739013672e-01,8.286898612976074663e-01,8.576937913894653320e-01,9.307011842727661577e-01,2.575350999832153320e-01,4.739866793155670388e-01,2.228674441576004028e-01,2.053371399641036876e-01,8.656105026602745056e-03,6.847860850393771778e-03,2.912220588768832386e-05,2.912220588768832386e-05
2.241101980209350586e+00,2.420967054367065607e+00,2.241131067276000977e+00,2.420996141433715998e+00,8.359207510948181152e-01,8.182075262069702370e-01,9.478435516357421875e-01,9.345554947853088601e-01,2.841282188892364502e-01,4.603218197822570579e-01,1.710546016693115234e-01,2.050963670015334972e-01,2.154712099581956863e-03,2.785867499187588865e-03,2.912532363552600145e-05,2.912532363552600145e-05
2.310536146163940430e+00,2.411034202575683683e+00,2.310565233230590820e+00,2.411063289642334073e+00,8.909615278244018555e-01,8.190796196460723433e-01,9.684690833091735840e-01,9.364010095596313477e-01,2.874506413936614990e-01,4.487734228372574075e-01,1.604036390781402588e-01,2.025906860828399769e-01,3.251228947192430496e-03,4.189426405355333935e-03,2.912454510806128383e-05,2.912454510806128383e-05
2.595721483230590820e+00,2.425705909729003906e+00,2.595750570297241211e+00,2.425734996795654297e+00,8.201046586036682129e-01,8.190919935703278032e-01,8.810637593269348145e-01,9.308759152889252153e-01,6.908294558525085449e-01,4.705515533685684093e-01,1.982598900794982910e-01,2.021502241492271479e-01,5.463719833642244339e-03,3.036227403208613482e-03,2.912347918027080595e-05,2.912347918027080595e-05
2.229952096939086914e+00,2.432574033737182617e+00,2.229981184005737305e+00,2.432603120803833008e+00,8.192158341407775879e-01,8.251738131046295610e-01,8.960276842117309570e-01,9.292864382266998735e-01,2.579092383384704590e-01,4.723610192537307517e-01,2.539469897747039795e-01,2.033173054456710871e-01,2.852106234058737755e-03,2.435462689027190122e-03,2.912419950007461011e-05,2.912419950007461011e-05
2.181582927703857422e+00,2.439578437805175692e+00,2.181612014770507812e+00,2.439607524871826083e+00,8.097606897354125977e-01,8.267095327377319558e-01,9.007064104080200195e-01,9.275694191455841064e-01,2.681600153446197510e-01,4.726150512695312389e-01,1.910273283720016479e-01,2.047078624367713873e-01,1.192859001457691193e-02,7.976562203839420578e-03,2.912386116804555058e-05,2.912386116804555058e-05
2.240090370178222656e+00,2.435409975051880060e+00,2.240119457244873047e+00,2.435439062118530451e+00,8.396446108818054199e-01,8.275040328502655251e-01,9.326335191726684570e-01,9.306734085083008257e-01,2.720268070697784424e-01,4.670808851718902810e-01,1.916394382715225220e-01,2.040835529565811213e-01,4.146170802414417267e-03,6.068079220131039793e-03,2.912490890594199300e-05,2.912490890594199300e-05
2.265396833419799805e+00,2.425297689437866389e+00,2.265425920486450195e+00,2.425326776504516779e+00,8.187602758407592773e-01,8.189763247966765913e-01,9.435713291168212891e-01,9.348715603351592796e-01,2.767842113971710205e-01,4.641102612018584983e-01,2.233362197875976562e-01,2.032520681619644221e-01,2.944705775007605553e-03,4.087491170503198754e-03,2.912779018515720963e-05,2.912779018515720963e-05
2.752305507659912109e+00,2.482710957527160645e+00,2.752334594726562500e+00,2.482740044593811035e+00,8.246014118194580078e-01,8.476620614528656006e-01,9.180469512939453125e-01,9.336821973323822244e-01,7.737771272659301758e-01,4.797136098146438377e-01,2.235884517431259155e-01,2.043927952647209279e-01,1.229132711887359619e-02,1.726024057716131141e-02,2.912823765655048192e-05,2.912823765655048192e-05
2.264589548110961914e+00,2.457758831977844061e+00,2.264618635177612305e+00,2.457787919044494451e+00,8.447273373603820801e-01,8.259941220283508745e-01,9.316506385803222656e-01,9.295887708663940208e-01,2.957826554775238037e-01,4.898641765117645042e-01,1.871171593666076660e-01,2.071807667613029535e-01,5.311940331012010574e-03,5.131016159430146564e-03,2.912597301474306732e-05,2.912597301474306732e-05
2.363451004028320312e+00,2.494891929626464666e+00,2.363480091094970703e+00,2.494921016693115057e+00,8.663159608840942383e-01,8.338151752948761430e-01,9.226124286651611328e-01,9.328113555908202903e-01,3.050731122493743896e-01,5.077942222356796043e-01,2.603167295455932617e-01,2.104234278202056774e-01,9.132782928645610809e-03,1.004774319007992710e-02,2.912338823080062866e-05,2.912338823080062866e-05
2.151385307312011719e+00,2.460720157623291104e+00,2.151414394378662109e+00,2.460749244689941495e+00,8.004739880561828613e-01,8.178998589515685813e-01,9.162482619285583496e-01,9.292515039443969282e-01,2.893031537532806396e-01,4.981887578964233620e-01,1.398510336875915527e-01,2.119859382510185242e-01,5.508787464350461960e-03,3.394044493325054559e-03,2.912414493039250374e-05,2.912414493039250374e-05
2.364008903503417969e+00,2.486586356163024814e+00,2.364037990570068359e+00,2.486615443229675204e+00,8.356930613517761230e-01,8.211785078048705611e-01,9.156438708305358887e-01,9.284732997417449729e-01,3.380840718746185303e-01,5.139359444379806297e-01,2.668943703174591064e-01,2.125345960259437672e-01,7.693420629948377609e-03,1.046395245939493214e-02,2.912016498157754540e-05,2.912016498157754540e-05
2.336606502532958984e+00,2.474895524978637518e+00,2.336635589599609375e+00,2.474924612045287908e+00,8.789167404174804688e-01,8.279317080974578635e-01,9.348022341728210449e-01,9.278282701969147173e-01,2.761954367160797119e-01,4.957211107015609963e-01,2.327374070882797241e-01,2.142727434635162409e-01,1.395458541810512543e-02,9.141676314175128243e-03,2.911757837864570320e-05,2.911757837864570320e-05
2.431742429733276367e+00,2.450236868858337580e+00,2.431771516799926758e+00,2.450265955924987971e+00,8.073938488960266113e-01,8.193773210048675981e-01,9.301059842109680176e-01,9.286123394966125932e-01,5.127275586128234863e-01,4.881323635578155296e-01,1.754286140203475952e-01,2.081365376710891668e-01,6.086444016546010971e-03,5.978307779878377567e-03,2.911459523602388799e-05,2.911459523602388799e-05
3.193501234054565430e+00,2.458524060249328791e+00,3.193530321121215820e+00,2.458553147315979182e+00,7.840409874916076660e-01,8.221258997917175737e-01,8.998026251792907715e-01,9.373814225196838157e-01,1.283792257308959961e+00,4.820681393146514782e-01,2.132042348384857178e-01,2.067235946655273382e-01,1.266119629144668579e-02,1.022494295611977612e-02,2.911641786340624094e-05,2.911641786340624094e-05
2.689983606338500977e+00,2.437442350387573065e+00,2.690012693405151367e+00,2.437471437454223455e+00,8.197430372238159180e-01,8.290876805782317893e-01,9.180908203125000000e-01,9.285421073436737061e-01,7.410973906517028809e-01,4.690328061580658070e-01,2.072397172451019287e-01,2.061570599675178472e-01,3.812673734501004219e-03,4.622667934745550503e-03,2.911712363129481673e-05,2.911712363129481673e-05
2.306077241897583008e+00,2.422489762306213379e+00,2.306106328964233398e+00,2.422518849372863770e+00,8.048952221870422363e-01,8.220019936561584473e-01,9.178076386451721191e-01,9.281240582466125932e-01,3.337896764278411865e-01,4.645306646823882946e-01,2.471334785223007202e-01,2.044992744922637939e-01,2.451241016387939453e-03,3.333680541254580108e-03,2.911772753577679396e-05,2.911772753577679396e-05
2.323202371597290039e+00,2.402723407745361417e+00,2.323231458663940430e+00,2.402752494812011808e+00,7.897505760192871094e-01,8.200684964656830278e-01,9.143030047416687012e-01,9.286228358745575173e-01,4.128857851028442383e-01,4.494981586933136097e-01,2.037952691316604614e-01,2.024287343025207575e-01,2.467642305418848991e-03,2.105224248953163797e-03,2.911941555794328451e-05,2.911941555794328451e-05
2.519701004028320312e+00,2.406239390373229980e+00,2.519730091094970703e+00,2.406268477439880371e+00,8.292093276977539062e-01,8.218456327915191206e-01,9.161918759346008301e-01,9.287727952003479448e-01,5.468366742134094238e-01,4.482914984226226696e-01,2.244131565093994141e-01,2.040566235780715831e-01,3.050089580938220024e-03,3.272810531780123537e-03,2.911698902607895434e-05,2.911698902607895434e-05
2.409617900848388672e+00,2.403505706787109286e+00,2.409646987915039062e+00,2.403534793853759677e+00,8.192942738533020020e-01,8.178777694702148438e-01,9.126608371734619141e-01,9.293590486049652100e-01,4.909608364105224609e-01,4.502857744693756215e-01,1.838769465684890747e-01,2.039060130715370234e-01,2.824924187734723091e-03,2.077112381812185049e-03,2.912160925916396081e-05,2.912160925916396081e-05
2.243400335311889648e+00,2.447861313819885254e+00,2.243429422378540039e+00,2.447890400886535645e+00,8.360810875892639160e-01,8.254635870456695779e-01,9.185547828674316406e-01,9.293238699436188188e-01,2.747243046760559082e-01,4.821245521306991577e-01,2.084501087665557861e-01,2.062672123312950245e-01,5.590279120951890945e-03,4.682043567299842834e-03,2.912065610871650279e-05,2.912065610871650279e-05
2.365099906921386719e+00,2.505275630950927646e+00,2.365128993988037109e+00,2.505304718017578036e+00,8.315479159355163574e-01,8.285453975200652854e-01,9.174931049346923828e-01,9.345888674259186235e-01,3.909135460853576660e-01,5.253960996866225974e-01,2.152376025915145874e-01,2.072921037673950140e-01,9.907823987305164337e-03,9.453214053064585426e-03,2.912174022640101612e-05,2.912174022640101612e-05
2.157788991928100586e+00,2.457326555252075106e+00,2.157818078994750977e+00,2.457355642318725497e+00,7.850259542465209961e-01,8.245337247848510964e-01,8.973557949066162109e-01,9.247207045555114746e-01,2.798914015293121338e-01,4.969718068838119285e-01,1.903884410858154297e-01,2.078272253274917603e-01,5.127528682351112366e-03,3.273130347952246839e-03,2.912338823080062866e-05,2.912338823080062866e-05
2.205230236053466797e+00,2.443261957168579190e+00,2.205259323120117188e+00,2.443291044235229581e+00,7.846233844757080078e-01,8.192785263061523882e-01,9.038680195808410645e-01,9.316302359104156050e-01,2.833088934421539307e-01,4.802158087491988914e-01,2.268181592226028442e-01,2.076046958565712086e-01,6.611778400838375092e-03,4.532624641433358539e-03,2.912048876169137657e-05,2.912048876169137657e-05
2.513185024261474609e+00,2.458624458312988370e+00,2.513214111328125000e+00,2.458653545379638761e+00,8.245580196380615234e-01,8.161841213703155962e-01,9.322262406349182129e-01,9.330212354660034624e-01,6.086497306823730469e-01,4.992168366909027211e-01,1.444438844919204712e-01,2.076963454484939686e-01,3.307144390419125557e-03,2.505932748317718332e-03,2.912060517701320350e-05,2.912060517701320350e-05
2.369792222976684570e+00,2.474830913543700994e+00,2.369821310043334961e+00,2.474860000610351385e+00,8.623573184013366699e-01,8.337542414665222168e-01,9.270736575126647949e-01,9.282658159732818381e-01,3.193647861480712891e-01,4.952295601367950328e-01,2.541554272174835205e-01,2.079058215022087097e-01,6.841123569756746292e-03,9.675465710461138985e-03,2.911828050855547190e-05,2.911828050855547190e-05
2.418672323226928711e+00,2.461913609504699618e+00,2.418701410293579102e+00,2.461942696571350009e+00,8.511575460433959961e-01,8.216350257396698442e-01,9.327168464660644531e-01,9.271717905998230203e-01,3.472187817096710205e-01,4.991742312908172829e-01,2.838325202465057373e-01,2.078159853816032299e-01,3.746446222066879272e-03,6.116551021113992084e-03,2.911555930040776730e-05,2.911555930040776730e-05
2.269236564636230469e+00,2.468675899505615057e+00,2.269265651702880859e+00,2.468704986572265447e+00,8.492097854614257812e-01,8.193037390708923784e-01,9.504783749580383301e-01,9.392137944698333296e-01,2.899784147739410400e-01,4.987628489732742199e-01,1.765222698450088501e-01,2.079434171319007874e-01,3.047819482162594795e-03,3.452058555558323773e-03,2.911294723162427545e-05,2.911294723162427545e-05
2.295391798019409180e+00,2.459089183807372958e+00,2.295420885086059570e+00,2.459118270874023349e+00,8.792290091514587402e-01,8.238072991371154785e-01,9.600535035133361816e-01,9.266038417816162553e-01,2.893266379833221436e-01,4.980491161346435325e-01,1.646265536546707153e-01,2.075668320059776417e-01,2.156095812097191811e-03,3.062137868255376816e-03,2.910870898631401360e-05,2.910870898631401360e-05
2.344331026077270508e+00,2.479606580734253107e+00,2.344360113143920898e+00,2.479635667800903498e+00,8.585572242736816406e-01,8.349299192428588645e-01,9.184596538543701172e-01,9.287989318370819536e-01,3.230831027030944824e-01,5.021594971418380515e-01,2.388068735599517822e-01,2.092301085591316279e-01,5.424022674560546875e-03,4.488121392205357899e-03,2.910962939495220780e-05,2.910962939495220780e-05
2.318145751953125000e+00,2.495099878311157315e+00,2.318174839019775391e+00,2.495128965377807706e+00,8.457049131393432617e-01,8.330953061580658181e-01,9.440830349922180176e-01,9.271114647388458696e-01,3.179688453674316406e-01,5.202208876609801802e-01,2.051394581794738770e-01,2.104010954499244690e-01,5.249577574431896210e-03,4.271133011206984867e-03,2.910877446993254125e-05,2.910877446993254125e-05
2.289197683334350586e+00,2.450673699378967285e+00,2.289226770401000977e+00,2.450702786445617676e+00,8.206173181533813477e-01,8.197962403297424094e-01,9.423245191574096680e-01,9.276274204254150169e-01,3.223062157630920410e-01,4.895619451999664307e-01,2.008023709058761597e-01,2.094558477401733398e-01,3.147471230477094650e-03,4.232256021350622004e-03,2.910926923505030572e-05,2.910926923505030572e-05
2.348828792572021484e+00,2.500260400772094549e+00,2.348857879638671875e+00,2.500289487838744940e+00,8.454370498657226562e-01,8.423538565635680930e-01,9.558136463165283203e-01,9.338110566139221635e-01,3.293794989585876465e-01,4.954396605491638295e-01,2.097201198339462280e-01,2.094138130545616094e-01,8.478363044559955597e-03,1.924207806587219238e-02,2.910488365159835666e-05,2.910488365159835666e-05
2.338657617568969727e+00,2.479810214042663663e+00,2.338686704635620117e+00,2.479839301109314054e+00,8.541647791862487793e-01,8.299879729747772217e-01,9.443349242210388184e-01,9.269884169101715310e-01,3.320339024066925049e-01,5.030580222606658714e-01,2.002331465482711792e-01,2.111630201339721735e-01,7.890732958912849426e-03,8.612726535648106835e-03,2.910232433350756764e-05,2.910232433350756764e-05
2.620126008987426758e+00,2.486536145210266113e+00,2.620155096054077148e+00,2.486565232276916504e+00,8.406831622123718262e-01,8.321916639804840532e-01,9.626790881156921387e-01,9.322885215282440408e-01,6.670491099357604980e-01,4.996659427881240956e-01,1.414733380079269409e-01,2.116177633404731639e-01,8.241482079029083252e-03,1.077223988249897957e-02,2.910040711867623031e-05,2.910040711867623031e-05
2.279669523239135742e+00,2.462853097915649325e+00,2.279698610305786133e+00,2.462882184982299716e+00,7.896469235420227051e-01,8.225501358509064165e-01,9.021785855293273926e-01,9.245310068130493386e-01,3.259732127189636230e-01,5.007897257804870828e-01,2.573549449443817139e-01,2.118343368172645458e-01,4.515973851084709167e-03,3.147968742996454412e-03,2.909954491769894958e-05,2.909954491769894958e-05
2.318525075912475586e+00,2.501826739311218351e+00,2.318554162979125977e+00,2.501855826377868741e+00,8.571370244026184082e-01,8.235432147979736550e-01,9.224593639373779297e-01,9.372389554977417214e-01,2.738312482833862305e-01,5.265823125839232954e-01,2.622671723365783691e-01,2.109542608261108509e-01,2.830303274095058441e-03,3.507912484928965655e-03,2.909940303652547300e-05,2.909940303652547300e-05
2.374500751495361328e+00,2.498197031021118342e+00,2.374529838562011719e+00,2.498226118087768732e+00,8.324532508850097656e-01,8.248783469200133833e-01,9.105693101882934570e-01,9.255336880683898704e-01,3.424824178218841553e-01,5.326710641384124756e-01,2.875261008739471436e-01,2.119187220931053051e-01,1.469705137424170971e-03,3.195289149880409327e-03,2.909735121647827327e-05,2.909735121647827327e-05
2.273458480834960938e+00,2.477883815765380859e+00,2.273487567901611328e+00,2.477912902832031250e+00,8.165616989135742188e-01,8.137631833553313765e-01,9.179927706718444824e-01,9.303049266338347945e-01,3.093844056129455566e-01,5.226990878582000732e-01,2.267418354749679565e-01,2.086782693862914984e-01,2.777757355943322182e-03,2.438330370932817286e-03,2.909529757744167000e-05,2.909529757744167000e-05
2.380087137222290039e+00,2.451544976234436124e+00,2.380116224288940430e+00,2.451574063301086515e+00,8.702428936958312988e-01,8.226785957813262939e-01,9.626902937889099121e-01,9.254452109336852583e-01,3.130497038364410400e-01,4.919834166765212902e-01,2.309157997369766235e-01,2.076661065220832825e-01,3.188322531059384346e-03,3.771602641791105270e-03,2.909323848143685609e-05,2.909323848143685609e-05
2.073464393615722656e+00,2.458030700683593750e+00,2.073493480682373047e+00,2.458059787750244141e+00,7.853624820709228516e-01,8.292852103710174339e-01,9.165388345718383789e-01,9.286488115787505659e-01,2.249897271394729614e-01,4.872689306735992210e-01,1.418078392744064331e-01,2.089018419384956471e-01,4.765468649566173553e-03,3.925930382683873524e-03,2.910024704760871828e-05,2.910024704760871828e-05
3.523722410202026367e+00,2.522181606292724698e+00,3.523751497268676758e+00,2.522210693359375089e+00,8.194817304611206055e-01,8.417916417121886763e-01,9.359306097030639648e-01,9.302482604980468750e-01,1.531896591186523438e+00,5.295453935861587080e-01,2.285849452018737793e-01,2.092733174562454168e-01,7.828388363122940063e-03,1.132302610203623702e-02,2.910048897319938987e-05,2.910048897319938987e-05
2.198684692382812500e+00,2.460665798187255948e+00,2.198713779449462891e+00,2.460694885253906339e+00,7.778792381286621094e-01,8.213644027709960938e-01,9.299892187118530273e-01,9.322075426578522173e-01,2.706457376480102539e-01,4.955070912837982178e-01,2.174238860607147217e-01,2.090875998139381520e-01,2.746525453403592110e-03,2.499107690528035337e-03,2.909696013375651091e-05,2.909696013375651091e-05
2.205533504486083984e+00,2.454343247413635076e+00,2.205562591552734375e+00,2.454372334480285467e+00,8.292314410209655762e-01,8.236401915550232156e-01,9.344002604484558105e-01,9.280116915702819602e-01,2.792384326457977295e-01,4.914387255907058938e-01,1.599939316511154175e-01,2.085127070546150263e-01,2.669493900611996651e-03,2.740011364221572703e-03,2.910064722527749836e-05,2.910064722527749836e-05
2.291474103927612305e+00,2.487653851509094238e+00,2.291503190994262695e+00,2.487682938575744629e+00,8.424875140190124512e-01,8.266884922981262429e-01,9.469816088676452637e-01,9.326032280921936479e-01,3.134746253490447998e-01,5.158457189798355547e-01,1.820883899927139282e-01,2.074631795287132374e-01,6.442171055823564529e-03,5.053162388503551310e-03,2.910126931965351105e-05,2.910126931965351105e-05
2.618120908737182617e+00,2.458493661880493342e+00,2.618149995803833008e+00,2.458522748947143732e+00,8.204195499420166016e-01,8.242681384086608665e-01,9.302638173103332520e-01,9.314871966838836892e-01,6.555593609809875488e-01,4.918469280004501565e-01,2.067858576774597168e-01,2.068966999650001526e-01,5.092413630336523056e-03,3.994618565775454391e-03,2.910339389927685261e-05,2.910339389927685261e-05
2.321523427963256836e+00,2.473279976844787509e+00,2.321552515029907227e+00,2.473309063911437899e+00,8.447228074073791504e-01,8.274529278278350830e-01,9.274070858955383301e-01,9.353234469890594482e-01,2.966346740722656250e-01,4.978526979684829712e-01,2.468418627977371216e-01,2.068647071719169617e-01,5.916846916079521179e-03,5.786196049302816564e-03,2.910439070546999574e-05,2.910439070546999574e-05
2.447873592376708984e+00,2.467890048027038485e+00,2.447902679443359375e+00,2.467919135093688876e+00,8.806574940681457520e-01,8.444360673427582231e-01,9.620649814605712891e-01,9.337798237800598589e-01,4.025568366050720215e-01,4.701734870672226174e-01,1.888060271739959717e-01,2.065047502517700084e-01,1.378824003040790558e-02,1.299594677984714473e-02,2.910552939283661544e-05,2.910552939283661544e-05
2.273151636123657227e+00,2.454593229293823065e+00,2.273180723190307617e+00,2.454622316360473455e+00,8.546922206878662109e-01,8.308541715145111306e-01,9.379021525382995605e-01,9.384882450103759766e-01,2.906129658222198486e-01,4.772566467523574607e-01,1.855196803808212280e-01,2.042687088251113892e-01,4.424611572176218033e-03,3.725388529710471717e-03,2.910571856773458421e-05,2.910571856773458421e-05
3.127772092819213867e+00,2.443194675445556463e+00,3.127801179885864258e+00,2.443223762512206854e+00,8.588432073593139648e-01,8.231881678104400191e-01,9.075824618339538574e-01,9.356201827526092751e-01,1.079595565795898438e+00,4.760706424713134766e-01,2.795386910438537598e-01,2.045316800475120433e-01,2.212223364040255547e-03,3.784007299691438588e-03,2.910388684540521353e-05,2.910388684540521353e-05
2.202733516693115234e+00,2.429290723800659357e+00,2.202762603759765625e+00,2.429319810867309748e+00,7.808233499526977539e-01,8.161079525947571023e-01,9.213749766349792480e-01,9.358586192131042036e-01,2.858483195304870605e-01,4.697005063295364158e-01,2.126420885324478149e-01,2.052817210555076544e-01,2.044583205133676529e-03,2.341896668076515111e-03,2.910234434239100665e-05,2.910234434239100665e-05
2.209005832672119141e+00,2.451454257965087979e+00,2.209034919738769531e+00,2.451483345031738370e+00,8.006083965301513672e-01,8.225411772727966309e-01,9.175676703453063965e-01,9.313384711742400679e-01,2.790923416614532471e-01,4.898488938808441273e-01,2.088953852653503418e-01,2.050338238477706909e-01,2.841925015673041344e-03,2.691902685910463333e-03,2.910486000473611057e-05,2.910486000473611057e-05
2.390476942062377930e+00,2.460505247116088867e+00,2.390506029129028320e+00,2.460534334182739258e+00,9.041565656661987305e-01,8.397125959396362083e-01,9.577564001083374023e-01,9.349480867385864258e-01,2.857332527637481689e-01,4.710281074047088512e-01,2.351021468639373779e-01,2.035591214895248469e-01,7.728498894721269608e-03,1.125734960660338367e-02,2.910757757490500808e-05,2.910757757490500808e-05
2.203834533691406250e+00,2.447659301757812322e+00,2.203863620758056641e+00,2.447688388824462713e+00,7.776771783828735352e-01,8.184409677982330544e-01,9.349452853202819824e-01,9.308842480182647483e-01,2.826493680477142334e-01,4.886374741792678944e-01,2.014077752828598022e-01,2.040145963430404774e-01,7.154893595725297928e-03,5.682059796527028084e-03,2.910931652877479792e-05,2.910931652877479792e-05
3.976753234863281250e+00,2.447107553482055664e+00,3.976782321929931641e+00,2.447136640548706055e+00,7.644703388214111328e-01,8.335293412208557573e-01,9.236398339271545410e-01,9.340937137603759766e-01,2.051738023757934570e+00,4.661827355623245350e-01,2.325893789529800415e-01,2.046555399894714466e-01,4.315538797527551651e-03,8.646201621741057136e-03,2.910699731728527695e-05,2.910699731728527695e-05
2.320449829101562500e+00,2.465568614006042658e+00,2.320478916168212891e+00,2.465597701072693049e+00,8.235647678375244141e-01,8.404019773006439209e-01,9.253796339035034180e-01,9.363095819950103538e-01,2.989848554134368896e-01,4.658911317586899026e-01,2.620595395565032959e-01,2.042736008763313404e-01,1.046106871217489243e-02,1.869225818663835387e-02,2.910767580033279955e-05,2.910767580033279955e-05
2.621205568313598633e+00,2.426477718353271307e+00,2.621234655380249023e+00,2.426506805419921697e+00,8.675593137741088867e-01,8.233017325401306152e-01,9.391187429428100586e-01,9.282971024513244629e-01,5.801380276679992676e-01,4.631867796182632668e-01,2.286195307970046997e-01,2.045495122671127375e-01,5.769911222159862518e-03,7.142537320032715624e-03,2.910564217017963529e-05,2.910564217017963529e-05
2.213738918304443359e+00,2.489832711219787775e+00,2.213768005371093750e+00,2.489861798286438166e+00,8.095076084136962891e-01,8.481438159942626953e-01,9.298760294914245605e-01,9.476696431636810747e-01,2.881367206573486328e-01,4.653937578201293723e-01,1.583312749862670898e-01,2.065192997455596868e-01,2.788746170699596405e-02,2.210617456585168769e-02,2.910671901190653443e-05,2.910671901190653443e-05
2.349675655364990234e+00,2.485077762603759677e+00,2.349704742431640625e+00,2.485106849670410067e+00,8.373098969459533691e-01,8.305703401565551758e-01,9.462642669677734375e-01,9.287528753280639426e-01,2.903192639350891113e-01,5.107692986726760642e-01,2.738692760467529297e-01,2.072789698839187511e-01,1.913169631734490395e-03,7.706296443939208811e-03,2.910590410465374589e-05,2.910590410465374589e-05
2.214180946350097656e+00,2.495341539382934570e+00,2.214210033416748047e+00,2.495370626449584961e+00,8.225063085556030273e-01,8.553855299949646440e-01,9.089613556861877441e-01,9.310206353664398637e-01,2.718761265277862549e-01,4.779322415590286366e-01,1.922082901000976562e-01,2.068558126688003485e-01,1.862890645861625671e-02,2.414730098098516464e-02,2.911190313170664012e-05,2.911190313170664012e-05
2.193176984786987305e+00,2.482331728935241788e+00,2.193206071853637695e+00,2.482360816001892179e+00,8.412173390388488770e-01,8.319299340248107466e-01,9.367717504501342773e-01,9.233461856842041238e-01,2.565732002258300781e-01,5.134966999292374101e-01,1.546613126993179321e-01,2.077527403831481989e-01,3.953293431550264359e-03,5.806149914860725403e-03,2.911030969698913395e-05,2.911030969698913395e-05
2.266931056976318359e+00,2.462338256835937322e+00,2.266960144042968750e+00,2.462367343902587713e+00,8.491615056991577148e-01,8.245406091213226540e-01,9.422076940536499023e-01,9.269076824188232644e-01,2.673611640930175781e-01,4.956616342067718395e-01,2.015183717012405396e-01,2.075139701366424672e-01,6.682480219751596451e-03,7.714356249198317701e-03,2.910762123065069318e-05,2.910762123065069318e-05
2.404539108276367188e+00,2.437040185928344815e+00,2.404568195343017578e+00,2.437069272994995206e+00,7.900149226188659668e-01,8.350622296333313210e-01,9.136404991149902344e-01,9.291566491127014604e-01,5.213543772697448730e-01,4.631430864334106223e-01,1.728266775608062744e-01,2.032510876655578558e-01,6.702537182718515396e-03,6.427107891067862337e-03,2.910735929617658257e-05,2.910735929617658257e-05
2.325420141220092773e+00,2.446337723731994540e+00,2.325449228286743164e+00,2.446366810798644931e+00,8.392186760902404785e-01,8.293130636215210183e-01,9.206823110580444336e-01,9.334130048751830833e-01,3.248792886734008789e-01,4.756315946578979492e-01,2.321321815252304077e-01,2.001612678170204274e-01,8.507636375725269318e-03,7.818737486377357743e-03,2.910892362706363201e-05,2.910892362706363201e-05
2.224379301071166992e+00,2.448267626762389959e+00,2.224408388137817383e+00,2.448296713829040350e+00,8.088266849517822266e-01,8.277949452400207297e-01,9.054269194602966309e-01,9.266001164913177934e-01,2.894695103168487549e-01,4.919829934835434071e-01,2.151742875576019287e-01,1.979977816343307384e-01,5.482021719217300415e-03,3.891807398758828640e-03,2.911450428655371070e-05,2.911450428655371070e-05
3.397100687026977539e+00,2.440659379959106534e+00,3.397129774093627930e+00,2.440688467025756925e+00,8.082620501518249512e-01,8.338102459907531516e-01,9.207828044891357422e-01,9.379582345485687478e-01,1.472141742706298828e+00,4.616503566503524780e-01,1.830112040042877197e-01,1.971929326653480419e-01,1.290274504572153091e-02,1.004758458584547112e-02,2.911435876740142703e-05,2.911435876740142703e-05
2.684073925018310547e+00,2.456876015663147061e+00,2.684103012084960938e+00,2.456905102729797452e+00,8.445501327514648438e-01,8.340708255767822488e-01,9.186076521873474121e-01,9.340708434581757036e-01,7.027124762535095215e-01,4.803588390350341797e-01,2.010944634675979614e-01,1.953170344233512989e-01,1.710908859968185425e-02,1.305849365890026162e-02,2.910940020228736103e-05,2.910940020228736103e-05
2.253040790557861328e+00,2.427195739746093928e+00,2.253069877624511719e+00,2.427224826812744318e+00,8.070495724678039551e-01,8.252520442008972612e-01,9.247022867202758789e-01,9.324311852455139382e-01,3.006668090820312500e-01,4.731386303901672363e-01,2.182582616806030273e-01,1.935968220233917347e-01,2.363574923947453499e-03,2.777003613300621336e-03,2.911362025770358741e-05,2.911362025770358741e-05
2.378247499465942383e+00,2.426028895378112615e+00,2.378276586532592773e+00,2.426057982444763006e+00,8.768635392189025879e-01,8.315175116062164529e-01,9.485004544258117676e-01,9.364706337451934592e-01,3.376864492893218994e-01,4.620847433805465587e-01,2.112637013196945190e-01,1.919492006301879994e-01,3.933508880436420441e-03,4.006786434911191290e-03,2.912021773227024823e-05,2.912021773227024823e-05
2.399440050125122070e+00,2.416647911071777344e+00,2.399469137191772461e+00,2.416676998138427734e+00,8.848157525062561035e-01,8.340496599674225298e-01,9.383656382560729980e-01,9.372706115245819092e-01,3.320629894733428955e-01,4.475001722574233898e-01,2.398583889007568359e-01,1.916557177901268005e-01,4.337399266660213470e-03,6.171743571758270437e-03,2.912353920692112297e-05,2.912353920692112297e-05
2.471254348754882812e+00,2.434066438674926669e+00,2.471283435821533203e+00,2.434095525741577060e+00,8.314370512962341309e-01,8.237504959106445312e-01,9.500901103019714355e-01,9.376010179519653764e-01,5.147281885147094727e-01,4.771788358688354714e-01,1.720796972513198853e-01,1.908876433968544062e-01,2.919299295172095299e-03,4.648420307785272425e-03,2.912525451392866671e-05,2.912525451392866671e-05
2.458624601364135742e+00,2.428825759887695224e+00,2.458653688430786133e+00,2.428854846954345614e+00,7.974776625633239746e-01,8.224122583866119163e-01,8.935186266899108887e-01,9.351679623126983865e-01,5.222914218902587891e-01,4.751759856939316018e-01,2.420043796300888062e-01,1.927438661456108149e-01,3.332430263981223106e-03,3.325692377984523773e-03,2.912498894147574902e-05,2.912498894147574902e-05
2.351418256759643555e+00,2.469659948348998935e+00,2.351447343826293945e+00,2.469689035415649325e+00,8.326779007911682129e-01,8.365783095359802246e-01,9.574743509292602539e-01,9.350245356559753196e-01,3.467580378055572510e-01,4.978732198476791271e-01,2.103800624608993530e-01,1.934195592999458368e-01,4.127682186663150787e-03,6.764426501467824329e-03,2.912874333560466766e-05,2.912874333560466766e-05
2.436917543411254883e+00,2.454651379585266024e+00,2.436946630477905273e+00,2.454680466651916415e+00,8.389924168586730957e-01,8.297278881072998047e-01,9.123852252960205078e-01,9.346049904823303667e-01,4.479815065860748291e-01,4.921372592449188010e-01,2.318037450313568115e-01,1.934625029563903920e-01,5.754794925451278687e-03,4.718737490475177591e-03,2.913285788963548839e-05,2.913285788963548839e-05
2.292835474014282227e+00,2.456067681312561035e+00,2.292864561080932617e+00,2.456096768379211426e+00,8.219522237777709961e-01,8.281510233879089133e-01,9.267863631248474121e-01,9.339740514755249245e-01,3.594716489315032959e-01,4.946214467287063377e-01,1.802868694067001343e-01,1.947531148791313282e-01,4.338521044701337814e-03,4.568026214838027781e-03,2.913042771979235113e-05,2.913042771979235113e-05
2.507824182510375977e+00,2.449493646621704102e+00,2.507853269577026367e+00,2.449522733688354492e+00,7.921638488769531250e-01,8.192588686943054199e-01,9.136192798614501953e-01,9.346997737884521484e-01,5.995863080024719238e-01,4.968780398368835560e-01,1.981352418661117554e-01,1.944006890058517512e-01,4.319610074162483215e-03,4.256289498880505388e-03,2.912953641498461366e-05,2.912953641498461366e-05
2.239454030990600586e+00,2.436809110641479315e+00,2.239483118057250977e+00,2.436838197708129705e+00,8.050155639648437500e-01,8.254042506217956765e-01,9.416580796241760254e-01,9.344834089279174805e-01,3.104551732540130615e-01,4.799764901399612427e-01,1.796817034482955933e-01,1.943778678774833735e-01,2.643472515046596527e-03,2.567124040797352964e-03,2.912556010414846241e-05,2.912556010414846241e-05
2.363165140151977539e+00,2.409193539619445712e+00,2.363194227218627930e+00,2.409222626686096103e+00,8.376295566558837891e-01,8.213420271873473899e-01,9.334362149238586426e-01,9.343781352043152300e-01,3.780039548873901367e-01,4.584849506616592296e-01,2.120459526777267456e-01,1.930670797824859675e-01,2.049355302006006241e-03,1.921262859832495538e-03,2.912479794758837670e-05,2.912479794758837670e-05
2.297106027603149414e+00,2.454727292060852051e+00,2.297135114669799805e+00,2.454756379127502441e+00,7.972953915596008301e-01,8.221259176731109397e-01,9.054804444313049316e-01,9.331645727157592551e-01,3.399468064308166504e-01,4.989727318286895641e-01,2.480873763561248779e-01,1.951806619763374329e-01,6.295971572399139404e-03,5.283383000642061060e-03,2.913183561759069562e-05,2.913183561759069562e-05
2.318716287612915039e+00,2.455119466781616300e+00,2.318745374679565430e+00,2.455148553848266690e+00,8.234397768974304199e-01,8.247564077377319558e-01,9.540768265724182129e-01,9.332543134689330611e-01,3.499877750873565674e-01,4.974647611379623413e-01,1.894343942403793335e-01,1.967777207493782154e-01,1.777737750671803951e-03,2.866305690258741205e-03,2.913214484578929842e-05,2.913214484578929842e-05
2.228450298309326172e+00,2.451036286354065119e+00,2.228479385375976562e+00,2.451065373420715510e+00,7.707015275955200195e-01,8.208968400955199973e-01,9.466122388839721680e-01,9.332832217216491255e-01,3.447175920009613037e-01,4.986943215131759422e-01,1.631934791803359985e-01,1.951822996139526423e-01,3.225560765713453293e-03,2.979623642750084313e-03,2.912635864049661905e-05,2.912635864049661905e-05
2.235600471496582031e+00,2.438299369812011896e+00,2.235629558563232422e+00,2.438328456878662287e+00,7.961774468421936035e-01,8.206326901912689431e-01,9.119954109191894531e-01,9.355462968349457231e-01,3.238218128681182861e-01,4.837322920560837014e-01,1.992753148078918457e-01,1.953963652253150884e-01,4.330525640398263931e-03,2.991722081787884235e-03,2.912477611971553415e-05,2.912477611971553415e-05
2.307988882064819336e+00,2.434733271598815918e+00,2.308017969131469727e+00,2.434762358665466309e+00,8.622334003448486328e-01,8.286788165569305420e-01,9.437673687934875488e-01,9.356987774372100830e-01,3.034868836402893066e-01,4.742365479469299316e-01,1.959599554538726807e-01,1.938378527760505621e-01,2.541245892643928528e-03,2.281295112334191886e-03,2.913121170422527939e-05,2.913121170422527939e-05
2.851579666137695312e+00,2.439513158798217951e+00,2.851608753204345703e+00,2.439542245864868342e+00,8.222844004631042480e-01,8.238744616508484331e-01,9.384160637855529785e-01,9.351830422878265603e-01,8.615496158599853516e-01,4.825740009546279907e-01,2.281136810779571533e-01,1.961909160017967224e-01,1.215985044836997986e-03,1.690730790141969963e-03,2.913607204391155392e-05,2.913607204391155392e-05
2.234784603118896484e+00,2.439642453193664462e+00,2.234813690185546875e+00,2.439671540260314853e+00,8.001787662506103516e-01,8.254116356372833696e-01,9.477116465568542480e-01,9.365165352821349654e-01,3.057453334331512451e-01,4.780299991369247326e-01,1.779586821794509888e-01,1.960528537631034962e-01,3.189946291968226433e-03,3.631434799171984022e-03,2.913367643486708403e-05,2.913367643486708403e-05
2.226643800735473633e+00,2.438795399665832697e+00,2.226672887802124023e+00,2.438824486732483088e+00,8.275640606880187988e-01,8.181683719158172607e-01,9.345863461494445801e-01,9.438162505626678245e-01,3.115944266319274902e-01,4.779093742370605358e-01,1.485336124897003174e-01,1.960234269499778748e-01,4.365537781268358231e-03,2.877981169149279594e-03,2.913138450821861625e-05,2.913138450821861625e-05
2.277787446975708008e+00,2.450941705703735263e+00,2.277816534042358398e+00,2.450970792770385653e+00,8.009555935859680176e-01,8.322738349437713845e-01,9.390814304351806641e-01,9.387272059917449729e-01,3.335710167884826660e-01,4.757197916507721058e-01,2.021344751119613647e-01,1.978247225284576472e-01,2.045148052275180817e-03,6.396225420758128166e-03,2.913266143877990544e-05,2.913266143877990544e-05
2.471353054046630859e+00,2.438352465629577637e+00,2.471382141113281250e+00,2.438381552696228027e+00,8.234001398086547852e-01,8.182934522628784180e-01,9.299464225769042969e-01,9.312232613563538042e-01,5.183650255203247070e-01,4.884076923131942527e-01,1.970208883285522461e-01,1.983267620205879100e-01,2.620722400024533272e-03,2.101276139728725130e-03,2.912888703576754779e-05,2.912888703576754779e-05
2.338521480560302734e+00,2.435926365852355779e+00,2.338550567626953125e+00,2.435955452919006170e+00,8.009846210479736328e-01,8.218847215175628662e-01,9.121415615081787109e-01,9.313741981983184592e-01,4.020517766475677490e-01,4.823051750659942405e-01,2.206764817237854004e-01,1.978673800826072637e-01,2.667170017957687378e-03,2.494799601845443075e-03,2.913139542215503752e-05,2.913139542215503752e-05
2.547893285751342773e+00,2.444454956054687322e+00,2.547922372817993164e+00,2.444484043121337713e+00,8.287069797515869141e-01,8.328728556632996050e-01,9.244539737701416016e-01,9.417566359043121338e-01,5.703601837158203125e-01,4.672840565443038829e-01,2.210165411233901978e-01,1.976876333355903625e-01,3.355564782395958900e-03,4.853728739544749086e-03,2.913175558205693960e-05,2.913175558205693960e-05
2.248051643371582031e+00,2.461887454986572354e+00,2.248080730438232422e+00,2.461916542053222745e+00,8.238251805305480957e-01,8.238792181015014426e-01,9.554795026779174805e-01,9.312259912490844505e-01,2.811382412910461426e-01,5.040366351604461670e-01,1.834181994199752808e-01,1.990201160311698969e-01,4.190438427031040192e-03,3.725462150759994897e-03,2.913081516453530639e-05,2.913081516453530639e-05
2.384587287902832031e+00,2.433268356323242010e+00,2.384616374969482422e+00,2.433297443389892400e+00,7.889649868011474609e-01,8.200016498565674272e-01,9.077277183532714844e-01,9.301233828067779763e-01,5.011064410209655762e-01,4.815900802612304576e-01,1.832893788814544678e-01,1.991690188646316473e-01,3.498751670122146606e-03,2.384240785613655871e-03,2.913012576755136251e-05,2.913012576755136251e-05
2.257935762405395508e+00,2.445520257949829190e+00,2.257964849472045898e+00,2.445549345016479581e+00,8.284669518470764160e-01,8.192840337753295454e-01,9.440411925315856934e-01,9.297651290893554910e-01,2.923711836338043213e-01,4.920533150434494019e-01,1.890730261802673340e-01,2.002088204026222229e-01,3.983233589679002762e-03,4.208981897681951870e-03,2.912755371653474867e-05,2.912755371653474867e-05
2.261231899261474609e+00,2.484161162376403720e+00,2.261260986328125000e+00,2.484190249443054110e+00,8.281135559082031250e-01,8.281653165817260964e-01,9.162790775299072266e-01,9.284448623657226562e-01,2.548799812793731689e-01,5.229494810104370339e-01,2.605677545070648193e-01,2.006953611969947704e-01,1.391658908687531948e-03,3.906121244654059410e-03,2.913003118010237813e-05,2.913003118010237813e-05
2.478749990463256836e+00,2.480353379249572665e+00,2.478779077529907227e+00,2.480382466316223056e+00,8.302004337310791016e-01,8.209165990352630393e-01,9.355036020278930664e-01,9.320447921752930132e-01,5.112773180007934570e-01,5.224018037319183572e-01,1.971437484025955200e-01,2.013605594635009821e-01,4.624830558896064758e-03,3.629642096348106774e-03,2.912837408075574785e-05,2.912837408075574785e-05
2.171099662780761719e+00,2.460986471176147550e+00,2.171128749847412109e+00,2.461015558242797940e+00,7.850599288940429688e-01,8.213176548480987105e-01,9.154096841812133789e-01,9.387393176555633989e-01,2.639691233634948730e-01,4.968521803617477195e-01,2.046514153480529785e-01,2.011471495032310375e-01,2.009560819715261459e-03,2.930147200822830287e-03,2.912684794864617288e-05,2.912684794864617288e-05
2.543236494064331055e+00,2.453700089454650790e+00,2.543265581130981445e+00,2.453729176521301181e+00,8.010887503623962402e-01,8.181797683238982710e-01,9.216261506080627441e-01,9.320312499999999778e-01,6.116978526115417480e-01,4.993678718805313332e-01,2.051776945590972900e-01,2.006629914045333918e-01,3.645955584943294525e-03,3.458239068277180021e-03,2.912347554229199886e-05,2.912347554229199886e-05
2.200500726699829102e+00,2.432452630996704279e+00,2.200529813766479492e+00,2.432481718063354670e+00,8.297543525695800781e-01,8.212966799736023393e-01,9.332200884819030762e-01,9.332030653953552468e-01,2.595063745975494385e-01,4.749495089054107666e-01,1.720138192176818848e-01,1.991097599267959706e-01,6.005932111293077469e-03,3.893642593175172719e-03,2.912373747676610947e-05,2.912373747676610947e-05
2.215977907180786133e+00,2.556773233413696111e+00,2.216006994247436523e+00,2.556802320480346502e+00,8.284431099891662598e-01,8.809218943119049294e-01,9.031048417091369629e-01,9.355275154113769087e-01,2.455677688121795654e-01,5.067135900259017722e-01,2.112765163183212280e-01,1.984707251191139277e-01,2.758583985269069672e-02,3.513950817286968370e-02,2.912375566666014493e-05,2.912375566666014493e-05
2.157164335250854492e+00,2.429087471961975275e+00,2.157193422317504883e+00,2.429116559028625666e+00,8.065826296806335449e-01,8.201190531253814697e-01,9.377079606056213379e-01,9.276179492473601851e-01,2.644559144973754883e-01,4.805974036455154530e-01,1.450813859701156616e-01,1.979117676615715082e-01,3.336362773552536964e-03,2.841257746331393632e-03,2.912331183324567974e-05,2.912331183324567974e-05
2.199790477752685547e+00,2.445187759399414240e+00,2.199819564819335938e+00,2.445216846466064631e+00,8.254354000091552734e-01,8.252800166606902854e-01,9.554482102394104004e-01,9.274654686450958252e-01,2.466649562120437622e-01,4.916781634092330933e-01,1.708759963512420654e-01,1.976439312100410350e-01,1.365788746625185013e-03,3.120223549194633874e-03,2.911887895606923848e-05,2.911887895606923848e-05
4.003513336181640625e+00,2.494014811515808283e+00,4.003542423248291016e+00,2.494043898582458674e+00,8.371040225028991699e-01,8.327338159084319846e-01,9.301454424858093262e-01,9.370678186416625532e-01,2.009953498840332031e+00,5.209015548229217751e-01,2.160270512104034424e-01,1.964284449815750233e-01,1.028316747397184372e-02,6.883139023557305336e-03,2.912264608312398195e-05,2.912264608312398195e-05
2.405123949050903320e+00,2.488445472717285334e+00,2.405153036117553711e+00,2.488474559783935725e+00,8.278748989105224609e-01,8.558051526546478494e-01,9.007873535156250000e-01,9.296484589576721191e-01,4.437011480331420898e-01,4.772829830646515004e-01,2.154213190078735352e-01,1.948139101266860851e-01,1.733942516148090363e-02,3.089502360671758652e-02,2.912338823080062866e-05,2.912338823080062866e-05
2.687486648559570312e+00,2.442450666427612216e+00,2.687515735626220703e+00,2.442479753494262606e+00,7.627574801445007324e-01,8.241833686828613503e-01,9.102804064750671387e-01,9.282574951648712158e-01,8.120415806770324707e-01,4.914638370275497548e-01,1.996744722127914429e-01,1.944635584950447083e-01,2.732684137299656868e-03,4.082424519583583052e-03,2.912608397309668362e-05,2.912608397309668362e-05
2.233425617218017578e+00,2.454247999191284002e+00,2.233454704284667969e+00,2.454277086257934393e+00,8.407584428787231445e-01,8.269603252410888672e-01,9.412086606025695801e-01,9.287758290767669234e-01,2.362787127494812012e-01,5.007420718669891579e-01,2.116223126649856567e-01,1.935460984706878773e-01,3.557392861694097519e-03,4.223726573400199413e-03,2.912289164669346064e-05,2.912289164669346064e-05
2.169044733047485352e+00,2.446534752845764160e+00,2.169073820114135742e+00,2.446563839912414551e+00,8.258568048477172852e-01,8.377451598644256592e-01,9.436140656471252441e-01,9.308872044086455855e-01,2.334432154893875122e-01,4.676419347524642944e-01,1.512103527784347534e-01,1.934354752302169800e-01,1.492021512240171432e-02,1.682496024295687675e-02,2.912110358010977507e-05,2.912110358010977507e-05
2.199462175369262695e+00,2.461266183853149325e+00,2.199491262435913086e+00,2.461295270919799716e+00,8.554323911666870117e-01,8.434623062610626665e-01,9.293612837791442871e-01,9.320426225662231667e-01,2.387130260467529297e-01,4.841263383626938088e-01,1.646807491779327393e-01,1.930390700697898754e-01,1.127481088042259216e-02,8.595750480890274742e-03,2.911766569013707340e-05,2.911766569013707340e-05
2.270242691040039062e+00,2.458733987808227717e+00,2.270271778106689453e+00,2.458763074874878107e+00,8.716018795967102051e-01,8.321466565132140669e-01,9.471293091773986816e-01,9.256616175174713357e-01,2.530207335948944092e-01,5.037732422351837158e-01,1.955643147230148315e-01,1.940543472766876332e-01,2.926568500697612762e-03,3.098125150427222078e-03,2.912040145020000637e-05,2.912040145020000637e-05
2.250113248825073242e+00,2.431463837623596191e+00,2.250142335891723633e+00,2.431492924690246582e+00,8.277535438537597656e-01,8.217740237712860552e-01,9.432260394096374512e-01,9.340482890605926736e-01,2.838276922702789307e-01,4.674272954463958851e-01,1.780101507902145386e-01,1.969954669475555420e-01,1.729553937911987305e-02,1.121876453980803420e-02,2.911550109274685383e-05,2.911550109274685383e-05
2.299293518066406250e+00,2.494024515151977539e+00,2.299322605133056641e+00,2.494053602218627930e+00,8.639122247695922852e-01,8.360524594783782515e-01,9.720942974090576172e-01,9.532359361648559126e-01,2.891789674758911133e-01,4.920517146587372048e-01,1.656478643417358398e-01,1.966259852051734924e-01,8.460057899355888367e-03,1.605843156576156755e-02,2.911213232437148690e-05,2.911213232437148690e-05
2.299994945526123047e+00,2.538435220718383789e+00,2.300024032592773438e+00,2.538464307785034180e+00,8.359240293502807617e-01,8.698528707027435303e-01,9.553794264793395996e-01,9.423173904418945535e-01,2.876842916011810303e-01,4.916136860847473145e-01,1.917420178651809692e-01,1.969458669424057062e-01,2.926552109420299530e-02,3.770541176199913164e-02,2.911442788899876177e-05,2.911442788899876177e-05
2.290587663650512695e+00,2.500882267951965332e+00,2.290616750717163086e+00,2.500911355018615723e+00,8.619198799133300781e-01,8.512583911418915017e-01,9.146101474761962891e-01,9.412917971611023393e-01,2.930938601493835449e-01,4.920801758766174538e-01,1.910817325115203857e-01,1.959293335676193237e-01,2.988196536898612976e-02,2.032256126403808594e-02,2.911519732151646167e-05,2.911519732151646167e-05
2.483534336090087891e+00,2.492607808113098233e+00,2.483563423156738281e+00,2.492636895179748624e+00,8.761377334594726562e-01,8.326639771461487038e-01,9.312925934791564941e-01,9.498559117317200151e-01,4.066096544265747070e-01,4.936252534389495850e-01,2.499955892562866211e-01,1.988473087549209595e-01,1.949876733124256134e-02,1.761532761156558990e-02,2.911350020440295339e-05,2.911350020440295339e-05
2.288580656051635742e+00,2.473030734062194647e+00,2.288609743118286133e+00,2.473059821128845037e+00,8.152979016304016113e-01,8.262419939041137917e-01,9.332997202873229980e-01,9.353502333164215310e-01,3.626919090747833252e-01,5.027537316083907637e-01,1.653067469596862793e-01,2.006890475749969482e-01,1.198443863540887833e-02,7.995733013376592896e-03,2.911066258093342185e-05,2.911066258093342185e-05
2.258494138717651367e+00,2.484093999862670987e+00,2.258523225784301758e+00,2.484123086929321378e+00,8.123921155929565430e-01,8.228563487529754195e-01,8.994780778884887695e-01,9.439744949340820312e-01,3.523394763469696045e-01,5.079640656709670798e-01,1.815990507602691650e-01,2.003293856978416443e-01,1.268527191132307053e-02,8.969710674136877060e-03,2.911254159698728472e-05,2.911254159698728472e-05
2.389966487884521484e+00,2.472082901000976385e+00,2.389995574951171875e+00,2.472111988067626775e+00,8.665111064910888672e-01,8.329317986965178999e-01,9.669227600097656250e-01,9.360427320003509299e-01,3.547430038452148438e-01,4.969000130891799705e-01,1.979256868362426758e-01,2.004691913723945507e-01,3.863745369017124176e-03,5.739097902551293547e-03,2.911417504947166890e-05,2.911417504947166890e-05
2.398990154266357422e+00,2.458171367645263672e+00,2.399019241333007812e+00,2.458200454711914062e+00,9.000310897827148438e-01,8.142951905727386919e-01,9.679409861564636230e-01,9.418068110942841020e-01,3.541888594627380371e-01,4.980825752019882313e-01,1.742101907730102539e-01,2.009221389889717102e-01,2.618711907416582108e-03,3.064584359526634130e-03,2.911665433202870190e-05,2.911665433202870190e-05
2.822151184082031250e+00,2.466731238365173162e+00,2.822180271148681641e+00,2.466760325431823553e+00,8.377541899681091309e-01,8.174825012683868408e-01,9.057900905609130859e-01,9.326343953609466109e-01,8.602073192596435547e-01,5.142697781324386819e-01,2.161460220813751221e-01,2.001490116119384877e-01,2.253517974168062210e-03,2.195618813857436180e-03,2.911464980570599437e-05,2.911464980570599437e-05
2.300614118576049805e+00,2.466503787040710272e+00,2.300643205642700195e+00,2.466532874107360662e+00,8.312904238700866699e-01,8.216256856918334739e-01,9.337685108184814453e-01,9.337825953960419145e-01,3.507982790470123291e-01,5.082416832447052002e-01,1.819931268692016602e-01,2.003505215048790034e-01,2.763541415333747864e-03,2.503311308100819414e-03,2.911579395004082471e-05,2.911579395004082471e-05
2.197536945343017578e+00,2.450064682960510165e+00,2.197566032409667969e+00,2.450093770027160556e+00,7.626280784606933594e-01,8.167075574398040549e-01,8.941972851753234863e-01,9.329815864562988059e-01,3.523267209529876709e-01,4.998060107231140359e-01,1.863092929124832153e-01,1.985955536365509033e-01,2.075649565085768700e-03,1.974001061171293259e-03,2.911698902607895434e-05,2.911698902607895434e-05
2.648304462432861328e+00,2.470445990562438965e+00,2.648333549499511719e+00,2.470475077629089355e+00,8.696250319480895996e-01,8.327540159225463867e-01,9.374863505363464355e-01,9.303838610649108887e-01,6.207168698310852051e-01,5.010925978422164917e-01,2.125945985317230225e-01,1.980625569820403942e-01,7.881663739681243896e-03,8.152972813695669521e-03,2.911595584009774029e-05,2.911595584009774029e-05
2.282238245010375977e+00,2.457551264762878329e+00,2.282267332077026367e+00,2.457580351829528720e+00,8.195018172264099121e-01,8.258955121040344460e-01,9.564704298973083496e-01,9.315949797630309615e-01,3.227009177207946777e-01,4.969902515411376842e-01,1.815787851810455322e-01,1.989722922444343567e-01,1.986185321584343910e-03,4.098263010382652630e-03,2.911641422542743385e-05,2.911641422542743385e-05
2.322380304336547852e+00,2.451929664611816495e+00,2.322409391403198242e+00,2.451958751678466886e+00,8.408097028732299805e-01,8.234746396541595681e-01,9.319441914558410645e-01,9.339388728141784224e-01,3.315746188163757324e-01,4.927574068307876698e-01,2.162986844778060913e-01,1.994233861565589960e-01,1.753197051584720612e-03,2.335293986834585840e-03,2.911670890171080828e-05,2.911670890171080828e-05
2.260334014892578125e+00,2.453830194473266779e+00,2.260363101959228516e+00,2.453859281539917170e+00,8.239673376083374023e-01,8.239827573299407515e-01,9.480654001235961914e-01,9.282955884933471458e-01,3.070638179779052734e-01,4.983044803142547829e-01,1.778811812400817871e-01,1.997754931449890192e-01,3.356229048222303391e-03,3.471886273473501205e-03,2.911960109486244619e-05,2.911960109486244619e-05
2.202811717987060547e+00,2.445876455307006925e+00,2.202840805053710938e+00,2.445905542373657315e+00,7.910199761390686035e-01,8.224424242973327193e-01,8.837704658508300781e-01,9.291511833667754905e-01,3.046726286411285400e-01,4.918369829654693492e-01,2.186756879091262817e-01,1.988123029470443837e-01,4.673065152019262314e-03,3.633585968054831115e-03,2.911909177782945335e-05,2.911909177782945335e-05
2.254899978637695312e+00,2.447949218749999822e+00,2.254929065704345703e+00,2.447978305816650213e+00,8.099616765975952148e-01,8.241670548915862593e-01,9.202896356582641602e-01,9.293938636779784934e-01,2.889499664306640625e-01,4.921553760766982921e-01,2.325527220964431763e-01,1.986250534653663524e-01,3.145991824567317963e-03,3.607877530157566071e-03,2.911703995778225362e-05,2.911703995778225362e-05
2.303061723709106445e+00,2.459236621856689453e+00,2.303090810775756836e+00,2.459265708923339844e+00,8.690097928047180176e-01,8.229349553585052490e-01,9.615639448165893555e-01,9.295762538909911887e-01,2.699354887008666992e-01,5.055705010890960693e-01,2.005588263273239136e-01,1.986525982618331798e-01,1.993538811802864075e-03,2.502351324073970231e-03,2.911585761466994882e-05,2.911585761466994882e-05
2.216915130615234375e+00,2.480572104454040527e+00,2.216944217681884766e+00,2.480601191520690918e+00,8.182573318481445312e-01,8.274904668331146684e-01,9.503089189529418945e-01,9.289278268814087358e-01,2.621033489704132080e-01,5.183687597513199075e-01,1.835197359323501587e-01,2.019109278917312622e-01,2.725570695474743843e-03,3.874120698310434645e-03,2.911907176894601434e-05,2.911907176894601434e-05
2.183429241180419922e+00,2.507380032539367587e+00,2.183458328247070312e+00,2.507409119606017978e+00,8.376817703247070312e-01,8.267157495021819624e-01,9.026081562042236328e-01,9.255494594573974165e-01,2.248837351799011230e-01,5.497110396623611228e-01,2.156152576208114624e-01,2.027487754821777344e-01,2.640261547639966011e-03,2.654996979981660669e-03,2.911581032094545662e-05,2.911581032094545662e-05
2.702984571456909180e+00,2.506827807426452726e+00,2.703013658523559570e+00,2.506856894493103116e+00,8.241412043571472168e-01,8.382203161716461626e-01,9.112248420715332031e-01,9.255655407905578613e-01,7.805106043815612793e-01,5.298513352870941606e-01,1.807797700166702271e-01,2.053043127059936412e-01,6.328117568045854568e-03,7.886327942833304752e-03,2.911368756031151861e-05,2.911368756031151861e-05
2.175969839096069336e+00,2.438734436035156161e+00,2.175998926162719727e+00,2.438763523101806552e+00,7.947196364402770996e-01,8.167163789272308128e-01,9.033607244491577148e-01,9.259841144084930420e-01,2.537802755832672119e-01,4.867238223552703968e-01,2.214203625917434692e-01,2.064825341105461232e-01,2.688840264454483986e-03,2.827638341113924807e-03,2.911233605118468404e-05,2.911233605118468404e-05
2.241472244262695312e+00,2.478043675422668457e+00,2.241501331329345703e+00,2.478072762489318848e+00,7.924317121505737305e-01,8.172266304492949995e-01,9.288683533668518066e-01,9.354046523571014626e-01,2.704012691974639893e-01,5.127624005079269853e-01,2.479600310325622559e-01,2.090360105037689098e-01,1.810680842027068138e-03,3.613965515978634184e-03,2.911401315941475332e-05,2.911401315941475332e-05
2.307741641998291016e+00,2.488839364051818936e+00,2.307770729064941406e+00,2.488868451118469327e+00,8.628402352333068848e-01,8.169643640518188255e-01,9.585325121879577637e-01,9.284157454967498779e-01,2.811470329761505127e-01,5.311390787363052812e-01,2.015290856361389160e-01,2.089366301894187983e-01,3.692917758598923683e-03,3.383571188896894368e-03,2.910707553382962942e-05,2.910707553382962942e-05
2.230697870254516602e+00,2.489847755432128995e+00,2.230726957321166992e+00,2.489876842498779386e+00,8.353752493858337402e-01,8.161127328872680442e-01,9.356279969215393066e-01,9.245109021663665549e-01,2.669512033462524414e-01,5.373903810977935791e-01,1.900908499956130981e-01,2.090992286801338085e-01,2.652723342180252075e-03,2.734526689164340323e-03,2.910366674768738449e-05,2.910366674768738449e-05
2.237297058105468750e+00,2.494615912437438965e+00,2.237326145172119141e+00,2.494644999504089355e+00,8.514018058776855469e-01,8.284703612327575240e-01,9.027215838432312012e-01,9.273040473461151567e-01,2.733959853649139404e-01,5.220129311084746870e-01,2.001868188381195068e-01,2.124262332916259655e-01,9.590899571776390076e-03,4.402339505031704729e-03,2.909811337303835899e-05,2.909811337303835899e-05
2.476607322692871094e+00,2.572306442260742010e+00,2.476636409759521484e+00,2.572335529327392400e+00,8.388538956642150879e-01,8.313842773437499778e-01,9.430635571479797363e-01,9.482767879962921143e-01,4.647410511970520020e-01,5.606142878532409668e-01,2.113453745841979980e-01,2.135059252381324713e-01,1.860334165394306183e-02,1.852515507489442895e-02,2.909475369961000979e-05,2.909475369961000979e-05
4.117156505584716797e+00,2.538617062568664373e+00,4.117185592651367188e+00,2.538646149635314764e+00,8.265240192413330078e-01,8.225398898124695046e-01,9.360865950584411621e-01,9.301037549972533958e-01,2.152302980422973633e+00,5.650324225425720215e-01,1.966544836759567261e-01,2.142746940255165211e-01,5.588384810835123062e-03,6.666299980133771549e-03,2.909475733758881688e-05,2.909475733758881688e-05
2.514395475387573242e+00,2.515283036231994451e+00,2.514424562454223633e+00,2.515312123298644842e+00,8.453098535537719727e-01,8.180235445499419722e-01,9.597113728523254395e-01,9.358907997608184592e-01,5.092804431915283203e-01,5.432115614414214644e-01,1.956010907888412476e-01,2.140090391039848328e-01,4.492853302508592606e-03,4.148137639276683331e-03,2.908617534558288753e-05,2.908617534558288753e-05
2.194096803665161133e+00,2.522212481498718351e+00,2.194125890731811523e+00,2.522241568565368741e+00,7.998932003974914551e-01,8.291365146636963113e-01,9.366297721862792969e-01,9.306878685951233132e-01,2.546276152133941650e-01,5.378918528556824175e-01,1.914017200469970703e-01,2.138037338852882274e-01,1.154454797506332397e-02,1.069249324500560691e-02,2.908038550231140107e-05,2.908038550231140107e-05
2.609082937240600586e+00,2.502033281326293768e+00,2.609112024307250977e+00,2.502062368392944158e+00,8.382929563522338867e-01,8.226494610309600386e-01,9.030607342720031738e-01,9.359029829502105713e-01,6.414089202880859375e-01,5.272590577602386253e-01,2.234410643577575684e-01,2.131484374403953552e-01,2.879178151488304138e-03,3.073314554058015347e-03,2.907932139351032674e-05,2.907932139351032674e-05
2.283110380172729492e+00,2.502074050903320135e+00,2.283139467239379883e+00,2.502103137969970525e+00,8.062947392463684082e-01,8.194496989250182883e-01,9.169829487800598145e-01,9.284330487251282182e-01,3.525759875774383545e-01,5.381851822137833086e-01,2.038442790508270264e-01,2.137616187334060724e-01,3.412444610148668289e-03,2.244547172449528998e-03,2.907899033743888140e-05,2.907899033743888140e-05
2.378268718719482422e+00,2.500194525718689054e+00,2.378297805786132812e+00,2.500223612785339444e+00,8.435818552970886230e-01,8.112238287925720437e-01,9.514648318290710449e-01,9.412391126155853494e-01,3.527582585811614990e-01,5.295835196971893089e-01,2.253706157207489014e-01,2.133822217583656311e-01,5.093205720186233521e-03,4.765896406024694269e-03,2.907610905822366476e-05,2.907610905822366476e-05
2.285604715347290039e+00,2.489135026931762695e+00,2.285633802413940430e+00,2.489164113998413086e+00,7.452158927917480469e-01,8.281348705291747825e-01,8.879925012588500977e-01,9.269351184368133101e-01,3.328076899051666260e-01,5.144896745681762917e-01,3.154556751251220703e-01,2.121850699186325073e-01,4.132952075451612473e-03,7.390393689274787729e-03,2.907461566792335361e-05,2.907461566792335361e-05
2.279543161392211914e+00,2.512228155136108310e+00,2.279572248458862305e+00,2.512257242202758700e+00,8.057078123092651367e-01,8.161743223667144997e-01,9.146375060081481934e-01,9.307843089103698953e-01,3.250464797019958496e-01,5.453085780143738237e-01,2.288035452365875244e-01,2.135263562202453502e-01,5.347681231796741486e-03,6.434567831456660877e-03,2.907298403442837298e-05,2.907298403442837298e-05
2.426454782485961914e+00,2.507722353935241788e+00,2.426483869552612305e+00,2.507751441001892179e+00,8.509867191314697266e-01,8.218904197216033714e-01,9.243171811103820801e-01,9.316941678524017778e-01,3.642951846122741699e-01,5.321918010711670366e-01,2.764466404914855957e-01,2.129530206322670094e-01,1.040911767631769180e-02,8.992923796176910747e-03,2.907044654421042651e-05,2.907044654421042651e-05
2.859948635101318359e+00,2.523031759262084783e+00,2.859977722167968750e+00,2.523060846328735174e+00,7.889955043792724609e-01,8.174574673175811768e-01,9.123491644859313965e-01,9.314992368221283181e-01,9.126592874526977539e-01,5.559655219316482766e-01,2.428687661886215210e-01,2.128237843513488825e-01,3.075869753956794739e-03,5.285749165341258222e-03,2.907147791120223701e-05,2.907147791120223701e-05
2.212811231613159180e+00,2.494759941101074130e+00,2.212840318679809570e+00,2.494789028167724521e+00,7.528449892997741699e-01,8.158387839794158936e-01,9.173246622085571289e-01,9.274838745594025102e-01,3.660722672939300537e-01,5.379839301109313743e-01,1.748968809843063354e-01,2.121375471353530995e-01,1.672618556767702103e-03,1.315813581459224181e-03,2.907290763687342405e-05,2.907290763687342405e-05
2.281122446060180664e+00,2.495130062103271484e+00,2.281151533126831055e+00,2.495159149169921875e+00,8.105357289314270020e-01,8.203701019287109597e-01,9.484148621559143066e-01,9.301730692386627197e-01,3.360731005668640137e-01,5.266396701335906982e-01,1.818688362836837769e-01,2.117415368556976318e-01,4.230110906064510345e-03,6.205621594563126737e-03,2.907018824771512300e-05,2.907018824771512300e-05
2.534634828567504883e+00,2.505879211425781072e+00,2.534663915634155273e+00,2.505908298492431463e+00,8.155057430267333984e-01,8.166190743446349876e-01,9.518651366233825684e-01,9.310089588165283425e-01,5.972069501876831055e-01,5.451741784811019453e-01,1.683739125728607178e-01,2.112754851579666249e-01,1.683119451627135277e-03,1.801541331224143418e-03,2.907067391788586974e-05,2.907067391788586974e-05
2.358700752258300781e+00,2.510977935791015803e+00,2.358729839324951172e+00,2.511007022857666193e+00,8.473857641220092773e-01,8.205070197582244873e-01,9.663371443748474121e-01,9.351831197738647017e-01,3.123522102832794189e-01,5.404499620199203491e-01,2.295018732547760010e-01,2.114572748541831970e-01,3.123710630461573601e-03,3.380493842996656895e-03,2.906446025008335710e-05,2.906446025008335710e-05
2.441532850265502930e+00,2.505931138992309570e+00,2.441561937332153320e+00,2.505960226058959961e+00,8.161902427673339844e-01,8.279282033443451372e-01,9.087831377983093262e-01,9.293239712715148926e-01,5.330868363380432129e-01,5.324965447187424150e-01,1.765149235725402832e-01,2.106656089425086864e-01,6.957877893000841141e-03,5.516833858564496040e-03,2.906914232880808413e-05,2.906914232880808413e-05
2.267576456069946289e+00,2.464203953742980957e+00,2.267605543136596680e+00,2.464233040809631348e+00,8.080289363861083984e-01,8.169213235378265381e-01,9.212381243705749512e-01,9.296004474163055420e-01,3.134818077087402344e-01,4.959650188684463501e-01,2.145883142948150635e-01,2.096525102853775135e-01,1.023914199322462082e-02,1.206471612676978181e-02,2.906429290305823088e-05,2.906429290305823088e-05
2.182224273681640625e+00,2.478745293617248713e+00,2.182253360748291016e+00,2.478774380683899103e+00,7.676283717155456543e-01,8.208282232284546120e-01,9.241151213645935059e-01,9.326739192008972612e-01,3.271648287773132324e-01,5.143799275159836037e-01,1.597871035337448120e-01,2.082030117511749212e-01,3.528932807967066765e-03,2.660287031903863127e-03,2.906285590142942965e-05,2.906285590142942965e-05
2.293868303298950195e+00,2.463430023193359464e+00,2.293897390365600586e+00,2.463459110260009854e+00,8.333115577697753906e-01,8.182805716991424783e-01,9.182888865470886230e-01,9.289861977100372092e-01,3.124276399612426758e-01,5.065032929182052834e-01,2.262606918811798096e-01,2.074084714055061396e-01,3.579332726076245308e-03,2.251521148718893355e-03,2.906220470322296023e-05,2.906220470322296023e-05
3.625769853591918945e+00,2.501211667060851962e+00,3.625798940658569336e+00,2.501240754127502353e+00,7.828210592269897461e-01,8.505797863006592241e-01,9.276158213615417480e-01,9.325414121150970015e-01,1.602037668228149414e+00,4.889719277620315774e-01,2.923679649829864502e-01,2.075771510601043812e-01,2.092737518250942230e-02,2.154137603938579421e-02,2.906034751504193991e-05,2.906034751504193991e-05
2.224232196807861328e+00,2.463757848739624112e+00,2.224261283874511719e+00,2.463786935806274503e+00,7.890709042549133301e-01,8.239193260669708252e-01,8.999052643775939941e-01,9.330286920070648415e-01,3.139270246028900146e-01,4.932743459939956665e-01,2.136464715003967285e-01,2.077631801366806030e-01,7.682589348405599594e-03,5.772324372082948338e-03,2.906104055000469089e-05,2.906104055000469089e-05
2.849319458007812500e+00,2.787244224548339755e+00,2.849348545074462891e+00,2.787273311614990146e+00,9.951856732368469238e-01,9.967623054981231689e-01,9.385343790054321289e-01,9.506507992744446245e-01,5.726385116577148438e-01,4.995450913906097634e-01,2.554313540458679199e-01,2.074456080794334356e-01,8.752947300672531128e-02,1.328404866158962305e-01,2.905700603150762618e-05,2.905700603150762618e-05
2.439513921737670898e+00,2.517399907112121582e+00,2.439543008804321289e+00,2.517428994178771973e+00,8.204392194747924805e-01,8.427648961544036421e-01,9.496890306472778320e-01,9.366940557956695557e-01,4.351564943790435791e-01,5.058799654245376143e-01,2.045453786849975586e-01,2.070628553628921509e-01,2.968379855155944824e-02,2.499817963689565659e-02,2.905522524088155478e-05,2.905522524088155478e-05
2.311397075653076172e+00,2.497088074684143066e+00,2.311426162719726562e+00,2.497117161750793457e+00,7.885328531265258789e-01,8.309251785278319868e-01,8.898416161537170410e-01,9.317172169685363770e-01,3.473299741744995117e-01,5.152246087789535967e-01,2.781244814395904541e-01,2.086717814207076915e-01,7.568109780550003052e-03,1.054928647354245151e-02,2.905355722759850323e-05,2.905355722759850323e-05
2.352399110794067383e+00,2.490811228752136230e+00,2.352428197860717773e+00,2.490840315818786621e+00,8.473055958747863770e-01,8.274128317832947221e-01,9.417293667793273926e-01,9.309077680110930952e-01,3.464847505092620850e-01,5.157716840505599531e-01,2.139710783958435059e-01,2.085048869252204840e-01,2.908312482759356499e-03,8.214089274406432412e-03,2.905329529312439263e-05,2.905329529312439263e-05
2.278136014938354492e+00,2.475406908988952548e+00,2.278165102005004883e+00,2.475435996055602939e+00,8.575041294097900391e-01,8.258560419082641157e-01,9.381107091903686523e-01,9.272841691970825639e-01,3.423606157302856445e-01,5.089829236268996748e-01,1.325946897268295288e-01,2.068445742130279597e-01,7.566011510789394379e-03,6.439198693260550672e-03,2.905287692556157708e-05,2.905287692556157708e-05
2.317533254623413086e+00,2.512572050094604492e+00,2.317562341690063477e+00,2.512601137161254883e+00,8.136299848556518555e-01,8.412253737449646440e-01,9.410300254821777344e-01,9.373517274856567605e-01,3.417023122310638428e-01,5.183521300554275735e-01,2.182530015707015991e-01,2.069845274090766907e-01,2.918062731623649597e-03,8.658310491591691624e-03,2.904999018937814981e-05,2.904999018937814981e-05
2.373194456100463867e+00,2.495956540107727051e+00,2.373223543167114258e+00,2.495985627174377441e+00,8.347099423408508301e-01,8.372150123119354026e-01,9.200498461723327637e-01,9.279404938220977561e-01,3.620595932006835938e-01,5.145889461040497048e-01,2.499080002307891846e-01,2.079142183065414429e-01,6.467007566243410110e-03,8.297858433797955860e-03,2.904995926655828953e-05,2.904995926655828953e-05
2.244402408599853516e+00,2.485031294822692693e+00,2.244431495666503906e+00,2.485060381889343084e+00,7.936067581176757812e-01,8.226329326629638894e-01,9.202265739440917969e-01,9.392438948154449019e-01,3.688253462314605713e-01,5.087483048439025435e-01,1.550190895795822144e-01,2.095523715019226019e-01,6.724644452333450317e-03,4.853765992447733706e-03,2.905028668465092778e-05,2.905028668465092778e-05
2.221551895141601562e+00,2.487178945541381747e+00,2.221580982208251953e+00,2.487208032608032138e+00,7.712372541427612305e-01,8.196589529514313188e-01,9.102252125740051270e-01,9.310886502265930398e-01,3.419015705585479736e-01,5.243230700492859109e-01,1.942917555570602417e-01,2.091856122016906849e-01,3.896022448316216469e-03,2.922631753608584577e-03,2.905009023379534483e-05,2.905009023379534483e-05
2.296759843826293945e+00,2.481546211242675604e+00,2.296788930892944336e+00,2.481575298309325994e+00,8.104461431503295898e-01,8.252407670021056907e-01,9.352483153343200684e-01,9.308144986629486306e-01,3.461828529834747314e-01,5.124062538146972878e-01,2.013518363237380981e-01,2.079006299376487676e-01,3.530746093019843102e-03,5.184100102633237492e-03,2.904956272686831653e-05,2.904956272686831653e-05
2.303477048873901367e+00,2.517007493972778231e+00,2.303506135940551758e+00,2.517036581039428622e+00,8.431814312934875488e-01,8.353244364261627197e-01,9.152074456214904785e-01,9.438707590103149192e-01,3.274758756160736084e-01,5.132192611694336160e-01,2.024651765823364258e-01,2.061721503734588734e-01,1.514695677906274796e-02,1.842088345438241959e-02,2.905163273680955172e-05,2.905163273680955172e-05
2.269989967346191406e+00,2.477669310569763361e+00,2.270019054412841797e+00,2.477698397636413752e+00,7.888320684432983398e-01,8.195755839347839133e-01,9.211599230766296387e-01,9.257476091384887473e-01,3.404171168804168701e-01,5.216249376535415649e-01,2.164751738309860229e-01,2.079277530312538258e-01,3.105754964053630829e-03,2.793524018488824541e-03,2.905288783949799836e-05,2.905288783949799836e-05
2.358845472335815430e+00,2.510195446014404475e+00,2.358874559402465820e+00,2.510224533081054865e+00,8.753532171249389648e-01,8.458278954029083696e-01,9.646244645118713379e-01,9.445268690586090532e-01,3.296086192131042480e-01,5.050740092992782593e-01,1.856880933046340942e-01,2.092814177274703868e-01,3.571090986952185631e-03,5.485277716070413243e-03,2.904629218392074108e-05,2.904629218392074108e-05
2.902638196945190430e+00,2.487388324737549006e+00,2.902667284011840820e+00,2.487417411804199396e+00,8.390703201293945312e-01,8.175051271915435569e-01,9.426631331443786621e-01,9.290491580963134988e-01,9.007380008697509766e-01,5.265995919704437034e-01,2.153603732585906982e-01,2.093599840998649486e-01,4.806374665349721909e-03,4.874432971701025789e-03,2.905013025156222284e-05,2.905013025156222284e-05
2.270119905471801758e+00,2.498533344268798917e+00,2.270148992538452148e+00,2.498562431335449308e+00,8.104412555694580078e-01,8.214936614036559837e-01,9.163044691085815430e-01,9.342299997806549072e-01,3.449710905551910400e-01,5.288879394531249556e-01,1.936358064413070679e-01,2.086088612675666698e-01,4.767335020005702972e-03,5.312871420755982399e-03,2.904593202401883900e-05,2.904593202401883900e-05
2.355305433273315430e+00,2.487379527091980069e+00,2.355334520339965820e+00,2.487408614158630460e+00,8.283995985984802246e-01,8.251314520835876243e-01,9.425005912780761719e-01,9.286018371582031028e-01,3.430328965187072754e-01,5.190824031829833762e-01,2.379258424043655396e-01,2.098742574453353882e-01,3.446461632847785950e-03,4.689577408134937633e-03,2.904859320551622659e-05,2.904859320551622659e-05
2.262387275695800781e+00,2.484265398979187189e+00,2.262416362762451172e+00,2.484294486045837580e+00,8.229953646659851074e-01,8.268589198589324507e-01,9.290841817855834961e-01,9.276699185371398704e-01,3.286798894405364990e-01,5.164172917604445967e-01,1.781778782606124878e-01,2.101779982447624096e-01,3.450077492743730545e-03,3.141173697076738054e-03,2.904913890233729035e-05,2.904913890233729035e-05
2.262424945831298828e+00,2.522218966484069735e+00,2.262454032897949219e+00,2.522248053550720126e+00,8.453189730644226074e-01,8.402137219905853049e-01,9.490389227867126465e-01,9.300571441650390403e-01,3.181642591953277588e-01,5.352978229522704634e-01,1.456028968095779419e-01,2.097721204161643871e-01,4.299997352063655853e-03,6.878105597570538868e-03,2.904585380747448653e-05,2.904585380747448653e-05
2.357995033264160156e+00,2.474648880958556951e+00,2.358024120330810547e+00,2.474677968025207342e+00,8.153540492057800293e-01,8.187770485877990945e-01,9.080748558044433594e-01,9.299865901470184548e-01,3.413228392601013184e-01,5.122766971588135210e-01,2.891129255294799805e-01,2.077920913696288951e-01,4.130461718887090683e-03,5.816438142210245479e-03,2.904588291130494326e-05,2.904588291130494326e-05
2.331187725067138672e+00,2.481949234008788974e+00,2.331216812133789062e+00,2.481978321075439364e+00,8.129330873489379883e-01,8.154527544975280762e-01,9.274725914001464844e-01,9.359071254730224609e-01,3.501048088073730469e-01,5.212393879890442339e-01,2.386545240879058838e-01,2.071786895394325256e-01,2.022698288783431053e-03,2.171254879795014685e-03,2.904496068367734551e-05,2.904496068367734551e-05
2.259872198104858398e+00,2.438925886154174716e+00,2.259901285171508789e+00,2.438954973220825106e+00,7.851527333259582520e-01,8.142608523368835005e-01,8.798793554306030273e-01,9.285926103591919389e-01,3.336060345172882080e-01,4.884286344051361195e-01,2.590185403823852539e-01,2.063529834151268116e-01,2.215630374848842621e-03,1.290797197725623846e-03,2.904536995629314333e-05,2.904536995629314333e-05
2.302290678024291992e+00,2.489661788940429776e+00,2.302319765090942383e+00,2.489690876007080167e+00,8.119792342185974121e-01,8.270071089267730935e-01,9.398160576820373535e-01,9.307241678237915261e-01,3.564239144325256348e-01,5.174276918172836526e-01,1.881112903356552124e-01,2.074622184038162342e-01,5.960235372185707092e-03,7.040544878691434860e-03,2.904825305449776351e-05,2.904825305449776351e-05
2.277016162872314453e+00,2.473892664909362882e+00,2.277045249938964844e+00,2.473921751976013272e+00,7.813586592674255371e-01,8.188498735427856001e-01,9.015391469001770020e-01,9.339615464210510032e-01,3.411192297935485840e-01,5.089976906776427779e-01,2.467931807041168213e-01,2.066391766071319636e-01,6.205778103321790695e-03,5.444398149847984314e-03,2.904806751757860184e-05,2.904806751757860184e-05
2.497172832489013672e+00,2.450993394851684659e+00,2.497201919555664062e+00,2.451022481918335050e+00,7.538974881172180176e-01,8.191690742969512939e-01,9.094647169113159180e-01,9.290071129798889160e-01,6.099203228950500488e-01,4.953887104988098367e-01,2.218847423791885376e-01,2.052207812666893005e-01,2.005503512918949127e-03,2.207717974670231342e-03,2.904499524447601289e-05,2.904499524447601289e-05
2.263797760009765625e+00,2.492347025871276767e+00,2.263826847076416016e+00,2.492376112937927157e+00,8.211354017257690430e-01,8.207513868808746782e-01,9.212001562118530273e-01,9.292383849620818870e-01,3.246269226074218750e-01,5.348641663789749368e-01,1.947169601917266846e-01,2.050731018185615595e-01,2.118427772074937820e-03,2.419942943379283125e-03,2.904492248489987105e-05,2.904492248489987105e-05
2.792720317840576172e+00,2.452502727508544922e+00,2.792749404907226562e+00,2.452531814575195312e+00,8.275768160820007324e-01,8.160365283489227073e-01,9.182952046394348145e-01,9.357521712779999223e-01,7.940791845321655273e-01,4.949337571859359630e-01,2.494570910930633545e-01,2.031892403960227911e-01,3.311951877549290657e-03,2.591033163480460470e-03,2.904576467699371278e-05,2.904576467699371278e-05
2.351289272308349609e+00,2.491830301284790217e+00,2.351318359375000000e+00,2.491859388351440607e+00,8.332161903381347656e-01,8.170899927616119829e-01,9.340744018554687500e-01,9.487711071968079057e-01,3.829957246780395508e-01,5.189066171646118386e-01,1.988144665956497192e-01,2.050130039453506581e-01,2.188685815781354904e-03,2.049600926693528717e-03,2.904756183852441609e-05,2.904756183852441609e-05
2.322733163833618164e+00,2.482535123825073242e+00,2.322762250900268555e+00,2.482564210891723633e+00,8.391953110694885254e-01,8.170771837234497292e-01,9.374283552169799805e-01,9.310938596725464311e-01,3.624518513679504395e-01,5.245954900979995505e-01,1.815366297960281372e-01,2.065799936652183422e-01,2.121007535606622696e-03,3.188590030185878364e-03,2.904935900005511940e-05,2.904935900005511940e-05
2.296183109283447266e+00,2.459340000152587802e+00,2.296212196350097656e+00,2.459369087219238192e+00,7.957168817520141602e-01,8.169560432434082031e-01,9.162409305572509766e-01,9.341049253940582053e-01,3.506830632686614990e-01,4.995660305023193470e-01,2.316645383834838867e-01,2.070058211684226990e-01,1.877847593277692795e-03,1.707134186290204525e-03,2.904537905124016106e-05,2.904537905124016106e-05
2.593026161193847656e+00,2.470909023284912021e+00,2.593055248260498047e+00,2.470938110351562411e+00,8.071846961975097656e-01,8.240402698516845481e-01,9.504675865173339844e-01,9.317456007003783736e-01,6.558930873870849609e-01,5.024013847112656084e-01,1.751526147127151489e-01,2.070850938558578547e-01,4.328215029090642929e-03,5.636610416695475231e-03,2.904516077251173556e-05,2.904516077251173556e-05
2.363722085952758789e+00,2.509454631805419833e+00,2.363751173019409180e+00,2.509483718872070224e+00,8.871099948883056641e-01,8.399432301521301270e-01,9.482117295265197754e-01,9.310782611370086448e-01,3.330050110816955566e-01,5.214376330375671831e-01,1.878265291452407837e-01,2.073003172874450795e-01,7.568758912384510040e-03,9.695146605372429241e-03,2.904499160649720579e-05,2.904499160649720579e-05
2.235751867294311523e+00,2.497551798820495605e+00,2.235780954360961914e+00,2.497580885887145996e+00,8.004809617996215820e-01,8.189520359039306197e-01,8.966640233993530273e-01,9.341912746429443803e-01,3.576161861419677734e-01,5.325467675924301370e-01,1.763612031936645508e-01,2.079384028911590576e-01,4.629317671060562134e-03,3.923328081145882780e-03,2.904707434936426580e-05,2.904707434936426580e-05
2.311914205551147461e+00,2.471716022491455167e+00,2.311943292617797852e+00,2.471745109558105558e+00,7.961816191673278809e-01,8.152345776557922141e-01,9.254782199859619141e-01,9.332987785339355025e-01,3.647701144218444824e-01,5.129136323928833452e-01,2.214191257953643799e-01,2.065138801932334955e-01,4.064939916133880615e-03,3.755147359333932313e-03,2.904903703893069178e-05,2.904903703893069178e-05
2.497704982757568359e+00,2.476711082458495916e+00,2.497734069824218750e+00,2.476740169525146307e+00,8.290138840675354004e-01,8.246257185935974565e-01,9.432576894760131836e-01,9.363344728946685347e-01,4.801732599735260010e-01,5.023678034543991311e-01,2.411758750677108765e-01,2.059726610779762379e-01,4.084004089236259460e-03,7.410372421145438974e-03,2.904178290918935090e-05,2.904178290918935090e-05
2.485264539718627930e+00,2.488069844245910822e+00,2.485293626785278320e+00,2.488098931312561213e+00,8.753812909126281738e-01,8.225243151187896506e-01,9.351411461830139160e-01,9.308274745941161887e-01,4.714495837688446045e-01,5.244750797748565230e-01,1.951994746923446655e-01,2.040118277072906494e-01,8.093154057860374451e-03,6.231111846864223827e-03,2.904637221945449710e-05,2.904637221945449710e-05
2.336993217468261719e+00,2.477854824066162198e+00,2.337022304534912109e+00,2.477883911132812589e+00,8.244416713714599609e-01,8.321187078952789751e-01,9.361378550529479980e-01,9.293503522872924583e-01,3.840429186820983887e-01,5.019031107425689919e-01,1.823761463165283203e-01,2.025751054286956676e-01,9.994516149163246155e-03,1.190753374248743057e-02,2.904842767748050392e-05,2.904842767748050392e-05
2.559069156646728516e+00,2.502769517898559393e+00,2.559098243713378906e+00,2.502798604965209783e+00,8.526893854141235352e-01,8.431181192398071733e-01,9.415656924247741699e-01,9.352487623691558838e-01,5.257630944252014160e-01,5.124395042657852173e-01,2.339779585599899292e-01,2.035987630486488231e-01,5.073181353509426117e-03,8.364329719915986408e-03,2.904914617829490453e-05,2.904914617829490453e-05
2.331822156906127930e+00,2.469312906265258789e+00,2.331851243972778320e+00,2.469341993331909180e+00,8.414668440818786621e-01,8.342064380645751731e-01,9.375401139259338379e-01,9.284970998764038308e-01,3.481333553791046143e-01,4.924411326646804810e-01,1.977548003196716309e-01,2.041367992758750805e-01,6.927036680281162262e-03,1.003144634887576103e-02,2.904620487242937088e-05,2.904620487242937088e-05
2.775947093963623047e+00,2.468993020057678400e+00,2.775976181030273438e+00,2.469022107124328791e+00,8.065367937088012695e-01,8.224406421184540239e-01,9.185025095939636230e-01,9.329473316669464333e-01,8.744194507598876953e-01,5.028592050075531006e-01,1.669016331434249878e-01,2.041442632675170843e-01,9.586922824382781982e-03,6.601659581065177917e-03,2.903919448726810515e-05,2.903919448726810515e-05
2.309972286224365234e+00,2.463377833366394043e+00,2.310001373291015625e+00,2.463406920433044434e+00,7.949415445327758789e-01,8.321640968322754350e-01,9.255310297012329102e-01,9.313498318195343462e-01,3.616000413894653320e-01,4.903771787881850974e-01,2.215176224708557129e-01,2.033765166997909546e-01,6.382010877132415771e-03,6.110165640711784710e-03,2.904047141782939434e-05,2.904047141782939434e-05
2.453287839889526367e+00,2.437951683998107910e+00,2.453316926956176758e+00,2.437980771064758301e+00,8.304046392440795898e-01,8.209606826305388960e-01,9.245486259460449219e-01,9.332997322082519087e-01,4.852082729339599609e-01,4.785948902368545310e-01,2.103143185377120972e-01,2.028995603322982788e-01,2.812072634696960449e-03,2.196827880106866446e-03,2.904388747992925346e-05,2.904388747992925346e-05
2.309626102447509766e+00,2.446877741813659579e+00,2.309655189514160156e+00,2.446906828880309970e+00,8.239831924438476562e-01,8.270303547382354958e-01,9.484309554100036621e-01,9.302005946636200395e-01,3.503615856170654297e-01,4.815679460763931385e-01,1.827778220176696777e-01,2.030373737215995789e-01,4.072396550327539444e-03,5.041486909613012921e-03,2.904149914684239775e-05,2.904149914684239775e-05
2.333913803100585938e+00,2.440271115303039640e+00,2.333942890167236328e+00,2.440300202369690030e+00,8.362539410591125488e-01,8.223709106445312722e-01,9.355597496032714844e-01,9.317153930664062722e-01,3.272514939308166504e-01,4.802190989255905040e-01,2.317753434181213379e-01,2.023469388484954723e-01,3.073479514569044113e-03,3.618786297738552267e-03,2.904553548432886600e-05,2.904553548432886600e-05
2.243698835372924805e+00,2.426665902137756348e+00,2.243727922439575195e+00,2.426694989204406738e+00,7.886108160018920898e-01,8.203139066696166770e-01,9.116213321685791016e-01,9.291810810565948042e-01,2.969649732112884521e-01,4.683783918619155995e-01,2.414246946573257446e-01,2.014095634222030640e-01,5.076827947050333023e-03,7.382893329486250530e-03,2.904306711570825428e-05,2.904306711570825428e-05
2.372753858566284180e+00,2.465003943443298429e+00,2.372782945632934570e+00,2.465033030509948819e+00,8.715218901634216309e-01,8.261097788810729536e-01,9.254522919654846191e-01,9.293069660663604292e-01,3.178810477256774902e-01,5.052400976419448853e-01,2.530856728553771973e-01,1.996137723326683044e-01,4.813029430806636810e-03,4.733365122228860508e-03,2.904246139223687351e-05,2.904246139223687351e-05
3.053141832351684570e+00,2.458593678474426447e+00,3.053170919418334961e+00,2.458622765541076838e+00,8.276851177215576172e-01,8.236474514007567915e-01,9.162632822990417480e-01,9.309699714183807817e-01,1.073204874992370605e+00,5.029270440340042336e-01,2.337893098592758179e-01,1.988576054573059082e-01,2.199189271777868271e-03,2.191672986373305494e-03,2.904159555328078568e-05,2.904159555328078568e-05
2.374231576919555664e+00,2.471780228614806951e+00,2.374260663986206055e+00,2.471809315681457342e+00,8.403331041336059570e-01,8.355271577835082786e-01,9.086541533470153809e-01,9.323251128196716753e-01,3.419597446918487549e-01,4.824810326099395752e-01,2.702428698539733887e-01,1.992744803428649902e-01,1.304180640727281570e-02,2.217237018048763206e-02,2.904154098359867930e-05,2.904154098359867930e-05
2.255079269409179688e+00,2.433643078804016202e+00,2.255108356475830078e+00,2.433672165870666593e+00,8.110645413398742676e-01,8.181623637676238570e-01,9.225018024444580078e-01,9.318082392215728538e-01,3.068215548992156982e-01,4.822272807359695435e-01,2.120040804147720337e-01,1.987572684884071350e-01,2.687196014449000359e-03,2.687920746393501585e-03,2.904455686802975833e-05,2.904455686802975833e-05
2.198229551315307617e+00,2.423646926879882812e+00,2.198258638381958008e+00,2.423676013946533203e+00,8.101418614387512207e-01,8.186179518699645552e-01,8.961190581321716309e-01,9.303355097770691362e-01,2.904410958290100098e-01,4.709443151950836182e-01,1.942500621080398560e-01,1.987556308507919256e-01,7.277489174157381058e-03,4.993542889133095394e-03,2.903979111579246819e-05,2.903979111579246819e-05
2.789608716964721680e+00,2.428645086288452326e+00,2.789637804031372070e+00,2.428674173355102717e+00,8.017597794532775879e-01,8.207391381263733354e-01,9.077813029289245605e-01,9.291060745716095415e-01,8.726355433464050293e-01,4.777493298053741566e-01,2.046878486871719360e-01,1.988755807280540577e-01,2.744202734902501106e-03,2.174957911483943376e-03,2.903994027292355895e-05,2.903994027292355895e-05
3.138824224472045898e+00,2.432646465301513850e+00,3.138853311538696289e+00,2.432675552368164240e+00,8.308572173118591309e-01,8.260831952095031294e-01,9.260199666023254395e-01,9.311113119125365989e-01,1.177721738815307617e+00,4.734161972999572643e-01,2.000610381364822388e-01,1.981337323784828075e-01,4.164261743426322937e-03,3.902029641903936689e-03,2.903917265939526260e-05,2.903917265939526260e-05
2.273071765899658203e+00,2.433717083930969416e+00,2.273100852966308594e+00,2.433746170997619807e+00,8.608561754226684570e-01,8.288727521896361861e-01,9.223016500473022461e-01,9.286716461181641069e-01,3.066241741180419922e-01,4.747254163026809470e-01,1.778823435306549072e-01,1.973514795303344671e-01,5.407427903264760971e-03,4.095707181841134678e-03,2.904081884480547160e-05,2.904081884480547160e-05
2.314521074295043945e+00,2.425261950492858976e+00,2.314550161361694336e+00,2.425291037559509366e+00,8.624792695045471191e-01,8.323506236076354536e-01,9.396625757217407227e-01,9.364773392677306907e-01,2.908273935317993164e-01,4.529867053031921276e-01,2.177186310291290283e-01,1.972420677542686407e-01,3.833040827885270119e-03,6.205153977498411785e-03,2.904074972320813686e-05,2.904074972320813686e-05
2.249332904815673828e+00,2.401406073570251376e+00,2.249361991882324219e+00,2.401435160636901767e+00,8.342387080192565918e-01,8.238946974277496782e-01,9.300623536109924316e-01,9.313364624977111816e-01,2.929139733314514160e-01,4.437364906072616688e-01,1.855254024267196655e-01,1.975520417094230596e-01,6.592541467398405075e-03,4.886367032304406513e-03,2.903957101807463914e-05,2.903957101807463914e-05
2.169849395751953125e+00,2.437656688690185369e+00,2.169878482818603516e+00,2.437685775756835760e+00,7.732918858528137207e-01,8.251695752143859419e-01,9.129725098609924316e-01,9.325822472572327104e-01,3.080438971519470215e-01,4.780673295259475486e-01,1.698865443468093872e-01,1.966543763875961415e-01,5.654686596244573593e-03,5.183193972334266056e-03,2.903355925809592009e-05,2.903355925809592009e-05
2.410913944244384766e+00,2.451897764205932528e+00,2.410943031311035156e+00,2.451926851272582919e+00,8.541638851165771484e-01,8.378676176071166992e-01,9.142523407936096191e-01,9.328674495220183882e-01,4.496557414531707764e-01,4.792541861534118652e-01,1.876567155122756958e-01,1.968098759651183971e-01,5.185408983379602432e-03,5.098683573305606669e-03,2.903237327700480819e-05,2.903237327700480819e-05
2.259304285049438477e+00,2.437012720108032049e+00,2.259333372116088867e+00,2.437041807174682440e+00,8.352598547935485840e-01,8.238674640655517800e-01,9.355418682098388672e-01,9.276637852191924605e-01,2.577129602432250977e-01,4.825876623392105214e-01,2.248652577400207520e-01,1.968982249498367199e-01,5.924201570451259613e-03,5.995550099760294308e-03,2.903418680944014341e-05,2.903418680944014341e-05
2.340771913528442383e+00,2.488560461997985751e+00,2.340801000595092773e+00,2.488589549064636142e+00,8.840340375900268555e-01,8.358219504356384499e-01,9.529283046722412109e-01,9.358209252357483354e-01,2.613036036491394043e-01,5.075670480728149414e-01,2.249269038438796997e-01,1.952166259288787842e-01,1.757900230586528778e-02,1.413389686495065620e-02,2.903428685385733843e-05,2.903428685385733843e-05
2.403355121612548828e+00,2.440466952323913752e+00,2.403384208679199219e+00,2.440496039390564142e+00,8.306595087051391602e-01,8.205477774143219438e-01,9.094807505607604980e-01,9.313208997249603494e-01,4.338300526142120361e-01,4.885627239942550437e-01,2.258019596338272095e-01,1.965346187353134155e-01,3.582911100238561630e-03,3.500933060422539711e-03,2.903390486608259380e-05,2.903390486608259380e-05
2.962989807128906250e+00,2.561324238777160645e+00,2.963018894195556641e+00,2.561353325843811035e+00,7.893781661987304688e-01,8.317834556102752241e-01,9.494854211807250977e-01,9.950906097888946311e-01,9.968444108963012695e-01,4.868806540966034158e-01,1.807932555675506592e-01,1.936075761914253235e-01,4.648847132921218872e-02,5.396190211176872531e-02,2.903362292272504419e-05,2.903362292272504419e-05
2.179861783981323242e+00,2.460602474212646662e+00,2.179890871047973633e+00,2.460631561279297053e+00,7.695584297180175781e-01,8.373086988925934060e-01,9.248232841491699219e-01,9.491210997104644331e-01,2.831152379512786865e-01,4.678229808807373158e-01,1.903856992721557617e-01,1.902897700667381398e-01,1.197917480021715164e-02,1.605993015691637923e-02,2.902689629991073161e-05,2.902689629991073161e-05
2.628698587417602539e+00,2.446839380264282049e+00,2.628727674484252930e+00,2.446868467330932440e+00,8.676197528839111328e-01,8.335257649421692339e-01,9.270855784416198730e-01,9.402867555618286133e-01,6.192399263381958008e-01,4.784556299448013417e-01,2.102630436420440674e-01,1.894925087690353394e-01,4.490290302783250809e-03,5.078685656189918692e-03,2.902975938923191279e-05,2.902975938923191279e-05
2.324132204055786133e+00,2.409076642990112482e+00,2.324161291122436523e+00,2.409105730056762873e+00,8.451361060142517090e-01,8.346570014953613725e-01,9.574323892593383789e-01,9.395812809467315452e-01,3.020772337913513184e-01,4.423340022563934104e-01,2.169867306947708130e-01,1.890087649226188660e-01,2.499737311154603958e-03,3.495546779595315370e-03,2.903217682614922523e-05,2.903217682614922523e-05
2.246451139450073242e+00,2.446697235107421875e+00,2.246480226516723633e+00,2.446726322174072266e+00,8.865993618965148926e-01,8.264427423477173074e-01,9.507161974906921387e-01,9.360342800617218462e-01,2.267847806215286255e-01,4.929118812084197776e-01,1.783887445926666260e-01,1.882275342941284180e-01,3.961986396461725235e-03,3.080805414356291294e-03,2.903381755459122360e-05,2.903381755459122360e-05
2.354923009872436523e+00,2.546755695343017489e+00,2.354952096939086914e+00,2.546784782409667880e+00,8.486953973770141602e-01,8.813391983509063499e-01,9.418905377388000488e-01,9.494518816471100298e-01,3.266064822673797607e-01,4.767789274454116710e-01,1.879385709762573242e-01,1.906415835022926275e-01,4.979198426008224487e-02,4.854415208101272444e-02,2.903069434978533536e-05,2.903069434978533536e-05
2.336546182632446289e+00,2.466449236869812101e+00,2.336575269699096680e+00,2.466478323936462491e+00,9.048987030982971191e-01,8.475715041160583052e-01,9.556787610054016113e-01,9.568076908588409868e-01,2.609063684940338135e-01,4.618919223546981701e-01,2.064143121242523193e-01,1.907716438174247853e-01,8.648206479847431183e-03,9.406446665525435707e-03,2.903139284171629697e-05,2.903139284171629697e-05
2.259812831878662109e+00,2.420641541481018066e+00,2.259841918945312500e+00,2.420670628547668457e+00,8.534047007560729980e-01,8.283695936203002708e-01,9.421846270561218262e-01,9.351628005504608598e-01,2.549724578857421875e-01,4.584716022014617698e-01,2.040267139673233032e-01,1.917863339185714722e-01,5.224287509918212891e-03,6.851244950667023659e-03,2.903129643527790904e-05,2.903129643527790904e-05
2.137920379638671875e+00,2.447470116615295233e+00,2.137949466705322266e+00,2.447499203681945623e+00,7.839573025703430176e-01,8.202902197837829146e-01,9.233908057212829590e-01,9.290315568447112815e-01,2.613344192504882812e-01,5.032125920057296531e-01,1.674664318561553955e-01,1.930622577667236439e-01,1.771436072885990143e-03,1.873489562422037211e-03,2.903379936469718814e-05,2.903379936469718814e-05
2.103917598724365234e+00,2.424430179595947088e+00,2.103946685791015625e+00,2.424459266662597479e+00,7.614071965217590332e-01,8.218166351318358931e-01,8.950756788253784180e-01,9.301902890205383523e-01,2.668046951293945312e-01,4.762437045574188232e-01,1.753509342670440674e-01,1.914945259690284673e-01,5.279074888676404953e-03,4.685062635689974005e-03,2.903579661506228149e-05,2.903579661506228149e-05
2.156018733978271484e+00,2.449042153358459650e+00,2.156047821044921875e+00,2.449071240425110041e+00,7.907852530479431152e-01,8.205066263675689919e-01,9.093984961509704590e-01,9.340639948844909890e-01,2.728651165962219238e-01,5.001033186912536843e-01,1.782235950231552124e-01,1.910140082240104620e-01,4.746197257190942764e-03,3.354149102233350103e-03,2.903758286265656352e-05,2.903758286265656352e-05
2.286992311477661133e+00,2.425838303565979182e+00,2.287021398544311523e+00,2.425867390632629572e+00,8.595871925354003906e-01,8.241977989673614502e-01,9.239270687103271484e-01,9.305483996868133545e-01,2.873168587684631348e-01,4.783203154802322388e-01,2.139332294464111328e-01,1.902725100517272949e-01,2.227921038866043091e-03,2.499298774637281895e-03,2.903747372329235077e-05,2.903747372329235077e-05
2.363929510116577148e+00,2.438053965568542480e+00,2.363958597183227539e+00,2.438083052635192871e+00,8.075025081634521484e-01,8.226092875003814253e-01,9.169363379478454590e-01,9.400300383567810059e-01,4.522480666637420654e-01,4.803773790597915538e-01,1.825281083583831787e-01,1.903523907065391430e-01,4.714423324912786484e-03,4.684911016374826778e-03,2.903530912590213120e-05,2.903530912590213120e-05
2.473209857940673828e+00,2.473751449584960849e+00,2.473238945007324219e+00,2.473780536651611239e+00,8.714682459831237793e-01,8.310509026050567627e-01,8.942475914955139160e-01,9.411927342414856401e-01,4.851804673671722412e-01,5.070360809564590232e-01,2.183522582054138184e-01,1.902763992547988892e-01,3.961263224482536316e-03,4.195355670526623379e-03,2.903525273723062128e-05,2.903525273723062128e-05
2.216862916946411133e+00,2.473570775985717951e+00,2.216892004013061523e+00,2.473599863052368342e+00,8.594685196876525879e-01,8.212925136089325173e-01,9.461138248443603516e-01,9.466006100177765115e-01,1.953460425138473511e-01,5.104903131723403931e-01,2.125846296548843384e-01,1.913638159632682911e-01,3.349773120135068893e-03,3.823519940488040360e-03,2.904030770878307521e-05,2.904030770878307521e-05
2.632389068603515625e+00,2.508356332778930664e+00,2.632418155670166016e+00,2.508385419845581055e+00,7.887951731681823730e-01,8.542899847030639426e-01,9.052657485008239746e-01,9.296754717826842818e-01,7.659084796905517578e-01,5.239644557237624900e-01,1.637558341026306152e-01,1.916496053338050953e-01,8.663740009069442749e-03,8.776833955198525689e-03,2.904157008742913604e-05,2.904157008742913604e-05
2.139319181442260742e+00,2.472358441352844327e+00,2.139348268508911133e+00,2.472387528419494718e+00,8.341997265815734863e-01,8.278191924095154031e-01,9.371967911720275879e-01,9.245638132095337358e-01,2.110500633716583252e-01,5.219227194786071333e-01,1.505248546600341797e-01,1.923247814178466741e-01,6.347805727273225784e-03,5.727934231981634920e-03,2.904245411627925932e-05,2.904245411627925932e-05
2.178642511367797852e+00,2.471631240844726740e+00,2.178671598434448242e+00,2.471660327911377131e+00,8.164326548576354980e-01,8.403152048587798628e-01,9.375912547111511230e-01,9.255769491195678933e-01,2.561967074871063232e-01,4.947492420673370583e-01,1.595637500286102295e-01,1.950865045189857372e-01,8.858310058712959290e-03,1.590334922075271537e-02,2.904005668824538589e-05,2.904005668824538589e-05
2.129929780960083008e+00,2.491966676712036310e+00,2.129958868026733398e+00,2.491995763778686701e+00,8.169776797294616699e-01,8.297388195991516335e-01,9.379768371582031250e-01,9.305316686630249468e-01,2.163669466972351074e-01,5.261869341135024802e-01,1.543418318033218384e-01,1.996806189417839050e-01,4.266184754669666290e-03,5.828589294105767857e-03,2.903735730797052383e-05,2.903735730797052383e-05
2.146171092987060547e+00,2.474200105667114347e+00,2.146200180053710938e+00,2.474229192733764737e+00,7.956055998802185059e-01,8.268267691135406938e-01,9.269120693206787109e-01,9.256188511848449929e-01,2.306696027517318726e-01,5.144589841365814209e-01,1.838978081941604614e-01,2.015263840556144603e-01,9.085842408239841461e-03,5.769111821427941669e-03,2.903295535361394286e-05,2.903295535361394286e-05
2.229755878448486328e+00,2.519257760047912686e+00,2.229784965515136719e+00,2.519286847114563077e+00,8.291443586349487305e-01,8.362576961517333984e-01,9.332032203674316406e-01,9.237803161144256814e-01,2.498826980590820312e-01,5.479909420013427956e-01,2.129040211439132690e-01,2.030569672584533747e-01,4.621539730578660965e-03,8.171825157478451035e-03,2.903045606217347085e-05,2.903045606217347085e-05
2.240701675415039062e+00,2.489655637741088778e+00,2.240730762481689453e+00,2.489684724807739169e+00,8.093103766441345215e-01,8.242866396903991699e-01,9.187040925025939941e-01,9.192038834095000999e-01,2.666935324668884277e-01,5.378280252218246016e-01,2.434863299131393433e-01,2.061236307024955638e-01,2.507108030840754509e-03,2.213515713810920629e-03,2.902529377024620771e-05,2.902529377024620771e-05
2.257970571517944336e+00,2.499893021583557307e+00,2.257999658584594727e+00,2.499922108650207697e+00,8.404893875122070312e-01,8.169030666351317915e-01,9.410169720649719238e-01,9.247936725616454634e-01,2.771442830562591553e-01,5.501319855451584084e-01,1.975084394216537476e-01,2.062900841236114391e-01,1.811843132600188255e-03,1.774250215385109273e-03,2.902422784245572984e-05,2.902422784245572984e-05
2.306769371032714844e+00,2.488595581054687589e+00,2.306798458099365234e+00,2.488624668121337979e+00,8.507936000823974609e-01,8.209355056285858598e-01,9.527781009674072266e-01,9.347162306308746116e-01,3.120331466197967529e-01,5.247782737016677412e-01,1.875898838043212891e-01,2.049520090222358704e-01,3.574522444978356361e-03,3.213532129302620974e-03,2.901760490203741938e-05,2.901760490203741938e-05
2.266747236251831055e+00,2.483471155166625977e+00,2.266776323318481445e+00,2.483500242233276367e+00,8.278608322143554688e-01,8.261113524436950462e-01,9.307339191436767578e-01,9.309782803058623823e-01,3.158568143844604492e-01,5.163476735353469405e-01,1.863409280776977539e-01,2.046467095613479503e-01,5.954932887107133865e-03,5.387106118723750461e-03,2.902272717619780451e-05,2.902272717619780451e-05
2.294775009155273438e+00,2.490940141677856268e+00,2.294804096221923828e+00,2.490969228744506658e+00,8.029278516769409180e-01,8.318312287330626997e-01,9.029904007911682129e-01,9.329040169715880904e-01,3.500174283981323242e-01,5.128621786832809892e-01,2.345806956291198730e-01,2.053595438599586376e-01,4.258444998413324356e-03,7.983241835609078754e-03,2.902532287407666445e-05,2.902532287407666445e-05
2.271178960800170898e+00,2.465046429634094149e+00,2.271208047866821289e+00,2.465075516700744540e+00,8.217033147811889648e-01,8.238382637500762939e-01,9.392264485359191895e-01,9.268721699714660422e-01,3.154067993164062500e-01,5.068294018507003562e-01,1.930476427078247070e-01,2.046440467238426208e-01,1.794592011719942093e-03,2.862590807490050879e-03,2.902746564359404147e-05,2.902746564359404147e-05
2.563023328781127930e+00,2.473725986480713068e+00,2.563052415847778320e+00,2.473755073547363459e+00,7.961058616638183594e-01,8.211587309837341531e-01,9.091222882270812988e-01,9.281564593315124734e-01,6.594831943511962891e-01,5.181554466485976951e-01,1.965354979038238525e-01,2.044265031814575251e-01,1.776535995304584503e-03,1.828824228141456842e-03,2.902805135818198323e-05,2.902805135818198323e-05
2.318341016769409180e+00,2.452176451683044434e+00,2.318370103836059570e+00,2.452205538749694824e+00,8.224695324897766113e-01,8.191320776939392534e-01,8.887473344802856445e-01,9.278466105461120605e-01,3.543396592140197754e-01,5.004635542631149514e-01,2.511187791824340820e-01,2.032198473811149542e-01,1.665752730332314968e-03,1.514298364054411693e-03,2.902633059420622885e-05,2.902633059420622885e-05
2.302709579467773438e+00,2.462674975395202637e+00,2.302738666534423828e+00,2.462704062461853027e+00,8.459730148315429688e-01,8.227744758129119651e-01,9.301888942718505859e-01,9.274365067481994407e-01,3.328363597393035889e-01,5.068598896265029685e-01,1.912766098976135254e-01,2.035187810659408458e-01,2.434644848108291626e-03,2.085287519730627363e-03,2.902937376347836107e-05,2.902937376347836107e-05
2.263544082641601562e+00,2.479843354225158780e+00,2.263573169708251953e+00,2.479872441291809171e+00,7.969274520874023438e-01,8.217833936214447021e-01,9.122947454452514648e-01,9.404894590377808061e-01,3.331805765628814697e-01,5.111812770366668257e-01,2.174993455410003662e-01,2.036507219076156561e-01,3.641964402049779892e-03,2.738565136678516691e-03,2.903035783674567938e-05,2.903035783674567938e-05
2.364183425903320312e+00,2.460335230827331632e+00,2.364212512969970703e+00,2.460364317893982022e+00,8.099859356880187988e-01,8.192760825157165971e-01,9.115805625915527344e-01,9.290786445140838401e-01,3.534412980079650879e-01,5.033488452434540239e-01,2.855509519577026367e-01,2.045351415872573853e-01,3.624833887442946434e-03,4.096549469977617264e-03,2.902996857301332057e-05,2.902996857301332057e-05
2.696092844009399414e+00,2.470400714874267489e+00,2.696121931076049805e+00,2.470429801940917880e+00,8.173425793647766113e-01,8.181046485900879128e-01,9.039557576179504395e-01,9.312636733055115190e-01,7.482395768165588379e-01,5.144266694784164207e-01,2.226699590682983398e-01,2.034874275326728765e-01,3.885039128363132477e-03,3.118310449644923297e-03,2.902937194448895752e-05,2.902937194448895752e-05
2.289487600326538086e+00,2.456789255142211914e+00,2.289516687393188477e+00,2.456818342208862305e+00,7.983856201171875000e-01,8.161530137062072976e-01,9.006488323211669922e-01,9.327043175697327104e-01,3.653297424316406250e-01,5.029903829097748247e-01,2.214847207069396973e-01,2.026306673884391840e-01,3.638742957264184952e-03,2.310808864422142506e-03,2.903250424424186349e-05,2.903250424424186349e-05
3.300751209259033203e+00,2.487544155120849698e+00,3.300780296325683594e+00,2.487573242187500089e+00,7.949900627136230469e-01,8.265248715877533403e-01,8.973696231842041016e-01,9.328105151653289795e-01,1.322515249252319336e+00,5.203194350004196611e-01,2.807384133338928223e-01,2.034509733319282421e-01,5.137876141816377640e-03,4.438274074345827103e-03,2.903124550357460976e-05,2.903124550357460976e-05
2.262625932693481445e+00,2.468862819671630682e+00,2.262655019760131836e+00,2.468891906738281072e+00,7.799013853073120117e-01,8.216009616851807085e-01,9.147951602935791016e-01,9.315560996532440408e-01,3.382743299007415771e-01,5.091897338628769143e-01,2.264640331268310547e-01,2.027706101536750904e-01,3.191105322912335396e-03,3.745446819812059316e-03,2.902795495174359530e-05,2.902795495174359530e-05
2.269654750823974609e+00,2.488639926910400479e+00,2.269683837890625000e+00,2.488669013977050870e+00,8.088871240615844727e-01,8.219232082366942915e-01,9.295392036437988281e-01,9.321088075637817827e-01,3.397643566131591797e-01,5.256637364625931230e-01,1.842899769544601440e-01,2.038846388459205627e-01,7.174108643084764481e-03,5.059528816491365606e-03,2.902873347920831293e-05,2.902873347920831293e-05
2.365868091583251953e+00,2.460320496559142978e+00,2.365897178649902344e+00,2.460349583625793368e+00,8.643501400947570801e-01,8.179920554161071999e-01,9.350787401199340820e-01,9.284508526325225830e-01,3.298456966876983643e-01,5.077311515808105025e-01,2.351733148097991943e-01,2.047508567571640070e-01,1.420334563590586185e-03,1.395596517249941913e-03,2.903036147472448647e-05,2.903036147472448647e-05
2.359884262084960938e+00,2.513487291336059748e+00,2.359913349151611328e+00,2.513516378402710139e+00,7.999375462532043457e-01,8.338143169879913552e-01,9.267183542251586914e-01,9.559098362922668901e-01,3.460366129875183105e-01,5.055792063474655595e-01,2.766603827476501465e-01,2.031104534864425770e-01,1.053118240088224411e-02,1.507343687117099727e-02,2.903344648075290024e-05,2.903344648075290024e-05
2.647527217864990234e+00,2.493491554260253817e+00,2.647556304931640625e+00,2.493520641326904208e+00,8.405033946037292480e-01,8.286780655384063943e-01,9.204106926918029785e-01,9.271857142448425293e-01,6.550123691558837891e-01,5.221098035573958906e-01,2.184296250343322754e-01,2.036987215280532948e-01,1.317128352820873260e-02,1.181929409503936802e-02,2.903010499721858650e-05,2.903010499721858650e-05
2.629117012023925781e+00,2.484426856040954590e+00,2.629146099090576172e+00,2.484455943107604980e+00,8.012754321098327637e-01,8.324162125587463157e-01,8.962634801864624023e-01,9.348143279552459939e-01,7.281980514526367188e-01,5.047297835350036399e-01,1.941461116075515747e-01,2.041569828987121471e-01,9.233853779733181000e-03,8.309567905962466847e-03,2.903022686950862408e-05,2.903022686950862408e-05
2.517853498458862305e+00,2.522889804840088068e+00,2.517882585525512695e+00,2.522918891906738459e+00,8.145208358764648438e-01,8.258569955825805220e-01,9.240998029708862305e-01,9.309895455837249312e-01,5.653364658355712891e-01,5.552845716476439986e-01,2.108113914728164673e-01,2.055655404925346430e-01,3.085062606260180473e-03,5.193215189501642834e-03,2.903246968344319612e-05,2.903246968344319612e-05
2.387357473373413086e+00,2.473917222023010343e+00,2.387386560440063477e+00,2.473946309089660733e+00,8.607047796249389648e-01,8.147414326667785645e-01,9.535405039787292480e-01,9.314449965953827126e-01,3.412291705608367920e-01,5.193413496017456055e-01,2.292965948581695557e-01,2.059477522969245800e-01,2.586427843198180199e-03,2.441689115948975173e-03,2.902826781792100519e-05,2.902826781792100519e-05
2.285825014114379883e+00,2.492920541763305575e+00,2.285854101181030273e+00,2.492949628829955966e+00,8.376780748367309570e-01,8.210330724716186079e-01,9.392356872558593750e-01,9.268169522285460982e-01,3.086166679859161377e-01,5.364285886287689653e-01,1.969459354877471924e-01,2.058374479413032643e-01,3.348630620166659355e-03,2.804475626908242616e-03,2.902629421441815794e-05,2.902629421441815794e-05
2.264577627182006836e+00,2.454983186721801935e+00,2.264606714248657227e+00,2.455012273788452326e+00,8.161929249763488770e-01,8.206518650054931419e-01,9.407993555068969727e-01,9.251840054988861306e-01,2.844483256340026855e-01,4.992583692073822021e-01,2.192277312278747559e-01,2.056754693388938848e-01,3.909146878868341446e-03,4.213471431285142899e-03,2.902791857195552438e-05,2.902791857195552438e-05
2.195973396301269531e+00,2.442442822456359686e+00,2.196002483367919922e+00,2.442471909523010076e+00,8.044113516807556152e-01,8.231981277465820757e-01,9.332304596900939941e-01,9.249653220176696777e-01,2.766648828983306885e-01,4.862558275461196788e-01,1.788957267999649048e-01,2.057874917984008900e-01,2.770990831777453423e-03,2.236032811924815351e-03,2.903337735915556550e-05,2.903337735915556550e-05
2.246335029602050781e+00,2.480984449386596680e+00,2.246364116668701172e+00,2.481013536453247070e+00,8.186196088790893555e-01,8.216397047042847124e-01,9.593973755836486816e-01,9.287028074264526145e-01,2.958853542804718018e-01,5.218699991703033003e-01,1.698201000690460205e-01,2.051100790500640925e-01,2.612473908811807632e-03,3.661865973845124158e-03,2.903347558458335698e-05,2.903347558458335698e-05
2.261568546295166016e+00,2.466360449790954590e+00,2.261597633361816406e+00,2.466389536857604980e+00,7.976286411285400391e-01,8.231460213661193626e-01,9.171444177627563477e-01,9.281466901302337646e-01,3.428450822830200195e-01,5.096204817295074685e-01,2.018927782773971558e-01,2.032547399401664623e-01,2.057503443211317062e-03,2.192594530060887510e-03,2.902846608776599169e-05,2.902846608776599169e-05
2.190085411071777344e+00,2.470896792411804377e+00,2.190114498138427734e+00,2.470925879478454767e+00,7.652622461318969727e-01,8.158184707164763960e-01,8.947252035140991211e-01,9.270893096923827903e-01,2.937010228633880615e-01,5.231980651617049727e-01,2.344522029161453247e-01,2.028324753046035767e-01,1.944690011441707611e-03,1.958371454384177836e-03,2.902624692069366574e-05,2.902624692069366574e-05
2.864454030990600586e+00,2.492262864112853915e+00,2.864483118057250977e+00,2.492291951179504306e+00,8.224261403083801270e-01,8.264881253242493120e-01,8.932222127914428711e-01,9.245819091796875222e-01,9.042770862579345703e-01,5.318110853433608565e-01,2.306091040372848511e-01,2.025454923510551508e-01,1.391925103962421417e-02,6.836277572438121189e-03,2.903544009313918650e-05,2.903544009313918650e-05
2.569121122360229492e+00,2.503788042068481268e+00,2.569150209426879883e+00,2.503817129135131658e+00,8.280625939369201660e-01,8.227450430393219438e-01,9.185463190078735352e-01,9.261284589767455611e-01,6.448559165000915527e-01,5.496310442686080933e-01,1.749495565891265869e-01,2.029481500387191883e-01,2.706621307879686356e-03,2.335315896198153583e-03,2.903628774220123887e-05,2.903628774220123887e-05
3.306468248367309570e+00,2.456737709045410334e+00,3.306497335433959961e+00,2.456766796112060725e+00,8.769205212593078613e-01,8.257473111152648926e-01,9.538438320159912109e-01,9.281510472297668235e-01,1.263695359230041504e+00,4.951374292373657005e-01,2.098640352487564087e-01,2.036005526781082264e-01,2.144473372027277946e-03,4.101374652236700058e-03,2.903775020968168974e-05,2.903775020968168974e-05
2.251023054122924805e+00,2.453745174407958807e+00,2.251052141189575195e+00,2.453774261474609197e+00,8.058164715766906738e-01,8.228850483894347700e-01,9.257085323333740234e-01,9.303779125213622603e-01,3.315819203853607178e-01,4.913604915142059104e-01,1.813150793313980103e-01,2.032158821821212769e-01,6.601127330213785172e-03,5.905731394886970347e-03,2.902778942370787263e-05,2.902778942370787263e-05
2.440691709518432617e+00,2.465210080146789551e+00,2.440720796585083008e+00,2.465239167213439941e+00,7.944983839988708496e-01,8.280776917934418169e-01,9.013971686363220215e-01,9.282270073890686035e-01,4.979600310325622559e-01,4.982855260372162087e-01,2.414720356464385986e-01,2.040196970105171148e-01,5.364193581044673920e-03,6.600156845524907286e-03,2.902765663748141378e-05,2.902765663748141378e-05
2.661149263381958008e+00,2.467221617698669434e+00,2.661178350448608398e+00,2.467250704765319824e+00,7.871090769767761230e-01,8.156540870666504350e-01,8.894754052162170410e-01,9.320222795009612815e-01,7.708505988121032715e-01,5.120155096054077593e-01,2.100325077772140503e-01,2.054722994565963690e-01,3.681746078655123711e-03,2.057499170769006101e-03,2.902798223658464849e-05,2.902798223658464849e-05
2.307454109191894531e+00,2.482232284545898615e+00,2.307483196258544922e+00,2.482261371612549006e+00,8.156332373619079590e-01,8.224709749221801314e-01,9.006929993629455566e-01,9.328001141548156738e-01,3.577040135860443115e-01,5.176169872283935547e-01,2.278403043746948242e-01,2.056989029049873241e-01,5.583859980106353760e-03,3.645288990810513496e-03,2.902742198784835637e-05,2.902742198784835637e-05
2.765269756317138672e+00,2.475764226913452326e+00,2.765298843383789062e+00,2.475793313980102717e+00,8.314391970634460449e-01,8.221165835857391357e-01,9.332342743873596191e-01,9.303519129753112793e-01,7.661488652229309082e-01,5.143494665622710960e-01,2.312284857034683228e-01,2.059805452823638972e-01,3.218896221369504929e-03,2.965687075629830360e-03,2.902487176470458508e-05,2.902487176470458508e-05
2.274473190307617188e+00,2.507438826560973943e+00,2.274502277374267578e+00,2.507467913627624334e+00,7.949302792549133301e-01,8.163502991199493852e-01,9.633507728576660156e-01,9.483264565467834917e-01,3.386169373989105225e-01,5.339212954044342263e-01,1.763593107461929321e-01,2.064056500792503246e-01,1.215898315422236919e-03,2.435151999816298311e-03,2.901855441450607032e-05,2.901855441450607032e-05
2.296697616577148438e+00,2.502632474899292081e+00,2.296726703643798828e+00,2.502661561965942472e+00,8.517222404479980469e-01,8.268750548362732156e-01,9.423025250434875488e-01,9.327666878700255904e-01,3.299387991428375244e-01,5.318853884935379472e-01,1.672528982162475586e-01,2.062528952956199646e-01,5.481131374835968018e-03,4.852370778098702604e-03,2.901707921409979463e-05,2.901707921409979463e-05
2.315609216690063477e+00,2.498488521575927823e+00,2.315638303756713867e+00,2.498517608642578214e+00,8.105206489562988281e-01,8.164475440979004350e-01,9.627696275711059570e-01,9.324935793876647505e-01,3.423060774803161621e-01,5.386487275362015215e-01,1.965467482805252075e-01,2.072529196739196777e-01,3.466208465397357941e-03,3.645729064010083589e-03,2.901667539845220745e-05,2.901667539845220745e-05
2.351840734481811523e+00,2.525424480438232422e+00,2.351869821548461914e+00,2.525453567504882812e+00,8.152491450309753418e-01,8.278225898742676003e-01,9.280289411544799805e-01,9.316844165325164351e-01,3.500853776931762695e-01,5.523821294307709184e-01,2.558889091014862061e-01,2.073813736438751276e-01,2.588515868410468102e-03,6.153981713578104799e-03,2.901507832575589418e-05,2.901507832575589418e-05
5.035320281982421875e+00,2.517900729179382235e+00,5.035349369049072266e+00,2.517929816246032626e+00,8.432056903839111328e-01,8.238630533218384011e-01,9.462249279022216797e-01,9.293966412544250044e-01,3.028745889663696289e+00,5.526988297700882180e-01,2.145773619413375854e-01,2.078944697976112255e-01,2.566863549873232841e-03,4.047786258161068310e-03,2.900705658248625696e-05,2.900705658248625696e-05
2.323682546615600586e+00,2.506687331199645818e+00,2.323711633682250977e+00,2.506716418266296209e+00,8.262071013450622559e-01,8.223049938678741455e-01,9.573412537574768066e-01,9.343775629997252974e-01,3.393289148807525635e-01,5.319605737924575362e-01,1.974277645349502563e-01,2.094957455992698669e-01,3.377531655132770538e-03,8.548452425748110164e-03,2.900761683122254908e-05,2.900761683122254908e-05
2.258839130401611328e+00,2.524259638786316096e+00,2.258868217468261719e+00,2.524288725852966486e+00,7.846136093139648438e-01,8.262801706790924294e-01,9.258482456207275391e-01,9.371264934539794700e-01,3.248617053031921387e-01,5.420678287744522539e-01,2.167578637599945068e-01,2.093424528837203868e-01,6.757674738764762878e-03,9.442683868110179554e-03,2.900613253586925566e-05,2.900613253586925566e-05
2.236307859420776367e+00,2.491436409950256170e+00,2.236336946487426758e+00,2.491465497016906561e+00,8.091602921485900879e-01,8.143699109554290994e-01,9.387632608413696289e-01,9.272792696952819602e-01,2.957788705825805664e-01,5.382368892431259599e-01,1.905259490013122559e-01,2.093592792749404963e-01,2.079200930893421173e-03,2.190996590070426291e-03,2.900881918321829289e-05,2.900881918321829289e-05
2.262073993682861328e+00,2.521334862709045499e+00,2.262103080749511719e+00,2.521363949775695890e+00,7.713450193405151367e-01,8.238487720489502397e-01,8.970021009445190430e-01,9.330459892749786155e-01,3.290219306945800781e-01,5.530365288257599321e-01,2.615729570388793945e-01,2.082738742232322637e-01,3.131814533844590187e-03,3.129705833271145647e-03,2.900846811826340854e-05,2.900846811826340854e-05
2.212739944458007812e+00,2.553898930549621582e+00,2.212769031524658203e+00,2.553928017616271973e+00,7.774432897567749023e-01,8.222328662872314675e-01,9.065979123115539551e-01,9.683259308338165727e-01,3.649119138717651367e-01,5.527324438095092551e-01,1.593830287456512451e-01,2.078632071614265331e-01,4.403765778988599777e-03,2.744431211613118822e-03,2.900291656260378659e-05,2.900291656260378659e-05
2.217382669448852539e+00,2.542925643920898260e+00,2.217411756515502930e+00,2.542954730987548650e+00,7.989801168441772461e-01,8.219634830951690896e-01,9.309025406837463379e-01,9.303135335445403831e-01,3.078221380710601807e-01,5.801592707633972390e-01,1.771610826253890991e-01,2.082444950938224792e-01,2.516765147447586060e-03,2.244859491474926385e-03,2.900194704125169665e-05,2.900194704125169665e-05
2.193696260452270508e+00,2.490614962577820002e+00,2.193725347518920898e+00,2.490644049644470392e+00,7.650849819183349609e-01,8.159832596778869851e-01,9.358898401260375977e-01,9.330436944961547630e-01,2.872650325298309326e-01,5.300327539443969727e-01,2.004832327365875244e-01,2.076976448297500610e-01,4.973205272108316422e-03,3.857628302648663608e-03,2.899873470596503466e-05,2.899873470596503466e-05
2.386446237564086914e+00,2.498239803314208807e+00,2.386475324630737305e+00,2.498268890380859197e+00,8.740366101264953613e-01,8.243610024452209251e-01,9.424104094505310059e-01,9.299958765506743941e-01,3.390156030654907227e-01,5.346874117851256880e-01,2.292107939720153809e-01,2.070908188819885198e-01,1.772747142240405083e-03,2.104751416482031345e-03,2.900600156863220036e-05,2.900600156863220036e-05
2.255932569503784180e+00,2.509753131866454989e+00,2.255961656570434570e+00,2.509782218933105380e+00,8.071116209030151367e-01,8.248076319694519487e-01,9.420157074928283691e-01,9.387285590171814409e-01,2.945807874202728271e-01,5.366137593984603438e-01,2.111432254314422607e-01,2.070779934525489863e-01,1.081179245375096798e-03,2.525152545422315511e-03,2.900579238485079259e-05,2.900579238485079259e-05
2.184041738510131836e+00,2.495548868179321200e+00,2.184070825576782227e+00,2.495577955245971591e+00,7.978996038436889648e-01,8.208399295806885210e-01,9.478811621665954590e-01,9.286148786544800027e-01,2.952779233455657959e-01,5.363730818033218828e-01,1.405049264430999756e-01,2.069763571023940929e-01,2.478341804817318916e-03,2.744613192044198600e-03,2.900193612731527537e-05,2.900193612731527537e-05
2.244950771331787109e+00,2.524650049209594904e+00,2.244979858398437500e+00,2.524679136276245295e+00,8.071814775466918945e-01,8.282122433185576948e-01,9.502236843109130859e-01,9.333481013774871382e-01,3.130696117877960205e-01,5.510121941566467063e-01,1.716911792755126953e-01,2.083022877573967035e-01,2.784723183140158653e-03,3.775222063995897943e-03,2.899939499911852181e-05,2.899939499911852181e-05
2.663021087646484375e+00,2.510498619079589933e+00,2.663050174713134766e+00,2.510527706146240323e+00,8.547014594078063965e-01,8.190354347229004128e-01,9.279967546463012695e-01,9.285931050777435081e-01,6.582650542259216309e-01,5.507833212614059448e-01,2.173648774623870850e-01,2.083190470933914129e-01,4.693028517067432404e-03,3.767755464650690556e-03,2.899324499594513327e-05,2.899324499594513327e-05
2.716104269027709961e+00,2.527301836013793768e+00,2.716133356094360352e+00,2.527330923080444158e+00,8.204800486564636230e-01,8.309367656707763450e-01,9.110538363456726074e-01,9.322590589523315208e-01,7.826160788536071777e-01,5.509167075157165305e-01,1.991127431392669678e-01,2.078321173787117115e-01,2.841736422851681709e-03,5.357125960290432150e-03,2.900223626056686044e-05,2.900223626056686044e-05
2.346849918365478516e+00,2.512216281890869318e+00,2.346879005432128906e+00,2.512245368957519709e+00,7.573931217193603516e-01,8.200033187866211382e-01,9.040074348449707031e-01,9.293287277221680132e-01,4.974765777587890625e-01,5.518863141536712869e-01,1.842814832925796509e-01,2.072415456175804027e-01,3.691130084916949272e-03,3.756364947184920224e-03,2.899651735788211226e-05,2.899651735788211226e-05
2.244326114654541016e+00,2.481133651733398615e+00,2.244355201721191406e+00,2.481162738800049006e+00,8.018780350685119629e-01,8.206742584705353227e-01,9.180455803871154785e-01,9.277698576450348344e-01,2.958912253379821777e-01,5.227462679147720781e-01,2.243140339851379395e-01,2.069001361727714483e-01,4.197312984615564346e-03,3.043149504810571584e-03,2.899964420066680759e-05,2.899964420066680759e-05
2.263568878173828125e+00,2.507255411148071378e+00,2.263597965240478516e+00,2.507284498214721769e+00,8.358378410339355469e-01,8.237991154193877730e-01,9.327682256698608398e-01,9.333053886890411155e-01,2.829668819904327393e-01,5.400110334157943726e-01,2.098366469144821167e-01,2.074682623147964533e-01,2.159211086109280586e-03,2.671540994197130030e-03,2.899825994973070920e-05,2.899825994973070920e-05
2.205494403839111328e+00,2.521643590927124201e+00,2.205523490905761719e+00,2.521672677993774592e+00,8.015210032463073730e-01,8.188581407070160134e-01,9.135820269584655762e-01,9.253150224685668945e-01,2.763263285160064697e-01,5.659467220306396706e-01,2.119032740592956543e-01,2.091334685683250427e-01,2.161818789318203926e-03,2.390192938037216663e-03,2.899729770433623344e-05,2.899729770433623344e-05
2.238293170928955078e+00,2.575409221649169744e+00,2.238322257995605469e+00,2.575438308715820135e+00,8.310998082160949707e-01,8.234507560729980025e-01,9.521901607513427734e-01,9.301569700241089089e-01,2.634054720401763916e-01,6.067472785711288674e-01,1.874472647905349731e-01,2.099313661456108093e-01,4.150290507823228836e-03,5.122858984395861799e-03,2.900402978411875665e-05,2.900402978411875665e-05
1.041325283050537109e+01,2.569884085655212314e+00,1.041328144073486328e+01,2.569913172721862704e+00,8.269944787025451660e-01,8.317459344863891157e-01,9.217378497123718262e-01,9.280329227447510210e-01,8.442049026489257812e+00,5.885754048824309859e-01,2.155910879373550415e-01,2.104488804936409108e-01,6.879728753119707108e-03,1.108095804229378666e-02,2.900065010180696845e-05,2.900065010180696845e-05
2.232825994491577148e+00,2.519607186317443848e+00,2.232855081558227539e+00,2.519636273384094238e+00,8.304363489151000977e-01,8.189244806766510232e-01,9.468383789062500000e-01,9.241025567054748091e-01,2.699989676475524902e-01,5.611546099185943381e-01,1.833028942346572876e-01,2.124350875616073664e-01,2.249483484774827957e-03,2.990500140003860170e-03,2.899188075389247388e-05,2.899188075389247388e-05
2.143930673599243164e+00,2.600489616394042969e+00,2.143959760665893555e+00,2.600518703460693359e+00,7.996568083763122559e-01,8.194523394107818826e-01,9.408511519432067871e-01,9.214292585849761519e-01,2.298195362091064453e-01,6.440239220857619795e-01,1.714164763689041138e-01,2.134347006678581349e-01,2.186777302995324135e-03,2.149368496611714450e-03,2.899936589528806508e-05,2.899936589528806508e-05
2.707274436950683594e+00,2.529157257080078214e+00,2.707303524017333984e+00,2.529186344146728604e+00,7.841374874114990234e-01,8.209013044834136963e-01,9.009541273117065430e-01,9.276813030242919700e-01,7.980592846870422363e-01,5.623543500900268777e-01,2.202698141336441040e-01,2.114115625619888417e-01,3.853648900985717773e-03,6.808739388361573219e-03,2.899874016293324530e-05,2.899874016293324530e-05
2.324162483215332031e+00,2.528257799148559748e+00,2.324191570281982422e+00,2.528286886215210139e+00,8.695451617240905762e-01,8.206736743450164795e-01,9.516403675079345703e-01,9.267960250377654807e-01,2.889405786991119385e-01,5.645606130361556785e-01,2.101894766092300415e-01,2.119278699159622137e-01,3.846701933071017265e-03,4.299679538235068321e-03,2.900432082242332399e-05,2.900432082242332399e-05
2.358163118362426758e+00,2.534063673019409269e+00,2.358192205429077148e+00,2.534092760086059659e+00,8.826149702072143555e-01,8.266293585300446001e-01,9.625715017318725586e-01,9.275973320007324663e-01,2.760809957981109619e-01,5.548693567514420000e-01,2.299197763204574585e-01,2.124691098928451483e-01,6.975790951400995255e-03,1.249850066378712689e-02,2.900215440604370087e-05,2.900215440604370087e-05
2.211695909500122070e+00,2.588415193557739080e+00,2.211724996566772461e+00,2.588444280624389471e+00,8.317929506301879883e-01,8.202328979969024658e-01,9.493217468261718750e-01,9.290707349777221902e-01,2.518198490142822266e-01,6.239900141954421997e-01,1.749751567840576172e-01,2.116293430328369252e-01,3.786045592278242111e-03,3.492250293493271047e-03,2.899304126913193613e-05,2.899304126913193613e-05
2.962313652038574219e+00,2.551830339431762518e+00,2.962342739105224609e+00,2.551859426498412908e+00,8.039935231208801270e-01,8.184529542922973633e-01,9.210258722305297852e-01,9.294147193431854248e-01,1.036059260368347168e+00,5.786827147006988747e-01,1.840154975652694702e-01,2.097500979900360218e-01,1.721920259296894073e-02,1.552980551496148040e-02,2.899569517467170954e-05,2.899569517467170954e-05
2.242894887924194336e+00,2.441900682449340998e+00,2.242923974990844727e+00,2.441929769515991389e+00,8.122751712799072266e-01,8.201138317584991677e-01,9.515699744224548340e-01,9.314043521881103516e-01,3.189017772674560547e-01,4.827316731214523204e-01,1.562233120203018188e-01,2.032900929450988659e-01,3.924497868865728378e-03,4.360740073025226593e-03,2.899553328461479396e-05,2.899553328461479396e-05
2.207069158554077148e+00,2.447530174255371005e+00,2.207098245620727539e+00,2.447559261322021396e+00,7.919417619705200195e-01,8.189742922782897727e-01,9.341923594474792480e-01,9.314338445663452593e-01,3.056429624557495117e-01,4.922246277332306130e-01,1.726538836956024170e-01,2.019805654883384816e-01,2.638352569192647934e-03,2.916832594200968656e-03,2.900140680139884353e-05,2.900140680139884353e-05
2.405845403671264648e+00,2.471483039855956854e+00,2.405874490737915039e+00,2.471512126922607244e+00,8.564826846122741699e-01,8.331836223602294700e-01,9.724329113960266113e-01,9.325802505016327348e-01,3.935586214065551758e-01,4.854038447141647561e-01,1.708642989397048950e-01,2.009621024131774958e-01,1.250685937702655792e-02,1.935319639742374281e-02,2.900206527556292713e-05,2.900206527556292713e-05
2.168990373611450195e+00,2.438976144790649503e+00,2.169019460678100586e+00,2.439005231857299894e+00,7.850897312164306641e-01,8.254158556461334006e-01,8.919015526771545410e-01,9.267988979816437212e-01,2.995421588420867920e-01,4.829811632633209117e-01,1.851639151573181152e-01,1.994156733155250660e-01,7.293008733540773392e-03,4.364581778645515442e-03,2.900195067923050374e-05,2.900195067923050374e-05
2.217833518981933594e+00,2.502411675453186213e+00,2.217862606048583984e+00,2.502440762519836603e+00,7.919600009918212891e-01,8.246841073036194070e-01,9.424593448638916016e-01,9.687707543373107466e-01,3.159512281417846680e-01,4.968232065439224243e-01,1.591874361038208008e-01,2.009629100561141912e-01,8.275409229099750519e-03,1.117065651342272724e-02,2.899971332226414233e-05,2.899971332226414233e-05
2.358740806579589844e+00,2.455647468566894531e+00,2.358769893646240234e+00,2.455676555633544922e+00,8.191795945167541504e-01,8.224830329418182373e-01,9.032145738601684570e-01,9.293902039527892622e-01,3.870321214199066162e-01,4.956910401582718118e-01,2.395464628934860229e-01,2.020846098661422674e-01,9.767931886017322540e-03,5.998519249260425568e-03,2.899272840295452625e-05,2.899272840295452625e-05
2.498131752014160156e+00,2.461211585998535067e+00,2.498160839080810547e+00,2.461240673065185458e+00,8.240464329719543457e-01,8.167094111442565474e-01,9.023535251617431641e-01,9.319832623004913330e-01,5.240809917449951172e-01,5.102423995733260664e-01,2.460511028766632080e-01,2.006387010216713063e-01,1.599880983121693134e-03,1.637788454536348495e-03,2.899234823416918516e-05,2.899234823416918516e-05
2.311182498931884766e+00,2.461197662353515447e+00,2.311211585998535156e+00,2.461226749420165838e+00,8.202531933784484863e-01,8.348254799842834695e-01,9.380198717117309570e-01,9.329548120498657449e-01,3.349482715129852295e-01,4.886186003684997448e-01,2.151380181312561035e-01,1.998568698763847351e-01,2.823120914399623871e-03,4.941801028326153929e-03,2.899289211200084537e-05,2.899289211200084537e-05
2.317220687866210938e+00,2.479531645774841309e+00,2.317249774932861328e+00,2.479560732841491699e+00,8.288841843605041504e-01,8.207251548767089400e-01,9.349673390388488770e-01,9.332002401351928711e-01,3.730677664279937744e-01,5.235642611980437788e-01,1.762700676918029785e-01,1.996099665760993902e-01,4.031370859593153000e-03,2.432051952928304586e-03,2.899084211094304919e-05,2.899084211094304919e-05
2.308069705963134766e+00,2.459175634384155096e+00,2.308098793029785156e+00,2.459204721450805486e+00,7.848097681999206543e-01,8.184054017066955122e-01,9.472399353981018066e-01,9.352049052715301070e-01,3.957729637622833252e-01,5.039425402879714744e-01,1.769933253526687622e-01,1.992316484451293890e-01,3.253675531595945358e-03,2.391131105832755652e-03,2.899000537581741810e-05,2.899000537581741810e-05
3.108759641647338867e+00,2.460787439346313388e+00,3.108788728713989258e+00,2.460816526412963778e+00,7.935518622398376465e-01,8.287326276302338091e-01,9.046459197998046875e-01,9.333053290843963401e-01,1.197129368782043457e+00,4.956522196531295554e-01,2.093746364116668701e-01,1.984830930829048212e-01,4.057822749018669128e-03,4.614159557968377720e-03,2.898859020206145942e-05,2.898859020206145942e-05
2.381468772888183594e+00,2.456594967842101962e+00,2.381497859954833984e+00,2.456624054908752353e+00,7.902562022209167480e-01,8.186586678028107134e-01,9.304220676422119141e-01,9.403131783008575884e-01,4.555455744266510010e-01,4.963499516248702781e-01,2.031492739915847778e-01,1.987798452377319280e-01,2.095502335578203201e-03,2.493305620737373742e-03,2.899072205764241517e-05,2.899072205764241517e-05
2.472649335861206055e+00,2.452778506278991522e+00,2.472678422927856445e+00,2.452807593345641912e+00,8.316487073898315430e-01,8.245617270469665083e-01,9.480338096618652344e-01,9.361508369445801225e-01,4.360933303833007812e-01,4.905054062604904397e-01,2.555783092975616455e-01,1.987873062491417042e-01,1.295018824748694897e-03,2.773287775926292116e-03,2.898933962569572031e-05,2.898933962569572031e-05
2.252861738204956055e+00,2.434924674034118830e+00,2.252890825271606445e+00,2.434953761100769221e+00,8.172511458396911621e-01,8.207792222499847856e-01,8.940032720565795898e-01,9.328977465629577637e-01,3.326689004898071289e-01,4.798675477504730225e-01,2.045141160488128662e-01,1.983016118407249506e-01,4.424361512064933777e-03,3.078538062982261354e-03,2.899084211094304919e-05,2.899084211094304919e-05
2.425954580307006836e+00,2.478129410743713290e+00,2.425983667373657227e+00,2.478158497810363681e+00,7.874543666839599609e-01,8.287059962749481201e-01,9.298061132431030273e-01,9.334794402122497115e-01,5.565997958183288574e-01,5.136915057897567527e-01,1.466604620218276978e-01,1.978163003921508678e-01,5.433730781078338623e-03,4.436078155413270344e-03,2.899506762332748622e-05,2.899506762332748622e-05
2.375730276107788086e+00,2.486173248291015714e+00,2.375759363174438477e+00,2.486202335357666104e+00,8.731266260147094727e-01,8.414591133594513384e-01,9.524359107017517090e-01,9.356143116950988992e-01,3.210117518901824951e-01,5.057440876960754839e-01,2.234751433134078979e-01,1.966709583997726385e-01,5.680694244801998138e-03,6.684746034443378795e-03,2.899515311582945287e-05,2.899515311582945287e-05
2.635018587112426758e+00,2.465379953384399414e+00,2.635047674179077148e+00,2.465409040451049805e+00,7.997861504554748535e-01,8.321799337863922119e-01,9.209687113761901855e-01,9.478778660297393355e-01,6.688779592514038086e-01,4.755366265773773304e-01,2.362997978925704956e-01,1.946511611342430226e-01,9.086214005947113037e-03,1.513440962880849804e-02,2.899509854614734650e-05,2.899509854614734650e-05
2.163571357727050781e+00,2.436247229576110840e+00,2.163600444793701172e+00,2.436276316642761230e+00,7.798190116882324219e-01,8.215688228607177512e-01,9.329853653907775879e-01,9.347856521606445757e-01,3.096473217010498047e-01,4.851398468017578125e-01,1.372996270656585693e-01,1.917906180024147034e-01,3.820231184363365173e-03,2.962253103032707995e-03,2.899963146774098277e-05,2.899963146774098277e-05
2.239717960357666016e+00,2.439776110649108709e+00,2.239747047424316406e+00,2.439805197715759100e+00,8.248736858367919922e-01,8.281325936317444070e-01,9.411600232124328613e-01,9.329628646373748779e-01,2.881196439266204834e-01,4.834117859601974598e-01,1.823297590017318726e-01,1.915155619382858387e-01,3.235083771869540215e-03,3.753215912729501638e-03,2.900502659031189978e-05,2.900502659031189978e-05
2.200402736663818359e+00,2.456310057640075595e+00,2.200431823730468750e+00,2.456339144706725985e+00,8.230004310607910156e-01,8.265607714653014915e-01,9.214861989021301270e-01,9.377765059471130371e-01,2.448905557394027710e-01,4.955234110355377086e-01,2.050555944442749023e-01,1.914158731698989979e-01,5.969898775219917297e-03,5.033475952222943653e-03,2.900936669902876019e-05,2.900936669902876019e-05
2.395251035690307617e+00,2.451361274719238370e+00,2.395280122756958008e+00,2.451390361785888761e+00,8.366849422454833984e-01,8.184285342693329302e-01,9.431860446929931641e-01,9.494334876537322554e-01,3.610985577106475830e-01,4.893755614757537842e-01,2.515564858913421631e-01,1.917464673519134466e-01,2.725033089518547058e-03,2.377264085225760937e-03,2.900580875575542450e-05,2.900580875575542450e-05
2.444578170776367188e+00,2.462371182441711603e+00,2.444607257843017578e+00,2.462400269508361994e+00,8.442265987396240234e-01,8.253614962100982444e-01,9.099063873291015625e-01,9.264539301395415816e-01,4.818987250328063965e-01,5.086818486452102661e-01,1.989440023899078369e-01,1.937648385763168224e-01,9.602405130863189697e-03,8.109001442790031433e-03,2.900514300563372672e-05,2.900514300563372672e-05
2.205994129180908203e+00,2.441373229026794434e+00,2.206023216247558594e+00,2.441402316093444824e+00,8.300541639328002930e-01,8.235656499862671343e-01,9.637078046798706055e-01,9.279790222644805908e-01,2.717372477054595947e-01,4.934371441602706798e-01,1.391781270503997803e-01,1.944670885801315363e-01,1.316817943006753922e-03,1.924293325282633391e-03,2.900602339650504291e-05,2.900602339650504291e-05
2.405170679092407227e+00,2.427016448974609553e+00,2.405199766159057617e+00,2.427045536041259943e+00,8.116896152496337891e-01,8.238390564918518510e-01,9.304013252258300781e-01,9.313397943973541482e-01,3.937879800796508789e-01,4.727905988693237305e-01,2.660378515720367432e-01,1.948098108172416632e-01,3.253709059208631516e-03,4.237190820276737213e-03,2.900077015510760248e-05,2.900077015510760248e-05
3.181222677230834961e+00,2.493873333930969327e+00,3.181251764297485352e+00,2.493902420997619718e+00,8.918409347534179688e-01,8.334041416645050493e-01,9.592321515083312988e-01,9.628990352153777854e-01,1.121956586837768555e+00,4.901813179254531638e-01,1.983826607465744019e-01,1.952090770006179865e-01,9.810387156903743744e-03,1.217980384826660226e-02,2.899884748330805451e-05,2.899884748330805451e-05
2.290036678314208984e+00,2.490790653228759588e+00,2.290065765380859375e+00,2.490819740295409979e+00,8.234285116195678711e-01,8.429236233234405073e-01,9.493840932846069336e-01,9.376363217830657737e-01,3.153731822967529297e-01,5.093480974435806719e-01,1.983976811170578003e-01,1.951324805617332403e-01,3.453364828601479530e-03,5.750172957777977163e-03,2.899784158216789365e-05,2.899784158216789365e-05
2.360112667083740234e+00,2.444905948638916193e+00,2.360141754150390625e+00,2.444935035705566584e+00,8.500874638557434082e-01,8.309660136699676958e-01,9.175019264221191406e-01,9.353463470935821089e-01,3.147401213645935059e-01,4.775625884532928578e-01,2.744479179382324219e-01,1.959431558847427313e-01,3.335189539939165115e-03,5.087800370529293841e-03,2.899713581427931786e-05,2.899713581427931786e-05
2.271914005279541016e+00,2.478443145751953125e+00,2.271943092346191406e+00,2.478472232818603516e+00,8.279615640640258789e-01,8.287756025791168657e-01,9.040480852127075195e-01,9.325904369354247603e-01,3.128080368041992188e-01,5.154792487621306929e-01,2.223191708326339722e-01,1.971189916133880560e-01,4.777282942086458206e-03,4.478865163400768887e-03,2.899456012528389692e-05,2.899456012528389692e-05
2.283288240432739258e+00,2.532966065406799139e+00,2.283317327499389648e+00,2.532995152473449529e+00,8.355569243431091309e-01,8.439324438571930154e-01,9.515817761421203613e-01,9.677817642688750777e-01,2.980492711067199707e-01,4.925114035606384388e-01,1.766967177391052246e-01,2.016519039869308361e-01,2.140360325574874878e-02,2.708857711404561927e-02,2.898402090067975223e-05,2.898402090067975223e-05
2.516980171203613281e+00,2.511416912078857422e+00,2.517009258270263672e+00,2.511445999145507812e+00,8.638000488281250000e-01,8.301824390888213889e-01,9.334338307380676270e-01,9.426329493522643821e-01,5.102671980857849121e-01,5.231879025697707686e-01,1.986120790243148804e-01,2.051596745848655590e-01,1.086703687906265259e-02,1.025390932336449692e-02,2.900035542552359402e-05,2.900035542552359402e-05
2.321826219558715820e+00,2.494507622718811213e+00,2.321855306625366211e+00,2.494536709785461603e+00,7.760812640190124512e-01,8.354121208190917747e-01,8.873791694641113281e-01,9.376796424388885720e-01,3.489305675029754639e-01,5.072681903839111328e-01,3.015226721763610840e-01,2.040370374917984120e-01,7.912474684417247772e-03,1.011068280786275864e-02,2.900536492234095931e-05,2.900536492234095931e-05
2.277629852294921875e+00,2.484194707870483576e+00,2.277658939361572266e+00,2.484223794937133967e+00,8.475520014762878418e-01,8.360578715801239014e-01,9.514617323875427246e-01,9.359921991825104204e-01,2.779171168804168701e-01,4.995476990938186868e-01,1.962617486715316772e-01,2.051807016134262196e-01,4.437422379851341248e-03,7.416328648105263710e-03,2.899901301134377718e-05,2.899901301134377718e-05
2.383489847183227539e+00,2.478240418434142889e+00,2.383518934249877930e+00,2.478269505500793279e+00,8.231092095375061035e-01,8.254142105579376221e-01,9.482362270355224609e-01,9.318354606628418413e-01,3.929088413715362549e-01,5.125861078500747459e-01,2.160337865352630615e-01,2.050335526466369740e-01,3.202016931027173996e-03,3.371152491308748549e-03,2.899904757214244455e-05,2.899904757214244455e-05
2.239924907684326172e+00,2.465509080886840731e+00,2.239953994750976562e+00,2.465538167953491122e+00,7.756955027580261230e-01,8.242922365665436013e-01,8.856083154678344727e-01,9.280472099781036377e-01,3.573013246059417725e-01,5.063044011592865434e-01,2.181098014116287231e-01,2.041700676083564869e-01,3.209972521290183067e-03,2.695162454620003614e-03,2.899906030506826937e-05,2.899906030506826937e-05
2.281888961791992188e+00,2.454501795768737615e+00,2.281918048858642578e+00,2.454530882835388006e+00,8.550854325294494629e-01,8.235859572887420654e-01,9.300199747085571289e-01,9.315354585647582786e-01,2.707629203796386719e-01,4.907290339469909668e-01,2.217403650283813477e-01,2.029703706502914429e-01,4.280010703951120377e-03,5.681017320603132595e-03,2.900089384638704360e-05,2.900089384638704360e-05
2.442472219467163086e+00,2.485154676437377752e+00,2.442501306533813477e+00,2.485183763504028143e+00,7.873361706733703613e-01,8.293043315410614236e-01,8.974117040634155273e-01,9.291556000709533247e-01,5.601428151130676270e-01,5.210030108690262285e-01,1.940279901027679443e-01,2.021772265434265137e-01,3.553712973371148109e-03,3.514491021633148193e-03,2.900036452047061175e-05,2.900036452047061175e-05
2.313987493515014648e+00,2.500263309478759854e+00,2.314016580581665039e+00,2.500292396545410245e+00,8.675600886344909668e-01,8.411976397037506104e-01,9.502602219581604004e-01,9.287278473377227339e-01,2.886210381984710693e-01,5.149489670991898027e-01,2.020797729492187500e-01,2.039451628923416027e-01,5.466371774673461914e-03,1.144367391243577073e-02,2.900619438150897622e-05,2.900619438150897622e-05
2.290863752365112305e+00,2.480368971824645996e+00,2.290892839431762695e+00,2.480398058891296387e+00,8.242308497428894043e-01,8.298074662685394065e-01,9.310782551765441895e-01,9.337006211280822754e-01,3.069315552711486816e-01,5.083257526159286055e-01,2.246778905391693115e-01,2.041550040245056208e-01,3.945375327020883560e-03,4.380051372572779309e-03,2.900114850490354002e-05,2.900114850490354002e-05
2.588907003402709961e+00,2.474076581001281916e+00,2.588936090469360352e+00,2.474105668067932307e+00,8.101280331611633301e-01,8.190445303916931152e-01,9.224501848220825195e-01,9.268124938011169656e-01,6.443588137626647949e-01,5.218201309442520586e-01,2.102251946926116943e-01,2.042179152369499318e-01,1.744683948345482349e-03,2.181530301459133799e-03,2.899939863709732890e-05,2.899939863709732890e-05
2.351769208908081055e+00,2.510853815078735174e+00,2.351798295974731445e+00,2.510882902145385565e+00,8.498829603195190430e-01,8.256822466850280984e-01,9.573197364807128906e-01,9.251106441020965354e-01,2.986675202846527100e-01,5.470330864191055298e-01,2.445870041847229004e-01,2.071997508406639155e-01,1.312006963416934013e-03,5.828095274046063770e-03,2.900100662373006344e-05,2.900100662373006344e-05
2.342085123062133789e+00,2.507039093971252353e+00,2.342114210128784180e+00,2.507068181037902743e+00,8.691303133964538574e-01,8.149863600730895552e-01,9.476644396781921387e-01,9.307917118072509544e-01,3.044086098670959473e-01,5.509926885366439597e-01,2.187080830335617065e-01,2.083273455500602722e-01,2.173674758523702621e-03,1.940934662707150069e-03,2.900151230278424919e-05,2.900151230278424919e-05
2.170560598373413086e+00,2.497730612754821777e+00,2.170589685440063477e+00,2.497759699821472168e+00,8.038855791091918945e-01,8.210126459598541260e-01,9.301339983940124512e-01,9.256359755992888960e-01,3.048537671566009521e-01,5.401329159736633079e-01,1.275710165500640869e-01,2.075021281838416998e-01,4.116404801607131958e-03,3.446920122951268976e-03,2.899853279814124107e-05,2.899853279814124107e-05
2.496587753295898438e+00,2.476780343055724920e+00,2.496616840362548828e+00,2.476809430122375311e+00,7.643318176269531250e-01,8.169205904006957564e-01,9.235872030258178711e-01,9.284949839115143044e-01,6.194126009941101074e-01,5.218715935945510420e-01,1.871267557144165039e-01,2.076071083545684703e-01,2.129622269421815872e-03,1.886044349521398501e-03,2.899757964769378304e-05,2.899757964769378304e-05
2.254177570343017578e+00,2.496075677871703924e+00,2.254206657409667969e+00,2.496104764938354315e+00,7.845720648765563965e-01,8.238054454326629861e-01,8.911392092704772949e-01,9.303586006164550337e-01,3.137888312339782715e-01,5.306180834770202193e-01,2.618142068386077881e-01,2.064515590667724554e-01,2.863524481654167175e-03,4.841956682503223766e-03,2.899968603742308915e-05,2.899968603742308915e-05
2.284219264984130859e+00,2.459122014045715510e+00,2.284248352050781250e+00,2.459151101112365900e+00,8.147578239440917969e-01,8.213522553443908247e-01,9.019423127174377441e-01,9.276829957962036133e-01,3.084808588027954102e-01,5.002109229564666304e-01,2.529351711273193359e-01,2.057011961936950628e-01,6.103194318711757660e-03,4.174570390023291284e-03,2.899681749113369733e-05,2.899681749113369733e-05
2.312245607376098633e+00,2.480124306678772150e+00,2.312274694442749023e+00,2.480153393745422541e+00,8.124516606330871582e-01,8.246299505233765093e-01,9.414269924163818359e-01,9.288664221763610618e-01,3.711248636245727539e-01,5.157391816377639993e-01,1.825105845928192139e-01,2.048233717679977528e-01,4.731558263301849365e-03,6.065260572358966047e-03,2.899415994761511683e-05,2.899415994761511683e-05
2.306550264358520508e+00,2.469191837310790838e+00,2.306579351425170898e+00,2.469220924377441229e+00,8.193559050559997559e-01,8.266902565956115723e-01,9.553153514862060547e-01,9.359346389770507590e-01,3.083729743957519531e-01,4.993080347776412964e-01,2.217131257057189941e-01,2.040588632225990295e-01,1.792867435142397881e-03,3.200076939538121397e-03,2.898720958910416812e-05,2.898720958910416812e-05
2.315906286239624023e+00,2.478271722793579102e+00,2.315935373306274414e+00,2.478300809860229492e+00,8.477985858917236328e-01,8.341696858406066895e-01,9.599647521972656250e-01,9.295118153095245361e-01,3.013805747032165527e-01,5.071219801902770996e-01,2.045602947473526001e-01,2.035355851054191645e-01,2.202051924541592598e-03,3.932648827321827759e-03,2.898950697272084653e-05,2.898950697272084653e-05
2.282637119293212891e+00,2.460320663452148615e+00,2.282666206359863281e+00,2.460349750518799006e+00,8.281588554382324219e-01,8.213177680969238059e-01,8.879798650741577148e-01,9.267936825752258745e-01,3.007959425449371338e-01,5.059123754501342329e-01,2.611630856990814209e-01,2.033107340335846003e-01,4.539496731013059616e-03,2.986060618422925299e-03,2.898995808209292591e-05,2.898995808209292591e-05
2.226294517517089844e+00,2.458062863349914640e+00,2.226323604583740234e+00,2.458091950416565030e+00,7.973166704177856445e-01,8.198642253875731978e-01,9.225504994392395020e-01,9.270164132118224876e-01,3.035803735256195068e-01,5.041639417409896629e-01,1.971515566110610962e-01,2.028589233756065424e-01,5.695395171642303467e-03,4.159340984188020229e-03,2.898624370573088527e-05,2.898624370573088527e-05
2.311985969543457031e+00,2.454515171051025568e+00,2.312015056610107422e+00,2.454544258117675959e+00,8.367228507995605469e-01,8.283352196216583474e-01,9.511411190032958984e-01,9.389119923114777055e-01,3.079805076122283936e-01,4.703703463077545388e-01,2.113362997770309448e-01,2.023091092705726624e-01,4.804987926036119461e-03,1.458851927891373704e-02,2.898268576245754957e-05,2.898268576245754957e-05
2.235956668853759766e+00,2.496036553382873446e+00,2.235985755920410156e+00,2.496065640449523837e+00,8.119661211967468262e-01,8.317956030368804932e-01,9.397390484809875488e-01,9.326477825641632524e-01,2.991341650485992432e-01,5.236866831779479758e-01,1.800684332847595215e-01,2.021191388368606678e-01,5.048796068876981735e-03,5.787313310429453503e-03,2.897628291975706816e-05,2.897628291975706816e-05
2.433146238327026367e+00,2.547770547866821111e+00,2.433175325393676758e+00,2.547799634933471502e+00,8.594659566879272461e-01,8.480704486370086448e-01,9.245558381080627441e-01,9.511653482913970947e-01,3.001021742820739746e-01,5.333815962076187134e-01,3.425879478454589844e-01,2.023743152618408259e-01,6.434296723455190659e-03,1.277883276343345573e-02,2.897844569815788418e-05,2.897844569815788418e-05
3.135221719741821289e+00,2.501836657524108887e+00,3.135250806808471680e+00,2.501865744590759277e+00,7.951247096061706543e-01,8.412132740020752397e-01,8.837091326713562012e-01,9.320961713790893999e-01,1.188706874847412109e+00,5.137027055025100708e-01,2.576272189617156982e-01,2.018203929066658131e-01,1.005352754145860672e-02,1.300410432741045882e-02,2.898252569139003754e-05,2.898252569139003754e-05
2.698881387710571289e+00,2.472338104248046786e+00,2.698910474777221680e+00,2.472367191314697177e+00,8.426260352134704590e-01,8.276452004909515825e-01,9.068863391876220703e-01,9.364288091659546120e-01,7.211380600929260254e-01,5.003704786300658958e-01,2.202810347080230713e-01,2.013075083494186290e-01,7.949910126626491547e-03,6.586166890338062893e-03,2.897791273426264524e-05,2.897791273426264524e-05
2.234983205795288086e+00,2.478748536109924405e+00,2.235012292861938477e+00,2.478777623176574796e+00,7.956991791725158691e-01,8.234926939010620561e-01,9.157379269599914551e-01,9.399617969989776389e-01,3.099042177200317383e-01,5.059688329696655495e-01,2.077322155237197876e-01,2.012608557939529474e-01,5.909585859626531601e-03,8.064402500167489052e-03,2.897306512750219554e-05,2.897306512750219554e-05
2.263364315032958984e+00,2.485303974151611417e+00,2.263393402099609375e+00,2.485333061218261808e+00,8.355703353881835938e-01,8.273632645606994185e-01,9.327937364578247070e-01,9.347024500370025857e-01,3.039277195930480957e-01,5.113968938589096291e-01,1.771282106637954712e-01,2.022056892514228765e-01,1.394412573426961899e-02,9.635644499212503433e-03,2.897190279327332973e-05,2.897190279327332973e-05
2.500002861022949219e+00,2.482626223564147860e+00,2.500031948089599609e+00,2.482655310630798251e+00,8.400597572326660156e-01,8.236453413963318315e-01,9.279351234436035156e-01,9.282331466674804688e-01,4.434200227260589600e-01,5.243492335081100242e-01,2.860025763511657715e-01,2.024043872952461243e-01,2.585365669801831245e-03,3.994093462824821646e-03,2.897223203035537153e-05,2.897223203035537153e-05
2.236905097961425781e+00,2.461705255508422674e+00,2.236934185028076172e+00,2.461734342575073065e+00,7.843604087829589844e-01,8.265719354152679665e-01,9.357780218124389648e-01,9.388369977474212424e-01,3.092323541641235352e-01,4.938489764928817860e-01,2.040455788373947144e-01,1.995689049363136292e-01,3.488678019493818283e-03,2.878419240005314350e-03,2.897152626246679574e-05,2.897152626246679574e-05
2.580097675323486328e+00,2.479207968711853116e+00,2.580126523971557617e+00,2.479236817359924405e+00,8.525227308273315430e-01,8.329821944236754927e-01,9.444462656974792480e-01,9.282610297203064409e-01,5.695087909698486328e-01,5.077343165874481645e-01,2.104409784078598022e-01,2.022651106119155995e-01,3.179118968546390533e-03,7.965360628440975796e-03,2.896452497225254774e-05,2.896452497225254774e-05
2.357894182205200195e+00,2.494313049316406072e+00,2.357923030853271484e+00,2.494341897964477361e+00,8.476461768150329590e-01,8.304754495620727539e-01,9.510049223899841309e-01,9.294230937957763672e-01,3.381112217903137207e-01,5.164444714784621748e-01,2.115367799997329712e-01,2.057392477989196666e-01,9.594907052814960480e-03,1.223078137263655663e-02,2.896553996833972633e-05,2.896553996833972633e-05
2.345931053161621094e+00,2.507052683830261142e+00,2.345959901809692383e+00,2.507081532478332431e+00,8.341908454895019531e-01,8.168896496295928733e-01,9.106066823005676270e-01,9.307906329631805420e-01,3.509301543235778809e-01,5.471430242061614546e-01,2.439058125019073486e-01,2.069765195250511114e-01,6.297545041888952255e-03,5.252820672467350960e-03,2.896207661251537502e-05,2.896207661251537502e-05
2.405735492706298828e+00,2.483793735504150391e+00,2.405764341354370117e+00,2.483822584152221680e+00,8.078790307044982910e-01,8.206368327140808328e-01,9.597519040107727051e-01,9.407118916511535422e-01,3.963725864887237549e-01,5.092303544282913430e-01,2.381738722324371338e-01,2.074037998914718683e-01,3.557926043868064880e-03,5.810864362865686070e-03,2.896507066907361150e-05,2.896507066907361150e-05
2.530978202819824219e+00,2.482329797744751154e+00,2.531007289886474609e+00,2.482358884811401545e+00,7.991817593574523926e-01,8.132199466228484663e-01,9.117129445075988770e-01,9.271454393863678423e-01,5.792396664619445801e-01,5.332458853721618874e-01,2.393925637006759644e-01,2.070693448185920715e-01,1.451187185011804104e-03,1.649145560804754496e-03,2.896907790272962302e-05,2.896907790272962302e-05
2.659222602844238281e+00,2.459823012351989746e+00,2.659251451492309570e+00,2.459851861000061035e+00,8.097282648086547852e-01,8.157171964645385520e-01,9.148011207580566406e-01,9.293488264083862305e-01,6.945640444755554199e-01,5.054028540849685447e-01,2.353984266519546509e-01,2.055428624153137207e-01,4.730796441435813904e-03,3.811307228170335380e-03,2.896684964071027935e-05,2.896684964071027935e-05
2.375492095947265625e+00,2.472885823249816983e+00,2.375520944595336914e+00,2.472914671897888272e+00,8.543055057525634766e-01,8.160195112228393333e-01,9.544607400894165039e-01,9.319394588470458762e-01,3.516524434089660645e-01,5.172911316156387773e-01,2.141620665788650513e-01,2.058288961648941096e-01,9.113340056501328945e-04,1.806797774042934093e-03,2.896089245041366667e-05,2.896089245041366667e-05
2.735010623931884766e+00,2.483244848251342951e+00,2.735039472579956055e+00,2.483273696899414240e+00,7.752500176429748535e-01,8.205021560192108376e-01,9.374631643295288086e-01,9.290417730808258057e-01,8.044801354408264160e-01,5.252084493637084739e-01,2.151066213846206665e-01,2.049516960978507996e-01,2.710505621507763863e-03,3.540748171508312139e-03,2.895824218285270035e-05,2.895824218285270035e-05
2.346520662307739258e+00,2.460031008720398038e+00,2.346549510955810547e+00,2.460059857368469327e+00,8.192754387855529785e-01,8.149189472198485884e-01,9.261608719825744629e-01,9.289816737174987349e-01,3.424918353557586670e-01,5.090661585330963357e-01,2.571226358413696289e-01,2.056488990783691406e-01,1.469789654947817326e-03,1.415357738733291669e-03,2.895596480811946094e-05,2.895596480811946094e-05
2.915775060653686523e+00,2.498322296142577947e+00,2.915803909301757812e+00,2.498351144790649236e+00,8.683755397796630859e-01,8.276958763599395752e-01,9.080177545547485352e-01,9.361617624759673850e-01,8.310955762863159180e-01,5.198095351457595603e-01,3.038991391658782959e-01,2.061760723590850830e-01,4.387239459902048111e-03,8.479057438671588551e-03,2.896315891121048480e-05,2.896315891121048480e-05
2.406541585922241211e+00,2.510360193252563654e+00,2.406570434570312500e+00,2.510389041900634943e+00,8.842630386352539062e-01,8.263816595077514426e-01,9.605333209037780762e-01,9.311289727687835915e-01,3.518422544002532959e-01,5.410710990428924116e-01,2.068548351526260376e-01,2.067207023501396179e-01,3.048236947506666183e-03,5.057770619168877255e-03,2.896133082685992122e-05,2.896133082685992122e-05
2.359949111938476562e+00,2.466016173362731934e+00,2.359977960586547852e+00,2.466045022010803223e+00,8.258948326110839844e-01,8.144535481929778831e-01,9.432116150856018066e-01,9.297804474830627663e-01,3.903875350952148438e-01,5.132522851228713545e-01,1.981451511383056641e-01,2.066248714923858698e-01,2.310018287971615791e-03,1.904987730085849762e-03,2.894933822972234339e-05,2.894933822972234339e-05
2.274690151214599609e+00,2.529385995864868342e+00,2.274718999862670898e+00,2.529414844512939631e+00,8.087361454963684082e-01,8.321209669113158736e-01,9.059796929359436035e-01,9.353090345859527144e-01,3.677714467048645020e-01,5.473873585462569746e-01,1.860029548406600952e-01,2.087424188852310125e-01,6.199954077601432800e-03,5.826194537803530693e-03,2.894689896493218839e-05,2.894689896493218839e-05
2.553060054779052734e+00,2.526699137687683283e+00,2.553088903427124023e+00,2.526727986335754572e+00,8.441112637519836426e-01,8.197242915630340576e-01,8.943919539451599121e-01,9.352822959423064964e-01,5.741714239120483398e-01,5.601920336484909058e-01,2.374767214059829712e-01,2.089838683605194092e-01,2.908603288233280182e-03,2.516640373505651864e-03,2.894599674618802965e-05,2.894599674618802965e-05
2.677926778793334961e+00,2.525819563865661532e+00,2.677955627441406250e+00,2.525848412513732821e+00,8.543836474418640137e-01,8.276837289333343062e-01,9.201967716217041016e-01,9.278525292873383012e-01,7.132552266120910645e-01,5.542467921972275002e-01,1.840149015188217163e-01,2.112058758735656794e-01,6.076225545257329941e-03,4.830595012754202236e-03,2.894853241741657257e-05,2.894853241741657257e-05
2.179431200027465820e+00,2.519949531555175870e+00,2.179460048675537109e+00,2.519978380203247159e+00,7.435640096664428711e-01,8.209810912609100120e-01,8.449895381927490234e-01,9.249879837036132368e-01,3.358781635761260986e-01,5.595417261123657449e-01,2.520512342453002930e-01,2.114918217062950190e-01,2.948167501017451286e-03,2.946925093419849959e-03,2.894826684496365488e-05,2.894826684496365488e-05
2.582114219665527344e+00,2.533559155464172541e+00,2.582143068313598633e+00,2.533588004112243830e+00,7.910612225532531738e-01,8.246118843555449995e-01,9.006788134574890137e-01,9.281958580017090066e-01,6.013393402099609375e-01,5.647066235542297363e-01,2.836641669273376465e-01,2.103257626295089722e-01,5.370526108890771866e-03,5.719000566750764500e-03,2.894482349802274257e-05,2.894482349802274257e-05
2.336516618728637695e+00,2.524680089950561701e+00,2.336545467376708984e+00,2.524708938598632990e+00,7.987658977508544922e-01,8.176120400428772417e-01,9.310432672500610352e-01,9.289502382278442827e-01,3.492824435234069824e-01,5.639136791229247825e-01,2.557341754436492920e-01,2.114661902189254872e-01,1.690930337645113468e-03,2.737956121563911438e-03,2.894640419981442392e-05,2.894640419981442392e-05
2.272726297378540039e+00,2.546600151062011541e+00,2.272755146026611328e+00,2.546628999710082830e+00,7.831007838249206543e-01,8.197518408298491988e-01,9.094758033752441406e-01,9.335586905479431596e-01,3.552923500537872314e-01,5.772723883390427080e-01,2.187718898057937622e-01,2.110027521848678589e-01,6.085294298827648163e-03,5.014498997479677027e-03,2.894386852858588099e-05,2.894386852858588099e-05
2.342507362365722656e+00,2.548099422454833896e+00,2.342536211013793945e+00,2.548128271102905185e+00,8.240797519683837891e-01,8.247907996177673562e-01,9.360179901123046875e-01,9.282710909843444602e-01,3.556068837642669678e-01,5.803660690784454568e-01,2.246711552143096924e-01,2.109817847609520014e-01,2.131591318175196648e-03,3.689689538441598502e-03,2.893909731938038021e-05,2.893909731938038021e-05
2.315051317214965820e+00,2.510367298126220614e+00,2.315080165863037109e+00,2.510396146774291903e+00,8.168431520462036133e-01,8.171620249748230425e-01,9.284544587135314941e-01,9.277798175811767800e-01,3.517396748065948486e-01,5.489122211933136208e-01,2.075651884078979492e-01,2.100044861435890198e-01,1.044858712702989578e-02,6.508757639676332300e-03,2.893928831326775253e-05,2.893928831326775253e-05
2.285498857498168945e+00,2.507390856742858887e+00,2.285527706146240234e+00,2.507419705390930176e+00,7.917709946632385254e-01,8.206091582775115745e-01,9.441847801208496094e-01,9.268591165542602317e-01,3.629266321659088135e-01,5.474955081939697488e-01,1.809633821249008179e-01,2.080567657947540172e-01,5.653077270835638046e-03,4.370265081524849285e-03,2.893578857765533030e-05,2.893578857765533030e-05
2.441148996353149414e+00,2.505384659767150968e+00,2.441177845001220703e+00,2.505413508415222257e+00,7.607583403587341309e-01,8.166673719882965310e-01,8.672916889190673828e-01,9.359711050987243874e-01,5.505375266075134277e-01,5.418492615222930686e-01,2.586026191711425781e-01,2.081554204225540272e-01,3.958743996918201447e-03,2.741483668796717947e-03,2.893629425670951605e-05,2.893629425670951605e-05
2.340379238128662109e+00,2.511267495155334650e+00,2.340408086776733398e+00,2.511296343803405939e+00,8.346112370491027832e-01,8.152156889438628706e-01,9.288545250892639160e-01,9.332978487014770286e-01,3.707790374755859375e-01,5.527423501014709917e-01,2.043175399303436279e-01,2.083658263087272700e-01,1.816773554310202599e-03,1.645782263949513435e-03,2.893335113185457885e-05,2.893335113185457885e-05
2.629670619964599609e+00,2.515302562713622958e+00,2.629699468612670898e+00,2.515331411361694247e+00,8.339368700981140137e-01,8.287559509277343528e-01,9.232995510101318359e-01,9.341568291187286599e-01,6.696507334709167480e-01,5.375243216753006203e-01,1.932296305894851685e-01,2.069792822003364563e-01,9.553718380630016327e-03,7.886209338903427818e-03,2.892897100537084043e-05,2.892897100537084043e-05
2.653784513473510742e+00,2.523279762268066495e+00,2.653813362121582031e+00,2.523308610916137784e+00,8.321903944015502930e-01,8.392870962619781716e-01,9.323627948760986328e-01,9.325713694095612016e-01,7.226696014404296875e-01,5.374175637960434404e-01,1.600528955459594727e-01,2.060441657900810297e-01,6.509153638035058975e-03,7.959585543721914638e-03,2.893089913413859904e-05,2.893089913413859904e-05
2.328009366989135742e+00,2.514563608169555486e+00,2.328038215637207031e+00,2.514592456817626775e+00,8.278535008430480957e-01,8.281240761280059814e-01,9.159300327301025391e-01,9.282930254936218040e-01,3.426068127155303955e-01,5.462076991796493974e-01,2.341438680887222290e-01,2.056354597210884039e-01,7.475142832845449448e-03,6.303387507796287363e-03,2.893069358833599836e-05,2.893069358833599836e-05
2.302492141723632812e+00,2.467098069190979182e+00,2.302520990371704102e+00,2.467126917839050471e+00,8.018689751625061035e-01,8.207230269908905029e-01,9.140229225158691406e-01,9.335591435432434304e-01,3.510007858276367188e-01,5.052781909704208152e-01,2.326744347810745239e-01,2.045282527804374584e-01,2.925173379480838776e-03,3.009447478689253330e-03,2.892947668442502618e-05,2.892947668442502618e-05
2.307324647903442383e+00,2.465671682357787997e+00,2.307353496551513672e+00,2.465700531005859286e+00,8.081608414649963379e-01,8.166588485240936501e-01,9.423245787620544434e-01,9.336311280727386253e-01,3.631533682346343994e-01,5.104678571224212646e-01,1.922873854637145996e-01,2.032175824046134893e-01,1.398429274559020996e-03,1.696277444716543046e-03,2.893336204579100013e-05,2.893336204579100013e-05
2.355718612670898438e+00,2.496161866188049139e+00,2.355747461318969727e+00,2.496190714836120428e+00,8.654559850692749023e-01,8.223370432853698286e-01,9.549158215522766113e-01,9.332821965217590332e-01,3.683551847934722900e-01,5.308595716953277144e-01,1.605371534824371338e-01,2.019323751330375782e-01,6.454284768551588058e-03,7.750752847641706467e-03,2.893088458222337067e-05,2.893088458222337067e-05
2.589700222015380859e+00,2.470366930961608976e+00,2.589729070663452148e+00,2.470395779609680265e+00,8.270492553710937500e-01,8.320005297660827415e-01,9.353408217430114746e-01,9.349909245967864546e-01,6.582831144332885742e-01,4.965399950742721558e-01,1.637599468231201172e-01,2.014182761311530956e-01,5.266854073852300644e-03,5.417203810065984552e-03,2.892688644351437688e-05,2.892688644351437688e-05
2.662554025650024414e+00,2.446018218994140625e+00,2.662582874298095703e+00,2.446047067642211914e+00,7.846590876579284668e-01,8.211846470832824263e-01,9.451178908348083496e-01,9.318639099597930686e-01,7.414022088050842285e-01,4.895946353673935048e-01,1.897600889205932617e-01,2.011414319276809692e-01,1.614746171981096268e-03,2.233641990460455591e-03,2.892379416152834892e-05,2.892379416152834892e-05
2.199440240859985352e+00,2.456857323646545410e+00,2.199469089508056641e+00,2.456886172294616699e+00,7.683317661285400391e-01,8.242347955703734907e-01,9.141287207603454590e-01,9.310390174388885054e-01,3.348771631717681885e-01,4.944687068462371715e-01,1.763459593057632446e-01,2.011893481016159002e-01,5.756454542279243469e-03,5.925387190654873674e-03,2.892319025704637170e-05,2.892319025704637170e-05
2.248641967773437500e+00,2.449117016792297541e+00,2.248670816421508789e+00,2.449145865440368830e+00,7.753937840461730957e-01,8.165481209754943404e-01,9.132090210914611816e-01,9.347957968711853027e-01,3.379666805267333984e-01,4.947289675474166870e-01,2.191394716501235962e-01,2.009464561939239557e-01,2.932906150817871094e-03,2.097680128645152027e-03,2.892701013479381800e-05,2.892701013479381800e-05
2.406958580017089844e+00,2.536690282821655096e+00,2.406987428665161133e+00,2.536719131469726385e+00,9.046313762664794922e-01,8.764919877052307351e-01,9.525907635688781738e-01,9.367615163326263872e-01,3.303277790546417236e-01,4.814576178789138905e-01,1.919654756784439087e-01,1.998015925288200434e-01,2.744327485561370850e-02,4.217759892344474792e-02,2.892224256356712431e-05,2.892224256356712431e-05
2.365325927734375000e+00,2.484296631813049494e+00,2.365354776382446289e+00,2.484325480461120783e+00,8.846164941787719727e-01,8.435403406620025635e-01,9.433100223541259766e-01,9.349051833152770552e-01,3.310954868793487549e-01,4.933383077383041160e-01,1.879485398530960083e-01,2.001583725214004517e-01,1.835548691451549530e-02,1.235443614423275063e-02,2.892614065785892308e-05,2.892614065785892308e-05
2.218852043151855469e+00,2.485290741920471280e+00,2.218880891799926758e+00,2.485319590568542569e+00,7.902670502662658691e-01,8.348543763160705122e-01,9.184480309486389160e-01,9.335682034492492898e-01,3.274238407611846924e-01,5.079785406589507613e-01,1.755883991718292236e-01,2.015594035387039129e-01,7.124708034098148346e-03,7.330195326358079737e-03,2.892070551752112806e-05,2.892070551752112806e-05
2.258834362030029297e+00,2.435360002517700018e+00,2.258863210678100586e+00,2.435388851165771307e+00,8.571566939353942871e-01,8.171794056892395242e-01,9.274894595146179199e-01,9.253359854221343550e-01,3.035959899425506592e-01,4.889174669981002919e-01,1.687844395637512207e-01,2.024964570999145397e-01,1.807843334972858429e-03,1.430642919149249749e-03,2.892238626373000443e-05,2.892238626373000443e-05
2.239076375961303711e+00,2.484127545356750399e+00,2.239105224609375000e+00,2.484156394004821689e+00,8.157971501350402832e-01,8.246447026729584184e-01,9.204930663108825684e-01,9.329117178916931374e-01,2.808730304241180420e-01,5.207267999649047852e-01,2.195269018411636353e-01,2.031215578317642212e-01,2.386066131293773651e-03,2.722696424461901101e-03,2.891562689910642803e-05,2.891562689910642803e-05
2.288059473037719727e+00,2.485613083839416593e+00,2.288088321685791016e+00,2.485641932487487882e+00,8.597118854522705078e-01,8.344692587852478027e-01,9.499408006668090820e-01,9.299058794975281206e-01,2.733669877052307129e-01,5.122585207223891990e-01,1.991083323955535889e-01,2.037060245871543940e-01,5.931332241743803024e-03,5.273422785103320728e-03,2.891759140766225755e-05,2.891759140766225755e-05
2.299436807632446289e+00,2.480247211456299006e+00,2.299465656280517578e+00,2.480276060104370295e+00,8.468855023384094238e-01,8.315743744373321755e-01,9.367421865463256836e-01,9.274351119995116743e-01,2.512590587139129639e-01,5.155354857444762740e-01,2.622218132019042969e-01,2.024146050214767345e-01,2.328095957636833191e-03,3.287725150585174561e-03,2.892171687562949955e-05,2.892171687562949955e-05
2.154186964035034180e+00,2.471802902221679865e+00,2.154215812683105469e+00,2.471831750869751154e+00,7.910521030426025391e-01,8.193026721477508767e-01,8.822977542877197266e-01,9.278063356876373735e-01,2.604217529296875000e-01,5.183105289936065230e-01,2.149759531021118164e-01,2.024090036749839894e-01,5.439523607492446899e-03,3.974338201805949558e-03,2.891544500016607344e-05,2.891544500016607344e-05
2.258188009262084961e+00,2.475053691864013583e+00,2.258216857910156250e+00,2.475082540512084872e+00,8.297024965286254883e-01,8.292241632938385232e-01,9.294078350067138672e-01,9.239776313304901567e-01,2.571789920330047607e-01,5.164144694805145042e-01,2.408061623573303223e-01,2.028694078326225281e-01,1.092676655389368534e-03,2.568051475100219163e-03,2.891818076022900641e-05,2.891818076022900641e-05
2.133677721023559570e+00,2.512582159042358487e+00,2.133706569671630859e+00,2.512611007690429776e+00,7.818859815597534180e-01,8.229340851306915505e-01,8.730997443199157715e-01,9.434827387332915816e-01,2.390275746583938599e-01,5.335725337266922219e-01,2.297181189060211182e-01,2.031995773315429799e-01,9.946342557668685913e-03,9.393247589468956688e-03,2.891507756430655718e-05,2.891507756430655718e-05
2.166521787643432617e+00,2.467503237724304022e+00,2.166550636291503906e+00,2.467532086372375311e+00,8.175877332687377930e-01,8.213860213756560835e-01,9.128870964050292969e-01,9.275262951850891113e-01,2.587780654430389404e-01,5.130915135145187600e-01,1.747145503759384155e-01,2.032098993659019470e-01,2.554426668211817741e-03,2.289489563554525549e-03,2.892032534873578697e-05,2.892032534873578697e-05
2.305519104003906250e+00,2.476069664955139249e+00,2.305547952651977539e+00,2.476098513603210538e+00,8.462144732475280762e-01,8.246042728424072266e-01,9.367862939834594727e-01,9.234436154365539551e-01,2.821845710277557373e-01,5.158783763647079024e-01,2.352908253669738770e-01,2.068619012832641491e-01,5.042967852205038071e-03,5.281455721706152309e-03,2.891955773520749062e-05,2.891955773520749062e-05
2.539680719375610352e+00,2.587658739089965909e+00,2.539709568023681641e+00,2.587687587738037198e+00,7.994954586029052734e-01,8.213940322399139182e-01,9.458289146423339844e-01,9.612692594528198242e-01,6.043019890785217285e-01,5.892954915761947632e-01,1.879900693893432617e-01,2.133369013667106573e-01,2.064470201730728149e-03,2.363032405264675704e-03,2.890963151003234088e-05,2.890963151003234088e-05
2.260686397552490234e+00,2.603076791763305753e+00,2.260715246200561523e+00,2.603105640411377042e+00,8.262050747871398926e-01,8.263200283050536887e-01,9.078489542007446289e-01,9.330128014087677446e-01,2.581727206707000732e-01,6.233716994524002297e-01,2.645056843757629395e-01,2.139801979064941406e-01,3.953969571739435196e-03,6.392027763649821108e-03,2.890077666961587965e-05,2.890077666961587965e-05
2.038516998291015625e+00,2.581834912300109863e+00,2.038545846939086914e+00,2.581863760948181152e+00,7.591938972473144531e-01,8.156391322612762673e-01,9.082131981849670410e-01,9.243462264537811723e-01,1.931475996971130371e-01,6.258442580699921098e-01,1.760585457086563110e-01,2.145380079746246338e-01,1.903704833239316940e-03,1.467237819451838775e-03,2.890453106374479830e-05,2.890453106374479830e-05
2.178310155868530273e+00,2.542373490333557307e+00,2.178339004516601562e+00,2.542402338981628596e+00,8.154389858245849609e-01,8.235000371932983398e-01,9.028272032737731934e-01,9.344754755496978982e-01,2.405319511890411377e-01,5.593645691871642622e-01,2.106496095657348633e-01,2.101935207843780573e-01,8.862324990332126617e-03,1.483984291553497314e-02,2.890703035518527031e-05,2.890703035518527031e-05
2.305921554565429688e+00,2.499788069725036532e+00,2.305950403213500977e+00,2.499816918373107821e+00,8.387093544006347656e-01,8.227853417396545632e-01,9.489111900329589844e-01,9.249812066555023193e-01,2.928989827632904053e-01,5.231702357530594316e-01,2.071616202592849731e-01,2.107345834374427795e-01,1.824051700532436371e-02,1.811663880944252084e-02,2.890756331908050925e-05,2.890756331908050925e-05
2.317366123199462891e+00,2.542483258247375311e+00,2.317394971847534180e+00,2.542512106895446600e+00,8.545414209365844727e-01,8.204732954502105269e-01,9.455938935279846191e-01,9.229064702987670454e-01,3.107782602310180664e-01,5.822665065526961836e-01,2.034913301467895508e-01,2.142798990011215154e-01,2.961104735732078552e-03,2.557127317413687533e-03,2.890185169235337526e-05,2.890185169235337526e-05
2.139331340789794922e+00,2.504139351844787420e+00,2.139360189437866211e+00,2.504168200492858709e+00,7.388307452201843262e-01,8.186655342578887939e-01,8.804244399070739746e-01,9.297262847423553023e-01,3.219177126884460449e-01,5.422448843717575517e-01,1.920722573995590210e-01,2.094922259449958912e-01,6.086412817239761353e-03,4.010425135493278677e-03,2.890081668738275766e-05,2.890081668738275766e-05
3.495052814483642578e+00,2.478465247154235662e+00,3.495081663131713867e+00,2.478494095802306951e+00,8.063022494316101074e-01,8.164930999279021995e-01,9.057109355926513672e-01,9.280730307102202925e-01,1.515408158302307129e+00,5.225569218397140281e-01,2.649635672569274902e-01,2.090065896511077992e-01,2.667853608727455139e-03,2.335558901540934953e-03,2.890438008762430400e-05,2.890438008762430400e-05
2.289102554321289062e+00,2.473820662498474210e+00,2.289131402969360352e+00,2.473849511146545499e+00,8.531500101089477539e-01,8.252328872680664285e-01,9.191866517066955566e-01,9.248332738876342551e-01,2.971992492675781250e-01,5.118666857481002364e-01,2.171630859375000000e-01,2.094514295458793640e-01,2.403494203463196754e-03,2.436348749324679201e-03,2.890958785428665578e-05,2.890958785428665578e-05
2.343719244003295898e+00,2.477540540695190252e+00,2.343748092651367188e+00,2.477569389343261541e+00,8.439607024192810059e-01,8.210711598396300825e-01,9.245536327362060547e-01,9.343592882156371848e-01,3.317271769046783447e-01,5.074237614870071855e-01,2.391159832477569580e-01,2.085518494248390087e-01,4.361557308584451675e-03,6.134554557502269571e-03,2.890671021305024624e-05,2.890671021305024624e-05
2.386631965637207031e+00,2.504137825965881525e+00,2.386660814285278320e+00,2.504166674613952814e+00,7.989674210548400879e-01,8.211229681968689187e-01,9.241037964820861816e-01,9.461117386817932129e-01,4.445318579673767090e-01,5.222685575485229714e-01,2.138492166996002197e-01,2.074888318777084462e-01,5.179650615900754929e-03,7.145698368549347097e-03,2.890554605983197689e-05,2.890554605983197689e-05
2.179371118545532227e+00,2.470439672470092773e+00,2.179399967193603516e+00,2.470468521118164062e+00,7.998363375663757324e-01,8.182935535907744917e-01,8.913326859474182129e-01,9.296966731548309548e-01,2.880195081233978271e-01,5.121282458305358443e-01,1.945566236972808838e-01,2.070575743913650457e-01,5.626019090414047241e-03,3.263643104583025065e-03,2.890650648623704910e-05,2.890650648623704910e-05
2.267023086547851562e+00,2.475634217262268066e+00,2.267051935195922852e+00,2.475663065910339355e+00,8.413327336311340332e-01,8.199499726295471635e-01,9.266098737716674805e-01,9.302442133426666038e-01,2.680826187133789062e-01,5.165075719356536643e-01,2.276402264833450317e-01,2.063095510005950872e-01,3.357590641826391220e-03,2.622935455292463303e-03,2.890415998990647495e-05,2.890415998990647495e-05
2.239660024642944336e+00,2.503181076049804776e+00,2.239688873291015625e+00,2.503209924697876065e+00,8.440203666687011719e-01,8.337438046932220681e-01,9.225288629531860352e-01,9.306873321533203347e-01,2.613547742366790771e-01,5.289674073457717451e-01,2.078184783458709717e-01,2.065786793828010559e-01,3.937472123652696609e-03,3.203854872845113364e-03,2.890213909267913550e-05,2.890213909267913550e-05
2.922060251235961914e+00,2.510756587982177823e+00,2.922089099884033203e+00,2.510785436630249112e+00,8.508167862892150879e-01,8.329182028770446555e-01,9.279778003692626953e-01,9.282311022281646284e-01,8.905019760131835938e-01,5.341411918401718362e-01,2.473360747098922729e-01,2.089193493127822765e-01,5.427489057183265686e-03,6.546743214130401611e-03,2.889741517719812691e-05,2.889741517719812691e-05
2.207709312438964844e+00,2.584434008598327726e+00,2.207738161087036133e+00,2.584462857246399015e+00,7.907642126083374023e-01,8.249337971210479736e-01,9.459452629089355469e-01,9.311146199703216331e-01,2.852967083454132080e-01,6.028092086315155473e-01,1.729389876127243042e-01,2.132436394691467341e-01,1.276391465216875076e-02,1.233272850513458287e-02,2.889837924158200622e-05,2.889837924158200622e-05
2.260639905929565430e+00,2.581654024124145685e+00,2.260668754577636719e+00,2.581682872772216975e+00,8.051918745040893555e-01,8.120678842067718950e-01,9.109037518501281738e-01,9.342310726642608643e-01,2.939373850822448730e-01,6.177495479583740012e-01,2.458063066005706787e-01,2.146486997604370173e-01,4.800664726644754410e-03,2.956758951768279076e-03,2.890129690058529377e-05,2.890129690058529377e-05
2.222309589385986328e+00,2.583148789405822932e+00,2.222338438034057617e+00,2.583177638053894221e+00,7.954036593437194824e-01,8.303400576114654541e-01,8.947434425354003906e-01,9.261547327041625977e-01,2.794120013713836670e-01,6.027781039476394209e-01,2.433755099773406982e-01,2.158497035503387507e-01,9.374834597110748291e-03,8.026191405951977123e-03,2.889917595894075930e-05,2.889917595894075930e-05
2.234541177749633789e+00,2.561878705024719149e+00,2.234570026397705078e+00,2.561907553672790439e+00,7.985823154449462891e-01,8.180778741836547407e-01,8.962867856025695801e-01,9.244033575057983843e-01,3.392974734306335449e-01,6.008312225341796431e-01,1.976980715990066528e-01,2.167017772793769781e-01,2.676433417946100235e-03,1.864484674297273202e-03,2.888991912186611444e-05,2.888991912186611444e-05
2.265329837799072266e+00,2.618859052658081055e+00,2.265358686447143555e+00,2.618887901306152344e+00,8.260068893432617188e-01,8.201731920242310014e-01,9.310002326965332031e-01,9.337488830089568648e-01,2.746277153491973877e-01,6.456651329994201882e-01,2.325055748224258423e-01,2.173961937427520696e-01,1.189490547403693199e-03,1.875644305255264087e-03,2.889147617679554969e-05,2.889147617679554969e-05
2.429985761642456055e+00,2.642097473144531250e+00,2.430014610290527344e+00,2.642126321792602539e+00,7.762051820755004883e-01,8.169809818267822488e-01,8.760032653808593750e-01,9.306890070438385010e-01,5.394849181175231934e-01,6.739450514316558394e-01,2.351525872945785522e-01,2.179291427135467418e-01,3.140064654871821404e-03,2.553254063241183584e-03,2.889073584810830653e-05,2.889073584810830653e-05
2.889983654022216797e+00,2.666562509536743342e+00,2.890012502670288086e+00,2.666591358184814631e+00,8.519780039787292480e-01,8.283628463745117410e-01,9.193485975265502930e-01,9.224906265735626221e-01,8.586331009864807129e-01,6.880883783102035300e-01,2.440475821495056152e-01,2.158827632665634155e-01,1.597648113965988159e-02,1.173786511644720962e-02,2.888671224354766309e-05,2.888671224354766309e-05
2.219380617141723633e+00,2.564176177978515714e+00,2.219409465789794922e+00,2.564205026626587003e+00,8.092136979103088379e-01,8.201489090919494851e-01,9.286821484565734863e-01,9.232593655586243120e-01,2.765781581401824951e-01,6.024140924215316550e-01,2.016360461711883545e-01,2.156562447547912542e-01,3.270716639235615730e-03,2.697542984969914046e-03,2.888748531404417008e-05,2.888748531404417008e-05
2.126499176025390625e+00,2.591624712944030851e+00,2.126528024673461914e+00,2.591653561592102140e+00,7.574057579040527344e-01,8.216306507587433083e-01,8.899838328361511230e-01,9.199715137481689897e-01,2.718556821346282959e-01,6.318894863128662331e-01,2.058090865612030029e-01,2.163197666406631581e-01,1.444808673113584518e-03,1.813336857594549656e-03,2.888815470214467496e-05,2.888815470214467496e-05
3.396085023880004883e+00,2.636317753791808993e+00,3.396113872528076172e+00,2.636346602439880282e+00,8.085485696792602539e-01,8.193746447563171609e-01,9.134614467620849609e-01,9.280290365219115989e-01,1.386243462562561035e+00,6.701847434043883833e-01,2.831554412841796875e-01,2.153159230947494507e-01,4.676029551774263382e-03,3.413366270251572132e-03,2.888724520744290203e-05,2.888724520744290203e-05
2.335093021392822266e+00,2.588523006439209073e+00,2.335121870040893555e+00,2.588551855087280362e+00,8.242507576942443848e-01,8.138205945491790994e-01,9.163652062416076660e-01,9.281074583530426469e-01,4.158612787723541260e-01,6.312227785587311013e-01,1.767605096101760864e-01,2.136868119239807018e-01,1.855469541624188423e-03,1.685322972480207638e-03,2.888612470997031778e-05,2.888612470997031778e-05
2.223745346069335938e+00,2.603778219223022550e+00,2.223774194717407227e+00,2.603807067871093839e+00,8.057292103767395020e-01,8.191899597644806130e-01,9.244434237480163574e-01,9.269747018814087358e-01,2.972393035888671875e-01,6.403504490852356401e-01,1.910531073808670044e-01,2.129446372389793285e-01,5.280221812427043915e-03,4.318545060232281858e-03,2.888764720410108566e-05,2.888764720410108566e-05
2.177170276641845703e+00,2.575713276863098145e+00,2.177199125289916992e+00,2.575742125511169434e+00,7.786039710044860840e-01,8.231600046157836470e-01,9.268346428871154785e-01,9.228049397468567339e-01,2.861638963222503662e-01,6.116796880960464478e-01,1.817089319229125977e-01,2.126617163419723400e-01,3.858788870275020599e-03,5.406924150884151112e-03,2.888975905079860240e-05,2.888975905079860240e-05
2.303872585296630859e+00,2.511361694335937589e+00,2.303901433944702148e+00,2.511390542984008878e+00,8.287714123725891113e-01,8.211873590946197066e-01,9.343053698539733887e-01,9.258969306945801225e-01,3.402188718318939209e-01,5.482628256082534568e-01,1.942914724349975586e-01,2.114238619804382213e-01,6.285736337304115295e-03,4.590687900781631123e-03,2.889036477426998317e-05,2.889036477426998317e-05
2.322140693664550781e+00,2.531540632247924805e+00,2.322169542312622070e+00,2.531569480895996094e+00,8.139973282814025879e-01,8.128853917121887651e-01,9.543727040290832520e-01,9.426421046257018599e-01,3.752453923225402832e-01,5.628999531269073264e-01,1.759889572858810425e-01,2.108557820320129395e-01,2.536387182772159576e-03,2.257379004731774330e-03,2.888815288315527141e-05,2.888815288315527141e-05
2.462329864501953125e+00,2.542565512657165350e+00,2.462358713150024414e+00,2.542594361305236639e+00,8.208219408988952637e-01,8.168080270290374312e-01,9.219575524330139160e-01,9.360297739505767378e-01,5.017659664154052734e-01,5.748784869909286943e-01,2.143639326095581055e-01,2.112396538257598766e-01,3.420332679525017738e-03,3.609637636691331777e-03,2.889919051085598767e-05,2.889919051085598767e-05
2.274252414703369141e+00,2.496459436416626154e+00,2.274281263351440430e+00,2.496488285064697443e+00,8.090289235115051270e-01,8.214686691761017290e-01,9.271438717842102051e-01,9.312771558761596680e-01,3.335534632205963135e-01,5.273154348134994063e-01,2.007563859224319458e-01,2.129537284374237172e-01,3.769855247810482979e-03,3.444504248909652146e-03,2.889450843213126063e-05,2.889450843213126063e-05
4.053933143615722656e+00,2.548721241950988592e+00,4.053962230682373047e+00,2.548750090599059881e+00,8.448213338851928711e-01,8.290385842323303445e-01,9.397556781768798828e-01,9.285085082054138628e-01,2.097433328628540039e+00,5.718767166137694868e-01,1.668543666601181030e-01,2.120434463024139515e-01,5.068518221378326416e-03,7.253968995064497341e-03,2.889829193009063601e-05,2.889829193009063601e-05
2.881252765655517578e+00,2.504476881027221769e+00,2.881281614303588867e+00,2.504505729675293058e+00,8.028685450553894043e-01,8.364685952663422075e-01,9.087529778480529785e-01,9.263141453266143799e-01,9.760854244232177734e-01,5.253622204065322432e-01,1.843491047620773315e-01,2.089315548539161793e-01,9.196715429425239563e-03,7.400382030755281622e-03,2.889831739594228566e-05,2.889831739594228566e-05
2.269280195236206055e+00,2.485560393333435147e+00,2.269309043884277344e+00,2.485589241981506436e+00,7.800920009613037109e-01,8.185973763465881348e-01,9.366438388824462891e-01,9.300051927566528320e-01,3.673538863658905029e-01,5.239802777767181841e-01,1.793953031301498413e-01,2.078597396612167358e-01,5.795178469270467758e-03,5.117800831794738596e-03,2.890133691835217178e-05,2.890133691835217178e-05
2.259140729904174805e+00,2.498749256134033203e+00,2.259169578552246094e+00,2.498778104782104492e+00,7.910954356193542480e-01,8.131941914558410422e-01,9.117295742034912109e-01,9.323893368244171587e-01,3.695707917213439941e-01,5.433678507804871050e-01,1.845254898071289062e-01,2.083780109882354681e-01,2.219521207734942436e-03,1.419930916745215568e-03,2.890533505706116557e-05,2.890533505706116557e-05
2.440771818161010742e+00,2.488024306297302424e+00,2.440800666809082031e+00,2.488053154945373713e+00,9.082872271537780762e-01,8.221052110195159468e-01,9.639623761177062988e-01,9.303880155086516890e-01,3.604157865047454834e-01,5.233326017856597678e-01,2.064001411199569702e-01,2.095377594232559204e-01,1.706415787339210510e-03,2.660791738890111446e-03,2.889931602112483233e-05,2.889931602112483233e-05
2.232899427413940430e+00,2.503787636756896973e+00,2.232928276062011719e+00,2.503816485404968262e+00,8.012457489967346191e-01,8.232162594795227051e-01,8.679891824722290039e-01,9.281456530094146506e-01,3.510363698005676270e-01,5.389876753091812356e-01,2.098426818847656250e-01,2.098005339503288269e-01,2.785399323329329491e-03,3.637493168935179537e-03,2.889969618991017342e-05,2.889969618991017342e-05
2.322341680526733398e+00,2.503359651565551847e+00,2.322370529174804688e+00,2.503388500213623136e+00,8.243649601936340332e-01,8.292885899543762651e-01,9.664270281791687012e-01,9.286861419677734375e-01,3.474356830120086670e-01,5.257600337266922219e-01,1.791868656873703003e-01,2.096462145447731129e-01,4.927048925310373306e-03,9.978694282472133983e-03,2.889998177124653012e-05,2.889998177124653012e-05
2.363175630569458008e+00,2.499315047264099032e+00,2.363204479217529297e+00,2.499343895912170321e+00,8.217430710792541504e-01,8.326992392539978027e-01,9.040603041648864746e-01,9.378065407276153786e-01,3.590966463088989258e-01,5.129232853651046753e-01,2.720056176185607910e-01,2.059865117073059193e-01,6.270246114581823349e-03,9.899475146085023880e-03,2.890422911150380969e-05,2.890422911150380969e-05
2.636509656906127930e+00,2.473309230804443537e+00,2.636538505554199219e+00,2.473338079452514826e+00,8.454546332359313965e-01,8.269214451313018355e-01,9.452551007270812988e-01,9.354149818420409712e-01,5.640611052513122559e-01,5.058881193399429321e-01,2.805063426494598389e-01,2.019172236323356628e-01,1.232446869835257530e-03,3.167435643263161182e-03,2.891093390644527972e-05,2.891093390644527972e-05
2.316611766815185547e+00,2.488898777961730868e+00,2.316640615463256836e+00,2.488927626609802157e+00,7.815665602684020996e-01,8.337084293365478738e-01,9.327966570854187012e-01,9.381369113922118919e-01,3.905977606773376465e-01,5.080217003822327104e-01,2.068357616662979126e-01,2.009735509753227123e-01,4.815039224922657013e-03,8.058165945112705925e-03,2.890642645070329309e-05,2.890642645070329309e-05
2.406384229660034180e+00,2.461811232566833318e+00,2.406413078308105469e+00,2.461840081214904608e+00,8.141754865646362305e-01,8.177179396152496338e-01,9.061543345451354980e-01,9.317863881587982178e-01,4.096423387527465820e-01,5.080119371414184570e-01,2.743465006351470947e-01,2.019596472382545471e-01,2.065737964585423470e-03,2.335263392888009635e-03,2.890677933464758098e-05,2.890677933464758098e-05
2.356998682022094727e+00,2.521277451515197665e+00,2.357027530670166016e+00,2.521306300163268954e+00,8.277531862258911133e-01,8.434380650520324485e-01,9.009745121002197266e-01,9.385948181152343750e-01,3.898011744022369385e-01,5.151009559631347656e-01,1.893095076084136963e-01,2.023249149322509655e-01,4.916020855307579041e-02,2.181865572929382255e-02,2.889784809667617083e-05,2.889784809667617083e-05
3.945580005645751953e+00,2.477873945236205966e+00,3.945608854293823242e+00,2.477902793884277255e+00,8.399079442024230957e-01,8.282445251941681352e-01,9.461366534233093262e-01,9.352126598358154741e-01,1.923215031623840332e+00,5.064735978841781172e-01,2.334293872117996216e-01,2.032193064689636341e-01,2.890956355258822441e-03,4.723805282264947718e-03,2.890985160775016993e-05,2.890985160775016993e-05
2.602019071578979492e+00,2.475491595268249689e+00,2.602047920227050781e+00,2.475520443916320978e+00,7.818672060966491699e-01,8.275245428085327148e-01,9.049427509307861328e-01,9.305041015148163286e-01,6.973016262054443359e-01,5.069234549999237505e-01,2.128502279520034790e-01,2.023157000541687123e-01,5.057068541646003723e-03,8.223811909556389549e-03,2.890681389544624835e-05,2.890681389544624835e-05
2.303610324859619141e+00,2.463726329803466619e+00,2.303639173507690430e+00,2.463755178451537908e+00,7.918964624404907227e-01,8.216248810291290061e-01,9.233130812644958496e-01,9.316205501556396040e-01,3.775133788585662842e-01,5.077549070119857788e-01,2.080327272415161133e-01,2.005522415041923467e-01,2.854740247130393982e-03,2.173741464503109455e-03,2.890394534915685654e-05,2.890394534915685654e-05
2.345014095306396484e+00,2.453792285919189631e+00,2.345042943954467773e+00,2.453821134567260920e+00,8.437330126762390137e-01,8.244201064109801802e-01,9.514079093933105469e-01,9.362534880638122559e-01,3.835968077182769775e-01,4.866248637437820546e-01,1.619358211755752563e-01,2.002729833126068171e-01,4.340295214205980301e-03,6.220887135714292700e-03,2.890465293603483588e-05,2.890465293603483588e-05
2.653507709503173828e+00,2.461750793457031072e+00,2.653536558151245117e+00,2.461779642105102361e+00,8.087077140808105469e-01,8.188600242137908936e-01,9.364694952964782715e-01,9.339595973491668923e-01,6.610757112503051758e-01,5.065551251173019409e-01,2.456471920013427734e-01,2.004353269934654180e-01,1.607757527381181717e-03,1.940662181004881772e-03,2.889944880735129118e-05,2.889944880735129118e-05
2.873683929443359375e+00,2.463772583007812322e+00,2.873712778091430664e+00,2.463801431655883611e+00,8.200479149818420410e-01,8.177909851074218750e-01,9.143129587173461914e-01,9.315793395042419878e-01,9.964703917503356934e-01,5.100143909454345481e-01,1.383405178785324097e-01,2.013115525245666448e-01,4.512152168899774551e-03,3.076365543529391375e-03,2.889390998461749405e-05,2.889390998461749405e-05
2.317082166671752930e+00,2.473541235923767179e+00,2.317111015319824219e+00,2.473570084571838468e+00,8.227994441986083984e-01,8.233399987220764160e-01,9.385206103324890137e-01,9.301725924015045166e-01,3.663207292556762695e-01,5.140038698911666426e-01,1.866834461688995361e-01,2.014543965458869823e-01,2.758061746135354042e-03,4.570442810654639851e-03,2.889579809561837465e-05,2.889579809561837465e-05
2.344707250595092773e+00,2.461549448966979803e+00,2.344736099243164062e+00,2.461578297615051092e+00,8.600592017173767090e-01,8.173600971698761208e-01,9.688409566879272461e-01,9.321421027183532937e-01,3.490802943706512451e-01,5.091697961091995461e-01,1.648701429367065430e-01,2.010487809777259938e-01,1.856627291999757290e-03,1.828661898616701321e-03,2.890229006879962981e-05,2.890229006879962981e-05
2.340516328811645508e+00,2.475890517234802246e+00,2.340545177459716797e+00,2.475919365882873535e+00,8.671725988388061523e-01,8.314892411231994407e-01,9.513399004936218262e-01,9.277760267257690874e-01,3.351345360279083252e-01,5.105002611875534280e-01,1.823748350143432617e-01,2.008697256445884649e-01,4.494453780353069305e-03,5.255264090374111782e-03,2.890241739805787802e-05,2.890241739805787802e-05
2.275702476501464844e+00,2.439595675468444913e+00,2.275731325149536133e+00,2.439624524116516202e+00,7.987077236175537109e-01,8.110729217529296653e-01,9.316809773445129395e-01,9.345585107803344727e-01,3.264954686164855957e-01,4.904166996479034646e-01,2.157028466463088989e-01,2.007095605134963934e-01,3.115682862699031830e-03,2.837998582981526765e-03,2.889651295845396817e-05,2.889651295845396817e-05
2.575198411941528320e+00,2.439879751205444425e+00,2.575227260589599609e+00,2.439908599853515714e+00,8.152183294296264648e-01,8.211038827896117720e-01,9.058637022972106934e-01,9.333588361740112749e-01,5.910004377365112305e-01,4.796181321144104004e-01,2.596083879470825195e-01,1.998080387711524963e-01,3.507742891088128090e-03,5.990811297670007099e-03,2.889487950596958399e-05,2.889487950596958399e-05
2.232601165771484375e+00,2.423706078529357821e+00,2.232630014419555664e+00,2.423734927177429110e+00,7.927991747856140137e-01,8.198384761810302290e-01,9.322733879089355469e-01,9.271325767040252686e-01,3.186703324317932129e-01,4.756005465984344260e-01,1.874146610498428345e-01,1.992177605628967230e-01,1.443632063455879688e-03,1.916737598367035346e-03,2.889817915274761617e-05,2.889817915274761617e-05
2.227355480194091797e+00,2.466954588890075684e+00,2.227384328842163086e+00,2.466983437538146973e+00,8.298077583312988281e-01,8.203834116458892378e-01,9.344149827957153320e-01,9.313664436340332031e-01,2.969776391983032227e-01,5.116586536169052124e-01,1.585363894701004028e-01,1.980251774191856273e-01,7.618640549480915070e-03,5.520855309441685677e-03,2.890558789658825845e-05,2.890558789658825845e-05
2.524343490600585938e+00,2.488627076148986816e+00,2.524372339248657227e+00,2.488655924797058105e+00,7.913483977317810059e-01,8.477234661579131636e-01,9.202657341957092285e-01,9.373927831649779829e-01,6.212172508239746094e-01,4.810704112052917591e-01,1.729494184255599976e-01,1.968753948807716314e-01,1.856274716556072235e-02,2.556502725929021835e-02,2.890674659283831716e-05,2.890674659283831716e-05
2.816580772399902344e+00,2.465957236289978205e+00,2.816609621047973633e+00,2.465986084938049494e+00,8.362570405006408691e-01,8.272299230098724143e-01,9.119989275932312012e-01,9.360456824302673118e-01,8.792635202407836914e-01,5.029462128877639771e-01,1.834671944379806519e-01,1.950472146272659302e-01,5.594118498265743256e-03,4.688222054392099034e-03,2.890524592658039182e-05,2.890524592658039182e-05
2.269939422607421875e+00,2.464265036582946600e+00,2.269968271255493164e+00,2.464293885231017889e+00,8.315452337265014648e-01,8.266508162021637407e-01,9.237125515937805176e-01,9.373947978019714355e-01,3.078238368034362793e-01,5.024515360593795332e-01,2.041705697774887085e-01,1.944549307227134705e-01,2.687288215383887291e-03,3.312913374975323590e-03,2.890665746235754341e-05,2.890665746235754341e-05
2.181608915328979492e+00,2.465045619010925115e+00,2.181637763977050781e+00,2.465074467658996404e+00,7.783986330032348633e-01,8.304950952529907005e-01,9.002007842063903809e-01,9.305498838424682839e-01,2.939499616622924805e-01,5.067013263702392356e-01,2.050641626119613647e-01,1.945066377520561218e-01,3.995520528405904770e-03,2.792607597075402910e-03,2.890806354116648436e-05,2.890806354116648436e-05
2.159671306610107422e+00,2.433478307723999201e+00,2.159700155258178711e+00,2.433507156372070490e+00,8.208882212638854980e-01,8.303927421569824441e-01,9.405165314674377441e-01,9.300588905811310036e-01,2.925421893596649170e-01,4.741402059793472512e-01,1.003352627158164978e-01,1.946338430047035162e-01,5.388868041336536407e-03,4.252673918381333004e-03,2.890904579544439912e-05,2.890904579544439912e-05
2.183956861495971680e+00,2.475966763496399103e+00,2.183985710144042969e+00,2.475995612144470392e+00,7.975564002990722656e-01,8.174490332603454590e-01,9.471621513366699219e-01,9.412693381309509277e-01,2.986653447151184082e-01,5.199855655431747659e-01,1.374222785234451294e-01,1.948950514197349548e-01,3.150729229673743248e-03,2.367784501984715462e-03,2.891899566748179495e-05,2.891899566748179495e-05
2.795689105987548828e+00,2.442143630981445490e+00,2.795717954635620117e+00,2.442172479629516779e+00,8.690152764320373535e-01,8.292258262634277788e-01,9.220027327537536621e-01,9.288341164588928001e-01,7.917450070381164551e-01,4.842437446117401345e-01,2.054815888404846191e-01,1.946422442793846186e-01,7.444622926414012909e-03,5.197675479575991457e-03,2.891557778639253229e-05,2.891557778639253229e-05
2.388442754745483398e+00,2.449535274505615146e+00,2.388471603393554688e+00,2.449564123153686435e+00,8.536522984504699707e-01,8.217623412609100786e-01,9.362669587135314941e-01,9.365754723548889160e-01,3.495076596736907959e-01,4.928300291299819724e-01,2.479269057512283325e-01,1.950405657291412465e-01,1.088900258764624596e-03,3.326839255169034178e-03,2.891796975745819509e-05,2.891796975745819509e-05
2.843307495117187500e+00,2.465698146820068271e+00,2.843336343765258789e+00,2.465726995468139560e+00,7.969019412994384766e-01,8.267454981803894487e-01,9.186780452728271484e-01,9.402749776840210183e-01,8.775234818458557129e-01,4.977482557296752930e-01,2.477162629365921021e-01,1.945365861058235279e-01,2.487971447408199310e-03,6.392814591526985515e-03,2.891529038606677204e-05,2.891529038606677204e-05
2.418675184249877930e+00,2.465873742103576571e+00,2.418704032897949219e+00,2.465902590751647860e+00,8.342451453208923340e-01,8.378753542900085893e-01,9.353525042533874512e-01,9.369997143745422141e-01,4.732061028480529785e-01,4.864821493625640647e-01,1.633970439434051514e-01,1.937904566526413019e-01,1.247429102659225464e-02,1.072610961273312569e-02,2.891324038500897586e-05,2.891324038500897586e-05
2.259409427642822266e+00,2.484564113616943182e+00,2.259438276290893555e+00,2.484592962265014471e+00,8.038940429687500000e-01,8.441221654415130837e-01,9.465473890304565430e-01,9.385045409202575906e-01,3.554257452487945557e-01,4.906375765800475852e-01,1.335395723581314087e-01,1.936983808875084034e-01,2.000248990952968597e-02,1.760146897286176543e-02,2.891587610065471381e-05,2.891587610065471381e-05
2.405974149703979492e+00,2.444355773925781072e+00,2.406002998352050781e+00,2.444384622573852361e+00,8.162043094635009766e-01,8.188163876533508523e-01,9.447093009948730469e-01,9.343512535095215288e-01,4.912279546260833740e-01,4.945163190364837424e-01,1.512291580438613892e-01,1.935867726802825983e-01,2.603509463369846344e-03,3.084996924735605803e-03,2.892186239478178322e-05,2.892186239478178322e-05
2.391273260116577148e+00,2.426800179481506170e+00,2.391302108764648438e+00,2.426829028129577459e+00,7.897204160690307617e-01,8.221013844013214111e-01,9.076984524726867676e-01,9.287574887275695801e-01,4.892057180404663086e-01,4.798580408096313477e-01,2.013807147741317749e-01,1.938337758183479309e-01,3.268120577558875084e-03,2.249487536028027621e-03,2.892104748752899468e-05,2.892104748752899468e-05
2.390960931777954102e+00,2.438471484184264959e+00,2.390989780426025391e+00,2.438500332832336248e+00,8.464740514755249023e-01,8.316973030567169634e-01,9.621916413307189941e-01,9.370790123939514160e-01,2.987801432609558105e-01,4.709571391344070657e-01,2.794122695922851562e-01,1.936259880661964361e-01,4.102792125195264816e-03,5.112022720277309071e-03,2.891303302021697164e-05,2.891303302021697164e-05
2.313687086105346680e+00,2.457135391235351740e+00,2.313715934753417969e+00,2.457164239883423029e+00,8.580006361007690430e-01,8.416098833084106889e-01,9.382079243659973145e-01,9.312196552753448930e-01,3.071249723434448242e-01,4.853379607200622448e-01,2.048484981060028076e-01,1.929686322808265575e-01,5.505007226020097733e-03,5.999257275834679777e-03,2.891390249715186656e-05,2.891390249715186656e-05
2.281608343124389648e+00,2.448770642280578613e+00,2.281637191772460938e+00,2.448799490928649902e+00,8.689240813255310059e-01,8.331839561462401900e-01,9.598087072372436523e-01,9.320481598377228227e-01,3.202883005142211914e-01,4.860659688711166382e-01,1.295318156480789185e-01,1.933349058032035883e-01,3.055442590266466141e-03,4.137637093663215637e-03,2.891400436055846512e-05,2.891400436055846512e-05
2.246735334396362305e+00,2.416314482688903809e+00,2.246764183044433594e+00,2.416343331336975098e+00,8.155125379562377930e-01,8.206578731536865456e-01,9.288666248321533203e-01,9.315081000328063743e-01,3.066101074218750000e-01,4.680387973785400391e-01,1.920859813690185547e-01,1.930280163884162958e-01,3.660315647721290588e-03,3.081641485914588061e-03,2.892476913984864950e-05,2.892476913984864950e-05
2.230064868927001953e+00,2.432868313789367853e+00,2.230093717575073242e+00,2.432897162437439142e+00,8.417586684226989746e-01,8.290998399257659690e-01,9.413301348686218262e-01,9.419039666652679887e-01,2.789042294025421143e-01,4.656880885362625344e-01,1.642181128263473511e-01,1.930119812488556019e-01,3.853661706671118736e-03,3.164426237344741648e-03,2.892182965297251940e-05,2.892182965297251940e-05
2.298433780670166016e+00,2.460450243949890314e+00,2.298462629318237305e+00,2.460479092597961603e+00,8.157333731651306152e-01,8.376937806606292725e-01,9.289005398750305176e-01,9.405683219432831033e-01,2.842510044574737549e-01,4.833322763442993164e-01,2.644375562667846680e-01,1.925497487187385615e-01,5.111333914101123810e-03,6.306075584143399845e-03,2.891248004743829370e-05,2.891248004743829370e-05
2.438784122467041016e+00,2.456316137313842685e+00,2.438812971115112305e+00,2.456344985961913974e+00,8.082669377326965332e-01,8.476163566112517866e-01,9.282013177871704102e-01,9.360029101371765137e-01,5.018897056579589844e-01,4.627021104097366333e-01,1.876483261585235596e-01,1.924387186765670887e-01,1.277778297662734985e-02,1.755602750927209854e-02,2.891240183089394122e-05,2.891240183089394122e-05
2.214308261871337891e+00,2.427157282829284668e+00,2.214337110519409180e+00,2.427186131477355957e+00,8.405936956405639648e-01,8.334831893444061279e-01,9.371207356452941895e-01,9.370068848133087380e-01,2.507046759128570557e-01,4.594023406505584606e-01,1.808303743600845337e-01,1.922316029667854309e-01,5.058411974459886551e-03,5.033258581534028053e-03,2.891176336561329663e-05,2.891176336561329663e-05
2.477197647094726562e+00,2.413806271553039728e+00,2.477226495742797852e+00,2.413835120201111017e+00,8.097290396690368652e-01,8.280341267585754617e-01,8.855094909667968750e-01,9.291707336902618186e-01,5.903314352035522461e-01,4.560751348733901867e-01,1.825200021266937256e-01,1.920191898941993602e-01,9.107674472033977509e-03,8.507032226771116951e-03,2.891045369324274361e-05,2.891045369324274361e-05
2.703057527542114258e+00,2.449516892433166504e+00,2.703086376190185547e+00,2.449545741081237793e+00,8.269489407539367676e-01,8.304409146308898704e-01,9.195062518119812012e-01,9.416825711727142556e-01,7.049545049667358398e-01,4.812814295291900635e-01,2.491154074668884277e-01,1.918748766183853149e-01,2.532208571210503578e-03,4.237123858183622013e-03,2.891522672143764794e-05,2.891522672143764794e-05
2.210426092147827148e+00,2.448218822479248047e+00,2.210454940795898438e+00,2.448247671127319336e+00,7.910711765289306641e-01,8.226556658744812456e-01,9.344833493232727051e-01,9.346172094345093218e-01,3.181225657463073730e-01,4.919006943702697865e-01,1.593521386384963989e-01,1.939304336905479376e-01,7.396919652819633484e-03,5.114783719182014639e-03,2.891313670261297375e-05,2.891313670261297375e-05
2.303546667098999023e+00,2.436762475967407138e+00,2.303575515747070312e+00,2.436791324615478427e+00,8.440683484077453613e-01,8.299587309360504372e-01,9.469550848007202148e-01,9.296913862228393111e-01,3.351540565490722656e-01,4.774516999721526989e-01,1.712460964918136597e-01,1.951916500926017817e-01,6.123022176325321198e-03,4.468984203413128853e-03,2.891345138777978718e-05,2.891345138777978718e-05
2.305736541748046875e+00,2.440895867347717463e+00,2.305765390396118164e+00,2.440924715995788752e+00,8.284907341003417969e-01,8.218945384025573286e-01,9.369924664497375488e-01,9.350582778453826460e-01,3.566724956035614014e-01,4.821154713630676492e-01,1.797390133142471313e-01,1.973272755742073170e-01,3.841805970296263695e-03,4.500301321968436241e-03,2.890726682380773127e-05,2.890726682380773127e-05
3.049314022064208984e+00,2.436991977691650213e+00,3.049342870712280273e+00,2.437020826339721502e+00,7.912576198577880859e-01,8.179893732070923074e-01,9.286630153656005859e-01,9.291160106658935547e-01,1.150878429412841797e+00,4.902974694967269786e-01,1.760050058364868164e-01,1.977760940790176392e-01,2.510129241272807121e-03,1.813022850546985778e-03,2.890143150580115616e-05,2.890143150580115616e-05
2.343160629272460938e+00,2.466321587562561035e+00,2.343189477920532227e+00,2.466350436210632324e+00,8.631680607795715332e-01,8.414538323879241499e-01,9.501375555992126465e-01,9.371239840984344482e-01,3.291282653808593750e-01,4.767931431531906017e-01,1.927413940429687500e-01,1.997663944959640614e-01,7.985363714396953583e-03,1.118420520797371899e-02,2.890225550800096244e-05,2.890225550800096244e-05
2.245777606964111328e+00,2.459101724624633611e+00,2.245806455612182617e+00,2.459130573272704900e+00,8.417537212371826172e-01,8.181508481502532959e-01,9.187148809432983398e-01,9.320480346679687056e-01,3.284070789813995361e-01,5.021647274494170921e-01,1.486990600824356079e-01,2.014398664236068670e-01,8.202680386602878571e-03,5.298240389674901789e-03,2.889608731493353844e-05,2.889608731493353844e-05
2.699021100997924805e+00,2.480470633506774991e+00,2.699049949645996094e+00,2.480499482154846280e+00,8.798176050186157227e-01,8.307128727436066118e-01,9.465069770812988281e-01,9.282130300998687744e-01,6.190341711044311523e-01,5.122574746608734575e-01,2.508309781551361084e-01,2.030146941542625427e-01,2.831517951563000679e-03,6.272512115538119923e-03,2.889791721827350557e-05,2.889791721827350557e-05
2.214314937591552734e+00,2.456768536567687899e+00,2.214343786239624023e+00,2.456797385215759189e+00,7.881501317024230957e-01,8.201379895210265669e-01,9.104736447334289551e-01,9.314537882804870828e-01,3.202139139175415039e-01,4.967170119285583274e-01,1.913170367479324341e-01,2.042097002267837524e-01,4.160174168646335602e-03,4.250035155564546585e-03,2.889539609896019101e-05,2.889539609896019101e-05
2.333624601364135742e+00,2.473527789115905762e+00,2.333653450012207031e+00,2.473556637763977051e+00,8.481711745262145996e-01,8.243883907794952171e-01,9.427970051765441895e-01,9.273452043533325639e-01,3.333665430545806885e-01,5.128232985734939575e-01,2.071047723293304443e-01,2.057711750268936268e-01,2.185133285820484161e-03,3.199749486520886508e-03,2.889190363930538297e-05,2.889190363930538297e-05
2.319686412811279297e+00,2.468874096870422363e+00,2.319715261459350586e+00,2.468902945518493652e+00,8.014432787895202637e-01,8.200329720973968950e-01,9.179238677024841309e-01,9.341351747512817161e-01,3.428125381469726562e-01,5.066250950098037942e-01,2.562555968761444092e-01,2.059299573302268982e-01,1.251207664608955383e-03,2.150910161435604269e-03,2.889087227231357247e-05,2.889087227231357247e-05
2.221446037292480469e+00,2.503752660751342951e+00,2.221474885940551758e+00,2.503781509399414240e+00,8.098810315132141113e-01,8.244692623615265115e-01,9.343403577804565430e-01,9.267034947872161421e-01,3.035393357276916504e-01,5.413835167884826216e-01,1.695122122764587402e-01,2.057612478733062689e-01,4.173036664724349976e-03,5.435158684849739248e-03,2.889493225666228682e-05,2.889493225666228682e-05
2.102076292037963867e+00,2.505175685882568448e+00,2.102105140686035156e+00,2.505204534530639737e+00,7.607710361480712891e-01,8.163509607315063699e-01,8.462117910385131836e-01,9.286607563495635764e-01,2.865928411483764648e-01,5.511330068111419678e-01,2.029413729906082153e-01,2.060660094022750966e-01,5.559283308684825897e-03,2.964973240159451875e-03,2.889437382691539824e-05,2.889437382691539824e-05
2.174441814422607422e+00,2.461452317237854182e+00,2.174470663070678711e+00,2.461481165885925471e+00,7.833272814750671387e-01,8.161075890064239946e-01,9.350337982177734375e-01,9.298658192157744917e-01,2.691257297992706299e-01,5.067126065492629783e-01,1.854990571737289429e-01,2.069011926651000977e-01,1.456092228181660175e-03,1.865117670968175021e-03,2.889339521061629057e-05,2.889339521061629057e-05
2.247960805892944336e+00,2.498925662040710538e+00,2.247989654541015625e+00,2.498954510688781827e+00,8.392792344093322754e-01,8.167210817337036133e-01,9.410187602043151855e-01,9.260724008083343062e-01,2.649108171463012695e-01,5.466490685939788818e-01,2.011674642562866211e-01,2.076521575450897272e-01,1.584343728609383106e-03,1.830967736896127419e-03,2.888199196604546160e-05,2.888199196604546160e-05
2.195375442504882812e+00,2.511918616294861017e+00,2.195404291152954102e+00,2.511947464942932307e+00,8.007454276084899902e-01,8.171631574630737749e-01,9.327578544616699219e-01,9.330877602100372536e-01,2.678433656692504883e-01,5.486657023429870605e-01,1.911180168390274048e-01,2.094392657279968151e-01,2.910901326686143875e-03,3.562809713184833353e-03,2.887810660467948765e-05,2.887810660467948765e-05
2.167824745178222656e+00,2.509095788002014160e+00,2.167853593826293945e+00,2.509124636650085449e+00,7.849033474922180176e-01,8.200632214546204057e-01,9.177536964416503906e-01,9.311805963516235352e-01,2.593311965465545654e-01,5.456505000591278520e-01,2.007197141647338867e-01,2.064366921782493647e-01,5.117010790854692459e-03,5.764715559780597860e-03,2.888141170842573047e-05,2.888141170842573047e-05
2.104095697402954102e+00,2.467445993423461825e+00,2.104124546051025391e+00,2.467474842071533114e+00,7.798269391059875488e-01,8.182923972606659380e-01,9.084303379058837891e-01,9.255109727382659912e-01,2.395376563072204590e-01,5.157949477434158325e-01,1.721226572990417480e-01,2.049498409032821655e-01,4.177936352789402008e-03,2.897858875803649339e-03,2.888152994273696095e-05,2.888152994273696095e-05
2.077291011810302734e+00,2.465873885154723943e+00,2.077319860458374023e+00,2.465902733802795233e+00,7.708324193954467773e-01,8.247941672801971658e-01,8.856906294822692871e-01,9.231823086738586426e-01,2.348807901144027710e-01,5.112170934677123801e-01,1.838558912277221680e-01,2.050746530294418335e-01,2.031239913776516914e-03,1.605615473818033977e-03,2.888208291551563889e-05,2.888208291551563889e-05
2.301296710968017578e+00,2.611398959159850985e+00,2.301325559616088867e+00,2.611427807807922274e+00,8.990360498428344727e-01,8.596006810665131059e-01,9.544073343276977539e-01,9.300857722759247048e-01,2.145797610282897949e-01,5.791400641202926192e-01,1.989809125661849976e-01,2.046077266335487310e-01,3.429264947772026062e-02,3.796471059322357317e-02,2.887557275244034827e-05,2.887557275244034827e-05
3.023731708526611328e+00,2.506077098846435369e+00,3.023760557174682617e+00,2.506105947494506658e+00,7.835874557495117188e-01,8.188340187072753462e-01,9.368014335632324219e-01,9.381477773189544900e-01,1.092343688011169434e+00,5.419039636850356834e-01,2.053881585597991943e-01,2.035505533218383845e-01,5.611042957752943039e-03,3.640779457055032080e-03,2.887777191062923521e-05,2.887777191062923521e-05
2.149409055709838867e+00,2.493521690368652344e+00,2.149437904357910156e+00,2.493550539016723633e+00,8.046885728836059570e-01,8.161784350872040017e-01,9.200525879859924316e-01,9.386594176292419878e-01,2.431637346744537354e-01,5.275351822376250777e-01,1.727161258459091187e-01,2.046866446733474620e-01,8.788163773715496063e-03,6.462051998823881149e-03,2.887160553655121475e-05,2.887160553655121475e-05
2.240437984466552734e+00,2.485416817665099920e+00,2.240466833114624023e+00,2.485445666313171209e+00,8.484992980957031250e-01,8.334776222705840842e-01,9.356604814529418945e-01,9.302192270755768044e-01,2.197359055280685425e-01,4.964015215635299572e-01,2.214549630880355835e-01,2.041128963232040350e-01,1.508737914264202118e-02,2.120556775480508804e-02,2.886545917135663331e-05,2.886545917135663331e-05
2.217757225036621094e+00,2.536687350273132413e+00,2.217786073684692383e+00,2.536716198921203702e+00,8.539245724678039551e-01,8.323168516159057395e-01,9.481629133224487305e-01,9.261756241321563721e-01,2.123511135578155518e-01,5.592958420515060647e-01,1.958286613225936890e-01,2.055825099349021801e-01,7.489857263863086700e-03,1.331652989611029590e-02,2.886641777877230197e-05,2.886641777877230197e-05
2.933719396591186523e+00,2.534006381034850985e+00,2.933748245239257812e+00,2.534035229682922274e+00,8.306768536567687988e-01,8.237767875194549339e-01,9.313566088676452637e-01,9.319231510162353516e-01,9.678438305854797363e-01,5.612574815750122070e-01,1.962219625711441040e-01,2.106994777917861883e-01,7.620008662343025208e-03,6.349479500204324896e-03,2.886376387323252857e-05,2.886376387323252857e-05
2.330563545227050781e+00,2.562890434265136630e+00,2.330592393875122070e+00,2.562919282913207919e+00,8.673412203788757324e-01,8.169219434261322244e-01,9.433012604713439941e-01,9.328463017940521462e-01,3.211589753627777100e-01,5.943867594003677812e-01,1.940830945968627930e-01,2.144647136330604664e-01,4.679285921156406403e-03,4.270708002150058573e-03,2.886268339352682233e-05,2.886268339352682233e-05
2.258203744888305664e+00,2.539296579360962092e+00,2.258232593536376953e+00,2.539325428009033381e+00,8.223304748535156250e-01,8.285321593284606934e-01,9.498917460441589355e-01,9.298528552055358443e-01,3.217631578445434570e-01,5.529202491044997725e-01,1.572275310754776001e-01,2.149658411741256769e-01,6.990641355514526367e-03,1.302546178922057117e-02,2.885287176468409598e-05,2.885287176468409598e-05
2.461882829666137695e+00,2.528948140144348322e+00,2.461911678314208984e+00,2.528976988792419611e+00,8.339276313781738281e-01,8.203144788742064986e-01,8.983795046806335449e-01,9.279298484325408936e-01,4.464254677295684814e-01,5.569441139698028120e-01,2.710662782192230225e-01,2.138345599174499567e-01,1.208392810076475143e-02,9.925087820738554348e-03,2.885096000682096928e-05,2.885096000682096928e-05
2.292862176895141602e+00,2.505923390388488770e+00,2.292891025543212891e+00,2.505952239036560059e+00,8.294489383697509766e-01,8.179053544998169389e-01,9.153320789337158203e-01,9.278657376766205056e-01,3.337571620941162109e-01,5.441816926002502885e-01,2.124528735876083374e-01,2.137523442506790161e-01,1.871078042313456535e-03,2.218253444880247116e-03,2.885067078750580549e-05,2.885067078750580549e-05
2.268492698669433594e+00,2.497485136985778897e+00,2.268521547317504883e+00,2.497513985633850186e+00,8.463165163993835449e-01,8.209108948707580788e-01,8.956160545349121094e-01,9.266827583312988725e-01,3.097716569900512695e-01,5.337797403335571289e-01,2.122479081153869629e-01,2.127570867538452204e-01,4.540529102087020874e-03,3.354635508731007749e-03,2.884414425352588296e-05,2.884414425352588296e-05
2.326993942260742188e+00,2.523289513587951838e+00,2.327022790908813477e+00,2.523318362236023127e+00,8.916092514991760254e-01,8.275432169437408891e-01,9.615145921707153320e-01,9.297455489635467751e-01,2.905951440334320068e-01,5.493807882070541604e-01,1.786234676837921143e-01,2.119880855083465521e-01,4.651637747883796692e-03,4.631856922060251236e-03,2.886169568228069693e-05,2.886169568228069693e-05
2.359149694442749023e+00,2.526964449882507235e+00,2.359178543090820312e+00,2.526993298530578524e+00,7.855253219604492188e-01,8.142123699188232866e-01,9.199791550636291504e-01,9.349281311035155806e-01,4.383413195610046387e-01,5.620840281248092873e-01,2.121209949254989624e-01,2.125112831592559925e-01,3.182971384376287460e-03,3.228612849488854322e-03,2.885217872972134501e-05,2.885217872972134501e-05
2.214714050292968750e+00,2.574139595031738281e+00,2.214742898941040039e+00,2.574168443679809570e+00,8.240228295326232910e-01,8.247865974903106911e-01,9.350070953369140625e-01,9.251118779182434526e-01,2.952342033386230469e-01,6.007473528385162131e-01,1.578973382711410522e-01,2.203421503305435236e-01,2.552841790020465851e-03,3.151583322323858911e-03,2.884822606574743986e-05,2.884822606574743986e-05
2.268571376800537109e+00,2.653342366218566895e+00,2.268600225448608398e+00,2.653371214866638184e+00,8.195583224296569824e-01,8.192270159721374290e-01,8.982091546058654785e-01,9.254537403583527055e-01,2.790993750095367432e-01,6.821073353290557639e-01,2.644351124763488770e-01,2.221753329038619884e-01,7.269485853612422943e-03,4.378927545621991504e-03,2.884010245907120407e-05,2.884010245907120407e-05
2.199691057205200195e+00,2.625249409675598056e+00,2.199719905853271484e+00,2.625278258323669345e+00,7.947798967361450195e-01,8.204245150089264360e-01,9.365237951278686523e-01,9.258379399776458518e-01,2.661873102188110352e-01,6.545967519283294456e-01,1.986931413412094116e-01,2.209260463714599609e-01,3.506934037432074547e-03,3.464228357188403606e-03,2.884158493543509394e-05,2.884158493543509394e-05
2.242408037185668945e+00,2.560045504570007235e+00,2.242436885833740234e+00,2.560074353218078524e+00,8.004167079925537109e-01,8.202709078788756880e-01,8.920362591743469238e-01,9.324377238750457542e-01,3.239354491233825684e-01,5.639022171497345415e-01,1.964848041534423828e-01,2.163183003664016779e-01,2.953481115400791168e-02,2.711634151637554169e-02,2.884563946281559765e-05,2.884563946281559765e-05
2.209066629409790039e+00,2.495282435417175204e+00,2.209095478057861328e+00,2.495311284065246493e+00,7.869212031364440918e-01,8.228672325611114946e-01,9.207112193107604980e-01,9.261475503444671631e-01,3.168918788433074951e-01,5.316245943307876809e-01,1.791094243526458740e-01,2.110647037625312805e-01,5.433186423033475876e-03,3.578392975032329733e-03,2.884220521082170308e-05,2.884220521082170308e-05
2.648428916931152344e+00,2.487972187995910467e+00,2.648457765579223633e+00,2.488001036643981756e+00,8.175134062767028809e-01,8.176708102226257768e-01,9.121298193931579590e-01,9.423616766929626687e-01,6.447413563728332520e-01,5.128253430128097978e-01,2.705477774143218994e-01,2.089100316166877802e-01,3.496371908113360405e-03,6.204269779846072370e-03,2.883745401049964130e-05,2.883745401049964130e-05
2.656845331192016602e+00,2.493242049217224032e+00,2.656874179840087891e+00,2.493270897865295321e+00,8.358950614929199219e-01,8.220610618591308594e-01,9.239901900291442871e-01,9.316469788551330344e-01,6.737069487571716309e-01,5.221059530973434226e-01,2.102278918027877808e-01,2.084738299250602778e-01,1.302497647702693939e-02,8.954176772385835301e-03,2.883875640691258013e-05,2.883875640691258013e-05
2.682628870010375977e+00,2.493650507926941096e+00,2.682657718658447266e+00,2.493679356575012385e+00,8.361363410949707031e-01,8.294507801532745583e-01,9.309242963790893555e-01,9.278721511363983154e-01,6.674142479896545410e-01,5.242954730987549050e-01,2.454624623060226440e-01,2.072616070508956909e-01,2.691614208742976189e-03,4.770474554970860308e-03,2.883999513869639486e-05,2.883999513869639486e-05
2.470745563507080078e+00,2.500274038314819425e+00,2.470774412155151367e+00,2.500302886962890714e+00,7.544688582420349121e-01,8.260318696498870628e-01,9.122085571289062500e-01,9.396930038928985596e-01,5.485156774520874023e-01,5.182319849729537520e-01,2.495455294847488403e-01,2.057924687862396351e-01,6.006693001836538315e-03,1.052473178133368423e-02,2.882970875361934304e-05,2.882970875361934304e-05
2.213366031646728516e+00,2.503379964828491122e+00,2.213394880294799805e+00,2.503408813476562411e+00,8.023358583450317383e-01,8.303301751613616499e-01,9.310126304626464844e-01,9.268486917018889937e-01,2.986342310905456543e-01,5.325964510440825972e-01,1.767203807830810547e-01,2.046430006623268238e-01,4.662896506488323212e-03,8.961676899343729713e-03,2.882813896576408297e-05,2.882813896576408297e-05
2.281498908996582031e+00,2.515181684494018466e+00,2.281527757644653320e+00,2.515210533142089755e+00,8.070451617240905762e-01,8.177324295043945090e-01,9.529816508293151855e-01,9.360294818878174272e-01,3.196222484111785889e-01,5.516775012016296165e-01,1.954458057880401611e-01,2.053256452083587758e-01,6.404221523553133011e-03,4.416550509631633759e-03,2.881962427636608481e-05,2.881962427636608481e-05
2.635320425033569336e+00,2.472984123229980291e+00,2.635349273681640625e+00,2.473012971878051580e+00,7.981610894203186035e-01,8.237587273120879905e-01,8.885074853897094727e-01,9.333233356475829634e-01,6.952337622642517090e-01,5.068316787481308427e-01,2.500859498977661133e-01,2.052580475807189997e-01,3.331796498969197273e-03,3.812361694872379476e-03,2.881970431189984083e-05,2.881970431189984083e-05
3.006718397140502930e+00,2.479389023780822932e+00,3.006747245788574219e+00,2.479417872428894221e+00,8.532088994979858398e-01,8.311793625354766402e-01,9.362506270408630371e-01,9.308123111724853072e-01,1.005537152290344238e+00,5.091032207012176070e-01,2.091450542211532593e-01,2.043548569083213917e-01,2.576484344899654388e-03,3.939184546470642263e-03,2.881812179111875594e-05,2.881812179111875594e-05
2.338413715362548828e+00,2.488721537590026678e+00,2.338442564010620117e+00,2.488750386238097967e+00,8.622593879699707031e-01,8.228895783424376997e-01,9.106681346893310547e-01,9.297063708305358665e-01,3.097650706768035889e-01,5.270928829908371194e-01,2.506119906902313232e-01,2.024473607540130671e-01,5.109170917421579361e-03,6.585323298349976366e-03,2.881605541915632784e-05,2.881605541915632784e-05
2.841905355453491211e+00,2.438519883155822576e+00,2.841934204101562500e+00,2.438548731803893865e+00,7.829168438911437988e-01,8.180859029293060525e-01,8.993592262268066406e-01,9.309779584407806841e-01,9.378659129142761230e-01,4.838615834712982067e-01,2.182083725929260254e-01,2.018562167882919367e-01,3.555085742846131325e-03,3.738349559716880235e-03,2.881441105273552239e-05,2.881441105273552239e-05
2.308550834655761719e+00,2.448958468437195002e+00,2.308579683303833008e+00,2.448987317085266291e+00,8.604507446289062500e-01,8.213789582252501997e-01,9.472501277923583984e-01,9.272707402706146240e-01,3.027997910976409912e-01,4.983487188816070335e-01,1.963054388761520386e-01,2.001452937722206227e-01,1.744794077239930630e-03,1.814763981383293910e-03,2.881287582567892969e-05,2.881287582567892969e-05
2.176355600357055664e+00,2.460029697418212979e+00,2.176384449005126953e+00,2.460058546066284269e+00,7.722494006156921387e-01,8.187254250049591509e-01,9.222264289855957031e-01,9.267052710056304932e-01,2.989299595355987549e-01,5.124005556106567827e-01,1.804077476263046265e-01,2.000226289033889826e-01,2.542087575420737267e-03,2.175815752707421780e-03,2.881504769902676344e-05,2.881504769902676344e-05
2.438538789749145508e+00,2.476707267761230291e+00,2.438567638397216797e+00,2.476736116409301580e+00,8.249682188034057617e-01,8.212167024612426758e-01,9.177603125572204590e-01,9.302752912044525146e-01,4.824325442314147949e-01,5.207775026559829934e-01,2.096653580665588379e-01,1.997664198279380798e-01,3.712474601343274117e-03,4.671376803889870991e-03,2.881767431972548366e-05,2.881767431972548366e-05
2.133125066757202148e+00,2.548652672767639071e+00,2.133153915405273438e+00,2.548681521415710360e+00,7.274839878082275391e-01,8.209880292415618896e-01,8.899729847908020020e-01,1.005252093076705933e+00,3.311499059200286865e-01,5.170587003231048584e-01,1.748067587614059448e-01,2.003801897168159540e-01,9.711563587188720703e-03,4.973764438182115902e-03,2.881366526708006859e-05,2.881366526708006859e-05
2.670809984207153320e+00,2.473636078834533514e+00,2.670838832855224609e+00,2.473664927482604803e+00,8.439443111419677734e-01,8.180694878101348877e-01,9.003204107284545898e-01,9.340206265449524370e-01,6.736788153648376465e-01,5.131521999835968462e-01,2.451269179582595825e-01,2.013624981045722961e-01,7.739431690424680710e-03,7.031218195334076708e-03,2.881135151255875826e-05,2.881135151255875826e-05
2.537592887878417969e+00,2.471937155723571866e+00,2.537621736526489258e+00,2.471966004371643155e+00,7.994746565818786621e-01,8.157828927040100542e-01,9.219802618026733398e-01,9.339736282825470415e-01,5.634813904762268066e-01,5.185121685266494973e-01,2.504837512969970703e-01,2.017548859119415172e-01,2.173020504415035248e-03,1.913573232013732238e-03,2.880494866985827684e-05,2.880494866985827684e-05
2.626808643341064453e+00,2.475809860229492010e+00,2.626837491989135742e+00,2.475838708877563299e+00,8.093798160552978516e-01,8.210289597511291060e-01,9.225720763206481934e-01,9.325599014759063943e-01,6.373902559280395508e-01,5.178316444158553855e-01,2.560578882694244385e-01,2.015900596976280268e-01,1.408299664035439491e-03,2.799336169846356089e-03,2.880547253880649805e-05,2.880547253880649805e-05
3.116634607315063477e+00,2.485415387153625311e+00,3.116663455963134766e+00,2.485444235801696600e+00,7.824795246124267578e-01,8.226878523826599565e-01,9.267848134040832520e-01,9.303702175617217796e-01,1.185896635055541992e+00,5.243595004081725852e-01,2.164538502693176270e-01,2.032420277595519964e-01,5.019901320338249207e-03,4.755862569436430758e-03,2.880225292756222188e-05,2.880225292756222188e-05
2.235308170318603516e+00,2.490488028526306241e+00,2.235337018966674805e+00,2.490516877174377530e+00,7.406190037727355957e-01,8.226494908332824263e-01,8.885267376899719238e-01,9.283950388431548850e-01,3.570440113544464111e-01,5.269218593835830466e-01,2.439083009958267212e-01,2.083419114351272583e-01,5.210069008171558380e-03,4.179726052097976034e-03,2.879961175494827330e-05,2.879961175494827330e-05
2.550026178359985352e+00,2.525168728828430353e+00,2.550055027008056641e+00,2.525197577476501642e+00,8.030915856361389160e-01,8.150581836700439009e-01,9.410331249237060547e-01,9.441656172275543213e-01,6.008774638175964355e-01,5.521726369857787864e-01,2.010460346937179565e-01,2.112152025103569142e-01,3.977962769567966461e-03,2.557008154690265742e-03,2.879757084883749485e-05,2.879757084883749485e-05
2.656791210174560547e+00,2.504169631004333318e+00,2.656820058822631836e+00,2.504198479652404608e+00,8.395110964775085449e-01,8.182260930538177712e-01,9.341833591461181641e-01,9.315612614154815674e-01,7.095006108283996582e-01,5.368485957384109275e-01,1.687179058790206909e-01,2.126644089818000849e-01,4.878378473222255707e-03,4.869333608075976719e-03,2.878818668250460178e-05,2.878818668250460178e-05
2.250119209289550781e+00,2.523793220520019531e+00,2.250148057937622070e+00,2.523822069168090820e+00,8.267546296119689941e-01,8.152435183525085227e-01,9.299217462539672852e-01,9.314931213855743852e-01,3.315542638301849365e-01,5.621744453907012717e-01,1.588326841592788696e-01,2.128203704953193776e-01,3.055734559893608093e-03,2.061775326728820714e-03,2.878628947655670345e-05,2.878628947655670345e-05
2.715581178665161133e+00,2.498693037033080877e+00,2.715610027313232422e+00,2.498721885681152166e+00,8.262488245964050293e-01,8.161625444889069048e-01,8.955326676368713379e-01,9.298784315586090532e-01,7.749958634376525879e-01,5.379548698663711992e-01,2.152433246374130249e-01,2.122619569301605336e-01,3.560558659955859184e-03,2.435257472097873514e-03,2.878633313230238855e-05,2.878633313230238855e-05
2.435755014419555664e+00,2.517078208923339666e+00,2.435783863067626953e+00,2.517107057571410955e+00,8.573152422904968262e-01,8.192334175109863281e-01,9.435391426086425781e-01,9.288156867027282937e-01,4.258751571178436279e-01,5.548191100358963457e-01,2.078022658824920654e-01,2.126019626855850109e-01,1.222991151735186577e-03,1.608077494893223047e-03,2.878297527786344290e-05,2.878297527786344290e-05
2.332357406616210938e+00,2.515037226676940740e+00,2.332386255264282227e+00,2.515066075325012029e+00,8.110759854316711426e-01,8.226791977882385032e-01,9.378196597099304199e-01,9.296689331531524658e-01,3.540262579917907715e-01,5.435321211814880815e-01,2.268865108489990234e-01,2.144891753792762812e-01,2.548851305618882179e-03,4.667810723185538899e-03,2.878283157770056278e-05,2.878283157770056278e-05
2.323467969894409180e+00,2.555354285240173162e+00,2.323496818542480469e+00,2.555383133888244451e+00,8.109183907508850098e-01,8.206988871097564697e-01,9.152835607528686523e-01,9.278453588485717773e-01,3.532194495201110840e-01,5.862556397914886475e-01,2.376906126737594604e-01,2.157346963882446345e-01,6.355808116495609283e-03,4.819738026708364313e-03,2.878288796637207270e-05,2.878288796637207270e-05
2.150439262390136719e+00,2.503685617446899325e+00,2.150468111038208008e+00,2.503714466094970614e+00,7.564116716384887695e-01,8.146803200244903120e-01,9.304983615875244141e-01,9.267791509628295898e-01,3.352910876274108887e-01,5.446964174509048018e-01,1.259025633335113525e-01,2.155997768044471685e-01,2.335451310500502586e-03,1.929943205323070331e-03,2.878581290133297443e-05,2.878581290133297443e-05
2.356791496276855469e+00,2.573614883422851385e+00,2.356820344924926758e+00,2.573643732070922674e+00,8.060897588729858398e-01,8.177562475204467329e-01,9.375187158584594727e-01,9.280423283576965110e-01,3.988756239414215088e-01,6.093942254781723467e-01,2.104728966951370239e-01,2.159632131457328852e-01,3.834482748061418533e-03,2.458844427019357768e-03,2.878711165976710618e-05,2.878711165976710618e-05
2.381293773651123047e+00,2.583646392822265714e+00,2.381322622299194336e+00,2.583675241470337003e+00,7.568594813346862793e-01,8.253823578357696311e-01,8.629786968231201172e-01,9.266075909137725386e-01,5.209173560142517090e-01,6.069485872983932939e-01,2.332391738891601562e-01,2.161827653646469227e-01,7.299003656953573227e-03,8.525140117853879929e-03,2.878542727557942271e-05,2.878542727557942271e-05
2.289370536804199219e+00,2.490264129638672053e+00,2.289399385452270508e+00,2.490292978286743342e+00,8.273698687553405762e-01,8.181424915790558305e-01,9.343875646591186523e-01,9.258737564086914062e-01,3.327865898609161377e-01,5.306484848260879517e-01,1.924500614404678345e-01,2.134331881999969593e-01,2.376519842073321342e-03,2.166201896034181291e-03,2.877950828406028450e-05,2.877950828406028450e-05
2.280416250228881836e+00,2.512522339820861816e+00,2.280445098876953125e+00,2.512551188468933105e+00,8.223150372505187988e-01,8.238763868808746116e-01,9.054830670356750488e-01,9.288917779922485352e-01,3.135976791381835938e-01,5.445346117019653764e-01,2.349935472011566162e-01,2.119147822260856739e-01,4.027217626571655273e-03,3.304803953506052581e-03,2.878620944102294743e-05,2.878620944102294743e-05
2.283246040344238281e+00,2.520576024055480868e+00,2.283274888992309570e+00,2.520604872703552157e+00,8.523280620574951172e-01,8.242688417434692605e-01,9.325468540191650391e-01,9.244143843650818315e-01,3.178082108497619629e-01,5.563922643661498579e-01,1.747362911701202393e-01,2.114639908075332531e-01,5.826643668115139008e-03,4.036543448455632080e-03,2.878867780964355916e-05,2.878867780964355916e-05
2.404991626739501953e+00,2.567605447769165217e+00,2.405020475387573242e+00,2.567634296417236506e+00,8.221745491027832031e-01,8.340716302394867165e-01,9.656283855438232422e-01,9.553889453411101851e-01,4.085227251052856445e-01,5.529670029878616111e-01,1.989944726228713989e-01,2.105533838272094782e-01,9.671337902545928955e-03,1.462445920333266258e-02,2.878590203181374818e-05,2.878590203181374818e-05
2.320037841796875000e+00,2.486661601066589178e+00,2.320066690444946289e+00,2.486690449714660467e+00,8.073668479919433594e-01,8.292891740798949973e-01,8.799790740013122559e-01,9.273959755897521751e-01,3.619920611381530762e-01,5.098708271980285645e-01,2.582265436649322510e-01,2.078677490353584290e-01,1.247317902743816376e-02,1.223783912137150695e-02,2.878264785977080464e-05,2.878264785977080464e-05
2.632831335067749023e+00,2.493089246749877752e+00,2.632860183715820312e+00,2.493118095397949041e+00,8.333472609519958496e-01,8.523871541023254617e-01,9.251645803451538086e-01,9.346832334995269775e-01,6.578170657157897949e-01,4.917863756418228149e-01,2.000340968370437622e-01,2.004433766007423512e-01,1.646837219595909119e-02,1.378918848931789433e-02,2.878051600418984890e-05,2.878051600418984890e-05
2.278781414031982422e+00,2.464750242233276545e+00,2.278810262680053711e+00,2.464779090881347834e+00,7.998036146163940430e-01,8.245306074619292991e-01,9.123882055282592773e-01,9.293781936168670210e-01,3.527289628982543945e-01,5.084515452384948953e-01,2.100048959255218506e-01,1.984112635254859924e-01,3.855740884318947792e-03,3.978654067032039512e-03,2.877800943679176271e-05,2.877800943679176271e-05
2.273822307586669922e+00,2.452027106285095126e+00,2.273851156234741211e+00,2.452055954933166415e+00,8.214190602302551270e-01,8.198939144611359087e-01,9.192265272140502930e-01,9.332543551921844704e-01,3.586776554584503174e-01,4.979615867137908714e-01,1.707354933023452759e-01,1.981682881712913402e-01,3.763539483770728111e-03,2.748984307982027357e-03,2.877907172660343349e-05,2.877907172660343349e-05
2.344843149185180664e+00,2.462260603904724121e+00,2.344871997833251953e+00,2.462289452552795410e+00,7.982341051101684570e-01,8.166057825088500755e-01,9.387626647949218750e-01,9.340458035469054732e-01,3.621007800102233887e-01,5.076358526945113914e-01,2.396082282066345215e-01,1.981124073266982977e-01,6.137268617749214172e-03,5.860795266926288605e-03,2.878536361095029861e-05,2.878536361095029861e-05
2.310280561447143555e+00,2.447637915611267090e+00,2.310309410095214844e+00,2.447666764259338379e+00,8.495830297470092773e-01,8.173621177673340288e-01,9.464904665946960449e-01,9.321504294872283714e-01,3.549050092697143555e-01,4.979015052318572776e-01,1.580974906682968140e-01,1.985983118414878790e-01,1.204534200951457024e-03,1.625515939667820887e-03,2.878643499570898712e-05,2.878643499570898712e-05
2.276467561721801758e+00,2.454223251342773526e+00,2.276496410369873047e+00,2.454252099990844815e+00,8.141379356384277344e-01,8.268722534179687722e-01,9.454600811004638672e-01,9.270552575588226762e-01,3.344530463218688965e-01,4.985179007053375244e-01,1.789988130331039429e-01,1.985499858856201172e-01,3.417783882468938828e-03,3.227876243181526748e-03,2.878265149774961174e-05,2.878265149774961174e-05
2.594446182250976562e+00,2.429982304573059082e+00,2.594475030899047852e+00,2.430011153221130371e+00,8.095230460166931152e-01,8.141755282878875288e-01,8.988458514213562012e-01,9.289617598056792991e-01,6.905875205993652344e-01,4.845460146665573342e-01,1.930633038282394409e-01,2.007401749491691534e-01,2.426591236144304276e-03,1.558795687742531300e-03,2.877888618968427181e-05,2.877888618968427181e-05
2.278832435607910156e+00,2.452358388900756747e+00,2.278861284255981445e+00,2.452387237548828036e+00,8.313246965408325195e-01,8.171112537384033203e-01,9.279482364654541016e-01,9.275798261165618674e-01,3.320364356040954590e-01,5.049811184406280962e-01,1.851504594087600708e-01,2.008600309491157532e-01,2.372767310589551926e-03,1.826099434401839885e-03,2.877785300370305777e-05,2.877785300370305777e-05
2.243186950683593750e+00,2.422907567024231046e+00,2.243215799331665039e+00,2.422936415672302335e+00,8.031293153762817383e-01,8.159876465797424316e-01,9.225233197212219238e-01,9.311375737190246138e-01,3.126203417778015137e-01,4.729630380868911632e-01,2.030536830425262451e-01,2.012460783123969921e-01,1.860076910816133022e-03,1.573210151400417176e-03,2.878365376091096550e-05,2.878365376091096550e-05
2.233077049255371094e+00,2.491489052772521973e+00,2.233105897903442383e+00,2.491517901420593262e+00,7.820940017700195312e-01,8.346391975879668967e-01,8.953835368156433105e-01,9.470832288265228494e-01,2.787367701530456543e-01,4.945881336927414051e-01,2.681808471679687500e-01,2.012344807386398371e-01,8.681792765855789185e-03,1.394400503486394917e-02,2.878009399864822626e-05,2.878009399864822626e-05
2.219617128372192383e+00,2.477774071693420233e+00,2.219645977020263672e+00,2.477802920341491522e+00,8.436475992202758789e-01,8.447884261608124001e-01,9.074529409408569336e-01,9.328507244586944358e-01,2.509959638118743896e-01,4.905092477798461692e-01,2.089148014783859253e-01,2.006005033850669916e-01,8.605983108282089233e-03,9.025262296199798237e-03,2.877533552236855030e-05,2.877533552236855030e-05
2.297236442565917969e+00,2.431843042373657227e+00,2.297265291213989258e+00,2.431871891021728516e+00,8.090162277221679688e-01,8.235371172428130881e-01,9.092418551445007324e-01,9.358074247837067094e-01,3.976953923702239990e-01,4.669464230537414551e-01,1.776088327169418335e-01,2.019683927297592219e-01,3.674250561743974686e-03,3.583692153915762815e-03,2.877695806091651320e-05,2.877695806091651320e-05
2.192879438400268555e+00,2.446468281745910467e+00,2.192908287048339844e+00,2.446497130393981756e+00,8.281300663948059082e-01,8.272913873195648637e-01,9.432058930397033691e-01,9.294334828853607622e-01,2.300157845020294189e-01,4.828447490930557473e-01,1.851275265216827393e-01,2.018207162618637085e-01,6.400028709322214127e-03,5.077989445999265064e-03,2.878107625292614102e-05,2.878107625292614102e-05
2.480692148208618164e+00,2.432757687568664728e+00,2.480720996856689453e+00,2.432786536216736017e+00,8.129208683967590332e-01,8.302545845508575439e-01,9.220762848854064941e-01,9.348603606224059615e-01,5.260641574859619141e-01,4.599639356136321910e-01,2.132224440574645996e-01,2.014086097478866577e-01,6.408473476767539978e-03,6.270151119679212570e-03,2.878117447835393250e-05,2.878117447835393250e-05
2.573409080505371094e+00,2.436342406272888006e+00,2.573437929153442383e+00,2.436371254920959295e+00,8.846656084060668945e-01,8.369113385677338091e-01,9.407519698143005371e-01,9.406704068183898704e-01,5.171611309051513672e-01,4.544722855091095082e-01,2.235923856496810913e-01,1.981190860271453968e-01,7.238216698169708252e-03,6.169248372316360474e-03,2.878033592423889786e-05,2.878033592423889786e-05
2.314815759658813477e+00,2.435703539848327548e+00,2.314844608306884766e+00,2.435732388496398837e+00,8.428931236267089844e-01,8.309940576553345171e-01,9.611137509346008301e-01,9.576887547969817893e-01,2.868562042713165283e-01,4.445221275091171265e-01,2.210928052663803101e-01,1.983447581529617365e-01,2.860131440684199333e-03,4.153834749013185154e-03,2.877692895708605647e-05,2.877692895708605647e-05
2.222958803176879883e+00,2.420451164245605469e+00,2.222987651824951172e+00,2.420480012893676758e+00,8.118683099746704102e-01,8.194260120391845259e-01,8.895455002784729004e-01,9.345428764820098433e-01,3.299657404422760010e-01,4.652082681655883567e-01,1.877675205469131470e-01,1.984523192048072704e-01,3.811612492427229881e-03,2.821699879132211035e-03,2.877874067053198814e-05,2.877874067053198814e-05
2.318935632705688477e+00,2.411982631683349698e+00,2.318964481353759766e+00,2.412011480331420987e+00,8.719476461410522461e-01,8.201950430870056374e-01,9.517914056777954102e-01,9.327835857868194136e-01,2.703019678592681885e-01,4.585999965667724720e-01,2.233225554227828979e-01,1.983859181404113714e-01,1.571951550431549549e-03,2.018049359321594238e-03,2.878154737118165940e-05,2.878154737118165940e-05
2.382788658142089844e+00,2.409636950492858976e+00,2.382817506790161133e+00,2.409665799140930265e+00,8.289895057678222656e-01,8.151324868202209917e-01,9.204990267753601074e-01,9.336230397224426492e-01,4.528560042381286621e-01,4.593079656362533680e-01,1.787419170141220093e-01,2.000531017780304011e-01,1.702128327451646328e-03,1.520397479180246635e-03,2.878484883694909513e-05,2.878484883694909513e-05
2.167501926422119141e+00,2.414414334297179998e+00,2.167530775070190430e+00,2.414443182945251287e+00,7.878116369247436523e-01,8.206296324729919212e-01,9.100737571716308594e-01,9.293395638465881126e-01,3.166061043739318848e-01,4.622493088245391846e-01,1.504729688167572021e-01,2.004080191254615784e-01,2.537398133426904678e-03,1.787837967276573094e-03,2.877850420190952718e-05,2.877850420190952718e-05
2.257989883422851562e+00,2.414956378936767400e+00,2.258018732070922852e+00,2.414985227584838690e+00,7.940122485160827637e-01,8.248950123786926714e-01,9.133282303810119629e-01,9.287682950496674028e-01,3.146051764488220215e-01,4.591809600591659768e-01,2.343446165323257446e-01,2.001470223069191090e-01,1.699526095762848854e-03,1.965045637916773558e-03,2.877768565667793155e-05,2.877768565667793155e-05
2.176207542419433594e+00,2.448643827438354403e+00,2.176236391067504883e+00,2.448672676086425692e+00,8.127068281173706055e-01,8.210375964641570823e-01,9.124583601951599121e-01,9.307627439498901145e-01,3.072911798954010010e-01,4.940377414226532204e-01,1.407565921545028687e-01,2.004191979765891918e-01,2.994468202814459801e-03,2.386505738832056436e-03,2.877740007534157485e-05,2.877740007534157485e-05
2.250291347503662109e+00,2.443029689788818182e+00,2.250320196151733398e+00,2.443058538436889471e+00,8.091005086898803711e-01,8.229498982429503950e-01,9.269931316375732422e-01,9.272411286830901656e-01,2.981092035770416260e-01,4.852956503629684559e-01,2.067729532718658447e-01,2.008698403835296742e-01,9.315371513366699219e-03,6.673107808455825025e-03,2.878698433050885797e-05,2.878698433050885797e-05
2.250640392303466797e+00,2.438788723945617853e+00,2.250669240951538086e+00,2.438817572593689142e+00,8.022190332412719727e-01,8.219890832901001199e-01,9.150980114936828613e-01,9.292910218238830122e-01,3.078973293304443359e-01,4.829781144857406838e-01,2.181974351406097412e-01,1.991545155644416920e-01,7.228654809296131134e-03,5.375968152657150875e-03,2.878542909456882626e-05,2.878542909456882626e-05
2.495276212692260742e+00,2.409168529510497869e+00,2.495305061340332031e+00,2.409197378158569158e+00,7.914780378341674805e-01,8.208327233791351540e-01,9.348021745681762695e-01,9.298901677131652388e-01,5.923384428024291992e-01,4.579304248094558938e-01,1.754926741123199463e-01,1.988196164369583074e-01,1.164705259725451469e-03,1.695626298896968365e-03,2.878067607525736094e-05,2.878067607525736094e-05
2.649730443954467773e+00,2.446020865440368564e+00,2.649759292602539062e+00,2.446049714088439853e+00,8.578509092330932617e-01,8.287582814693450484e-01,9.391325116157531738e-01,9.354795932769774947e-01,6.152114868164062500e-01,4.804938524961471780e-01,2.361594587564468384e-01,1.985245302319526561e-01,1.375983585603535175e-03,2.764585800468921575e-03,2.877951919799670577e-05,2.877951919799670577e-05
2.277934551239013672e+00,2.416286492347717196e+00,2.277963399887084961e+00,2.416315340995788485e+00,8.327727913856506348e-01,8.256702125072479248e-01,9.269218444824218750e-01,9.279970705509186235e-01,2.835737168788909912e-01,4.621383786201477273e-01,2.321516275405883789e-01,1.970511421561241261e-01,2.514772582799196243e-03,3.429704019799828443e-03,2.878198938560672104e-05,2.878198938560672104e-05
4.672475337982177734e+00,2.411191511154174627e+00,4.672503948211669922e+00,2.411220359802245916e+00,7.873959541320800781e-01,8.295023679733276589e-01,9.161586761474609375e-01,9.307002604007721391e-01,2.773962020874023438e+00,4.423322319984436257e-01,1.824020296335220337e-01,1.972898900508880671e-01,1.255659479647874832e-02,1.136675700545311009e-02,2.878390296245925128e-05,2.878390296245925128e-05
2.253292798995971680e+00,2.421534323692321689e+00,2.253321647644042969e+00,2.421563172340392978e+00,7.896567583084106445e-01,8.251947700977325661e-01,9.295154809951782227e-01,9.286378085613250510e-01,3.250832259654998779e-01,4.643791466951370239e-01,2.060197591781616211e-01,2.001471176743507274e-01,3.017770126461982727e-03,3.175485809333622282e-03,2.877979204640723765e-05,2.877979204640723765e-05
2.327427148818969727e+00,2.468096804618835627e+00,2.327455997467041016e+00,2.468125653266906916e+00,8.602540493011474609e-01,8.185207188129425271e-01,9.507153034210205078e-01,9.333200573921203169e-01,3.139439225196838379e-01,5.137324541807174461e-01,2.004618942737579346e-01,2.004070580005645752e-01,2.052059862762689590e-03,2.116468106396496469e-03,2.878310624510049820e-05,2.878310624510049820e-05
2.239806413650512695e+00,2.407337141036987482e+00,2.239835262298583984e+00,2.407365989685058771e+00,8.283736109733581543e-01,8.166871726512908714e-01,9.375004768371582031e-01,9.318045318126678689e-01,3.047311007976531982e-01,4.582585662603378407e-01,1.675395220518112183e-01,1.988326787948608287e-01,1.661638263612985611e-03,1.754222670570015907e-03,2.878719533327966928e-05,2.878719533327966928e-05
2.268460750579833984e+00,2.413824534416198819e+00,2.268489599227905273e+00,2.413853383064270108e+00,8.354148268699645996e-01,8.198027968406677024e-01,9.138041734695434570e-01,9.284677982330322710e-01,3.090607523918151855e-01,4.650863587856292614e-01,2.072095870971679688e-01,1.974318668246269337e-01,2.971328096464276314e-03,3.035713778808713046e-03,2.878632949432358146e-05,2.878632949432358146e-05
2.491091012954711914e+00,2.413833475112915128e+00,2.491119861602783203e+00,2.413862323760986417e+00,8.262022137641906738e-01,8.184631943702698198e-01,9.075233340263366699e-01,9.320528864860534446e-01,5.388713479042053223e-01,4.602973312139511108e-01,2.100499123334884644e-01,1.976497530937194880e-01,8.444388397037982941e-03,5.370288202539086168e-03,2.877977385651320219e-05,2.877977385651320219e-05
2.744214534759521484e+00,2.453641223907470525e+00,2.744243383407592773e+00,2.453670072555541815e+00,8.405665755271911621e-01,8.225227296352386475e-01,9.286256432533264160e-01,9.312741458415985107e-01,7.500662803649902344e-01,4.962621152400970570e-01,2.166559547185897827e-01,1.977478981018066517e-01,8.300010114908218384e-03,5.834324983879923820e-03,2.877532460843212903e-05,2.877532460843212903e-05
2.393936395645141602e+00,2.441348505020141779e+00,2.393965244293212891e+00,2.441377353668213068e+00,8.669062852859497070e-01,8.214038729667663130e-01,9.459617137908935547e-01,9.366851806640624778e-01,3.688211739063262939e-01,4.786329329013824241e-01,2.060841768980026245e-01,1.966939508914947454e-01,6.162987556308507919e-03,7.932638935744761727e-03,2.878151099139358848e-05,2.878151099139358848e-05
2.635967016220092773e+00,2.488043284416198819e+00,2.635995864868164062e+00,2.488072133064270108e+00,7.943640351295471191e-01,8.407688975334167703e-01,9.399653673171997070e-01,9.368861317634582520e-01,6.837322711944580078e-01,4.966916173696517833e-01,2.090738862752914429e-01,1.963373646140098572e-01,8.831502869725227356e-03,1.735927555710077216e-02,2.878304439946077764e-05,2.878304439946077764e-05
2.297552824020385742e+00,2.466268515586853116e+00,2.297581672668457031e+00,2.466297364234924405e+00,8.337053656578063965e-01,8.358769237995147261e-01,9.588567614555358887e-01,9.352895438671111616e-01,3.421575129032135010e-01,4.853526443243026955e-01,1.529785096645355225e-01,1.964698523283004705e-01,9.854899719357490540e-03,1.327962558716535603e-02,2.878044688259251416e-05,2.878044688259251416e-05
2.245767354965209961e+00,2.442854237556457697e+00,2.245796203613281250e+00,2.442883086204528986e+00,7.591471076011657715e-01,8.182445526123046653e-01,9.220607876777648926e-01,9.304894804954528809e-01,3.420465886592864990e-01,4.964289247989654430e-01,2.214638441801071167e-01,1.964833959937095642e-01,1.049079350195825100e-03,1.207878300920128779e-03,2.877976476156618446e-05,2.877976476156618446e-05
2.247219800949096680e+00,2.447326755523681729e+00,2.247248649597167969e+00,2.447355604171753019e+00,8.051356673240661621e-01,8.342483878135681374e-01,9.583225250244140625e-01,9.279354989528656450e-01,3.253491818904876709e-01,4.759962111711502075e-01,1.517287790775299072e-01,1.970713555812835804e-01,6.683526560664176941e-03,1.207528319209814037e-02,2.877647420973517001e-05,2.877647420973517001e-05
2.253527402877807617e+00,2.437302565574646085e+00,2.253556251525878906e+00,2.437331414222717374e+00,8.262355923652648926e-01,8.312163889408111794e-01,9.414013624191284180e-01,9.349596560001373069e-01,3.081447780132293701e-01,4.688754022121429665e-01,1.728679835796356201e-01,1.973684832453727611e-01,4.877562634646892548e-03,4.882614780217409307e-03,2.877100996556691825e-05,2.877100996556691825e-05
2.274538516998291016e+00,2.411638379096984863e+00,2.274567365646362305e+00,2.411667227745056152e+00,8.338132500648498535e-01,8.278147161006927934e-01,9.434427022933959961e-01,9.322834551334381326e-01,3.059990704059600830e-01,4.518694221973419411e-01,1.869155168533325195e-01,1.961416974663734436e-01,4.367852117866277695e-03,3.529037092812359420e-03,2.877328734030015767e-05,2.877328734030015767e-05
2.604012727737426758e+00,2.446269989013671875e+00,2.604041576385498047e+00,2.446298837661743164e+00,8.080095052719116211e-01,8.223548650741576704e-01,9.079908728599548340e-01,9.344534575939178467e-01,7.074797749519348145e-01,4.905513107776641735e-01,1.781935989856719971e-01,1.962406307458877674e-01,2.339213853701949120e-03,2.669730689376592636e-03,2.876615508284885436e-05,2.876615508284885436e-05
2.734456539154052734e+00,2.435952448844909579e+00,2.734485387802124023e+00,2.435981297492980868e+00,7.932547926902770996e-01,8.263701319694518599e-01,8.851566314697265625e-01,9.292585849761962891e-01,8.348118662834167480e-01,4.778977751731872670e-01,2.114630341529846191e-01,1.962171643972396851e-01,9.770263917744159698e-03,6.208718754351139069e-03,2.876196231227368116e-05,2.876196231227368116e-05
2.295661687850952148e+00,2.450366282463073642e+00,2.295690536499023438e+00,2.450395131111144931e+00,8.339891433715820312e-01,8.323544263839721680e-01,9.339122176170349121e-01,9.323597371578216109e-01,3.215369582176208496e-01,4.810134917497634888e-01,2.005520015954971313e-01,1.976864337921142578e-01,5.671194288879632950e-03,6.952257361263036728e-03,2.875684367609210312e-05,2.875684367609210312e-05
2.345206737518310547e+00,2.447611832618713290e+00,2.345235586166381836e+00,2.447640681266784579e+00,8.723328709602355957e-01,8.322790443897247759e-01,9.565566182136535645e-01,9.291796088218688965e-01,3.206543922424316406e-01,4.848664820194244496e-01,1.930349022150039673e-01,1.973058894276618902e-01,2.628108253702521324e-03,3.980877692811191082e-03,2.876150210795458406e-05,2.876150210795458406e-05
2.692684412002563477e+00,2.443372583389282315e+00,2.692713260650634766e+00,2.443401432037353604e+00,8.074294328689575195e-01,8.336457252502441628e-01,9.406764507293701172e-01,9.362267136573791948e-01,8.170437216758728027e-01,4.748266696929931419e-01,1.249539181590080261e-01,1.960720211267471258e-01,2.580930013209581375e-03,2.601421205326914787e-03,2.876107464544475079e-05,2.876107464544475079e-05
3.150959491729736328e+00,2.457803273200988681e+00,3.150988340377807617e+00,2.457832121849059970e+00,8.401207327842712402e-01,8.325621187686920166e-01,8.924084305763244629e-01,9.289676249027252197e-01,1.234025001525878906e+00,4.969227880239486805e-01,1.775711029767990112e-01,1.954054757952690125e-01,6.834337487816810608e-03,3.945249225944280277e-03,2.875290010706521571e-05,2.875290010706521571e-05
2.442476987838745117e+00,2.463407635688781738e+00,2.442505836486816406e+00,2.463436484336853027e+00,8.286668658256530762e-01,8.343310475349425825e-01,9.637420177459716797e-01,9.425455570220947488e-01,4.843064844608306885e-01,4.850702106952667347e-01,1.635364890098571777e-01,1.957650437951087841e-01,2.225026022642850876e-03,5.695740086957811962e-03,2.875250720535404980e-05,2.875250720535404980e-05
2.252062320709228516e+00,2.447700333595276057e+00,2.252091169357299805e+00,2.447729182243347346e+00,7.978503108024597168e-01,8.215380728244781050e-01,8.883901834487915039e-01,9.332448422908783403e-01,3.436765968799591064e-01,4.849463701248168945e-01,2.001709342002868652e-01,1.961828470230102539e-01,2.197444252669811249e-02,1.178823532536625932e-02,2.875932477763853967e-05,2.875932477763853967e-05
2.273235082626342773e+00,2.463138222694396973e+00,2.273263931274414062e+00,2.463167071342468262e+00,8.211998939514160156e-01,8.142301201820373313e-01,9.277111887931823730e-01,9.382588684558867964e-01,3.293051123619079590e-01,5.126121819019318071e-01,1.920890808105468750e-01,1.955564633011817877e-01,2.929741749539971352e-03,2.480636234395205975e-03,2.875179052352905273e-05,2.875179052352905273e-05
2.147572994232177734e+00,2.437988710403442560e+00,2.147601842880249023e+00,2.438017559051513850e+00,7.421982884407043457e-01,8.227182447910308394e-01,8.772203326225280762e-01,9.373851478099822776e-01,3.069395124912261963e-01,4.776674062013626099e-01,2.132017910480499268e-01,1.940706372261047363e-01,8.012999780476093292e-03,6.147341802716255188e-03,2.874935307772830129e-05,2.874935307772830129e-05
2.492630958557128906e+00,2.461538147926330744e+00,2.492659807205200195e+00,2.461566996574402033e+00,8.109503388404846191e-01,8.347776830196380615e-01,9.147094488143920898e-01,9.378844559192657249e-01,5.632841587066650391e-01,4.846131026744842640e-01,1.917323619127273560e-01,1.919444769620895497e-01,1.195457857102155685e-02,1.231842292472720181e-02,2.874639358196873218e-05,2.874639358196873218e-05
2.293158292770385742e+00,2.436059165000915350e+00,2.293187141418457031e+00,2.436088013648986639e+00,8.216191530227661133e-01,8.268916487693787065e-01,9.483748078346252441e-01,9.341931581497192605e-01,3.577678203582763672e-01,4.797174841165542380e-01,1.603445708751678467e-01,1.895969003438949529e-01,5.051854066550731659e-03,5.659935902804136623e-03,2.874024357879534364e-05,2.874024357879534364e-05
3.721393823623657227e+00,2.430975365638732733e+00,3.721422672271728516e+00,2.431004214286804022e+00,8.292278051376342773e-01,8.237160563468932661e-01,8.927928209304809570e-01,9.297655165195465310e-01,1.789172649383544922e+00,4.860380947589874046e-01,2.068444192409515381e-01,1.891942501068115123e-01,3.356288187205791473e-03,2.261353679932653817e-03,2.874002166208811104e-05,2.874002166208811104e-05
2.279353141784667969e+00,2.436784195899963201e+00,2.279381990432739258e+00,2.436813044548034490e+00,8.008184432983398438e-01,8.217640757560730203e-01,8.930961489677429199e-01,9.302075088024139848e-01,3.653739392757415771e-01,4.945749282836914285e-01,2.180782258510589600e-01,1.888194084167480469e-01,1.986402785405516624e-03,1.418318424839526415e-03,2.873684570658951998e-05,2.873684570658951998e-05
2.249338865280151367e+00,2.442512559890746893e+00,2.249367713928222656e+00,2.442541408538818182e+00,8.083435297012329102e-01,8.241781771183014360e-01,9.320610761642456055e-01,9.321838140487670454e-01,3.535304069519042969e-01,4.950531482696532981e-01,1.520642638206481934e-01,1.889661237597465571e-01,3.339604707434773445e-03,2.131178393028676510e-03,2.873927951441146433e-05,2.873927951441146433e-05
2.408649921417236328e+00,2.454792141914367676e+00,2.408678770065307617e+00,2.454820990562438965e+00,8.397088050842285156e-01,8.263390719890594260e-01,9.620050191879272461e-01,9.438347876071929710e-01,3.846665620803833008e-01,4.944699764251708762e-01,2.203055024147033691e-01,1.876802876591682490e-01,1.964160241186618805e-03,2.467969432473182678e-03,2.873538869607727975e-05,2.873538869607727975e-05
2.461131572723388672e+00,2.456205844879150391e+00,2.461160421371459961e+00,2.456234693527221680e+00,8.657309412956237793e-01,8.276241779327392356e-01,9.400457739830017090e-01,9.368924200534820557e-01,4.583241939544677734e-01,4.990929961204528809e-01,1.935233324766159058e-01,1.879891529679298401e-01,3.507110057398676872e-03,4.607125325128436436e-03,2.873303310479968786e-05,2.873303310479968786e-05
2.566513538360595703e+00,2.419858646392822443e+00,2.566542387008666992e+00,2.419887495040893732e+00,8.886299133300781250e-01,8.188701808452606423e-01,9.696946144104003906e-01,9.335226237773894820e-01,4.762345850467681885e-01,4.764125496149063110e-01,2.311119586229324341e-01,1.897143423557281494e-01,8.423602557741105556e-04,1.338922639843076511e-03,2.873063931474462152e-05,2.873063931474462152e-05
2.342187166213989258e+00,2.431312942504882724e+00,2.342216014862060547e+00,2.431341791152954013e+00,7.592881321907043457e-01,8.204855620861053467e-01,8.966778516769409180e-01,9.347322165966034380e-01,4.803721010684967041e-01,4.818296313285827526e-01,1.973049640655517578e-01,1.900378420948982128e-01,8.543985895812511444e-03,4.227697337046265776e-03,2.873074845410883427e-05,2.873074845410883427e-05
2.660141944885253906e+00,2.433640670776367365e+00,2.660170793533325195e+00,2.433669519424438654e+00,7.705014348030090332e-01,8.236726522445678711e-01,9.131139516830444336e-01,9.375772833824157493e-01,7.735591530799865723e-01,4.801063358783722035e-01,2.003745287656784058e-01,1.893146276473998968e-01,2.592782955616712570e-03,2.969838562421500683e-03,2.873613266274333000e-05,2.873613266274333000e-05
2.208971261978149414e+00,2.455026650428771884e+00,2.209000110626220703e+00,2.455055499076843173e+00,7.939066290855407715e-01,8.414352953433990034e-01,9.265433549880981445e-01,9.368659734725952593e-01,3.201675713062286377e-01,4.823370635509490745e-01,1.646961718797683716e-01,1.895970225334167591e-01,3.657565917819738388e-03,4.791295807808637792e-03,2.873743142117746174e-05,2.873743142117746174e-05
2.691523075103759766e+00,2.423680424690246582e+00,2.691551685333251953e+00,2.423709034919738770e+00,8.381596803665161133e-01,8.289677500724792480e-01,9.210485816001892090e-01,9.296225309371948242e-01,6.837644577026367188e-01,4.682317584753036277e-01,2.450708895921707153e-01,1.905057609081268200e-01,3.479578066617250443e-03,6.352527672424912800e-03,2.872837285394780338e-05,2.872837285394780338e-05
2.318690538406372070e+00,2.434785175323486150e+00,2.318719148635864258e+00,2.434813785552978338e+00,8.224146366119384766e-01,8.199104785919189009e-01,9.371061921119689941e-01,9.383619368076324685e-01,3.370784819126129150e-01,4.816824883222580178e-01,2.196794450283050537e-01,1.916863679885864313e-01,2.411922439932823181e-03,3.143867128528654575e-03,2.872460754588246346e-05,2.872460754588246346e-05
2.353433370590209961e+00,2.427978897094726474e+00,2.353461980819702148e+00,2.428007507324218661e+00,8.352620601654052734e-01,8.189336299896240456e-01,9.393929839134216309e-01,9.342964410781859907e-01,3.394176363945007324e-01,4.806620091199874656e-01,2.384987771511077881e-01,1.920869067311286871e-01,8.618296124041080475e-04,1.999888301361352119e-03,2.872380719054490328e-05,2.872380719054490328e-05
2.330783128738403320e+00,2.452895140647888272e+00,2.330811738967895508e+00,2.452923750877380460e+00,8.719213008880615234e-01,8.305464684963226318e-01,9.499250054359436035e-01,9.339070081710815208e-01,3.281084299087524414e-01,4.935416609048843273e-01,1.767814308404922485e-01,1.917647361755371038e-01,4.046959802508354187e-03,3.135208832100033847e-03,2.872593540814705193e-05,2.872593540814705193e-05
2.256116628646850586e+00,2.434796690940856934e+00,2.256145238876342773e+00,2.434825301170349121e+00,8.303052783012390137e-01,8.254776179790497270e-01,9.537391662597656250e-01,9.346247911453247070e-01,3.263755440711975098e-01,4.817826896905899048e-01,1.435916870832443237e-01,1.903984412550926153e-01,2.105065155774354935e-03,2.513163606636226177e-03,2.872598633985035121e-05,2.872598633985035121e-05
2.289735078811645508e+00,2.430115365982055575e+00,2.289763689041137695e+00,2.430143976211547763e+00,8.412167429924011230e-01,8.275469779968261941e-01,9.393813610076904297e-01,9.339881479740143044e-01,3.356067538261413574e-01,4.744538515806198120e-01,1.704031825065612793e-01,1.903851509094238170e-01,3.126807976514101028e-03,3.741244715638458555e-03,2.872153709176927805e-05,2.872153709176927805e-05
2.269943714141845703e+00,2.434467339515685946e+00,2.269972324371337891e+00,2.434495949745178134e+00,8.271574378013610840e-01,8.219047188758850098e-01,9.278859496116638184e-01,9.343318879604339822e-01,3.338487148284912109e-01,4.849146634340286144e-01,1.777148693799972534e-01,1.895570248365402166e-01,3.336980938911437988e-03,3.759108646772801703e-03,2.871734614018350840e-05,2.871734614018350840e-05
2.634609460830688477e+00,2.452481722831726163e+00,2.634638071060180664e+00,2.452510333061218351e+00,7.777530550956726074e-01,8.277631223201751265e-01,9.183362722396850586e-01,9.448156118392944114e-01,7.400530576705932617e-01,4.808853954076767190e-01,1.865839064121246338e-01,1.896803438663482722e-01,1.188297476619482040e-02,9.337269235402345657e-03,2.872293589462060481e-05,2.872293589462060481e-05
2.696445465087890625e+00,2.537550759315490900e+00,2.696474075317382812e+00,2.537579369544983088e+00,8.872427940368652344e-01,8.780590355396270530e-01,9.566581845283508301e-01,9.558212041854858843e-01,5.972841382026672363e-01,4.716669380664825217e-01,2.145837098360061646e-01,1.892427608370780834e-01,4.067686945199966431e-02,4.276084080338478366e-02,2.871596370823681355e-05,2.871596370823681355e-05
2.434602022171020508e+00,2.459151673316955389e+00,2.434630632400512695e+00,2.459180283546447576e+00,8.821688890457153320e-01,8.376729369163513628e-01,9.328888654708862305e-01,9.383852422237396462e-01,3.945333659648895264e-01,4.838001877069473267e-01,2.133291214704513550e-01,1.876001670956611578e-01,1.168188080191612244e-02,1.169317374005913665e-02,2.871137621696107090e-05,2.871137621696107090e-05
2.273355007171630859e+00,2.408439016342163175e+00,2.273383617401123047e+00,2.408467626571655362e+00,7.996444702148437500e-01,8.197976350784301758e-01,9.374539256095886230e-01,9.317428410053253396e-01,4.031436741352081299e-01,4.685171961784362904e-01,1.308960169553756714e-01,1.868038892745971791e-01,2.216792665421962738e-03,1.577405689749866637e-03,2.871205288101918995e-05,2.871205288101918995e-05
2.853620529174804688e+00,2.421969628334045499e+00,2.853649139404296875e+00,2.421998238563537686e+00,8.334937095642089844e-01,8.236403584480285200e-01,9.309862256050109863e-01,9.347235321998595969e-01,9.024792909622192383e-01,4.742499619722366222e-01,1.821167469024658203e-01,1.864085197448730469e-01,4.544610623270273209e-03,2.947232173755765135e-03,2.872014192689675838e-05,2.872014192689675838e-05
2.393324851989746094e+00,2.448404979705810725e+00,2.393353462219238281e+00,2.448433589935302912e+00,8.335166573524475098e-01,8.308690667152405229e-01,9.310497045516967773e-01,9.378500699996947798e-01,4.560387730598449707e-01,4.823100030422210471e-01,1.605095565319061279e-01,1.870775148272514343e-01,1.221002358943223953e-02,1.029828237369656563e-02,2.872467484849039465e-05,2.872467484849039465e-05
2.650730133056640625e+00,2.469631052017212003e+00,2.650758743286132812e+00,2.469659662246704190e+00,8.576995134353637695e-01,8.436256706714629905e-01,9.298814535140991211e-01,9.346967995166778342e-01,6.554715037345886230e-01,4.931930541992187722e-01,1.929364055395126343e-01,1.888802543282508961e-01,1.474127545952796936e-02,9.235320612788200378e-03,2.871684046112932265e-05,2.871684046112932265e-05
2.357982635498046875e+00,2.457833743095398038e+00,2.358011245727539062e+00,2.457862353324890226e+00,8.733653426170349121e-01,8.295474469661712202e-01,9.567136168479919434e-01,9.375403463840484841e-01,3.198267817497253418e-01,4.923896282911300881e-01,2.016773372888565063e-01,1.900334671139717047e-01,6.399558857083320618e-03,8.322844421491027225e-03,2.870580647140741348e-05,2.870580647140741348e-05
2.447240114212036133e+00,2.440288043022155851e+00,2.447268724441528320e+00,2.440316653251648038e+00,8.523938655853271484e-01,8.237177610397339311e-01,8.994072675704956055e-01,9.302739620208739790e-01,4.829323887825012207e-01,4.896682798862457275e-01,2.031641602516174316e-01,1.893486410379409679e-01,9.342534467577934265e-03,7.279384508728980671e-03,2.870464959414675832e-05,2.870464959414675832e-05
3.146991252899169922e+00,2.429757738113403231e+00,3.147019863128662109e+00,2.429786348342895419e+00,7.922403812408447266e-01,8.191332519054412842e-01,9.255414605140686035e-01,9.308724343776703103e-01,1.263095021247863770e+00,4.887975722551345936e-01,1.613727807998657227e-01,1.877096027135848888e-01,4.741742741316556931e-03,3.244904289022088224e-03,2.869523814297281206e-05,2.869523814297281206e-05
2.289718151092529297e+00,2.434207081794738770e+00,2.289746761322021484e+00,2.434235692024230957e+00,8.310514092445373535e-01,8.232810318470000777e-01,9.316205382347106934e-01,9.287692010402679443e-01,3.355482518672943115e-01,4.916908085346222146e-01,1.887901723384857178e-01,1.873595312237739674e-01,2.708013635128736496e-03,3.106522327288985426e-03,2.870651223929598927e-05,2.870651223929598927e-05
2.313569307327270508e+00,2.414846611022949396e+00,2.313597917556762695e+00,2.414875221252441584e+00,8.413914442062377930e-01,8.298504412174224631e-01,9.339307546615600586e-01,9.286874055862426314e-01,3.415711224079132080e-01,4.631571888923645131e-01,1.928351223468780518e-01,1.885932981967926025e-01,3.840806195512413979e-03,4.558230517432093620e-03,2.871280230465345085e-05,2.871280230465345085e-05
2.320785999298095703e+00,2.433035540580749334e+00,2.320814609527587891e+00,2.433064150810241522e+00,8.333572149276733398e-01,8.246615171432495339e-01,9.461380839347839355e-01,9.365123629570006880e-01,3.535503447055816650e-01,4.785859018564224132e-01,1.824797093868255615e-01,1.894403874874114879e-01,5.260626319795846939e-03,3.835360193625092420e-03,2.871079777833074331e-05,2.871079777833074331e-05
2.271350860595703125e+00,2.422934103012084783e+00,2.271379470825195312e+00,2.422962713241576971e+00,8.505256772041320801e-01,8.238172054290771040e-01,9.559319019317626953e-01,9.308197796344757080e-01,2.950283288955688477e-01,4.754609078168868797e-01,1.670446991920471191e-01,1.899423003196716309e-01,2.820585854351520538e-03,2.893885783851146871e-03,2.870874050131533295e-05,2.870874050131533295e-05
2.592421293258666992e+00,2.434688162803650080e+00,2.592449903488159180e+00,2.434716773033142267e+00,8.486184477806091309e-01,8.297564744949340598e-01,9.198368787765502930e-01,9.321158647537231001e-01,5.835597515106201172e-01,4.794484049081802479e-01,2.372885495424270630e-01,1.900906115770339966e-01,3.117765067145228386e-03,3.276813612319529230e-03,2.869911259040236473e-05,2.869911259040236473e-05
2.402460336685180664e+00,2.433856296539306463e+00,2.402488946914672852e+00,2.433884906768798650e+00,8.332570195198059082e-01,8.263446390628814697e-01,9.078974723815917969e-01,9.270391047000885454e-01,4.578065276145935059e-01,4.871532797813415416e-01,2.002062946557998657e-01,1.898439824581146240e-01,3.292960813269019127e-03,3.475295286625623616e-03,2.870273965527303517e-05,2.870273965527303517e-05
2.274041652679443359e+00,2.430639386177062988e+00,2.274070262908935547e+00,2.430667996406555176e+00,8.416976928710937500e-01,8.204345583915710893e-01,9.312243461608886719e-01,9.483304798603058305e-01,2.602484822273254395e-01,4.672346413135528564e-01,2.390435785055160522e-01,1.910676613450050243e-01,1.827744417823851109e-03,3.572087315842509096e-03,2.870403659471776336e-05,2.870403659471776336e-05
2.262960910797119141e+00,2.458749771118164062e+00,2.262989521026611328e+00,2.458778381347656250e+00,8.723854422569274902e-01,8.265660643577575906e-01,9.551719427108764648e-01,9.276888370513916016e-01,2.608655989170074463e-01,5.049013763666152510e-01,1.686811298131942749e-01,1.919787228107452393e-01,5.856750067323446274e-03,7.614732673391699964e-03,2.870397838705684990e-05,2.870397838705684990e-05
2.244290590286254883e+00,2.412688207626342951e+00,2.244319200515747070e+00,2.412716817855835139e+00,8.246954083442687988e-01,8.235394775867461714e-01,9.266779422760009766e-01,9.258993864059448242e-01,2.546084225177764893e-01,4.634596318006515281e-01,2.296651005744934082e-01,1.931100204586982672e-01,8.643968030810356140e-03,6.679706973955035210e-03,2.870343087124638259e-05,2.870343087124638259e-05
2.333858728408813477e+00,2.439153194427490234e+00,2.333887338638305664e+00,2.439181804656982422e+00,8.633475303649902344e-01,8.398743748664856401e-01,9.226810932159423828e-01,9.350320041179657204e-01,2.683130502700805664e-01,4.572614073753357156e-01,2.640706002712249756e-01,1.928912431001663097e-01,1.544653158634901047e-02,1.409418191760778392e-02,2.870179559977259487e-05,2.870179559977259487e-05
2.389842748641967773e+00,2.428354859352111816e+00,2.389871358871459961e+00,2.428383469581604004e+00,7.632445693016052246e-01,8.323835015296936479e-01,9.353056550025939941e-01,9.362964272499084695e-01,5.264180898666381836e-01,4.634515911340713612e-01,1.625898629426956177e-01,1.925576359033584484e-01,2.284572226926684380e-03,3.665774990804493254e-03,2.870043317670933902e-05,2.870043317670933902e-05
2.278824567794799805e+00,2.460715866088867276e+00,2.278853178024291992e+00,2.460744476318359464e+00,8.748267889022827148e-01,8.299809992313385010e-01,9.537379741668701172e-01,9.312104463577270952e-01,2.500304877758026123e-01,5.018191844224929588e-01,1.971151530742645264e-01,1.933662965893745422e-01,3.114215563982725143e-03,4.338971292600035841e-03,2.869403033400885761e-05,2.869403033400885761e-05
2.238468408584594727e+00,2.507809352874756037e+00,2.238497018814086914e+00,2.507837963104248225e+00,8.579642176628112793e-01,8.370053708553314431e-01,9.495309591293334961e-01,9.400693595409392866e-01,2.104393392801284790e-01,5.255139172077178955e-01,2.132790535688400269e-01,1.930417448282241710e-01,7.254780735820531845e-03,1.217892402783036197e-02,2.869122545234858990e-05,2.869122545234858990e-05
2.106006622314453125e+00,2.449088501930236639e+00,2.106035232543945312e+00,2.449117112159728826e+00,8.109972476959228516e-01,8.223118245601653831e-01,9.316861033439636230e-01,9.368866682052612305e-01,2.091560959815979004e-01,4.877141922712325828e-01,1.473658233880996704e-01,1.960756957530975231e-01,6.801394280046224594e-03,6.100084353238344366e-03,2.868953015422448516e-05,2.868953015422448516e-05
3.057068109512329102e+00,2.444550871849060059e+00,3.057096719741821289e+00,2.444579482078552246e+00,7.832773327827453613e-01,8.131734430789947510e-01,9.801477193832397461e-01,9.400749146938324197e-01,1.143183469772338867e+00,4.905314624309539684e-01,1.457344740629196167e-01,1.968173488974571117e-01,4.725057166069746017e-03,3.953684726729989399e-03,2.868575757020153105e-05,2.868575757020153105e-05
2.347063064575195312e+00,2.465032815933227539e+00,2.347091674804687500e+00,2.465061426162719727e+00,8.712636232376098633e-01,8.273899018764495628e-01,9.540339708328247070e-01,9.441912531852721946e-01,3.269125223159790039e-01,4.856426209211349709e-01,1.907825469970703125e-01,1.981179773807525690e-01,4.070288036018610001e-03,9.691031556576490749e-03,2.868555020540952682e-05,2.868555020540952682e-05
2.374416589736938477e+00,2.441856384277343750e+00,2.374445199966430664e+00,2.441884994506835938e+00,8.586006164550781250e-01,8.308098018169403076e-01,9.539912939071655273e-01,9.369089066982269065e-01,3.015687465667724609e-01,4.732727199792862161e-01,2.585036158561706543e-01,1.970672532916069031e-01,1.752272830344736576e-03,3.797651501372456551e-03,2.867888542823493481e-05,2.867888542823493481e-05
2.282700538635253906e+00,2.444055390357971369e+00,2.282729148864746094e+00,2.444084000587463557e+00,8.510163426399230957e-01,8.210692107677459717e-01,9.294065833091735840e-01,9.316849768161773460e-01,2.750379741191864014e-01,4.928205698728561623e-01,2.247055768966674805e-01,1.965563565492630116e-01,2.533949445933103561e-03,1.924240821972489444e-03,2.867791408789344132e-05,2.867791408789344132e-05
2.239434003829956055e+00,2.451305723190307706e+00,2.239462614059448242e+00,2.451334333419799894e+00,8.489378094673156738e-01,8.264452397823334184e-01,9.287332296371459961e-01,9.297405898571013960e-01,2.721998095512390137e-01,4.962782561779022217e-01,1.870208978652954102e-01,1.965083733201026805e-01,2.542278729379177094e-03,2.333221700973808852e-03,2.867712646548170596e-05,2.867712646548170596e-05
2.205568790435791016e+00,2.429131364822387784e+00,2.205597400665283203e+00,2.429159975051879972e+00,8.023651838302612305e-01,8.352377891540527788e-01,9.038500785827636719e-01,9.296768903732299805e-01,2.611724436283111572e-01,4.606599450111389382e-01,2.323956340551376343e-01,1.968666046857833751e-01,5.785441957414150238e-03,6.690171780064702034e-03,2.867588773369789124e-05,2.867588773369789124e-05
2.162180900573730469e+00,2.406674551963805975e+00,2.162209510803222656e+00,2.406703162193298162e+00,8.318086266517639160e-01,8.260522902011870894e-01,9.080238342285156250e-01,9.301810204982757790e-01,2.787292897701263428e-01,4.523281008005142212e-01,1.381714344024658203e-01,1.953730672597885076e-01,5.447842180728912354e-03,2.740126359276473435e-03,2.867434886866249144e-05,2.867434886866249144e-05
2.257445335388183594e+00,2.441146826744079679e+00,2.257473945617675781e+00,2.441175436973571866e+00,8.276960849761962891e-01,8.390249252319336160e-01,9.028643965721130371e-01,9.331828236579895464e-01,2.989784181118011475e-01,4.644015699625015370e-01,2.171152681112289429e-01,1.958478853106498663e-01,1.079141627997159958e-02,8.689630590379238823e-03,2.867636430892162025e-05,2.867636430892162025e-05
2.226708650588989258e+00,2.465319156646728516e+00,2.226737260818481445e+00,2.465347766876220703e+00,8.108950853347778320e-01,8.480569481849670188e-01,9.431967735290527344e-01,9.341843008995056596e-01,2.944758832454681396e-01,4.811462044715881237e-01,1.754076480865478516e-01,1.961938977241516058e-01,2.733276225626468658e-03,5.737769138067960913e-03,2.867784678528551012e-05,2.867784678528551012e-05
2.280860424041748047e+00,2.426917767524719327e+00,2.280889034271240234e+00,2.426946377754211515e+00,8.381077051162719727e-01,8.309075474739074929e-01,8.966900706291198730e-01,9.304582357406616655e-01,2.989476621150970459e-01,4.628377705812454224e-01,2.405052036046981812e-01,1.965125888586044256e-01,6.609886884689331055e-03,6.201548175886273731e-03,2.867393413907848299e-05,2.867393413907848299e-05
2.242793321609497070e+00,2.421171665191650391e+00,2.242821931838989258e+00,2.421200275421142578e+00,8.611430525779724121e-01,8.287319183349609597e-01,9.270108938217163086e-01,9.311275243759155051e-01,2.825097143650054932e-01,4.587651848793029563e-01,1.630040705204010010e-01,1.970859661698341481e-01,9.125457145273685455e-03,5.461051128804683685e-03,2.867023249564226717e-05,2.867023249564226717e-05
3.136445760726928711e+00,2.438618230819701971e+00,3.136474370956420898e+00,2.438646841049194158e+00,8.502056598663330078e-01,8.210785210132598433e-01,9.277862310409545898e-01,9.270535528659820113e-01,1.114709258079528809e+00,4.893346130847930908e-01,2.415725439786911011e-01,1.978922352194786016e-01,2.171956235542893410e-03,3.259302629157900637e-03,2.866875001927837729e-05,2.866875001927837729e-05
2.362098932266235352e+00,2.476928997039794744e+00,2.362127542495727539e+00,2.476957607269286932e+00,8.760769367218017578e-01,8.439799010753631370e-01,9.525430798530578613e-01,9.311601758003235085e-01,2.777447402477264404e-01,4.976883471012115701e-01,2.509840726852416992e-01,1.976161271333694569e-01,4.749962128698825836e-03,6.484390376135707248e-03,2.867355578928254545e-05,2.867355578928254545e-05
2.179896593093872070e+00,2.435279130935668945e+00,2.179925203323364258e+00,2.435307741165161133e+00,8.268948793411254883e-01,8.251170933246612105e-01,8.963167667388916016e-01,9.292519330978393777e-01,2.584136426448822021e-01,4.791790962219238392e-01,1.916677951812744141e-01,1.975570768117904663e-01,6.603416055440902710e-03,4.173932061530649489e-03,2.867001239792443812e-05,2.867001239792443812e-05
2.163597583770751953e+00,2.406618642807006658e+00,2.163626194000244141e+00,2.406647253036498846e+00,7.681711912155151367e-01,8.197790324687957986e-01,9.297679066658020020e-01,9.324912309646606889e-01,2.698245942592620850e-01,4.548681318759918435e-01,1.940016299486160278e-01,1.972139850258827209e-01,1.832173322327435017e-03,2.266236627474427050e-03,2.866910290322266519e-05,2.866910290322266519e-05
2.294557094573974609e+00,2.441990041732787997e+00,2.294585704803466797e+00,2.442018651962280185e+00,8.448756933212280273e-01,8.307118296623230425e-01,9.619506001472473145e-01,9.293778836727142334e-01,2.888233363628387451e-01,4.803708225488662609e-01,1.958552151918411255e-01,1.941192552447318920e-01,3.052163869142532349e-03,7.410328136757016182e-03,2.866866270778700709e-05,2.866866270778700709e-05
2.296331405639648438e+00,2.447449374198913397e+00,2.296360015869140625e+00,2.447477984428405584e+00,8.311331272125244141e-01,8.274344682693481889e-01,9.286602139472961426e-01,9.360439479351043701e-01,2.914621531963348389e-01,4.851097404956817849e-01,2.416446357965469360e-01,1.938944831490516663e-01,3.431283170357346535e-03,4.966749623417854136e-03,2.866535032808315009e-05,2.866535032808315009e-05
2.300523519515991211e+00,2.435913634300232111e+00,2.300552129745483398e+00,2.435942244529724299e+00,8.602095842361450195e-01,8.292518973350524458e-01,9.505102038383483887e-01,9.288795948028564231e-01,2.788656055927276611e-01,4.804095327854156494e-01,2.087863981723785400e-01,1.940577626228332520e-01,2.151787281036376953e-03,3.314787195995449933e-03,2.866212525987066329e-05,2.866212525987066329e-05
2.233947992324829102e+00,2.422251868247985662e+00,2.233976602554321289e+00,2.422280478477477850e+00,8.003564476966857910e-01,8.190076291561126931e-01,9.122097492218017578e-01,9.246847212314606157e-01,3.079482913017272949e-01,4.829962581396102794e-01,2.115680426359176636e-01,1.934461921453475841e-01,1.865399419330060482e-03,2.117135666776448315e-03,2.867011971829924732e-05,2.867011971829924732e-05
8.373196601867675781e+00,2.426095056533813299e+00,8.373225212097167969e+00,2.426123666763305486e+00,8.199248909950256348e-01,8.181399583816528764e-01,9.063541293144226074e-01,9.307939350605011208e-01,6.388626098632812500e+00,4.791499912738800271e-01,2.538181543350219727e-01,1.940044432878494374e-01,4.472812172025442123e-03,4.006725922226905996e-03,2.866564682335592806e-05,2.866564682335592806e-05
2.302948236465454102e+00,2.458698582649231135e+00,2.302976846694946289e+00,2.458727192878723322e+00,8.352410793304443359e-01,8.240598917007446733e-01,9.330195784568786621e-01,9.317637026309967263e-01,3.618868887424468994e-01,5.029375910758971946e-01,1.702545881271362305e-01,1.949930459260940663e-01,2.545994473621249199e-03,4.944281559437513698e-03,2.866229442588519305e-05,2.866229442588519305e-05
2.629478216171264648e+00,2.449741387367248446e+00,2.629506826400756836e+00,2.449769997596740634e+00,8.039920330047607422e-01,8.229928910732269287e-01,9.263973832130432129e-01,9.348078787326812300e-01,6.946038007736206055e-01,4.893762141466140858e-01,1.972156465053558350e-01,1.973053991794586071e-01,7.269510067999362946e-03,5.258952500298619270e-03,2.865398710127919912e-05,2.865398710127919912e-05
2.134000062942504883e+00,2.451221013069152743e+00,2.134028673171997070e+00,2.451249623298644931e+00,8.260639309883117676e-01,8.275816321372986284e-01,9.521728754043579102e-01,9.311163365840912087e-01,2.052929699420928955e-01,4.911792218685150369e-01,1.479292958974838257e-01,1.988822489976883046e-01,2.541125519201159477e-03,2.461548242717981165e-03,2.865538044716231525e-05,2.865538044716231525e-05
2.316161155700683594e+00,2.419835710525512606e+00,2.316189765930175781e+00,2.419864320755004794e+00,8.344539403915405273e-01,8.270633399486542192e-01,9.278324842453002930e-01,9.308248937129974809e-01,3.484682738780975342e-01,4.575833231210708618e-01,2.018664926290512085e-01,1.995376631617546137e-01,3.540101926773786545e-03,4.826454445719718933e-03,2.865850365196820349e-05,2.865850365196820349e-05
2.210834026336669922e+00,2.437816905975341619e+00,2.210862636566162109e+00,2.437845516204833807e+00,7.711312770843505859e-01,8.147030115127563699e-01,9.109878540039062500e-01,9.356033205986022949e-01,2.816924154758453369e-01,4.833915829658508301e-01,2.389621734619140625e-01,1.998297557234764155e-01,8.060514926910400391e-03,4.289218597114086498e-03,2.865622082026675344e-05,2.865622082026675344e-05
2.349693059921264648e+00,2.454145073890686035e+00,2.349721670150756836e+00,2.454173684120178223e+00,8.858590126037597656e-01,8.291008710861206277e-01,9.621089696884155273e-01,9.357086956501007302e-01,2.907558679580688477e-01,4.823485791683196910e-01,2.091086506843566895e-01,2.008143723011016901e-01,1.860504038631916046e-03,6.172531982883810997e-03,2.865389615180902183e-05,2.865389615180902183e-05
2.835940599441528320e+00,2.446677422523498624e+00,2.835969209671020508e+00,2.446706032752990811e+00,7.592703700065612793e-01,8.206595242023467796e-01,8.866117000579833984e-01,9.286655187606811523e-01,1.001296162605285645e+00,4.967019885778427013e-01,1.871383488178253174e-01,1.993342325091362055e-01,1.624200376681983471e-03,1.316209603101015134e-03,2.865285023290198296e-05,2.865285023290198296e-05
2.233202934265136719e+00,2.431092166900634677e+00,2.233231544494628906e+00,2.431120777130126864e+00,7.986142039299011230e-01,8.199403226375580056e-01,9.435448646545410156e-01,9.395067274570465532e-01,3.287883698940277100e-01,4.698496609926223755e-01,1.554672569036483765e-01,1.974293828010559027e-01,6.788259837776422501e-03,4.366043023765087128e-03,2.864743328245822340e-05,2.864743328245822340e-05
2.321139812469482422e+00,2.460946655273437589e+00,2.321168422698974609e+00,2.460975265502929776e+00,7.813788056373596191e-01,8.314066648483275923e-01,8.974786400794982910e-01,9.502207577228546365e-01,4.043624103069305420e-01,4.701216995716094860e-01,2.331592738628387451e-01,1.967697396874427684e-01,4.760831128805875778e-03,1.242781709879636765e-02,2.864340603991877288e-05,2.864340603991877288e-05
2.406202793121337891e+00,2.443878531455993652e+00,2.406231403350830078e+00,2.443907141685485840e+00,8.510507345199584961e-01,8.213033676147460938e-01,9.581556916236877441e-01,9.335161685943603738e-01,3.831293284893035889e-01,4.895845353603363037e-01,2.124944627285003662e-01,1.972467541694641058e-01,1.372572383843362331e-03,2.227610861882567579e-03,2.864492853404954076e-05,2.864492853404954076e-05
2.240675210952758789e+00,2.429370284080505371e+00,2.240703821182250977e+00,2.429398894309997559e+00,7.858131527900695801e-01,8.176869213581084983e-01,9.165101647377014160e-01,9.313980042934417725e-01,3.303600251674652100e-01,4.805082678794860840e-01,2.064582258462905884e-01,1.979590147733688299e-01,1.533567323349416256e-03,1.818097138311713934e-03,2.864251655410043895e-05,2.864251655410043895e-05
2.279477119445800781e+00,2.435023927688598544e+00,2.279505729675292969e+00,2.435052537918090731e+00,8.433417677879333496e-01,8.239310264587402788e-01,9.527004361152648926e-01,9.325791776180267778e-01,3.254403471946716309e-01,4.740571796894073597e-01,1.517762541770935059e-01,1.983049139380455017e-01,6.218078546226024628e-03,6.151653872802853411e-03,2.863789268303662539e-05,2.863789268303662539e-05
2.309274196624755859e+00,2.456384873390197843e+00,2.309302806854248047e+00,2.456413483619690030e+00,8.338869810104370117e-01,8.267040073871612105e-01,9.457746744155883789e-01,9.303181171417236328e-01,3.418427109718322754e-01,4.929678410291671864e-01,1.814200282096862793e-01,1.997237548232078663e-01,6.349720992147922516e-03,6.671164138242602522e-03,2.863625559257343411e-05,2.863625559257343411e-05
2.383612632751464844e+00,2.453196620941162198e+00,2.383641242980957031e+00,2.453225231170654386e+00,8.085604906082153320e-01,8.228854775428772195e-01,1.002946734428405762e+00,9.294021546840667281e-01,3.632327914237976074e-01,4.916968524456024059e-01,1.997961550951004028e-01,2.022862106561660878e-01,9.076243266463279724e-03,6.925852177664637913e-03,2.863641202566213906e-05,2.863641202566213906e-05
2.306942462921142578e+00,2.463569426536559970e+00,2.306971073150634766e+00,2.463598036766052157e+00,8.334186077117919922e-01,8.241157829761505127e-01,9.378536343574523926e-01,9.312505662441253884e-01,3.578048646450042725e-01,4.969063580036163219e-01,1.696594506502151489e-01,2.034273177385330089e-01,8.206194266676902771e-03,7.869400177150964390e-03,2.863627014448866248e-05,2.863627014448866248e-05
2.202366352081298828e+00,2.451126861572265447e+00,2.202394962310791016e+00,2.451155471801757635e+00,7.940210700035095215e-01,8.255506038665771928e-01,9.416267275810241699e-01,9.307896733283996804e-01,3.407963216304779053e-01,4.881238251924514548e-01,1.225255578756332397e-01,2.038372844457626287e-01,3.396649379283189774e-03,2.825440326705575163e-03,2.862379915313795209e-05,2.862379915313795209e-05
2.278229475021362305e+00,2.444892024993896573e+00,2.278258085250854492e+00,2.444920635223388761e+00,8.294616937637329102e-01,8.178614079952239990e-01,9.388120174407958984e-01,9.303568661212920921e-01,3.233654201030731201e-01,4.914875268936157449e-01,1.851105988025665283e-01,2.038390487432479858e-01,1.479922793805599213e-03,1.347222470212727828e-03,2.862005021597724408e-05,2.862005021597724408e-05
2.630880117416381836e+00,2.485707306861877353e+00,2.630908727645874023e+00,2.485735917091369540e+00,8.027809262275695801e-01,8.179776728153228538e-01,9.049980640411376953e-01,9.361803948879241499e-01,7.078033089637756348e-01,5.163598358631134033e-01,2.043528407812118530e-01,2.016134470701217707e-01,1.094508543610572815e-02,1.357595520094037091e-02,2.861273605958558619e-05,2.861273605958558619e-05
3.096438407897949219e+00,2.442246770858764737e+00,3.096467018127441406e+00,2.442275381088256925e+00,7.945457100868225098e-01,8.220499157905578613e-01,9.175380468368530273e-01,9.289918899536132590e-01,1.240819573402404785e+00,4.893026858568191306e-01,1.389420479536056519e-01,1.989962518215179499e-01,4.593019839376211166e-03,2.906042779795825308e-03,2.861147731891833246e-05,2.861147731891833246e-05
2.449747562408447266e+00,2.458313107490539551e+00,2.449776172637939453e+00,2.458341717720031738e+00,7.734850645065307617e-01,8.283706128597259077e-01,9.177069067955017090e-01,9.330096542835235596e-01,5.571071505546569824e-01,4.880745232105255238e-01,1.939976811408996582e-01,1.979586124420165960e-01,7.450824137777090073e-03,1.089967368170619011e-02,2.861131542886141688e-05,2.861131542886141688e-05
2.296638250350952148e+00,2.441096353530883611e+00,2.296666860580444336e+00,2.441124963760375799e+00,8.365014195442199707e-01,8.207444429397583452e-01,9.407148957252502441e-01,9.343725621700287309e-01,3.467155992984771729e-01,4.865875750780105369e-01,1.696212589740753174e-01,1.969046369194984436e-01,3.085040254518389702e-03,2.487140474840998650e-03,2.861447683244477957e-05,2.861447683244477957e-05
2.321506977081298828e+00,2.446457219123840510e+00,2.321535587310791016e+00,2.446485829353332697e+00,8.066973090171813965e-01,8.184346079826354536e-01,9.097943902015686035e-01,9.323827445507049116e-01,3.576634228229522705e-01,4.954793214797973411e-01,2.452841401100158691e-01,1.969960242509841974e-01,2.067787572741508484e-03,3.164535365067422477e-03,2.861394023057073355e-05,2.861394023057073355e-05
2.415764570236206055e+00,2.442132258415222079e+00,2.415793180465698242e+00,2.442160868644714267e+00,8.751337528228759766e-01,8.183691084384918657e-01,9.393969178199768066e-01,9.330531001091003640e-01,3.654139935970306396e-01,4.886758178472518921e-01,2.289992868900299072e-01,1.949150204658508245e-01,6.820764392614364624e-03,7.119262730702758182e-03,2.861537723219953477e-05,2.861537723219953477e-05
2.338964223861694336e+00,2.463251042366027654e+00,2.338992834091186523e+00,2.463279652595519842e+00,7.933554649353027344e-01,8.262978732585907204e-01,9.358795881271362305e-01,9.320729494094848189e-01,3.635266423225402832e-01,5.077160596847534180e-01,2.441025227308273315e-01,1.929605841636657659e-01,2.100027864798903465e-03,4.203566466458141804e-03,2.861458597180899233e-05,2.861458597180899233e-05
2.514785766601562500e+00,2.446940779685974121e+00,2.514814376831054688e+00,2.446969389915466309e+00,8.092977404594421387e-01,8.291263043880462424e-01,9.355357885360717773e-01,9.309062182903289351e-01,5.256130695343017578e-01,4.902467548847198597e-01,2.406167536973953247e-01,1.926460787653923035e-01,3.722426248714327812e-03,4.015507991425693035e-03,2.861472421500366181e-05,2.861472421500366181e-05
2.229130268096923828e+00,2.450314879417419434e+00,2.229158878326416016e+00,2.450343489646911621e+00,8.143984675407409668e-01,8.205211281776427779e-01,9.354485869407653809e-01,9.292517542839050515e-01,3.444368541240692139e-01,5.072731822729110718e-01,1.320753991603851318e-01,1.912691622972488292e-01,2.771157771348953247e-03,1.999674679245799693e-03,2.862477958842646331e-05,2.862477958842646331e-05
2.521757364273071289e+00,2.440142679214477361e+00,2.521785974502563477e+00,2.440171289443969549e+00,8.291643857955932617e-01,8.278637468814850076e-01,8.926124572753906250e-01,9.302708446979522927e-01,5.805331468582153320e-01,4.875799834728241078e-01,2.123865932226181030e-01,1.892459079623222407e-01,7.060809992253780365e-03,5.182241974398493940e-03,2.862089240807108581e-05,2.862089240807108581e-05
2.259255886077880859e+00,2.442429757118225186e+00,2.259284496307373047e+00,2.442458367347717374e+00,8.074655532836914062e-01,8.338668584823608620e-01,9.112715125083923340e-01,9.370225727558135764e-01,3.375960588455200195e-01,4.766344815492630227e-01,1.998736113309860229e-01,1.895371586084365900e-01,3.049086080864071846e-03,5.368712870404124086e-03,2.861396751541178674e-05,2.861396751541178674e-05
2.265270233154296875e+00,2.458398175239563166e+00,2.265298843383789062e+00,2.458426785469055353e+00,8.096896409988403320e-01,8.237169384956359863e-01,9.446868300437927246e-01,9.304751992225647195e-01,3.308597505092620850e-01,5.141934424638747725e-01,1.783918440341949463e-01,1.884358391165733282e-01,1.642251154407858849e-03,1.576713263057172385e-03,2.861554276023525745e-05,2.861554276023525745e-05
2.263077735900878906e+00,2.422265338897704900e+00,2.263106346130371094e+00,2.422293949127197088e+00,8.184967637062072754e-01,8.284309506416320801e-01,9.146636128425598145e-01,9.332364976406097856e-01,3.160226941108703613e-01,4.700908899307251199e-01,2.121104598045349121e-01,1.881470456719398499e-01,1.784108928404748440e-03,2.360029052942991170e-03,2.861955545085947961e-05,2.861955545085947961e-05
2.188971996307373047e+00,2.425894284248351962e+00,2.189000606536865234e+00,2.425922894477844149e+00,8.269879221916198730e-01,8.173133671283722146e-01,9.453326463699340820e-01,9.318363070487976074e-01,2.876929342746734619e-01,4.871949315071105735e-01,1.263998597860336304e-01,1.874806135892868042e-01,2.558606443926692009e-03,2.069129131268709725e-03,2.862202018150128424e-05,2.862202018150128424e-05
2.353310346603393555e+00,2.458506965637206942e+00,2.353338956832885742e+00,2.458535575866699130e+00,7.987771034240722656e-01,8.401171267032623291e-01,9.405670166015625000e-01,9.330737173557281938e-01,4.622996449470520020e-01,4.902952700853348000e-01,1.442454904317855835e-01,1.864718079566955455e-01,7.421267218887805939e-03,8.549036644399165413e-03,2.861595021386165172e-05,2.861595021386165172e-05
2.247816324234008789e+00,2.446489834785461337e+00,2.247844934463500977e+00,2.446518445014953524e+00,8.456506133079528809e-01,8.319507896900176780e-01,9.448744058609008789e-01,9.335535883903502974e-01,2.629217207431793213e-01,4.915455520153045876e-01,1.931651681661605835e-01,1.863966181874275319e-01,1.204379601404070854e-03,3.043313557282090014e-03,2.861127723008394241e-05,2.861127723008394241e-05
2.205188512802124023e+00,2.407622551918029874e+00,2.205217123031616211e+00,2.407651162147522061e+00,8.290912508964538574e-01,8.206985175609589067e-01,9.408397078514099121e-01,9.408407568931579368e-01,2.684216201305389404e-01,4.600295871496200562e-01,1.617824733257293701e-01,1.829990431666374262e-01,5.053565837442874908e-03,3.054619231261312788e-03,2.861563007172662765e-05,2.861563007172662765e-05
2.240945339202880859e+00,2.403282189369201571e+00,2.240973949432373047e+00,2.403310799598693759e+00,8.124306797981262207e-01,8.211104094982146773e-01,9.037884473800659180e-01,9.338857948780059370e-01,3.452704548835754395e-01,4.642142593860626443e-01,1.769213080406188965e-01,1.826738655567169134e-01,2.534445375204086304e-03,1.397797395475208673e-03,2.861702159862034023e-05,2.861702159862034023e-05
2.608673810958862305e+00,2.411952590942382901e+00,2.608702421188354492e+00,2.411981201171875089e+00,8.331174850463867188e-01,8.247069716453552246e-01,9.250643849372863770e-01,9.322578430175780806e-01,6.746050715446472168e-01,4.671659827232360618e-01,1.707657128572463989e-01,1.814948305487632807e-01,5.121267400681972504e-03,6.326967850327491760e-03,2.861499524442479014e-05,2.861499524442479014e-05
2.126261234283447266e+00,2.414222598075866699e+00,2.126289844512939453e+00,2.414251208305358887e+00,7.992297410964965820e-01,8.230882883071899414e-01,9.336839914321899414e-01,9.408447563648223433e-01,2.525361776351928711e-01,4.673675745725631714e-01,1.374818533658981323e-01,1.804496571421623230e-01,3.329520812258124352e-03,2.472359314560890284e-03,2.861948269128333777e-05,2.861948269128333777e-05
2.267965793609619141e+00,2.428091812133788885e+00,2.267994403839111328e+00,2.428120422363281072e+00,8.543662428855895996e-01,8.313946902751923052e-01,9.557741284370422363e-01,9.357348501682281050e-01,2.860070168972015381e-01,4.768813669681549183e-01,1.695327907800674438e-01,1.820950850844383351e-01,2.285713329911231995e-03,1.985827740281820124e-03,2.861758548533543944e-05,2.861758548533543944e-05
2.201968431472778320e+00,2.434085178375243963e+00,2.201997041702270508e+00,2.434113788604736150e+00,8.515287041664123535e-01,8.270905554294586404e-01,9.478835463523864746e-01,9.350335776805878130e-01,2.770292758941650391e-01,4.877180904150009155e-01,1.238541901111602783e-01,1.823116034269332830e-01,1.672643236815929413e-03,1.931316207628697200e-03,2.861660323105752468e-05,2.861660323105752468e-05
2.233800172805786133e+00,2.440349221229553223e+00,2.233828783035278320e+00,2.440377831459045410e+00,8.462992906570434570e-01,8.297544658184051736e-01,9.296503663063049316e-01,9.339199900627136453e-01,2.660559117794036865e-01,4.917468011379241832e-01,1.861197501420974731e-01,1.808491468429565541e-01,5.674839485436677933e-03,4.078791686333715569e-03,2.861217217287048697e-05,2.861217217287048697e-05
2.134566545486450195e+00,2.435293173789978116e+00,2.134595155715942383e+00,2.435321784019470304e+00,7.653974890708923340e-01,8.262790143489837646e-01,8.930488824844360352e-01,9.301398694515228271e-01,2.768611013889312744e-01,4.938107937574386375e-01,1.953102350234985352e-01,1.814443051815032848e-01,3.948946017771959305e-03,3.619168419390916824e-03,2.860703170881606638e-05,2.860703170881606638e-05
2.370698928833007812e+00,2.447701096534729004e+00,2.370727539062500000e+00,2.447729706764221191e+00,8.877823948860168457e-01,8.315087020397186057e-01,9.741178154945373535e-01,9.371485531330108198e-01,2.872376441955566406e-01,4.919024288654327282e-01,2.196397930383682251e-01,1.835956692695617787e-01,1.921269926242530346e-03,3.545740293338894757e-03,2.860989297914784402e-05,2.860989297914784402e-05
3.044159889221191406e+00,2.457495498657226385e+00,3.044188499450683594e+00,2.457524108886718572e+00,8.220180273056030273e-01,8.329010188579559770e-01,9.535046219825744629e-01,9.342194259166717307e-01,1.068041682243347168e+00,5.014785170555114968e-01,1.984256356954574585e-01,1.855602100491523798e-01,2.169952495023608208e-03,3.336335555650293740e-03,2.861090979422442615e-05,2.861090979422442615e-05
2.192540168762207031e+00,2.445827484130859375e+00,2.192568778991699219e+00,2.445856094360351562e+00,8.258966803550720215e-01,8.194478213787078635e-01,9.213862419128417969e-01,9.282340466976165549e-01,2.601873576641082764e-01,5.031847745180130227e-01,1.735336333513259888e-01,1.874395698308944647e-01,1.153605896979570389e-02,7.521311100572347468e-03,2.860646782210096717e-05,2.860646782210096717e-05
2.073637962341308594e+00,2.453163170814514071e+00,2.073666572570800781e+00,2.453191781044006259e+00,7.859658598899841309e-01,8.230562090873718706e-01,9.371923804283142090e-01,9.301442444324493630e-01,2.578423321247100830e-01,5.081516057252883911e-01,8.774064481258392334e-02,1.880366340279579218e-01,4.896916449069976807e-03,3.774524061009287921e-03,2.860417225747369230e-05,2.860417225747369230e-05
2.183501958847045898e+00,2.484679293632507502e+00,2.183530569076538086e+00,2.484707903861999689e+00,8.101707696914672852e-01,8.413286745548248513e-01,9.230580329895019531e-01,9.318568587303162065e-01,2.670753002166748047e-01,5.050702273845673052e-01,1.668109446763992310e-01,1.911576956510543934e-01,1.638677343726158142e-02,1.526581281796097686e-02,2.860043969121761620e-05,2.860043969121761620e-05
2.183724880218505859e+00,2.479479789733886719e+00,2.183753490447998047e+00,2.479508399963378906e+00,8.298559188842773438e-01,8.267843604087830034e-01,9.594388008117675781e-01,9.341821730136871116e-01,2.353317588567733765e-01,5.259639918804168701e-01,1.561529189348220825e-01,1.892505615949630626e-01,2.945344196632504463e-03,3.298709727823734370e-03,2.860190579667687416e-05,2.860190579667687416e-05
2.117154836654663086e+00,2.490319156646728427e+00,2.117183446884155273e+00,2.490347766876220614e+00,8.294870853424072266e-01,8.193451046943664995e-01,9.199264645576477051e-01,9.402851283550262007e-01,2.109764069318771362e-01,5.383314102888107078e-01,1.525363624095916748e-01,1.889107927680015453e-01,4.228614270687103271e-03,3.446693229489028280e-03,2.859756750694941729e-05,2.859756750694941729e-05
2.282572507858276367e+00,2.481738352775573642e+00,2.282601118087768555e+00,2.481766963005065829e+00,8.454276323318481445e-01,8.239371955394745317e-01,9.527770280838012695e-01,9.344257593154907671e-01,2.712942361831665039e-01,5.300900310277938399e-01,2.094712853431701660e-01,1.885262578725814819e-01,3.602329408749938011e-03,4.759040568023920406e-03,2.859804772015195340e-05,2.859804772015195340e-05
2.370340108871459961e+00,2.444539737701416193e+00,2.370368719100952148e+00,2.444568347930908381e+00,8.763304352760314941e-01,8.232927203178406206e-01,9.425007700920104980e-01,9.336855590343475786e-01,3.039565980434417725e-01,4.910077929496765026e-01,2.420472949743270874e-01,1.907946810126304737e-01,5.505068693310022354e-03,5.758941126987338240e-03,2.859949745470657945e-05,2.859949745470657945e-05
2.328035116195678711e+00,2.480460691452026190e+00,2.328063726425170898e+00,2.480489301681518377e+00,8.756651282310485840e-01,8.306514441967010054e-01,9.477632045745849609e-01,9.444658935070038286e-01,2.947743535041809082e-01,5.084660887718200906e-01,2.058888971805572510e-01,1.922282084822654613e-01,3.943407442420721054e-03,4.648989392444491039e-03,2.859709456970449537e-05,2.859709456970449537e-05
2.173324108123779297e+00,2.465919804573059260e+00,2.173352718353271484e+00,2.465948414802551447e+00,8.013951778411865234e-01,8.245050430297851118e-01,9.243444204330444336e-01,9.308040618896484819e-01,2.576767206192016602e-01,5.137791067361832109e-01,1.866327673196792603e-01,1.930344656109809764e-01,3.274816786870360374e-03,3.797180810943245974e-03,2.860104359569959342e-05,2.860104359569959342e-05
2.275464534759521484e+00,2.440200257301330389e+00,2.275493144989013672e+00,2.440228867530822576e+00,8.658719658851623535e-01,8.246703803539275901e-01,9.585088491439819336e-01,9.374359250068664551e-01,2.459793388843536377e-01,4.814082801342010609e-01,2.022181898355484009e-01,1.934314399957656749e-01,2.886021276935935020e-03,3.254228271543979645e-03,2.859848973457701504e-05,2.859848973457701504e-05
2.464068174362182617e+00,2.453391861915588557e+00,2.464096784591674805e+00,2.453420472145080744e+00,8.158781528472900391e-01,8.223245620727539507e-01,9.170989394187927246e-01,9.276791155338287576e-01,5.274804234504699707e-01,5.068262010812759621e-01,2.014496326446533203e-01,1.937875315546989385e-01,2.161076758056879044e-03,2.774446131661534396e-03,2.859524101950228214e-05,2.859524101950228214e-05
2.230208873748779297e+00,2.478764653205871582e+00,2.230237483978271484e+00,2.478793263435363770e+00,8.642590641975402832e-01,8.301669061183929443e-01,9.424160122871398926e-01,9.355761885643005815e-01,2.809939384460449219e-01,5.059865057468414529e-01,1.357162743806838989e-01,1.949024632573127802e-01,6.823787931352853775e-03,1.213259706273675000e-02,2.859417509171180427e-05,2.859417509171180427e-05
2.301361083984375000e+00,2.460265731811523526e+00,2.301389694213867188e+00,2.460294342041015714e+00,8.545338511466979980e-01,8.211884438991546853e-01,9.156185388565063477e-01,9.276087999343871626e-01,3.043348193168640137e-01,5.120864033699035200e-01,2.214742302894592285e-01,1.947469085454940907e-01,5.399634595960378647e-03,4.635115806013345892e-03,2.858305015251971781e-05,2.858305015251971781e-05
2.212397336959838867e+00,2.467997694015502841e+00,2.212425947189331055e+00,2.468026304244995028e+00,8.220626711845397949e-01,8.365150213241576704e-01,9.489116668701171875e-01,9.420131266117095503e-01,2.642866969108581543e-01,4.832018494606017955e-01,1.650650799274444580e-01,1.945132315158843994e-01,1.207113731652498245e-02,1.175453653559088707e-02,2.857781873899511993e-05,2.857781873899511993e-05
2.185793161392211914e+00,2.426070880889892756e+00,2.185821771621704102e+00,2.426099491119384943e+00,8.159276843070983887e-01,8.293935775756835493e-01,9.383677840232849121e-01,9.307729184627533403e-01,2.570591270923614502e-01,4.701448261737823375e-01,1.731945425271987915e-01,1.935896709561348017e-01,1.243750099092721939e-03,2.169901691377163107e-03,2.858098378055728972e-05,2.858098378055728972e-05
2.284917593002319336e+00,2.485901641845702947e+00,2.284946203231811523e+00,2.485930252075195135e+00,7.874406576156616211e-01,8.238855004310607910e-01,9.540471434593200684e-01,9.692312002182006392e-01,3.258278965950012207e-01,4.956394284963607788e-01,2.129691094160079956e-01,1.937157243490219005e-01,4.633033182471990585e-03,3.429796686396002683e-03,2.855971797544043511e-05,2.855971797544043511e-05
2.815141677856445312e+00,2.450232458114624201e+00,2.815170288085937500e+00,2.450261068344116389e+00,7.863284945487976074e-01,8.295703470706939919e-01,9.316442608833312988e-01,9.318440496921539529e-01,9.077497124671936035e-01,4.872395694255828857e-01,1.823837012052536011e-01,1.946562051773071400e-01,7.035543676465749741e-03,6.922191195189953024e-03,2.855560160242021084e-05,2.855560160242021084e-05
2.863430976867675781e+00,2.497818350791931152e+00,2.863459587097167969e+00,2.497846961021423340e+00,8.618113398551940918e-01,8.342167437076568604e-01,9.461762309074401855e-01,9.544040977954864058e-01,8.207545280456542969e-01,5.074288874864578691e-01,2.316971272230148315e-01,1.948290348052978405e-01,2.991693327203392982e-03,6.939562363550066601e-03,2.855263846868183464e-05,2.855263846868183464e-05
2.194388151168823242e+00,2.441538596153259189e+00,2.194416761398315430e+00,2.441567206382751376e+00,8.201394081115722656e-01,8.198673069477081521e-01,9.323352575302124023e-01,9.319264233112335427e-01,2.827837765216827393e-01,4.891305506229400857e-01,1.496996730566024780e-01,1.945319667458534352e-01,9.429839439690113068e-03,6.082414835691452200e-03,2.855600178008899093e-05,2.855600178008899093e-05
2.654392719268798828e+00,2.470858836174011142e+00,2.654421329498291016e+00,2.470887446403503329e+00,7.828958630561828613e-01,8.249502539634704368e-01,9.341773390769958496e-01,9.349380791187286155e-01,7.752584815025329590e-01,5.169036716222763506e-01,1.588325053453445435e-01,1.913119375705719105e-01,3.228359622880816460e-03,2.754890243522822857e-03,2.855212369468063116e-05,2.855212369468063116e-05
2.203228235244750977e+00,2.432630538940429688e+00,2.203256845474243164e+00,2.432659149169921875e+00,7.696925401687622070e-01,8.211196660995483398e-01,9.211992621421813965e-01,9.322670102119445801e-01,3.150371611118316650e-01,4.840008139610290638e-01,1.955097764730453491e-01,1.932937160134315380e-01,1.789537374861538410e-03,1.949293434154242234e-03,2.853921250789426267e-05,2.853921250789426267e-05
2.674153804779052734e+00,2.471623015403747736e+00,2.674182415008544922e+00,2.471651625633239924e+00,8.354145288467407227e-01,8.371034324169158714e-01,9.211752414703369141e-01,9.471828341484069824e-01,6.316620111465454102e-01,4.779400289058685081e-01,2.770087420940399170e-01,1.935907900333404541e-01,8.893266320228576660e-03,1.580596668645739555e-02,2.854138983821030706e-05,2.854138983821030706e-05
2.269758701324462891e+00,2.420786213874817072e+00,2.269787311553955078e+00,2.420814824104309260e+00,8.216218948364257812e-01,8.187369227409362349e-01,9.263947010040283203e-01,9.369548499584198220e-01,3.090161979198455811e-01,4.673762023448944092e-01,2.097107172012329102e-01,1.938259094953536932e-01,3.014995483681559563e-03,3.892440861091017550e-03,2.854581907740794122e-05,2.854581907740794122e-05
2.259342908859252930e+00,2.445255708694458185e+00,2.259371519088745117e+00,2.445284318923950373e+00,8.159443140029907227e-01,8.280286729335785134e-01,9.456097483634948730e-01,9.286108553409576638e-01,3.162285983562469482e-01,4.901645988225936668e-01,1.744810342788696289e-01,1.923860505223274342e-01,7.079276256263256073e-03,6.065500760450958859e-03,2.854401100194081664e-05,2.854401100194081664e-05
2.529164791107177734e+00,2.477540588378906339e+00,2.529193401336669922e+00,2.477569198608398526e+00,8.199315071105957031e-01,8.272212445735931396e-01,9.319995641708374023e-01,9.460234642028808594e-01,5.677604675292968750e-01,5.023129642009734885e-01,2.061905562877655029e-01,1.945405349135398976e-01,3.282577497884631157e-03,7.442342909052967678e-03,2.854432023013941944e-05,2.854432023013941944e-05
2.679991960525512695e+00,2.446273398399353205e+00,2.680020570755004883e+00,2.446302008628845392e+00,8.453639745712280273e-01,8.194768607616425005e-01,9.529318213462829590e-01,9.333260297775268777e-01,6.408997774124145508e-01,4.969206750392913818e-01,2.399631142616271973e-01,1.942644506692886297e-01,8.333731675520539284e-04,2.285359078086912632e-03,2.854199556168168783e-05,2.854199556168168783e-05
2.244130373001098633e+00,2.425986766815185547e+00,2.244158983230590820e+00,2.426015377044677734e+00,8.378360271453857422e-01,8.209741652011871560e-01,9.253019690513610840e-01,9.311338126659393089e-01,3.125281929969787598e-01,4.771867245435714722e-01,1.647502481937408447e-01,1.943341583013534490e-01,3.713955171406269073e-03,2.357910107821226293e-03,2.854126432794146240e-05,2.854126432794146240e-05
2.201949834823608398e+00,2.422907257080078036e+00,2.201978445053100586e+00,2.422935867309570224e+00,7.962118387222290039e-01,8.172396361827850564e-01,9.393550157546997070e-01,9.422546923160552979e-01,3.003689944744110107e-01,4.665158003568649070e-01,1.640384942293167114e-01,1.947085171937942560e-01,1.975490013137459755e-03,2.188657014630735094e-03,2.853588375728577375e-05,2.853588375728577375e-05
2.683605432510375977e+00,2.432428193092346369e+00,2.683634042739868164e+00,2.432456803321838557e+00,7.931590080261230469e-01,8.250872552394866721e-01,8.945016264915466309e-01,9.293683469295501709e-01,8.023232817649841309e-01,4.782467395067214744e-01,1.890644133090972900e-01,1.951321944594383295e-01,4.556988831609487534e-03,4.593724198639392679e-03,2.852834768418688327e-05,2.852834768418688327e-05
2.288796901702880859e+00,2.458994293212890536e+00,2.288825511932373047e+00,2.459022903442382724e+00,8.400471806526184082e-01,8.251797020435333030e-01,9.179843068122863770e-01,9.335417866706847700e-01,3.184306621551513672e-01,5.007132709026336226e-01,2.073033601045608521e-01,1.963152244687080272e-01,5.031230859458446503e-03,3.244374459609389132e-03,2.852802572306245565e-05,2.852802572306245565e-05
2.502055644989013672e+00,2.475908899307250888e+00,2.502084255218505859e+00,2.475937509536743075e+00,8.498072028160095215e-01,8.519376814365386963e-01,9.177839756011962891e-01,9.343841671943664551e-01,5.214973092079162598e-01,4.735017091035843007e-01,1.965894699096679688e-01,1.967086687684059254e-01,1.637757942080497742e-02,1.937663219869136672e-02,2.852768193406518549e-05,2.852768193406518549e-05
2.531112194061279297e+00,2.444708943367004395e+00,2.531140804290771484e+00,2.444737553596496582e+00,8.242265582084655762e-01,8.220471918582916704e-01,9.029623270034790039e-01,9.298168778419494407e-01,5.467565655708312988e-01,4.930253207683563121e-01,2.541747689247131348e-01,1.968383938074111938e-01,2.992086578160524368e-03,2.981223049573600292e-03,2.852828947652596980e-05,2.852828947652596980e-05
2.575796842575073242e+00,2.446303915977478205e+00,2.575825452804565430e+00,2.446332526206970392e+00,7.689397335052490234e-01,8.240244984626770020e-01,9.077123403549194336e-01,9.319376647472381592e-01,7.369504570960998535e-01,4.799452483654021995e-01,1.447958499193191528e-01,1.978366777300834545e-01,1.739824004471302032e-02,1.255980040878057480e-02,2.853045589290559292e-05,2.853045589290559292e-05
2.174394369125366211e+00,2.427200222015380771e+00,2.174422979354858398e+00,2.427228832244872958e+00,7.480824589729309082e-01,8.241019368171691450e-01,9.169701337814331055e-01,9.301117599010467751e-01,3.369561433792114258e-01,4.708622246980667114e-01,1.691743284463882446e-01,1.988593429327011053e-01,3.210960887372493744e-03,3.265018272213637655e-03,2.852778561646118760e-05,2.852778561646118760e-05
2.183780670166015625e+00,2.405793213844299228e+00,2.183809280395507812e+00,2.405821824073791415e+00,7.975346446037292480e-01,8.143202900886535867e-01,9.295662641525268555e-01,9.282740175724029097e-01,3.081670999526977539e-01,4.625085592269897461e-01,1.447726935148239136e-01,1.985865399241447393e-01,3.739964216947555542e-03,2.103818929754197598e-03,2.851591852959245443e-05,2.851591852959245443e-05
2.245898723602294922e+00,2.406973600387573242e+00,2.245927333831787109e+00,2.407002210617065430e+00,8.130503892898559570e-01,8.180347800254821333e-01,9.422444701194763184e-01,9.251755833625793235e-01,3.050572574138641357e-01,4.620572745800018422e-01,1.830247193574905396e-01,1.987237453460693470e-01,2.521874615922570229e-03,2.982227550819516355e-03,2.851248427759855986e-05,2.851248427759855986e-05
2.231578826904296875e+00,2.441573023796081543e+00,2.231607437133789062e+00,2.441601634025573730e+00,7.910423874855041504e-01,8.247753262519836870e-01,9.064568877220153809e-01,9.228883802890777144e-01,3.075506985187530518e-01,4.837847501039505005e-01,2.234852910041809082e-01,2.053863734006881603e-01,3.043706528842449188e-03,4.738188302144408399e-03,2.850835335266310722e-05,2.850835335266310722e-05
2.786693811416625977e+00,2.453679847717284979e+00,2.786722421646118164e+00,2.453708457946777166e+00,8.137519955635070801e-01,8.188836216926574929e-01,8.887907266616821289e-01,9.287705838680266890e-01,8.790839314460754395e-01,4.983691185712814109e-01,2.025097161531448364e-01,2.055022224783897289e-01,2.557487459853291512e-03,2.154334168881178076e-03,2.851106182788498700e-05,2.851106182788498700e-05
2.265652418136596680e+00,2.440053153038024725e+00,2.265681028366088867e+00,2.440081763267516912e+00,8.518344759941101074e-01,8.246062040328979714e-01,9.294955730438232422e-01,9.261254072189331055e-01,3.029951453208923340e-01,4.753712385892868153e-01,1.736768037080764771e-01,2.044040456414222828e-01,7.650434970855712891e-03,9.546251595020293843e-03,2.849839074769988656e-05,2.849839074769988656e-05
2.223460435867309570e+00,2.473625469207763494e+00,2.223488807678222656e+00,2.473653841018676580e+00,8.186640143394470215e-01,8.229213237762451616e-01,9.452135562896728516e-01,9.217964947223663552e-01,2.802149653434753418e-01,5.166187614202499834e-01,1.740921437740325928e-01,2.053650930523872320e-01,5.275660660117864609e-03,6.923680426552891731e-03,2.848831354640424252e-05,2.848831354640424252e-05
2.243079662322998047e+00,2.471171832084655851e+00,2.243108272552490234e+00,2.471200442314148038e+00,8.259110450744628906e-01,8.250869095325470415e-01,9.346455931663513184e-01,9.257084965705871804e-01,2.843776345252990723e-01,5.078827023506164995e-01,1.908933222293853760e-01,2.040026172995567377e-01,7.251876872032880783e-03,8.491105027496814381e-03,2.849169140972662717e-05,2.849169140972662717e-05
3.154093027114868164e+00,2.477366042137146174e+00,3.154121637344360352e+00,2.477394652366638361e+00,8.517336249351501465e-01,8.286825418472290039e-01,9.406656026840209961e-01,9.309890449047089067e-01,1.133557319641113281e+00,4.996358066797256248e-01,2.126659750938415527e-01,2.034467667341232355e-01,1.547055039554834366e-02,1.461185580119490554e-02,2.849106931535061449e-05,2.849106931535061449e-05
2.351696491241455078e+00,2.557674884796142578e+00,2.351725101470947266e+00,2.557703495025634766e+00,8.822293877601623535e-01,8.766107797622680886e-01,9.722906351089477539e-01,9.494903504848479781e-01,2.673353254795074463e-01,4.755505502223968395e-01,1.720447689294815063e-01,1.997054219245910645e-01,5.779613554477691650e-02,5.631778687238693515e-02,2.849449811037629843e-05,2.849449811037629843e-05
2.320412397384643555e+00,2.430202245712280273e+00,2.320441007614135742e+00,2.430230855941772461e+00,8.677458167076110840e-01,8.264585435390472412e-01,9.806828498840332031e-01,9.377282321453094260e-01,3.109170794486999512e-01,4.599421977996825950e-01,1.575108170509338379e-01,2.005280032753944397e-01,3.555729985237121582e-03,5.545282224193215544e-03,2.849852353392634541e-05,2.849852353392634541e-05
2.141762733459472656e+00,2.443796086311340154e+00,2.141791343688964844e+00,2.443824696540832342e+00,7.786791920661926270e-01,8.123670578002929465e-01,9.043895602226257324e-01,9.290622949600220171e-01,3.020962476730346680e-01,4.994642585515975952e-01,1.549479514360427856e-01,2.015294224023818914e-01,1.649759826250374317e-03,1.373059663455933246e-03,2.849991869879886508e-05,2.849991869879886508e-05
2.310585498809814453e+00,2.494090366363525213e+00,2.310614109039306641e+00,2.494118976593017400e+00,8.879886865615844727e-01,8.381769239902496782e-01,9.458419084548950195e-01,9.345602691173553467e-01,2.852019667625427246e-01,4.959818512201309426e-01,1.799399405717849731e-01,2.027200534939765930e-01,1.161283813416957855e-02,2.265129685401916573e-02,2.849405791494064033e-05,2.849405791494064033e-05
2.345362424850463867e+00,2.434746432304382147e+00,2.345390796661376953e+00,2.434774804115295233e+00,8.662797808647155762e-01,8.418505907058715376e-01,9.340707659721374512e-01,9.311295032501221147e-01,3.311582803726196289e-01,4.541222840547561868e-01,2.059622704982757568e-01,2.011121749877929632e-01,7.891464047133922577e-03,6.531886430457234730e-03,2.849038719432428479e-05,2.849038719432428479e-05
2.279221534729003906e+00,2.420311832427978427e+00,2.279249906539916992e+00,2.420340204238891513e+00,8.569373488426208496e-01,8.178061842918395996e-01,9.481855034828186035e-01,9.277959883213042769e-01,3.192328810691833496e-01,4.697086423635482566e-01,1.518935263156890869e-01,2.013986289501190075e-01,2.972070127725601196e-03,3.602381283417344267e-03,2.848718941095285118e-05,2.848718941095285118e-05
2.328104496002197266e+00,2.454991865158080877e+00,2.328132867813110352e+00,2.455020236968993963e+00,8.250876069068908691e-01,8.360927879810333696e-01,9.167416095733642578e-01,9.291203975677490012e-01,3.191740810871124268e-01,4.762162744998931774e-01,2.596188485622406006e-01,1.991624563932418712e-01,7.482524495571851730e-03,1.439998997375369072e-02,2.848562508006580174e-05,2.848562508006580174e-05
2.249351978302001953e+00,2.424231410026550293e+00,2.249380350112915039e+00,2.424259781837463379e+00,8.411389589309692383e-01,8.122361361980438010e-01,9.330570697784423828e-01,9.303804636001586914e-01,3.028779923915863037e-01,4.801371872425079235e-01,1.696140617132186890e-01,1.987250611186027471e-01,2.663794904947280884e-03,2.752482052892446605e-03,2.848483927664346993e-05,2.848483927664346993e-05
2.560649156570434570e+00,2.425477576255798517e+00,2.560677528381347656e+00,2.425505948066711603e+00,8.125867843627929688e-01,8.343742430210113747e-01,9.136635065078735352e-01,9.286628305912018044e-01,5.859213471412658691e-01,4.620744407176971547e-01,2.461150139570236206e-01,1.965956017374992371e-01,2.362427534535527229e-03,3.770472598262131214e-03,2.847804535122122616e-05,2.847804535122122616e-05
2.164255619049072266e+00,2.412282490730285556e+00,2.164283990859985352e+00,2.412310862541198642e+00,7.873690724372863770e-01,8.279763579368590865e-01,9.142450690269470215e-01,9.318341672420501487e-01,2.840964496135711670e-01,4.542370319366454967e-01,1.751765012741088867e-01,1.959231451153755077e-01,3.368268487975001335e-03,2.311859279870986938e-03,2.847604991984553635e-05,2.847604991984553635e-05
2.202080488204956055e+00,2.428309488296508611e+00,2.202108860015869141e+00,2.428337860107421697e+00,8.298365473747253418e-01,8.278935968875884566e-01,9.175513982772827148e-01,9.256999790668487549e-01,3.093215525150299072e-01,4.755331039428710715e-01,1.407763063907623291e-01,1.962884142994880676e-01,4.594525787979364395e-03,2.894425904378294858e-03,2.847551149898208678e-05,2.847551149898208678e-05
2.902072906494140625e+00,2.410413742065429688e+00,2.902101278305053711e+00,2.410442113876342773e+00,8.199988603591918945e-01,8.249879777431488037e-01,9.269441366195678711e-01,9.289119243621826172e-01,9.234202504158020020e-01,4.583526790142059548e-01,2.290349900722503662e-01,1.961444899439811762e-01,2.674927702173590660e-03,2.016649919096380299e-03,2.847014184226281941e-05,2.847014184226281941e-05
2.323776006698608398e+00,2.426776719093322932e+00,2.323804378509521484e+00,2.426805090904236017e+00,8.659269213676452637e-01,8.314966082572936568e-01,9.270022511482238770e-01,9.326447606086730735e-01,2.874262332916259766e-01,4.620724886655807606e-01,2.402041554450988770e-01,1.969801470637321528e-01,3.216443350538611412e-03,3.582727746106684208e-03,2.847418727469630539e-05,2.847418727469630539e-05
2.552500724792480469e+00,2.422457575798034668e+00,2.552529096603393555e+00,2.422485947608947754e+00,8.191680312156677246e-01,8.257087409496307595e-01,9.345625042915344238e-01,9.302931606769562212e-01,5.753096342086791992e-01,4.665766537189483532e-01,2.207523733377456665e-01,1.970586687326431330e-01,2.708255080506205559e-03,2.820389997214079077e-03,2.847171163011807948e-05,2.847171163011807948e-05
2.892803192138671875e+00,2.436953306198120117e+00,2.892831563949584961e+00,2.436981678009033203e+00,7.914674282073974609e-01,8.182233273983001709e-01,9.082182049751281738e-01,9.313438892364501731e-01,9.719929099082946777e-01,4.848920673131942860e-01,2.162833660840988159e-01,1.978049620985984913e-01,4.841346759349107742e-03,4.689145321026444609e-03,2.847092764568515122e-05,2.847092764568515122e-05
2.166800975799560547e+00,2.420407485961914240e+00,2.166829347610473633e+00,2.420435857772827326e+00,7.624780535697937012e-01,8.221923649311065896e-01,8.901289105415344238e-01,9.263579428195953813e-01,3.229880332946777344e-01,4.690171182155609131e-01,1.891239136457443237e-01,2.008950427174568121e-01,2.082011196762323380e-03,1.944999489933252378e-03,2.846319330274127424e-05,2.846319330274127424e-05
2.330984354019165039e+00,2.475312948226928711e+00,2.331012725830078125e+00,2.475341320037841797e+00,8.300481438636779785e-01,8.330667078495025413e-01,9.445430636405944824e-01,9.294077455997467041e-01,2.974154651165008545e-01,5.046058565378188643e-01,2.575829327106475830e-01,2.042021825909614563e-01,1.394739025272428989e-03,4.030435276217758482e-03,2.845471681212075055e-05,2.845471681212075055e-05
3.392562866210937500e+00,2.456500053405761719e+00,3.392591238021850586e+00,2.456528425216674805e+00,8.376227021217346191e-01,8.227161228656768577e-01,9.404506087303161621e-01,9.247863829135894997e-01,1.386968970298767090e+00,4.951727926731109841e-01,2.188565284013748169e-01,2.056444138288497925e-01,8.663860149681568146e-03,8.180307270959020355e-03,2.845048584276810288e-05,2.845048584276810288e-05
2.618139028549194336e+00,2.493905115127563299e+00,2.618167400360107422e+00,2.493933486938476385e+00,8.579509854316711426e-01,8.156266450881958230e-01,9.328272342681884766e-01,9.249476194381713867e-01,5.745505690574645996e-01,5.385056227445602639e-01,2.487282156944274902e-01,2.108386129140853993e-01,4.082061350345611572e-03,3.986576572060585022e-03,2.844828668457921594e-05,2.844828668457921594e-05
2.379470825195312500e+00,2.488721632957458407e+00,2.379499197006225586e+00,2.488750004768371493e+00,8.708841800689697266e-01,8.198048710823059304e-01,9.391326904296875000e-01,9.242761552333831343e-01,3.015371263027191162e-01,5.290780305862426980e-01,2.657408118247985840e-01,2.120883569121360668e-01,2.176057081669569016e-03,3.474204777739942161e-03,2.844718255801126361e-05,2.844718255801126361e-05
2.214659929275512695e+00,2.494942855834961115e+00,2.214688301086425781e+00,2.494971227645874201e+00,8.178643584251403809e-01,8.289657950401305708e-01,9.310713410377502441e-01,9.290244162082672563e-01,3.170877099037170410e-01,5.265681862831115279e-01,1.455875784158706665e-01,2.076156526803970281e-01,3.048907266929745674e-03,2.768795914016664115e-03,2.844153277692385018e-05,2.844153277692385018e-05
2.240583181381225586e+00,2.442048525810241788e+00,2.240611553192138672e+00,2.442076897621154874e+00,7.946992516517639160e-01,8.198620796203612837e-01,9.017522335052490234e-01,9.262517571449280229e-01,3.222190737724304199e-01,4.873531550168991311e-01,2.187002599239349365e-01,2.062444776296615545e-01,3.212442854419350624e-03,2.337064174935221499e-03,2.843545553332660347e-05,2.843545553332660347e-05
2.359356641769409180e+00,2.473469376564025879e+00,2.359385013580322266e+00,2.473497748374938965e+00,8.631767034530639648e-01,8.259525537490844949e-01,9.603876471519470215e-01,9.279878318309784380e-01,3.042663633823394775e-01,5.096129477024078369e-01,2.287165522575378418e-01,2.061010301113128662e-01,2.809338038787245750e-03,3.815027768723666668e-03,2.842577669071033597e-05,2.842577669071033597e-05
2.313615083694458008e+00,2.480126786231994451e+00,2.313643455505371094e+00,2.480155158042907537e+00,8.109635114669799805e-01,8.278005778789520042e-01,9.116482734680175781e-01,9.256910085678100586e-01,3.118012249469757080e-01,5.138037979602814165e-01,2.759988903999328613e-01,2.084250167012214605e-01,3.203102154657244682e-03,4.406341537833213980e-03,2.842129470081999898e-05,2.842129470081999898e-05
2.256812810897827148e+00,2.481929349899291815e+00,2.256841182708740234e+00,2.481957721710204900e+00,8.114447593688964844e-01,8.215391933917999268e-01,9.514214992523193359e-01,9.262273371219634788e-01,3.028860092163085938e-01,5.230608105659484419e-01,1.877981573343276978e-01,2.079298228025436290e-01,3.262312617152929306e-03,3.172178170643746853e-03,2.842405228875577450e-05,2.842405228875577450e-05
2.572543621063232422e+00,2.529973244667053311e+00,2.572571992874145508e+00,2.530001616477966397e+00,8.057903051376342773e-01,8.251905798912048118e-01,9.287525415420532227e-01,9.276623427867889404e-01,6.315920352935791016e-01,5.630712717771529929e-01,2.033209651708602905e-01,2.091411322355270497e-01,3.087689168751239777e-03,4.907910153269768108e-03,2.842251342372037470e-05,2.842251342372037470e-05
2.201157093048095703e+00,2.468646359443664728e+00,2.201185464859008789e+00,2.468674731254577814e+00,7.665155529975891113e-01,8.168404996395111084e-01,9.272211194038391113e-01,9.270202815532684326e-01,3.152543306350708008e-01,5.116860657930374368e-01,1.875618249177932739e-01,2.089426979422569219e-01,4.604413639754056931e-03,4.156823013909160744e-03,2.841212881321553141e-05,2.841212881321553141e-05
2.713749647140502930e+00,2.520522856712341220e+00,2.713778018951416016e+00,2.520551228523254306e+00,8.761770129203796387e-01,8.398770511150359663e-01,9.068861603736877441e-01,9.307011246681213823e-01,6.270462274551391602e-01,5.278555363416671531e-01,2.903183102607727051e-01,2.093422561883926392e-01,1.332195103168487549e-02,1.274688811972737347e-02,2.840907109202817082e-05,2.840907109202817082e-05
2.317233324050903320e+00,2.485502839088439941e+00,2.317261695861816406e+00,2.485531210899353027e+00,8.534945845603942871e-01,8.239358425140380637e-01,9.278207421302795410e-01,9.241349339485168679e-01,2.974436581134796143e-01,5.193448126316070335e-01,2.310882657766342163e-01,2.099328607320785633e-01,7.386147975921630859e-03,8.154391078278422356e-03,2.840674278559163213e-05,2.840674278559163213e-05
2.540447235107421875e+00,2.479911661148071378e+00,2.540475606918334961e+00,2.479940032958984464e+00,8.198244571685791016e-01,8.153604328632354514e-01,9.057322740554809570e-01,9.246889173984527144e-01,5.664536952972412109e-01,5.274722814559936745e-01,2.460434436798095703e-01,2.098164886236190685e-01,2.393404720351099968e-03,2.573531051166355436e-03,2.840775232471060008e-05,2.840775232471060008e-05
2.305299520492553711e+00,2.550102972984313876e+00,2.305327892303466797e+00,2.550131344795226962e+00,7.893489003181457520e-01,8.150476157665252908e-01,9.156764745712280273e-01,9.819513499736786111e-01,3.929912447929382324e-01,5.416329652070999146e-01,2.044450044631958008e-01,2.092090278863906749e-01,2.837846288457512856e-03,2.261994616128504363e-03,2.840237357304431498e-05,2.840237357304431498e-05
2.524850845336914062e+00,2.463572740554809570e+00,2.524879217147827148e+00,2.463601112365722656e+00,8.513313531875610352e-01,8.288025557994842529e-01,9.171436429023742676e-01,9.314343452453612837e-01,5.754207968711853027e-01,4.849319189786910900e-01,1.721030175685882568e-01,2.082228258252143971e-01,8.851965889334678650e-03,1.018116641789674690e-02,2.840452361851930618e-05,2.840452361851930618e-05
2.221122503280639648e+00,2.492532324790954767e+00,2.221150875091552734e+00,2.492560696601867853e+00,8.376615047454833984e-01,8.184810936450958030e-01,9.266610145568847656e-01,9.298632383346557839e-01,2.540404200553894043e-01,5.289699614048004594e-01,1.939846277236938477e-01,2.087614402174949590e-01,8.774968795478343964e-03,6.456554122269153768e-03,2.840643355739302933e-05,2.840643355739302933e-05
3.525412321090698242e+00,2.508310389518737971e+00,3.525440692901611328e+00,2.508338761329651057e+00,8.262711167335510254e-01,8.293706953525543657e-01,9.234275817871093750e-01,9.319691419601440208e-01,1.590640783309936523e+00,5.295536160469055398e-01,1.785182952880859375e-01,2.110313668847084156e-01,6.554663181304931641e-03,6.385651323944330562e-03,2.840683009708300233e-05,2.840683009708300233e-05
2.188430309295654297e+00,2.488353919982910334e+00,2.188458681106567383e+00,2.488382291793823420e+00,8.053227066993713379e-01,8.165022611618042436e-01,9.192085266113281250e-01,9.328118443489075151e-01,2.925998866558074951e-01,5.266073852777480857e-01,1.659126281738281250e-01,2.086972892284393311e-01,5.386551842093467712e-03,3.735086554661393079e-03,2.839344051608350128e-05,2.839344051608350128e-05
2.222123146057128906e+00,2.490209007263183505e+00,2.222151517868041992e+00,2.490237379074096591e+00,7.864940166473388672e-01,8.198444128036499468e-01,9.293700456619262695e-01,9.270456433296203613e-01,3.207692503929138184e-01,5.295158475637435913e-01,1.812280267477035522e-01,2.093585640192031916e-01,4.262074362486600876e-03,4.444528557360172445e-03,2.839434819179587066e-05,2.839434819179587066e-05
2.292792797088623047e+00,2.528341388702392667e+00,2.292821168899536133e+00,2.528369760513305753e+00,8.157468438148498535e-01,8.426880955696105513e-01,9.371471405029296875e-01,9.287682473659515381e-01,3.191133141517639160e-01,5.236642956733703613e-01,2.018479555845260620e-01,2.092574864625930675e-01,1.893759332597255707e-02,2.396329678595066071e-02,2.839534317899961025e-05,2.839534317899961025e-05
2.151341676712036133e+00,2.443457555770874201e+00,2.151370048522949219e+00,2.443485927581787287e+00,7.507126927375793457e-01,8.175244092941283958e-01,8.986474871635437012e-01,9.298896193504333496e-01,3.145026564598083496e-01,4.884839773178100697e-01,1.840604692697525024e-01,2.052036002278327942e-01,3.418270032852888107e-03,2.355892001651227387e-03,2.839775697793811560e-05,2.839775697793811560e-05
2.612481832504272461e+00,2.461169409751891912e+00,2.612510204315185547e+00,2.461197781562804998e+00,8.245117068290710449e-01,8.261772632598877175e-01,9.216573834419250488e-01,9.280254125595093218e-01,6.825985312461853027e-01,4.984173089265823142e-01,1.803489774465560913e-01,2.054230272769927979e-01,3.365290584042668343e-03,3.126384480856358918e-03,2.839737135218456388e-05,2.839737135218456388e-05
2.731659173965454102e+00,2.465214776992797674e+00,2.731687545776367188e+00,2.465243148803710760e+00,8.031232357025146484e-01,8.202470302581786887e-01,9.396275281906127930e-01,9.292564392089843750e-01,8.089723587036132812e-01,5.075429528951644897e-01,1.777209639549255371e-01,2.061164274811744801e-01,2.215177519246935844e-03,2.051893679890781641e-03,2.839532135112676769e-05,2.839532135112676769e-05
2.500952005386352539e+00,2.468819308280944647e+00,2.500980377197265625e+00,2.468847680091857733e+00,8.420830368995666504e-01,8.179644346237182617e-01,9.194551110267639160e-01,9.297064006328582542e-01,5.229911804199218750e-01,5.114975243806838545e-01,2.145433425903320312e-01,2.070974841713905390e-01,1.879546092823147774e-03,2.553442912176251585e-03,2.838980799424462020e-05,2.838980799424462020e-05
2.580836534500122070e+00,2.448854184150695890e+00,2.580864906311035156e+00,2.448882555961608976e+00,7.866590619087219238e-01,8.248534739017486794e-01,9.128541350364685059e-01,9.312104761600494829e-01,7.024658322334289551e-01,4.812400490045547485e-01,1.730385571718215942e-01,2.076825439929962103e-01,5.819040350615978241e-03,3.867616923525929278e-03,2.839030639734119177e-05,2.839030639734119177e-05
2.185439348220825195e+00,2.494224262237549006e+00,2.185467720031738281e+00,2.494252634048462092e+00,7.743754386901855469e-01,8.197312951087951660e-01,9.059190154075622559e-01,9.265412449836730735e-01,3.246352076530456543e-01,5.338691771030426025e-01,1.779828220605850220e-01,2.121797308325767406e-01,2.526670694351196289e-03,1.902837795205414208e-03,2.838047657860442996e-05,2.838047657860442996e-05
2.299828052520751953e+00,2.495090460777282804e+00,2.299856424331665039e+00,2.495118832588195890e+00,8.399714827537536621e-01,8.283514797687530073e-01,9.494467973709106445e-01,9.289455413818359375e-01,3.263093531131744385e-01,5.241011977195739746e-01,1.797433346509933472e-01,2.100145220756530762e-01,4.357209894806146622e-03,3.677650005556643009e-03,2.837950705725234002e-05,2.837950705725234002e-05
2.666561603546142578e+00,2.490038490295410245e+00,2.666589975357055664e+00,2.490066862106323331e+00,7.906232476234436035e-01,8.191238701343536155e-01,9.417487978935241699e-01,9.376918792724608931e-01,7.290203571319580078e-01,5.175524950027465820e-01,2.010834813117980957e-01,2.100299477577209362e-01,4.085683729499578476e-03,5.640312237665057529e-03,2.837920328602194786e-05,2.837920328602194786e-05
2.363242864608764648e+00,2.524718999862670898e+00,2.363271236419677734e+00,2.524747371673583984e+00,8.505816459655761719e-01,8.224727392196655718e-01,9.555656909942626953e-01,9.304554343223572221e-01,3.538635671138763428e-01,5.528334468603134377e-01,1.962618380784988403e-01,2.093398615717887989e-01,6.970119662582874298e-03,9.617506898939609875e-03,2.837440842995420098e-05,2.837440842995420098e-05
2.370917797088623047e+00,2.490352320671081365e+00,2.370946168899536133e+00,2.490380692481994451e+00,8.191444277763366699e-01,8.169230103492737260e-01,9.289007782936096191e-01,9.287250936031341553e-01,3.305396437644958496e-01,5.331667274236678855e-01,2.902642488479614258e-01,2.096970990300178472e-01,2.068630419671535492e-03,1.840374525636434642e-03,2.837786814779974520e-05,2.837786814779974520e-05
2.814535379409790039e+00,2.479592895507812589e+00,2.814563751220703125e+00,2.479621267318725675e+00,8.005149960517883301e-01,8.175905346870422363e-01,9.245752692222595215e-01,9.279378175735473189e-01,8.416888117790222168e-01,5.210606992244720681e-01,2.415626794099807739e-01,2.098442211747169606e-01,6.193686276674270630e-03,3.159619774669408711e-03,2.837376086972653866e-05,2.837376086972653866e-05
2.191483974456787109e+00,2.485593867301941096e+00,2.191512346267700195e+00,2.485622239112854182e+00,7.205070853233337402e-01,8.210530042648315208e-01,8.616305589675903320e-01,9.263531029224395530e-01,3.305447399616241455e-01,5.233678877353667991e-01,2.661523520946502686e-01,2.074836552143096979e-01,1.264925580471754074e-02,7.336276490241289486e-03,2.837930878740735352e-05,2.837930878740735352e-05
2.275948524475097656e+00,2.483970475196838557e+00,2.275976896286010742e+00,2.483998847007751642e+00,8.548197746276855469e-01,8.275196611881255881e-01,9.184575080871582031e-01,9.297425031661987749e-01,3.018337190151214600e-01,5.086783558130264504e-01,1.897756010293960571e-01,2.083708316087722889e-01,1.106201205402612686e-02,9.659098181873559258e-03,2.837875945260748267e-05,2.837875945260748267e-05
2.459969282150268555e+00,2.509567046165466220e+00,2.459997653961181641e+00,2.509595417976379306e+00,8.352360725402832031e-01,8.338016033172607200e-01,9.247668385505676270e-01,9.301606595516205278e-01,4.993440806865692139e-01,5.194029271602630393e-01,1.822362095117568970e-01,2.090975105762481745e-01,1.838610693812370300e-02,1.710437238216400146e-02,2.838091313606128097e-05,2.838091313606128097e-05
2.530633449554443359e+00,2.517364072799682440e+00,2.530661821365356445e+00,2.517392444610595525e+00,8.479654788970947266e-01,8.580760955810546875e-01,9.235866069793701172e-01,9.371850430965423806e-01,5.167254805564880371e-01,4.946770578622817771e-01,2.114124149084091187e-01,2.028975859284400940e-01,3.094342723488807678e-02,2.452823035418987344e-02,2.837539796018972993e-05,2.837539796018972993e-05
2.340548753738403320e+00,2.492345309257507413e+00,2.340577125549316406e+00,2.492373681068420499e+00,8.251621723175048828e-01,8.404356837272644043e-01,9.283257126808166504e-01,9.432327568531035933e-01,3.704041242599487305e-01,4.881620556116104126e-01,1.979067027568817139e-01,1.999368235468864385e-01,1.875027641654014587e-02,2.057800590991974016e-02,2.836954081431031227e-05,2.836954081431031227e-05
2.329172134399414062e+00,2.445793485641479581e+00,2.329200506210327148e+00,2.445821857452392667e+00,8.352860212326049805e-01,8.206123054027557595e-01,9.358959794044494629e-01,9.288606584072113259e-01,3.698705732822418213e-01,4.943114489316940419e-01,1.840906590223312378e-01,1.985496595501899664e-01,4.028697032481431961e-03,3.459453443065285769e-03,2.836287239915691316e-05,2.836287239915691316e-05
2.530728340148925781e+00,2.457475161552429288e+00,2.530756711959838867e+00,2.457503533363342374e+00,8.245972394943237305e-01,8.181472480297088401e-01,9.182815551757812500e-01,9.322322309017181396e-01,5.708457231521606445e-01,5.057961881160736306e-01,2.142037153244018555e-01,1.987729698419570812e-01,2.800031332299113274e-03,2.526573510840535077e-03,2.836056228261440992e-05,2.836056228261440992e-05
2.586485147476196289e+00,2.454561591148376465e+00,2.586513519287109375e+00,2.454589962959289551e+00,7.846444845199584961e-01,8.221986651420593040e-01,8.968694806098937988e-01,9.377835988998413086e-01,6.436494588851928711e-01,4.918315142393112072e-01,2.590801119804382324e-01,1.990540519356727711e-01,2.241670154035091400e-03,3.693784750066697424e-03,2.836418389051686972e-05,2.836418389051686972e-05
2.394446134567260742e+00,2.464909148216247736e+00,2.394474506378173828e+00,2.464937520027160822e+00,8.548480272293090820e-01,8.228603184223175493e-01,9.379776120185852051e-01,9.291358709335326704e-01,3.741718828678131104e-01,5.058326214551925881e-01,2.202439010143280029e-01,2.005194306373596080e-01,7.204642053693532944e-03,6.560948351398110737e-03,2.836170824593864381e-05,2.836170824593864381e-05
2.281776666641235352e+00,2.435086321830749689e+00,2.281805038452148438e+00,2.435114693641662775e+00,7.980882525444030762e-01,8.181443393230438677e-01,9.201681017875671387e-01,9.289752781391144021e-01,3.701852262020111084e-01,4.851938873529434426e-01,1.898786872625350952e-01,2.003570303320884594e-01,3.456337843090295792e-03,2.415857743471860886e-03,2.835683699231594801e-05,2.835683699231594801e-05
2.371798753738403320e+00,2.463382029533386142e+00,2.371827125549316406e+00,2.463410401344299228e+00,8.671221733093261719e-01,8.136077761650085671e-01,9.414180517196655273e-01,9.377397954463958518e-01,3.582248687744140625e-01,5.087299227714539018e-01,2.019947469234466553e-01,2.012124046683311518e-01,3.038885537534952164e-03,2.092130435630679304e-03,2.835399936884641647e-05,2.835399936884641647e-05
2.309972286224365234e+00,2.458835721015930176e+00,2.310000658035278320e+00,2.458864092826843262e+00,8.222606778144836426e-01,8.215820491313934326e-01,9.597129225730895996e-01,9.311234235763550249e-01,3.437608778476715088e-01,5.023951917886734231e-01,1.825820505619049072e-01,2.010929867625236567e-01,1.655601430684328079e-03,2.642045961692929268e-03,2.835118721122853458e-05,2.835118721122853458e-05
2.399056911468505859e+00,2.466217374801635831e+00,2.399085283279418945e+00,2.466245746612548917e+00,7.968392372131347656e-01,8.233253419399261253e-01,9.163920879364013672e-01,9.334591984748840110e-01,4.740789830684661865e-01,4.984105885028838889e-01,1.994257718324661255e-01,2.008536428213119618e-01,1.232091803103685379e-02,1.016859179362654755e-02,2.834506813087500632e-05,2.834506813087500632e-05
5.737000465393066406e+00,2.482788491249084295e+00,5.737028598785400391e+00,2.482816863059997381e+00,7.885598540306091309e-01,8.285771250724792703e-01,9.236216545104980469e-01,9.320223450660705122e-01,3.834177732467651367e+00,5.142648369073867798e-01,1.815430521965026855e-01,2.002005666494369451e-01,9.098383598029613495e-03,7.723591383546590458e-03,2.834998667822219431e-05,2.834998667822219431e-05
2.247651338577270508e+00,2.466345882415771573e+00,2.247679710388183594e+00,2.466374254226684659e+00,8.030357360839843750e-01,8.285764098167419656e-01,9.333480596542358398e-01,9.286705851554870605e-01,3.179125785827636719e-01,4.964645087718963512e-01,1.792077869176864624e-01,2.021244674921035822e-01,1.414705812931060791e-02,1.050998987630009582e-02,2.834921542671509087e-05,2.834921542671509087e-05
2.274034500122070312e+00,2.461186337471008123e+00,2.274062871932983398e+00,2.461214709281921209e+00,8.169232606887817383e-01,8.271278023719788042e-01,9.073715806007385254e-01,9.412533700466155784e-01,3.388661444187164307e-01,4.865260034799575584e-01,2.058240920305252075e-01,2.016032814979553112e-01,5.049112252891063690e-03,4.675885476171970194e-03,2.834032056853175163e-05,2.834032056853175163e-05
2.433702230453491211e+00,2.476160717010498225e+00,2.433730602264404297e+00,2.476189088821411310e+00,8.485192656517028809e-01,8.190386652946471946e-01,8.779647946357727051e-01,9.349911689758301225e-01,4.358097612857818604e-01,5.173528611660003218e-01,2.675571739673614502e-01,2.016054064035415760e-01,3.851158544421195984e-03,3.172629442997276610e-03,2.833936923707369715e-05,2.833936923707369715e-05
2.290712118148803711e+00,2.441100907325744807e+00,2.290740489959716797e+00,2.441129279136657892e+00,8.089329004287719727e-01,8.190119624137878196e-01,9.511889815330505371e-01,9.343041479587554932e-01,3.360952734947204590e-01,4.842919290065765270e-01,1.924961358308792114e-01,2.017160832881927379e-01,1.998829422518610954e-03,1.776751806028187362e-03,2.833642975019756705e-05,2.833642975019756705e-05
2.308892488479614258e+00,2.466029429435729892e+00,2.308920860290527344e+00,2.466057801246642978e+00,8.643710613250732422e-01,8.223376214504242165e-01,9.195681810379028320e-01,9.247213482856750932e-01,3.256611526012420654e-01,5.153159081935883012e-01,1.959781050682067871e-01,2.010585576295852717e-01,3.313977271318435669e-03,2.596014179289340973e-03,2.833922371792141348e-05,2.833922371792141348e-05
2.275063276290893555e+00,2.461043572425842374e+00,2.275091648101806641e+00,2.461071944236755460e+00,8.094949126243591309e-01,8.288304328918456587e-01,9.283697605133056641e-01,9.326732099056244119e-01,3.398429155349731445e-01,4.898589730262756237e-01,1.899050921201705933e-01,2.025080293416977040e-01,7.450280245393514633e-03,7.172913243994116957e-03,2.833639155142009258e-05,2.833639155142009258e-05
2.764618635177612305e+00,2.474876546859741122e+00,2.764647006988525391e+00,2.474904918670654208e+00,8.640456199645996094e-01,8.333009719848633035e-01,9.230802655220031738e-01,9.335467815399169922e-01,7.732641696929931641e-01,4.948672592639923318e-01,1.943740099668502808e-01,2.047454789280891418e-01,9.854642674326896667e-03,8.416092349216341625e-03,2.832539394148625433e-05,2.832539394148625433e-05
2.238489627838134766e+00,2.483982205390930176e+00,2.238517999649047852e+00,2.484010577201843262e+00,8.142641782760620117e-01,8.261397540569305198e-01,9.175962805747985840e-01,9.312579095363616721e-01,2.987686395645141602e-01,5.185379326343536599e-01,2.045290768146514893e-01,2.051283583045005743e-01,3.331528976559638977e-03,2.918259776197374041e-03,2.832748759828973562e-05,2.832748759828973562e-05
2.126666307449340820e+00,2.454349374771118253e+00,2.126694679260253906e+00,2.454377746582031339e+00,7.424883842468261719e-01,8.177084028720855713e-01,8.966901898384094238e-01,9.283090591430663840e-01,2.885722219944000244e-01,5.006270557641983032e-01,1.970726251602172852e-01,2.062907576560974177e-01,1.842993427999317646e-03,1.414079451933503151e-03,2.832571408362127841e-05,2.832571408362127841e-05
4.711138725280761719e+00,2.513178730010986239e+00,4.711166858673095703e+00,2.513207101821899325e+00,8.816935420036315918e-01,8.497594118118285689e-01,9.460241794586181641e-01,9.340677320957183616e-01,2.634710550308227539e+00,5.092955291271209495e-01,2.401079833507537842e-01,2.070163905620575062e-01,8.602855727076530457e-03,1.303958166390657356e-02,2.831226993293967098e-05,2.831226993293967098e-05
2.186506748199462891e+00,2.489668917655945002e+00,2.186535120010375977e+00,2.489697289466858088e+00,8.104959130287170410e-01,8.280683159828186035e-01,9.436404705047607422e-01,9.327519953250884566e-01,2.945774793624877930e-01,5.110240250825881514e-01,1.318789869546890259e-01,2.094596236944198664e-01,5.913862958550453186e-03,8.364955242723227241e-03,2.830645826179534197e-05,2.830645826179534197e-05
2.357483625411987305e+00,2.521700835227966397e+00,2.357511997222900391e+00,2.521729207038879483e+00,8.202664852142333984e-01,8.280064702033996804e-01,9.164978265762329102e-01,9.304549992084503174e-01,3.576920330524444580e-01,5.445931524038314375e-01,2.613323330879211426e-01,2.146610066294670216e-01,1.694958307780325413e-03,3.985243709757923733e-03,2.829960794770158827e-05,2.829960794770158827e-05
2.357419967651367188e+00,2.499594759941101252e+00,2.357448339462280273e+00,2.499623131752014338e+00,7.549754381179809570e-01,8.253899514675140381e-01,9.191576242446899414e-01,9.272154808044433816e-01,4.462361037731170654e-01,5.311171054840088113e-01,2.346727699041366577e-01,2.130694463849067688e-01,2.377873519435524940e-03,2.802756335586309606e-03,2.829411096172407269e-05,2.829411096172407269e-05
2.914144754409790039e+00,2.494551730155945002e+00,2.914173126220703125e+00,2.494580101966858088e+00,8.229678869247436523e-01,8.177646696567535400e-01,9.223700165748596191e-01,9.256284296512603538e-01,9.625057578086853027e-01,5.352532297372818437e-01,2.042675614356994629e-01,2.131421774625778254e-01,2.033507684245705605e-03,2.763252123259007931e-03,2.829011282301507890e-05,2.829011282301507890e-05
2.704964637756347656e+00,2.509410572052002131e+00,2.704993009567260742e+00,2.509438943862915217e+00,8.225648999214172363e-01,8.267233788967132124e-01,9.210268259048461914e-01,9.333183169364929199e-01,6.586542129516601562e-01,5.288893878459930420e-01,2.974600791931152344e-01,2.145445674657821544e-01,5.258597433567047119e-03,5.934927519410848964e-03,2.828145079547539353e-05,2.828145079547539353e-05
2.373804569244384766e+00,2.506284785270691096e+00,2.373832941055297852e+00,2.506313157081604182e+00,7.999103069305419922e-01,8.200565397739409956e-01,9.264039397239685059e-01,9.273372590541839600e-01,4.311605095863342285e-01,5.350191295146942139e-01,2.018346637487411499e-01,2.146652027964592035e-01,1.449517067521810532e-02,9.206586051732301712e-03,2.828099968610331416e-05,2.828099968610331416e-05
3.289027214050292969e+00,2.515274405479431152e+00,3.289055585861206055e+00,2.515302777290344238e+00,8.095408678054809570e-01,8.192335307598114236e-01,9.053190350532531738e-01,9.325217306613922119e-01,1.351631760597229004e+00,5.436754047870635542e-01,2.124167829751968384e-01,2.124354317784309387e-01,1.011876855045557022e-02,7.408281555399298668e-03,2.827157004503533244e-05,2.827157004503533244e-05
2.493017673492431641e+00,2.494470405578613104e+00,2.493046045303344727e+00,2.494498777389526190e+00,8.775838017463684082e-01,8.257047533988952637e-01,9.214671850204467773e-01,9.278550207614898460e-01,5.005128979682922363e-01,5.201048344373703225e-01,1.778690069913864136e-01,2.122327893972396906e-01,1.558461412787437439e-02,8.572998177260159752e-03,2.826844684022944421e-05,2.826844684022944421e-05
2.272451877593994141e+00,2.481441926956176935e+00,2.272480249404907227e+00,2.481470298767090021e+00,8.144878149032592773e-01,8.183249771595001443e-01,9.376289844512939453e-01,9.357827007770538330e-01,3.652211725711822510e-01,5.141124784946441428e-01,1.520092189311981201e-01,2.106159687042236384e-01,3.104648785665631294e-03,2.605753648094832724e-03,2.826749187079258263e-05,2.826749187079258263e-05
2.337129116058349609e+00,2.509119868278503418e+00,2.337157487869262695e+00,2.509148240089416504e+00,8.078654408454895020e-01,8.208278834819793257e-01,9.283335804939270020e-01,9.332345783710479514e-01,3.935394585132598877e-01,5.411032021045685259e-01,2.013552635908126831e-01,2.095254749059677069e-01,6.035256665199995041e-03,4.428675351664424116e-03,2.826525815180502832e-05,2.826525815180502832e-05
2.377245903015136719e+00,2.513942003250122070e+00,2.377274274826049805e+00,2.513970375061035156e+00,8.775461316108703613e-01,8.397079408168792725e-01,9.498109221458435059e-01,9.380639374256134477e-01,3.208380043506622314e-01,5.147281110286712202e-01,2.189955860376358032e-01,2.093012094497680720e-01,1.005539856851100922e-02,1.214082604274153640e-02,2.826762647600844502e-05,2.826762647600844502e-05
2.152816295623779297e+00,2.478991889953613192e+00,2.152844667434692383e+00,2.479020261764526278e+00,7.710783481597900391e-01,8.188661217689514604e-01,9.391966462135314941e-01,9.327609360218047652e-01,2.893878221511840820e-01,5.169431269168853760e-01,1.501935124397277832e-01,2.085522741079330333e-01,2.960078651085495949e-03,1.869436388369649735e-03,2.826669879141263664e-05,2.826669879141263664e-05
2.729343891143798828e+00,2.490803265571594149e+00,2.729372262954711914e+00,2.490831637382507235e+00,8.016638755798339844e-01,8.251820445060730203e-01,9.045678973197937012e-01,9.338624179363250732e-01,7.889811396598815918e-01,5.194893687963485496e-01,2.301706224679946899e-01,2.084081947803497203e-01,3.960249014198780060e-03,3.861268796026706522e-03,2.826663694577291608e-05,2.826663694577291608e-05
2.263416528701782227e+00,2.547312951087951749e+00,2.263444900512695312e+00,2.547341322898864835e+00,8.392657637596130371e-01,8.333111226558684859e-01,9.225493073463439941e-01,9.285625040531158003e-01,2.845127880573272705e-01,5.607565581798553689e-01,2.065242826938629150e-01,2.132155165076255743e-01,1.056434493511915207e-02,1.146725891157984734e-02,2.826422678481321782e-05,2.826422678481321782e-05
3.202330589294433594e+00,2.497780537605285733e+00,3.202358961105346680e+00,2.497808909416198819e+00,7.873920202255249023e-01,8.152310192584991677e-01,8.978449106216430664e-01,9.314127564430236816e-01,1.282665967941284180e+00,5.360612690448760542e-01,2.317080050706863403e-01,2.123067095875739996e-01,2.719743177294731140e-03,2.768761035986244592e-03,2.826559830282349139e-05,2.826559830282349139e-05
2.383147954940795898e+00,2.538905692100525080e+00,2.383176326751708984e+00,2.538934063911438166e+00,8.571578264236450195e-01,8.443480312824249712e-01,9.557855725288391113e-01,9.363329231739043745e-01,3.189357817173004150e-01,5.373391330242156538e-01,2.468096762895584106e-01,2.094003215432166942e-01,4.458836745470762253e-03,1.148533914238214493e-02,2.826994568749796599e-05,2.826994568749796599e-05
2.308727741241455078e+00,2.458610868453979581e+00,2.308756113052368164e+00,2.458639240264892667e+00,8.566674590110778809e-01,8.177890717983246072e-01,9.492762088775634766e-01,9.297651708126067893e-01,3.078239560127258301e-01,5.009832918643951638e-01,1.920392066240310669e-01,2.065489336848259083e-01,2.920893952250480652e-03,3.524435567669570446e-03,2.827410753525327891e-05,2.827410753525327891e-05
2.924710273742675781e+00,2.483234357833862482e+00,2.924738645553588867e+00,2.483262729644775568e+00,8.772509098052978516e-01,8.382223784923553689e-01,9.177352786064147949e-01,9.257864058017730713e-01,8.994801640510559082e-01,5.029767781496048418e-01,2.215217202901840210e-01,2.063099011778831426e-01,8.722377941012382507e-03,9.938956424593924782e-03,2.828028664225712419e-05,2.828028664225712419e-05
2.294646024703979492e+00,2.502873945236205877e+00,2.294674396514892578e+00,2.502902317047118963e+00,8.198496699333190918e-01,8.261871933937072754e-01,9.426997303962707520e-01,9.336934745311736839e-01,3.299343883991241455e-01,5.252135276794434038e-01,1.955193132162094116e-01,2.095368131995201111e-01,6.643173284828662872e-03,8.242923859506845127e-03,2.829663026204798371e-05,2.829663026204798371e-05
2.314948797225952148e+00,2.521182155609130948e+00,2.314977169036865234e+00,2.521210527420044034e+00,8.491263389587402344e-01,8.456571519374846968e-01,9.425503611564636230e-01,9.355183541774749756e-01,3.383590579032897949e-01,5.140873610973357710e-01,1.705355048179626465e-01,2.101348534226417653e-01,1.437740307301282883e-02,1.578440070152282645e-02,2.829772347467951477e-05,2.829772347467951477e-05
2.434633970260620117e+00,2.485483121871948420e+00,2.434662342071533203e+00,2.485511493682861506e+00,7.846765518188476562e-01,8.184598088264465332e-01,8.989250063896179199e-01,9.288435697555541548e-01,5.106157064437866211e-01,5.218883782625198808e-01,2.321189641952514648e-01,2.103980928659439087e-01,8.297687396407127380e-03,5.893260752782225435e-03,2.829224104061722755e-05,2.829224104061722755e-05
2.314011812210083008e+00,2.478753614425659002e+00,2.314040184020996094e+00,2.478781986236572088e+00,8.123818039894104004e-01,8.227268815040588157e-01,9.404332041740417480e-01,9.317774057388306108e-01,3.455861508846282959e-01,5.095367103815078291e-01,2.070546299219131470e-01,2.089962348341941889e-01,8.556225337088108063e-03,5.716335633769631733e-03,2.829894583555869758e-05,2.829894583555869758e-05
2.552384138107299805e+00,2.477854228019714444e+00,2.552412509918212891e+00,2.477882599830627530e+00,8.454086184501647949e-01,8.261935412883758545e-01,9.353233575820922852e-01,9.288085877895355669e-01,6.057178378105163574e-01,5.104673147201538308e-01,1.610443890094757080e-01,2.089690268039703369e-01,4.890078213065862656e-03,3.415781003423034971e-03,2.829308141372166574e-05,2.829308141372166574e-05
2.361442327499389648e+00,2.520341038703918457e+00,2.361470699310302734e+00,2.520369410514831543e+00,8.183301091194152832e-01,8.163068473339081255e-01,9.427055120468139648e-01,9.344199955463409202e-01,3.796076774597167969e-01,5.572501242160796675e-01,2.196811586618423462e-01,2.108118161559104919e-01,1.117818988859653473e-03,1.552293112035840836e-03,2.829860568454023451e-05,2.829860568454023451e-05
3.578356266021728516e+00,2.517743182182312189e+00,3.578384637832641602e+00,2.517771553993225275e+00,8.086897134780883789e-01,8.212322652339935081e-01,8.930914402008056641e-01,9.333304703235626443e-01,1.548781991004943848e+00,5.487598478794097900e-01,3.264139890670776367e-01,2.115337222814560048e-01,1.378913293592631817e-03,2.886911993846297177e-03,2.829460208886303008e-05,2.829460208886303008e-05
2.219248533248901367e+00,2.475572633743285955e+00,2.219276905059814453e+00,2.475601005554199041e+00,7.555177807807922363e-01,8.149295091629028542e-01,8.932952880859375000e-01,9.264890134334564653e-01,3.684662282466888428e-01,5.174122899770736694e-01,1.912298053503036499e-01,2.126629143953323309e-01,1.073953602463006973e-02,4.078922211192548275e-03,2.828792821674142033e-05,2.828792821674142033e-05
2.581122398376464844e+00,2.495026636123657049e+00,2.581150770187377930e+00,2.495055007934570135e+00,8.012281656265258789e-01,8.213578522205352561e-01,9.076377153396606445e-01,9.317773163318634477e-01,6.115970611572265625e-01,5.255338072776793990e-01,2.580261230468750000e-01,2.135744333267211859e-01,2.633316908031702042e-03,2.783273253589868459e-03,2.828021752065978944e-05,2.828021752065978944e-05
2.340272903442382812e+00,2.502306628227233709e+00,2.340301275253295898e+00,2.502335000038146795e+00,8.465866446495056152e-01,8.193907916545868364e-01,9.326280951499938965e-01,9.267852306365966797e-01,3.866628706455230713e-01,5.392953723669051680e-01,1.715732812881469727e-01,2.142461031675338690e-01,2.821819856762886047e-03,2.589131705462932587e-03,2.827563730534166098e-05,2.827563730534166098e-05
2.585676908493041992e+00,2.518389701843261719e+00,2.585705280303955078e+00,2.518418073654174805e+00,7.839589118957519531e-01,8.288828670978546365e-01,9.029585123062133789e-01,9.300256192684173140e-01,6.385497450828552246e-01,5.424964904785156694e-01,2.572995722293853760e-01,2.141268655657768138e-01,2.910086652263998985e-03,2.857860596850514585e-03,2.828332799253985286e-05,2.828332799253985286e-05
2.453775882720947266e+00,2.518140935897827060e+00,2.453804254531860352e+00,2.518169307708740146e+00,8.557186722755432129e-01,8.313530802726745161e-01,9.665461778640747070e-01,9.402962267398834451e-01,4.095478057861328125e-01,5.293183714151382668e-01,2.191105484962463379e-01,2.119527548551559393e-01,2.852705074474215508e-03,5.220477469265460968e-03,2.828155993483960629e-05,2.828155993483960629e-05
2.444365262985229492e+00,2.488412642478942782e+00,2.444393634796142578e+00,2.488441014289855868e+00,8.514045476913452148e-01,8.217425584793091042e-01,9.432711005210876465e-01,9.312550425529479980e-01,3.912192583084106445e-01,5.202872604131698608e-01,2.534787356853485107e-01,2.102832108736038264e-01,4.991503432393074036e-03,4.844588972628116434e-03,2.828374272212386131e-05,2.828374272212386131e-05
2.355503082275390625e+00,2.486998867988586603e+00,2.355531454086303711e+00,2.487027239799499689e+00,8.271771669387817383e-01,8.232034444808959961e-01,9.446555972099304199e-01,9.355287611484527366e-01,3.734640777111053467e-01,5.140952557325363381e-01,2.048913985490798950e-01,2.105824127793312073e-01,5.314759910106658936e-03,3.588987095281481569e-03,2.827418211381882429e-05,2.827418211381882429e-05
2.407037019729614258e+00,2.490025162696838379e+00,2.407065391540527344e+00,2.490053534507751465e+00,8.500930070877075195e-01,8.155987262725830078e-01,9.509851932525634766e-01,9.402804195880889448e-01,3.590032160282135010e-01,5.215238988399505393e-01,2.453667819499969482e-01,2.105383530259132274e-01,1.588776358403265476e-03,2.083724888507276773e-03,2.827294883900322020e-05,2.827294883900322020e-05
2.709247350692749023e+00,2.519849586486816229e+00,2.709275722503662109e+00,2.519877958297729315e+00,8.125314712524414062e-01,8.236519873142242876e-01,9.226338267326354980e-01,9.299914181232452615e-01,7.896267771720886230e-01,5.406339198350906816e-01,1.694587618112564087e-01,2.114582031965255848e-01,1.499622222036123276e-02,1.411403585225343670e-02,2.827084244927391410e-05,2.827084244927391410e-05
2.394670248031616211e+00,2.520955944061279208e+00,2.394698619842529297e+00,2.520984315872192294e+00,8.381034731864929199e-01,8.258926630020141380e-01,9.246090054512023926e-01,9.281936109066009077e-01,4.169653952121734619e-01,5.476446121931075606e-01,2.086603492498397827e-01,2.126803606748580988e-01,6.331952288746833801e-03,6.544808018952607762e-03,2.826970376190729439e-05,2.826970376190729439e-05
2.789464950561523438e+00,2.523118495941162109e+00,2.789493322372436523e+00,2.523146867752075195e+00,7.946684360504150391e-01,8.275461196899414062e-01,9.205777645111083984e-01,9.309579133987426758e-01,8.242346048355102539e-01,5.456689268350600752e-01,2.440520524978637695e-01,2.133867785334587208e-01,5.932333413511514664e-03,5.558795901015401233e-03,2.826915078912861645e-05,2.826915078912861645e-05
2.469761371612548828e+00,2.527415084838867010e+00,2.469789743423461914e+00,2.527443456649780096e+00,8.770174980163574219e-01,8.325347185134888139e-01,9.352848529815673828e-01,9.399868607521056907e-01,3.895854949951171875e-01,5.327165901660919634e-01,2.607454657554626465e-01,2.136449888348579407e-01,7.128082215785980225e-03,8.531906455755234459e-03,2.825819137797225267e-05,2.825819137797225267e-05
2.630186080932617188e+00,2.535569524765014737e+00,2.630214452743530273e+00,2.535597896575927823e+00,8.132925629615783691e-01,8.357661724090575950e-01,9.093559384346008301e-01,9.311417579650879128e-01,6.896937489509582520e-01,5.471912592649459395e-01,2.049451768398284912e-01,2.141102522611618153e-01,1.289860904216766357e-02,7.359988894313574184e-03,2.825535557349212468e-05,2.825535557349212468e-05
2.259007692337036133e+00,2.512934780120849698e+00,2.259036064147949219e+00,2.512963151931762784e+00,7.735718488693237305e-01,8.201622128486633079e-01,9.138278961181640625e-01,9.286176443099976030e-01,3.607490062713623047e-01,5.391547560691833940e-01,1.949691921472549438e-01,2.155322343111038264e-01,1.588978059589862823e-02,9.467936493456364025e-03,2.825598494382575154e-05,2.825598494382575154e-05
2.436148166656494141e+00,2.584908437728882014e+00,2.436176300048828125e+00,2.584936571121215998e+00,8.211576938629150391e-01,8.398419022560119629e-01,9.174714684486389160e-01,9.478564739227295366e-01,4.767652750015258789e-01,5.569460153579711692e-01,2.140564620494842529e-01,2.155705392360687256e-01,6.697066128253936768e-03,2.469353321939706664e-02,2.825112824211828411e-05,2.825112824211828411e-05
2.519860506057739258e+00,2.473321151733398615e+00,2.519888639450073242e+00,2.473349285125732600e+00,8.274495601654052734e-01,8.144178390502929688e-01,9.251589179039001465e-01,9.272717118263245073e-01,5.262973904609680176e-01,5.138527423143386397e-01,2.384685128927230835e-01,2.159261688590049799e-01,2.486174926161766052e-03,1.852724375203251752e-03,2.825009687512647361e-05,2.825009687512647361e-05
2.285403966903686523e+00,2.506724524497985662e+00,2.285432100296020508e+00,2.506752657890319647e+00,8.449504971504211426e-01,8.163509070873260498e-01,9.262351989746093750e-01,9.279979348182678667e-01,3.072406351566314697e-01,5.455686897039413452e-01,2.045199424028396606e-01,2.150764957070350758e-01,2.457669936120510101e-03,1.730466156732290940e-03,2.824480907293036580e-05,2.824480907293036580e-05
2.246007680892944336e+00,2.516996717453003019e+00,2.246035814285278320e+00,2.517024850845337003e+00,8.094970583915710449e-01,8.180663883686065674e-01,8.837603926658630371e-01,9.283124268054961936e-01,2.972951531410217285e-01,5.437545299530028853e-01,2.396816611289978027e-01,2.133535355329513605e-01,1.577323116362094879e-02,1.350979786366224289e-02,2.823238901328295469e-05,2.823238901328295469e-05
2.612407207489013672e+00,2.469944095611572354e+00,2.612435340881347656e+00,2.469972229003906339e+00,7.739958763122558594e-01,8.219906687736511230e-01,8.917527198791503906e-01,9.249466538429260698e-01,7.628349065780639648e-01,5.062488406896591409e-01,1.725673228502273560e-01,2.107683226466178783e-01,1.125612948089838028e-02,5.989575153216719280e-03,2.822789974743500352e-05,2.822789974743500352e-05
2.304715633392333984e+00,2.494814825057983576e+00,2.304743766784667969e+00,2.494842958450317560e+00,8.625251650810241699e-01,8.323396861553191695e-01,9.164823889732360840e-01,9.292652010917663574e-01,3.340880870819091797e-01,5.129875779151916726e-01,1.831705868244171143e-01,2.120221838355064448e-01,8.449199609458446503e-03,8.200220623984932553e-03,2.823107206495478749e-05,2.823107206495478749e-05
2.453905105590820312e+00,2.480528521537780584e+00,2.453933238983154297e+00,2.480556654930114568e+00,7.572584152221679688e-01,8.180376827716827615e-01,8.923503160476684570e-01,9.248017370700836182e-01,6.310198307037353516e-01,5.232783675193786177e-01,1.673415452241897583e-01,2.117310091853141785e-01,5.934957414865493774e-03,2.679734537377953356e-03,2.823792783601675183e-05,2.823792783601675183e-05
2.320663213729858398e+00,2.551546025276183904e+00,2.320691347122192383e+00,2.551574158668517889e+00,8.294533491134643555e-01,8.279163897037505881e-01,9.596697092056274414e-01,9.390102744102477583e-01,3.278571367263793945e-01,5.630395084619521651e-01,1.968494802713394165e-01,2.104435101151466425e-01,6.833438295871019363e-03,1.113638384267687763e-02,2.823334216373041272e-05,2.823334216373041272e-05
2.252242088317871094e+00,2.486876797676086603e+00,2.252270221710205078e+00,2.486904931068420588e+00,8.423040509223937988e-01,8.154689550399780718e-01,9.662129282951354980e-01,9.270051181316375510e-01,3.142791688442230225e-01,5.302631735801697221e-01,1.254066973924636841e-01,2.102188736200332753e-01,4.039179068058729172e-03,3.920693113468587225e-03,2.823082832037471235e-05,2.823082832037471235e-05
2.313209772109985352e+00,2.467417097091674894e+00,2.313237905502319336e+00,2.467445230484008878e+00,8.270581364631652832e-01,8.211525619029999001e-01,9.128437638282775879e-01,9.306255221366882546e-01,3.377207815647125244e-01,5.041312515735626443e-01,2.331166416406631470e-01,2.087746843695640619e-01,2.470382954925298691e-03,2.733066538348794070e-03,2.822855822159908712e-05,2.822855822159908712e-05
2.280127048492431641e+00,2.484740805625915705e+00,2.280155181884765625e+00,2.484768939018249689e+00,8.099266290664672852e-01,8.141608059406280073e-01,9.329589605331420898e-01,9.359727501869201660e-01,3.381816148757934570e-01,5.229992330074310081e-01,1.972716152667999268e-01,2.097520127892494313e-01,1.788383582606911659e-03,1.855996344238519582e-03,2.822463648044504225e-05,2.822463648044504225e-05
2.201575517654418945e+00,2.471783018112182706e+00,2.201603651046752930e+00,2.471811151504516690e+00,7.458724975585937500e-01,8.185102880001068337e-01,9.256513714790344238e-01,9.299067378044127974e-01,3.609482347965240479e-01,5.112865060567856057e-01,1.663293242454528809e-01,2.093601867556572071e-01,2.774034161120653152e-03,2.719226945191621954e-03,2.822707392624579370e-05,2.822707392624579370e-05
2.806248903274536133e+00,2.478336501121520818e+00,2.806277036666870117e+00,2.478364634513854803e+00,7.773617506027221680e-01,8.203046441078185591e-01,9.086698293685913086e-01,9.337438106536865012e-01,9.061760306358337402e-01,5.136404633522033691e-01,2.108258306980133057e-01,2.076284289360046387e-01,3.215306904166936874e-03,3.019141708500683394e-03,2.822504393407143652e-05,2.822504393407143652e-05
2.278357982635498047e+00,2.461792206764221280e+00,2.278386116027832031e+00,2.461820340156555265e+00,8.013290762901306152e-01,8.151862621307373047e-01,9.147022366523742676e-01,9.275978267192840354e-01,3.655337393283843994e-01,5.090283036231995073e-01,1.943014115095138550e-01,2.080054387450218090e-01,2.491575432941317558e-03,1.974372251424938440e-03,2.821674934239126742e-05,2.821674934239126742e-05
2.283651828765869141e+00,2.468393492698669256e+00,2.283679962158203125e+00,2.468421626091003240e+00,8.212496638298034668e-01,8.212947666645049605e-01,9.180782437324523926e-01,9.258512914180755393e-01,3.532775938510894775e-01,5.068401068449019942e-01,1.798560023307800293e-01,2.075322374701499828e-01,1.119018066674470901e-02,6.875046016648411924e-03,2.821700036292895675e-05,2.821700036292895675e-05
2.351032972335815430e+00,2.464904332160949618e+00,2.351061105728149414e+00,2.464932465553283603e+00,8.476371169090270996e-01,8.216195464134216087e-01,9.540216326713562012e-01,9.278377294540405273e-01,3.422036767005920410e-01,5.054441273212433305e-01,2.053733915090560913e-01,2.075969323515892140e-01,1.797161065042018890e-03,2.405947796069085511e-03,2.821737507474608719e-05,2.821737507474608719e-05
2.271318674087524414e+00,2.499912691116333185e+00,2.271346807479858398e+00,2.499940824508667170e+00,8.156166672706604004e-01,8.224975764751434326e-01,9.328222870826721191e-01,9.274809479713439497e-01,3.568022847175598145e-01,5.346027851104736550e-01,1.620883792638778687e-01,2.116333723068237194e-01,3.989009652286767960e-03,3.698112769052386371e-03,2.821996895363554358e-05,2.821996895363554358e-05
2.333966016769409180e+00,2.497078943252563299e+00,2.333994150161743164e+00,2.497107076644897283e+00,8.617896437644958496e-01,8.147564053535460982e-01,9.517414569854736328e-01,9.285404980182647705e-01,3.768569529056549072e-01,5.372851699590682761e-01,1.399038583040237427e-01,2.136467397212982178e-01,3.674071980640292168e-03,2.850110665895044717e-03,2.820844019879586995e-05,2.820844019879586995e-05
2.339560747146606445e+00,2.540653133392333896e+00,2.339588880538940430e+00,2.540681266784667880e+00,8.253221511840820312e-01,8.214001595973968728e-01,9.427205920219421387e-01,9.379211246967316118e-01,3.706069886684417725e-01,5.613458365201949851e-01,1.953678280115127563e-01,2.134450167417526190e-01,5.543214268982410431e-03,6.540986802428960453e-03,2.820406007231213152e-05,2.820406007231213152e-05
2.340076684951782227e+00,2.520748233795166104e+00,2.340104818344116211e+00,2.520776367187500089e+00,8.480172157287597656e-01,8.218946337699890581e-01,9.369245767593383789e-01,9.246139883995055930e-01,3.486139178276062012e-01,5.593856275081634521e-01,2.040436118841171265e-01,2.126407742500305287e-01,2.477309899404644966e-03,2.213246375322342092e-03,2.819346445903647691e-05,2.819346445903647691e-05
2.296836137771606445e+00,2.508668327331542880e+00,2.296864271163940430e+00,2.508696460723876864e+00,8.099423646926879883e-01,8.126260101795196311e-01,9.482027292251586914e-01,9.298506736755370872e-01,3.551928997039794922e-01,5.518692046403884666e-01,1.821798384189605713e-01,2.128600209951400646e-01,1.318157883360981941e-03,1.462341821752488570e-03,2.818151551764458418e-05,2.818151551764458418e-05
2.563010692596435547e+00,2.517075085639953524e+00,2.563038825988769531e+00,2.517103219032287509e+00,7.784794569015502930e-01,8.173313736915588379e-01,9.240922331809997559e-01,9.259679734706878218e-01,7.161644101142883301e-01,5.576332658529281616e-01,1.399688869714736938e-01,2.129447951912880055e-01,4.305818118155002594e-03,3.197688329964876348e-03,2.816718188114464283e-05,2.816718188114464283e-05
2.265905618667602539e+00,2.496079754829406916e+00,2.265933752059936523e+00,2.496107888221740900e+00,8.142068982124328613e-01,8.149689614772797075e-01,8.918115496635437012e-01,9.258033454418181929e-01,3.554955124855041504e-01,5.385360240936278853e-01,2.018234729766845703e-01,2.147362068295478876e-01,2.568249125033617020e-03,2.035234239883720875e-03,2.816839332808740437e-05,2.816839332808740437e-05
2.304404497146606445e+00,2.533739662170410245e+00,2.304432630538940430e+00,2.533767795562744229e+00,8.290203213691711426e-01,8.210069000720977561e-01,9.405302405357360840e-01,9.275122940540313499e-01,3.579525351524353027e-01,5.681290864944458230e-01,1.747210472822189331e-01,2.146848410367965809e-01,2.180344657972455025e-03,2.406548336148262111e-03,2.816086998791433871e-05,2.816086998791433871e-05
4.754399776458740234e+00,2.560720181465149015e+00,4.754427909851074219e+00,2.560748314857482999e+00,8.196021318435668945e-01,8.172237932682037131e-01,9.423495531082153320e-01,9.280507624149322288e-01,2.761087656021118164e+00,5.990013569593429787e-01,2.300955653190612793e-01,2.145123898983001820e-01,1.264910330064594746e-03,1.931823277845978694e-03,2.815831976477056742e-05,2.815831976477056742e-05
2.774167776107788086e+00,2.534362673759460449e+00,2.774195909500122070e+00,2.534390807151794434e+00,7.692091464996337891e-01,8.105632185935973677e-01,9.268916249275207520e-01,9.384403765201568826e-01,8.849127888679504395e-01,5.676281660795211570e-01,1.914158016443252563e-01,2.162131503224372919e-01,1.738504040986299515e-03,1.517812360543757720e-03,2.814390609273687005e-05,2.814390609273687005e-05
2.365185022354125977e+00,2.517101049423217773e+00,2.365213155746459961e+00,2.517129182815551758e+00,8.084534406661987305e-01,8.156483352184296098e-01,9.431746602058410645e-01,9.326713323593139870e-01,3.971975743770599365e-01,5.497242599725723489e-01,2.142566591501235962e-01,2.145788714289665333e-01,2.102537080645561218e-03,4.478261154145002192e-03,2.813645187416113913e-05,2.813645187416113913e-05
2.268522262573242188e+00,2.516372919082641602e+00,2.268550395965576172e+00,2.516401052474975586e+00,7.860260009765625000e-01,8.240866541862488237e-01,9.042434692382812500e-01,9.345733284950256126e-01,3.797253966331481934e-01,5.416594684123993142e-01,1.954209059476852417e-01,2.132585898041725048e-01,3.106413409113883972e-03,2.794861933216452512e-03,2.813951869029551744e-05,2.813951869029551744e-05
4.892413139343261719e+00,2.541495823860168368e+00,4.892441272735595703e+00,2.541523957252502353e+00,8.179554939270019531e-01,8.297744452953338401e-01,9.298052191734313965e-01,9.279213547706604004e-01,2.893326282501220703e+00,5.619232296943664773e-01,2.430669516324996948e-01,2.136137694120407160e-01,8.259400725364685059e-03,8.262988971546291958e-03,2.813711034832522273e-05,2.813711034832522273e-05
2.338891506195068359e+00,2.542506837844848544e+00,2.338919639587402344e+00,2.542534971237182528e+00,7.917931675910949707e-01,8.288146734237671343e-01,9.207933545112609863e-01,9.321053743362426314e-01,4.232226610183715820e-01,5.591866225004196167e-01,1.956081241369247437e-01,2.170554354786872753e-01,7.474107667803764343e-03,5.344727123156189745e-03,2.813209903251845390e-05,2.813209903251845390e-05
2.355459451675415039e+00,2.545034170150756836e+00,2.355487585067749023e+00,2.545062303543090820e+00,8.320429921150207520e-01,8.144210577011108398e-01,9.606905579566955566e-01,9.326920688152313677e-01,3.576690852642059326e-01,5.767681866884231123e-01,2.027951031923294067e-01,2.185223937034606878e-01,2.261795569211244583e-03,2.630469552241265600e-03,2.814345680235419422e-05,2.814345680235419422e-05
2.362745523452758789e+00,2.553779768943786443e+00,2.362773656845092773e+00,2.553807902336120428e+00,8.380388021469116211e-01,8.254714846611023171e-01,9.538712501525878906e-01,9.274254381656646951e-01,3.464556038379669189e-01,5.696949213743209839e-01,2.132866233587265015e-01,2.194407016038894542e-01,1.109318993985652924e-02,1.174724865704774787e-02,2.813872924889437854e-05,2.813872924889437854e-05
2.325641393661499023e+00,2.587880825996399015e+00,2.325669527053833008e+00,2.587908959388732999e+00,8.026342391967773438e-01,8.406494200229644997e-01,9.524284601211547852e-01,9.310699284076691118e-01,3.545915186405181885e-01,5.862729012966155784e-01,2.083839178085327148e-01,2.176748201251030024e-01,7.603332865983247757e-03,1.221378697082400357e-02,2.813842911564279348e-05,2.813842911564279348e-05
2.389607906341552734e+00,2.527865958213806330e+00,2.389636039733886719e+00,2.527894091606140314e+00,8.421140909194946289e-01,8.229297757148742454e-01,9.439256787300109863e-01,9.364905476570128950e-01,3.866043388843536377e-01,5.489860594272613081e-01,2.128963470458984375e-01,2.126570895314216503e-01,4.067501984536647797e-03,6.802488211542367588e-03,2.813725950545631349e-05,2.813725950545631349e-05
2.331365823745727539e+00,2.494936323165893644e+00,2.331393957138061523e+00,2.494964456558227628e+00,7.757325172424316406e-01,8.138938963413238081e-01,9.051872491836547852e-01,9.318859457969665971e-01,4.487573206424713135e-01,5.358994573354720625e-01,2.001337558031082153e-01,2.117788434028625433e-01,1.555059454403817654e-03,1.478169893380254420e-03,2.813085302477702498e-05,2.813085302477702498e-05
2.333067655563354492e+00,2.490808248519897461e+00,2.333095788955688477e+00,2.490836381912231445e+00,8.576698899269104004e-01,8.224775612354278120e-01,9.385225772857666016e-01,9.297608733177185059e-01,3.452435135841369629e-01,5.241278648376465066e-01,1.895566135644912720e-01,2.110165879130363464e-01,2.075212309136986732e-03,3.425384615547955123e-03,2.813259925460442901e-05,2.813259925460442901e-05
2.362217426300048828e+00,2.525742673873901278e+00,2.362245559692382812e+00,2.525770807266235263e+00,8.167982101440429688e-01,8.236518442630768044e-01,9.436810016632080078e-01,9.344529151916504128e-01,3.717695474624633789e-01,5.486038297414779219e-01,2.260154336690902710e-01,2.142015457153320368e-01,3.953244537115097046e-03,4.832533886656165123e-03,2.813282299030106515e-05,2.813282299030106515e-05
2.571615695953369141e+00,2.534113836288452326e+00,2.571643829345703125e+00,2.534141969680786310e+00,7.954093813896179199e-01,8.242148160934448242e-01,8.874320387840270996e-01,9.321848034858704057e-01,5.778419375419616699e-01,5.591261804103850874e-01,3.068398833274841309e-01,2.133180484175682123e-01,4.092431627213954926e-03,5.269968183711171150e-03,2.813484206853900105e-05,2.813484206853900105e-05
2.659690618515014648e+00,2.489059901237487882e+00,2.659718751907348633e+00,2.489088034629821866e+00,8.079382777214050293e-01,8.265303969383239746e-01,8.750376105308532715e-01,9.315393090248107466e-01,6.726543307304382324e-01,5.111272990703582542e-01,2.980713844299316406e-01,2.128401651978492626e-01,5.989129189401865005e-03,7.022713357582688158e-03,2.813448008964769542e-05,2.813448008964769542e-05
2.698505401611328125e+00,2.536205673217773349e+00,2.698533535003662109e+00,2.536233806610107333e+00,8.158301711082458496e-01,8.188033878803253618e-01,9.189181327819824219e-01,9.272791564464568648e-01,7.972172498703002930e-01,5.706623435020446999e-01,1.576057374477386475e-01,2.123855918645858876e-01,8.934055455029010773e-03,7.075209356844425375e-03,2.812540515151340514e-05,2.812540515151340514e-05
2.334419250488281250e+00,2.508422946929931729e+00,2.334447383880615234e+00,2.508451080322265714e+00,8.461524844169616699e-01,8.194743096828460693e-01,9.337687492370605469e-01,9.263254582881927934e-01,3.571500182151794434e-01,5.378541618585586104e-01,1.884407103061676025e-01,2.159035891294479315e-01,8.907052688300609589e-03,8.865414839237927697e-03,2.811551894410513341e-05,2.811551894410513341e-05
2.296393394470214844e+00,2.567182421684265137e+00,2.296421527862548828e+00,2.567210555076599121e+00,7.814950346946716309e-01,8.365887403488159180e-01,9.095807671546936035e-01,9.537961602210998091e-01,3.762606084346771240e-01,5.441882461309432983e-01,2.122359871864318848e-01,2.141914829611778204e-01,1.682105474174022675e-02,1.841781027615070274e-02,2.812003731378354132e-05,2.812003731378354132e-05
2.340919971466064453e+00,2.481987667083740412e+00,2.340948104858398438e+00,2.482015800476074396e+00,8.207415938377380371e-01,8.145065486431122270e-01,9.173976182937622070e-01,9.311983227729797585e-01,3.672231733798980713e-01,5.204467564821243508e-01,2.333276569843292236e-01,2.135726824402809088e-01,2.229941543191671371e-03,2.263332065194845026e-03,2.812433194776531309e-05,2.812433194776531309e-05
2.801574468612670898e+00,2.514597725868225275e+00,2.801602602005004883e+00,2.514625859260559260e+00,7.956230044364929199e-01,8.207416474819183572e-01,9.100274443626403809e-01,9.347188413143158181e-01,8.688832521438598633e-01,5.430362164974212869e-01,2.257167249917984009e-01,2.132986247539520319e-01,1.323941163718700409e-03,2.802363666705787355e-03,2.811889862641692162e-05,2.811889862641692162e-05
2.311155557632446289e+00,2.498155236244201660e+00,2.311183691024780273e+00,2.498183369636535645e+00,7.965155243873596191e-01,8.167673170566558394e-01,9.007333517074584961e-01,9.284708559513091819e-01,3.817768096923828125e-01,5.384205818176269753e-01,2.312964200973510742e-01,2.133292257785797119e-01,8.332575089298188686e-04,1.167266909033060117e-03,2.811188460327684879e-05,2.811188460327684879e-05
2.420579671859741211e+00,2.510208439826965510e+00,2.420607805252075195e+00,2.510236573219299494e+00,8.632044196128845215e-01,8.226085245609283669e-01,9.403027296066284180e-01,9.332835674285888672e-01,3.863418102264404297e-01,5.364364206790923628e-01,2.272636592388153076e-01,2.137480452656745911e-01,3.467047819867730141e-03,4.131922218948602850e-03,2.810367186611983925e-05,2.810367186611983925e-05
2.381864786148071289e+00,2.537542128562927157e+00,2.381892919540405273e+00,2.537570261955261142e+00,8.390986323356628418e-01,8.266965925693512407e-01,9.387482404708862305e-01,9.345789492130279763e-01,3.652683198451995850e-01,5.554390132427216020e-01,2.314910292625427246e-01,2.132161751389503590e-01,7.258595433086156845e-03,7.611382286995649338e-03,2.811304693750571460e-05,2.811304693750571460e-05
2.281472921371459961e+00,2.517986321449279696e+00,2.281501054763793945e+00,2.518014454841613681e+00,8.233226537704467773e-01,8.210128962993621382e-01,9.383089542388916016e-01,9.313140690326691118e-01,3.380357325077056885e-01,5.482053101062774880e-01,1.769837886095046997e-01,2.129932031035423334e-01,4.821678623557090759e-03,4.460863070562481880e-03,2.811168087646365166e-05,2.811168087646365166e-05
2.335532665252685547e+00,2.549045276641845881e+00,2.335560798645019531e+00,2.549073410034179865e+00,8.437212705612182617e-01,8.350202977657318337e-01,9.473040699958801270e-01,9.384866893291473611e-01,3.344437479972839355e-01,5.505968213081360307e-01,2.040157914161682129e-01,2.130488127470016591e-01,6.047659553587436676e-03,1.189269050955772331e-02,2.810874866554513574e-05,2.810874866554513574e-05
2.544305086135864258e+00,2.531783866882324041e+00,2.544333219528198242e+00,2.531812000274658025e+00,7.717555165290832520e-01,8.163121283054352029e-01,9.058361649513244629e-01,9.303298413753509077e-01,6.435866951942443848e-01,5.703623384237289651e-01,2.210699766874313354e-01,2.130393847823142950e-01,2.056590514257550240e-03,1.740155078005045739e-03,2.810581099765840918e-05,2.810581099765840918e-05
2.275009155273437500e+00,2.503960251808166504e+00,2.275037288665771484e+00,2.503988385200500488e+00,8.022348880767822266e-01,8.328654170036315918e-01,8.605224490165710449e-01,9.279120147228241411e-01,3.291511535644531250e-01,5.240021139383316262e-01,2.769432961940765381e-01,2.137629956007003895e-01,6.157338619232177734e-03,5.417767772451042782e-03,2.809993748087435961e-05,2.809993748087435961e-05
2.337531328201293945e+00,2.565111756324768066e+00,2.337559461593627930e+00,2.565139889717102051e+00,7.961697578430175781e-01,8.239504814147948775e-01,9.068887233734130859e-01,9.249910891056061235e-01,3.321689963340759277e-01,5.931093901395797507e-01,3.007561862468719482e-01,2.203009337186813410e-01,1.547546940855681896e-03,2.759907371364533988e-03,2.809522629831917584e-05,2.809522629831917584e-05
2.468035697937011719e+00,2.541937613487243564e+00,2.468063831329345703e+00,2.541965746879577548e+00,8.382954597473144531e-01,8.295955955982208252e-01,9.416776299476623535e-01,9.368040919303893821e-01,4.924348294734954834e-01,5.532968670129776445e-01,1.842416822910308838e-01,2.089218124747276306e-01,1.138625852763652802e-02,1.331929862499237061e-02,2.808989847835619003e-05,2.808989847835619003e-05
2.304352283477783203e+00,2.514797234535217196e+00,2.304380416870117188e+00,2.514825367927551181e+00,8.566006422042846680e-01,8.342013835906982866e-01,9.288686513900756836e-01,9.377233088016510010e-01,3.483166396617889404e-01,5.302387773990631104e-01,1.660579442977905273e-01,2.083361148834228516e-01,4.508497659116983414e-03,4.297602456063032150e-03,2.808349017868749797e-05,2.808349017868749797e-05
2.311141252517700195e+00,2.503017878532409757e+00,2.311169385910034180e+00,2.503046011924743741e+00,8.299114704132080078e-01,8.292567908763885942e-01,9.431884288787841797e-01,9.357960045337676558e-01,3.420548439025878906e-01,5.245450913906097856e-01,1.889653652906417847e-01,2.075326874852180536e-01,7.021227851510047913e-03,5.887293815612792622e-03,2.808775388984940946e-05,2.808775388984940946e-05
2.421531915664672852e+00,2.471506094932556241e+00,2.421560049057006836e+00,2.471534228324890226e+00,8.380070924758911133e-01,8.195600152015686257e-01,9.412541389465332031e-01,9.355255901813507302e-01,4.561791121959686279e-01,5.041829019784926924e-01,1.828206330537796021e-01,2.081550389528274425e-01,3.271220717579126358e-03,4.082563030533492392e-03,2.808959470712579787e-05,2.808959470712579787e-05
2.248719930648803711e+00,2.485026955604553223e+00,2.248748064041137695e+00,2.485055088996887207e+00,8.015217781066894531e-01,8.184049248695373091e-01,9.454804062843322754e-01,9.304714977741241899e-01,3.094561398029327393e-01,5.255919039249420388e-01,1.900830715894699097e-01,2.076019152998924144e-01,2.178569091483950615e-03,2.956724213436246092e-03,2.808744829962961376e-05,2.808744829962961376e-05
2.290600061416625977e+00,2.477158093452453524e+00,2.290628194808959961e+00,2.477186226844787509e+00,8.338596820831298828e-01,8.153869688510895219e-01,9.152507185935974121e-01,9.268630385398864968e-01,2.878422737121582031e-01,5.258653819561004417e-01,2.517663240432739258e-01,2.074935689568519481e-01,1.880913041532039642e-03,1.549084135331213518e-03,2.808310273394454271e-05,2.808310273394454271e-05
2.318429946899414062e+00,2.515915894508361728e+00,2.318458080291748047e+00,2.515944027900695712e+00,8.328070640563964844e-01,8.173226118087768555e-01,9.297595024108886719e-01,9.268915057182312012e-01,3.139193356037139893e-01,5.387078076601028442e-01,2.213151752948760986e-01,2.116788014769554194e-01,2.062886394560337067e-02,2.131507527083158562e-02,2.808180215652100742e-05,2.808180215652100742e-05
2.287125587463378906e+00,2.558411145210266024e+00,2.287153720855712891e+00,2.558439278602600009e+00,8.306963443756103516e-01,8.298190653324126753e-01,9.319310188293457031e-01,9.281933248043060525e-01,3.406722247600555420e-01,5.740477323532104936e-01,1.747329533100128174e-01,2.180857375264167730e-01,9.092983789741992950e-03,8.265252877026795647e-03,2.806538032018579543e-05,2.806538032018579543e-05
2.319007396697998047e+00,2.501937985420227051e+00,2.319035530090332031e+00,2.501966118812561035e+00,8.324886560440063477e-01,8.145782172679900679e-01,9.272136092185974121e-01,9.276423037052154985e-01,3.494765460491180420e-01,5.389111995697021262e-01,2.076078355312347412e-01,2.185213148593902477e-01,2.220927271991968155e-03,2.285006828606128606e-03,2.806456177495419979e-05,2.806456177495419979e-05
2.311907291412353516e+00,2.532717585563659668e+00,2.311935424804687500e+00,2.532745718955993652e+00,8.392823338508605957e-01,8.117160558700561301e-01,9.398389458656311035e-01,9.308655023574828880e-01,3.458373844623565674e-01,5.669426351785660234e-01,1.799257546663284302e-01,2.179299131035804804e-01,7.022821344435214996e-03,5.263448506593704050e-03,2.805846634146291763e-05,2.805846634146291763e-05
2.326063394546508789e+00,2.586571216583251953e+00,2.326091527938842773e+00,2.586599349975585938e+00,7.911841273307800293e-01,8.168469309806823953e-01,8.701107501983642578e-01,9.293178737163543257e-01,3.598084151744842529e-01,6.154023885726929155e-01,2.956990599632263184e-01,2.178215369582176264e-01,9.260945022106170654e-03,7.182508613914251674e-03,2.804921314236707985e-05,2.804921314236707985e-05
2.315350770950317383e+00,2.561183071136474698e+00,2.315378904342651367e+00,2.561211204528808683e+00,8.141675591468811035e-01,8.184037446975708230e-01,9.250981807708740234e-01,9.272026181221008079e-01,3.327618241310119629e-01,5.895347774028778520e-01,2.408893853425979614e-01,2.208396598696708568e-01,2.434095600619912148e-03,5.202300427481531923e-03,2.804452378768473864e-05,2.804452378768473864e-05
2.297205924987792969e+00,2.547328925132751554e+00,2.297234058380126953e+00,2.547357058525085538e+00,7.771202325820922852e-01,8.158434867858886941e-01,9.226161241531372070e-01,9.230082631111145020e-01,3.283994197845458984e-01,5.834408700466156006e-01,2.663647234439849854e-01,2.211774274706840571e-01,2.705391729250550270e-03,3.858903050422668544e-03,2.802547714964020997e-05,2.802547714964020997e-05
2.584084987640380859e+00,2.560288166999816983e+00,2.584113121032714844e+00,2.560316300392150968e+00,8.380506634712219238e-01,8.216409683227539062e-01,9.202668666839599609e-01,9.230648815631866677e-01,5.909250974655151367e-01,5.887786448001861572e-01,2.301388680934906006e-01,2.210504695773124750e-01,4.703536164015531540e-03,5.753194354474544872e-03,2.802605740725994110e-05,2.802605740725994110e-05
2.354885339736938477e+00,2.558593821525573908e+00,2.354913473129272461e+00,2.558621954917907892e+00,8.518005013465881348e-01,8.224417328834533469e-01,9.209320545196533203e-01,9.261249899864196777e-01,3.130365908145904541e-01,5.835812479257583840e-01,2.635268270969390869e-01,2.213282495737075861e-01,5.589324049651622772e-03,5.117561342194676746e-03,2.801687514875084162e-05,2.801687514875084162e-05
2.807443857192993164e+00,2.575455737113952814e+00,2.807471752166748047e+00,2.575483632087707697e+00,8.579929471015930176e-01,8.230477035045623557e-01,9.294347167015075684e-01,9.234841108322143777e-01,7.564358115196228027e-01,6.025815457105636597e-01,2.600785493850708008e-01,2.226149484515190236e-01,3.501624101772904396e-03,3.727427241392433557e-03,2.801394293783232570e-05,2.801394293783232570e-05
2.272585391998291016e+00,2.553885841369628817e+00,2.272613286972045898e+00,2.553913736343383700e+00,8.281235098838806152e-01,8.227401971817016602e-01,9.323109388351440430e-01,9.247886002063750999e-01,3.218401372432708740e-01,5.771835625171661821e-01,1.824458092451095581e-01,2.217640146613120977e-01,7.865159772336483002e-03,7.409497350454330618e-03,2.801391565299127251e-05,2.801391565299127251e-05
2.281849145889282227e+00,2.541743922233581365e+00,2.281877040863037109e+00,2.541771817207336248e+00,7.866933941841125488e-01,8.223026931285858376e-01,9.012494087219238281e-01,9.294267356395721214e-01,3.419756591320037842e-01,5.592822670936584695e-01,2.478546798229217529e-01,2.223654538393020630e-01,4.076065029948949814e-03,8.366762101650238384e-03,2.800352558551821858e-05,2.800352558551821858e-05
2.276413917541503906e+00,2.577757215499878019e+00,2.276441812515258789e+00,2.577785110473632901e+00,7.764819860458374023e-01,8.182457745075225608e-01,9.383941888809204102e-01,9.325304329395294189e-01,3.743160963058471680e-01,5.978646993637084517e-01,1.821842789649963379e-01,2.248759150505065807e-01,5.037255119532346725e-03,4.240394243970513691e-03,2.800508264044765383e-05,2.800508264044765383e-05
3.183917999267578125e+00,2.581794714927673429e+00,3.183945894241333008e+00,2.581822609901428311e+00,8.736696243286132812e-01,8.186645627021789107e-01,9.226204752922058105e-01,9.285987555980682595e-01,1.091618418693542480e+00,6.038134545087814331e-01,2.905478477478027344e-01,2.256019786000251770e-01,5.461703520268201828e-03,5.115954065695404659e-03,2.799584763124585152e-05,2.799584763124585152e-05
2.513232469558715820e+00,2.617900180816650213e+00,2.513260364532470703e+00,2.617928075790405096e+00,8.779943585395812988e-01,8.347922742366791216e-01,9.703436493873596191e-01,9.546193242073058860e-01,3.938021659851074219e-01,5.783020466566085593e-01,2.396536320447921753e-01,2.276026874780655018e-01,3.143870085477828979e-02,2.258383408188819816e-02,2.798840796458534896e-05,2.798840796458534896e-05
2.445829153060913086e+00,2.624259734153747470e+00,2.445857048034667969e+00,2.624287629127502353e+00,8.707028031349182129e-01,8.293170869350433572e-01,9.630196094512939453e-01,9.369029998779296875e-01,3.377652764320373535e-01,6.210912883281707320e-01,2.662400007247924805e-01,2.271524101495742687e-01,8.101788349449634552e-03,9.795865137130021702e-03,2.798632704070769250e-05,2.798632704070769250e-05
2.314320325851440430e+00,2.565789651870727717e+00,2.314348220825195312e+00,2.565817546844482600e+00,7.575642466545104980e-01,8.242066860198974387e-01,8.827475905418395996e-01,9.425755918025970903e-01,3.935660421848297119e-01,5.659873783588409424e-01,2.714130282402038574e-01,2.218680918216705267e-01,9.029339067637920380e-03,1.115187713876366650e-02,2.798112836899235845e-05,2.798112836899235845e-05
2.713698387145996094e+00,2.554729366302490146e+00,2.713726282119750977e+00,2.554757261276245028e+00,7.948100566864013672e-01,8.287427902221680132e-01,9.038592576980590820e-01,9.305102050304412398e-01,7.798002362251281738e-01,5.690853476524353471e-01,2.272785156965255737e-01,2.206330895423889160e-01,7.950397208333015442e-03,5.757956020534038717e-03,2.799278081511147320e-05,2.799278081511147320e-05
2.386582612991333008e+00,2.544533038139343173e+00,2.386610507965087891e+00,2.544560933113098056e+00,8.285985589027404785e-01,8.130287349224090132e-01,9.483160376548767090e-01,9.286273837089538130e-01,4.188204109668731689e-01,5.803263187408447266e-01,1.895311176776885986e-01,2.210516944527625982e-01,1.316501526162028313e-03,1.498867920599877878e-03,2.798566856654360890e-05,2.798566856654360890e-05
2.368915081024169922e+00,2.592779469490051447e+00,2.368942975997924805e+00,2.592807364463806330e+00,7.676940560340881348e-01,8.205186128616333008e-01,8.589749932289123535e-01,9.285502672195434792e-01,4.511759579181671143e-01,6.146303981542586836e-01,2.827045321464538574e-01,2.225012123584747259e-01,8.365498855710029602e-03,6.579028442502021790e-03,2.798599962261505425e-05,2.798599962261505425e-05
3.861229896545410156e+00,2.573654651641845703e+00,3.861257791519165039e+00,2.573682546615600586e+00,7.993782162666320801e-01,8.170996010303497314e-01,9.130542278289794922e-01,9.340986430644988570e-01,1.867171406745910645e+00,5.966690480709075928e-01,2.796817123889923096e-01,2.227257594466209301e-01,1.944605959579348564e-03,3.061586222611367529e-03,2.798372042889241129e-05,2.798372042889241129e-05
2.419154405593872070e+00,2.576570868492126465e+00,2.419182300567626953e+00,2.576598763465881348e+00,8.049577474594116211e-01,8.227370619773864968e-01,9.106452465057373047e-01,9.344773411750793013e-01,4.682072997093200684e-01,5.925960063934325728e-01,2.316668480634689331e-01,2.235614106059074513e-01,3.677448490634560585e-03,3.199084429070353508e-03,2.798280183924362063e-05,2.798280183924362063e-05
2.411576032638549805e+00,2.536875987052917392e+00,2.411603927612304688e+00,2.536903882026672274e+00,8.281939029693603516e-01,8.206047475337981956e-01,9.216320514678955078e-01,9.342928886413573997e-01,4.266625940799713135e-01,5.599598646163940208e-01,2.324100136756896973e-01,2.189963251352310125e-01,2.677538432180881500e-03,3.022128576412797061e-03,2.798111381707713008e-05,2.798111381707713008e-05
2.660896301269531250e+00,2.548104214668273748e+00,2.660924196243286133e+00,2.548132109642028631e+00,8.382281064987182617e-01,8.169038236141205056e-01,9.457473158836364746e-01,9.303456187248230203e-01,6.137184500694274902e-01,5.799556106328964677e-01,2.613188624382019043e-01,2.188452661037444957e-01,1.883567543700337410e-03,2.053918840829282999e-03,2.797374509100336581e-05,2.797374509100336581e-05
2.744087696075439453e+00,2.561154913902282892e+00,2.744115591049194336e+00,2.561182808876037775e+00,8.434212803840637207e-01,8.215082705020904097e-01,9.542816877365112305e-01,9.430865943431854248e-01,7.237663269042968750e-01,5.660071998834610429e-01,2.156895399093627930e-01,2.184738904237747137e-01,6.929038558155298233e-03,1.207896964624524151e-02,2.797177512547932565e-05,2.797177512547932565e-05
2.426261186599731445e+00,2.569502139091491610e+00,2.426289081573486328e+00,2.569530034065246493e+00,8.407888412475585938e-01,8.128234446048736572e-01,9.752195477485656738e-01,9.328101456165314165e-01,4.350713193416595459e-01,5.982985258102416770e-01,1.710351258516311646e-01,2.220467269420623724e-01,4.146527033299207687e-03,3.523254441097378644e-03,2.796999615384265780e-05,2.796999615384265780e-05
2.425283193588256836e+00,2.574371719360351474e+00,2.425311088562011719e+00,2.574399614334106356e+00,8.076496720314025879e-01,8.150546550750732422e-01,9.318010210990905762e-01,9.335780799388885276e-01,4.371081590652465820e-01,5.953766763210296409e-01,2.408136725425720215e-01,2.237642988562583979e-01,7.910472340881824493e-03,6.598015315830707550e-03,2.796810076688416302e-05,2.796810076688416302e-05
2.346145391464233398e+00,2.546443223953247070e+00,2.346173286437988281e+00,2.546471118927001953e+00,8.016687035560607910e-01,8.129677414894104226e-01,9.186679720878601074e-01,9.300446093082428423e-01,4.276251792907714844e-01,5.771503806114196555e-01,1.952756196260452271e-01,2.241055950522422846e-01,2.907985588535666466e-03,2.174901333637535485e-03,2.796341868815943599e-05,2.796341868815943599e-05
2.762784481048583984e+00,2.564480447769164950e+00,2.762812376022338867e+00,2.564508342742919833e+00,8.418278694152832031e-01,8.135967195034027322e-01,9.249362349510192871e-01,9.291892766952514204e-01,7.537508010864257812e-01,5.951951920986175981e-01,2.394394278526306152e-01,2.241964295506477245e-01,2.830066718161106110e-03,2.302819723263382998e-03,2.795606269501149654e-05,2.795606269501149654e-05
2.328930854797363281e+00,2.553231716156005859e+00,2.328958749771118164e+00,2.553259611129760742e+00,7.847875952720642090e-01,8.201711237430572288e-01,9.239292740821838379e-01,9.283846735954284224e-01,3.993892073631286621e-01,5.789460599422454612e-01,2.183359563350677490e-01,2.230688408017158508e-01,2.488818019628524780e-03,2.661004918627440843e-03,2.795643194986041635e-05,2.795643194986041635e-05
2.402450799942016602e+00,2.548876023292541593e+00,2.402478694915771484e+00,2.548903918266296476e+00,8.263450860977172852e-01,8.184328854084015337e-01,9.575236439704895020e-01,9.290813565254211204e-01,4.093170762062072754e-01,5.757775187492371050e-01,2.069763988256454468e-01,2.229716494679450933e-01,2.288544084876775742e-03,2.612549369223415765e-03,2.795595537463668734e-05,2.795595537463668734e-05
2.372415304183959961e+00,2.578950142860412686e+00,2.372443199157714844e+00,2.578978037834167569e+00,8.159351944923400879e-01,8.202017843723297119e-01,9.287934303283691406e-01,9.265250921249389426e-01,4.103283584117889404e-01,6.039757639169692771e-01,2.160254865884780884e-01,2.260245069861412104e-01,1.332756481133401394e-03,2.222996042110026056e-03,2.794604370137676597e-05,2.794604370137676597e-05
2.655394315719604492e+00,2.560878801345825018e+00,2.655422210693359375e+00,2.560906696319579900e+00,8.370620012283325195e-01,8.232748687267303911e-01,9.390064477920532227e-01,9.334153950214385542e-01,6.776148080825805664e-01,5.755290091037750244e-01,1.976481974124908447e-01,2.248082965612411555e-01,4.062575288116931915e-03,3.851305507123470133e-03,2.793591738736722618e-05,2.793591738736722618e-05
2.334403753280639648e+00,2.531088137626647860e+00,2.334431648254394531e+00,2.531116032600402743e+00,7.604779005050659180e-01,8.123341202735900879e-01,8.735532164573669434e-01,9.299294292926788552e-01,4.183621108531951904e-01,5.626235425472259077e-01,2.794854342937469482e-01,2.245064318180084173e-01,2.525205025449395180e-03,1.694629981648176822e-03,2.792701707221567631e-05,2.792701707221567631e-05
5.881719589233398438e+00,2.593225049972534002e+00,5.881747722625732422e+00,2.593252944946288885e+00,8.275073170661926270e-01,8.269280374050140825e-01,9.237923622131347656e-01,9.319590151309966597e-01,3.946300268173217773e+00,6.060608059167862383e-01,1.791188269853591919e-01,2.242795303463935852e-01,5.001002456992864609e-03,3.997642779722809792e-03,2.792428131215274334e-05,2.792428131215274334e-05
2.458188772201538086e+00,2.570585703849792569e+00,2.458216667175292969e+00,2.570613598823547452e+00,8.440880775451660156e-01,8.162065446376800537e-01,9.023683667182922363e-01,9.400619089603423628e-01,4.434583187103271484e-01,5.783397316932678001e-01,2.587671875953674316e-01,2.268128454685211237e-01,9.506868198513984680e-03,9.164671506732701908e-03,2.792570739984512329e-05,2.792570739984512329e-05
2.384354591369628906e+00,2.615719389915466486e+00,2.384382486343383789e+00,2.615747284889221369e+00,8.131437897682189941e-01,8.379528701305389848e-01,8.838485479354858398e-01,9.341680109500885010e-01,4.332906305789947510e-01,6.087134480476379395e-01,2.474576234817504883e-01,2.287571966648101751e-01,6.613770034164190292e-03,6.127859372645616878e-03,2.792742634483147413e-05,2.792742634483147413e-05
2.391870975494384766e+00,2.558478164672851385e+00,2.391898870468139648e+00,2.558506059646606268e+00,7.774305939674377441e-01,8.207903742790222390e-01,9.188453555107116699e-01,9.345553338527678999e-01,4.504603743553161621e-01,5.719279944896697998e-01,2.402201145887374878e-01,2.248057469725608937e-01,4.914602264761924744e-03,6.398722669109702457e-03,2.792080158542376012e-05,2.792080158542376012e-05
2.344480276107788086e+00,2.580739569664001642e+00,2.344508171081542969e+00,2.580767464637756525e+00,7.790732383728027344e-01,8.178839027881622536e-01,9.373592138290405273e-01,9.330527186393737793e-01,4.456554949283599854e-01,5.933246552944183572e-01,1.762935817241668701e-01,2.270970553159713801e-01,6.098774727433919907e-03,9.381231851875782013e-03,2.791409133351407945e-05,2.791409133351407945e-05
2.784970283508300781e+00,2.581775856018066584e+00,2.784998178482055664e+00,2.581803750991821467e+00,8.223088383674621582e-01,8.272046387195587380e-01,9.503620862960815430e-01,9.288233220577239990e-01,8.138946890830993652e-01,5.928139626979828103e-01,1.952815502882003784e-01,2.256676301360130421e-01,3.123142058029770851e-03,7.266301102936268200e-03,2.791670340229757130e-05,2.791670340229757130e-05
2.375396728515625000e+00,2.574900126457214444e+00,2.375424623489379883e+00,2.574928021430969327e+00,8.374137878417968750e-01,8.176150321960449219e-01,9.066162109375000000e-01,9.307914137840270774e-01,4.268221557140350342e-01,5.986045777797699419e-01,2.018186599016189575e-01,2.257278323173523005e-01,2.725788857787847519e-03,2.161285863257944497e-03,2.791798215184826404e-05,2.791798215184826404e-05
2.315676689147949219e+00,2.579530191421508967e+00,2.315704584121704102e+00,2.579558086395263850e+00,7.603232264518737793e-01,8.255189716815948264e-01,9.124677181243896484e-01,9.334902167320251465e-01,4.274635314941406250e-01,5.913905739784240945e-01,2.123663276433944702e-01,2.265034019947052002e-01,3.055791603401303291e-03,2.626997022889554674e-03,2.791804763546679169e-05,2.791804763546679169e-05
2.392518281936645508e+00,2.600966739654540838e+00,2.392546176910400391e+00,2.600994634628295721e+00,8.032742142677307129e-01,8.165436863899231401e-01,9.377064704895019531e-01,9.264035165309906228e-01,4.155448675155639648e-01,6.291410028934478760e-01,2.349041253328323364e-01,2.267567843198776134e-01,1.088629942387342453e-03,2.121738647110760125e-03,2.791023871395736933e-05,2.791023871395736933e-05
2.515550136566162109e+00,2.559357333183288397e+00,2.515578031539916992e+00,2.559385228157043279e+00,8.218134045600891113e-01,8.177442848682403564e-01,9.024014472961425781e-01,9.292086541652679887e-01,5.572103261947631836e-01,5.811600625514984353e-01,2.275154292583465576e-01,2.269311428070068248e-01,6.609615869820117950e-03,4.313190001994371414e-03,2.790639882732648402e-05,2.790639882732648402e-05
3.007597446441650391e+00,2.574349665641784579e+00,3.007625341415405273e+00,2.574377560615539462e+00,8.258891105651855469e-01,8.148395538330077681e-01,9.262201786041259766e-01,9.295147716999053733e-01,8.894613981246948242e-01,5.985951125621795654e-01,3.646247982978820801e-01,2.290128692984580994e-01,1.402172259986400604e-03,2.387340948916971857e-03,2.791692895698361099e-05,2.791692895698361099e-05
2.431368827819824219e+00,2.575366783142089666e+00,2.431396722793579102e+00,2.575394678115844549e+00,7.838009595870971680e-01,8.211384177207946555e-01,8.985728621482849121e-01,9.282168447971343994e-01,5.124046206474304199e-01,5.915804922580718550e-01,2.326274216175079346e-01,2.297896355390548762e-01,3.962983842939138412e-03,4.641418391838669603e-03,2.790500002447515726e-05,2.790500002447515726e-05
2.464832782745361328e+00,2.583720827102661044e+00,2.464860677719116211e+00,2.583748722076415927e+00,8.332780003547668457e-01,8.213282048702239546e-01,9.350492358207702637e-01,9.328085184097290039e-01,4.438912570476531982e-01,5.932158172130584939e-01,2.465161383152008057e-01,2.300676882266998180e-01,6.097946316003799438e-03,6.300606578588485544e-03,2.791327278828248382e-05,2.791327278828248382e-05
2.515305757522583008e+00,2.607584071159362971e+00,2.515333652496337891e+00,2.607611966133117853e+00,7.846744656562805176e-01,8.135161817073821577e-01,9.193699359893798828e-01,9.277878701686859131e-01,5.900021791458129883e-01,6.362277746200561968e-01,2.192753851413726807e-01,2.281707793474197499e-01,1.983931288123130798e-03,1.881446037441492124e-03,2.790337384794838727e-05,2.790337384794838727e-05
2.396567344665527344e+00,2.570539760589599432e+00,2.396595239639282227e+00,2.570567655563354315e+00,8.329600095748901367e-01,8.154692530632019487e-01,9.621198177337646484e-01,9.294189155101776345e-01,4.136580228805541992e-01,5.950139135122298750e-01,1.851982623338699341e-01,2.275891602039337158e-01,2.631282666698098183e-03,3.048529103398323233e-03,2.789630707411561161e-05,2.789630707411561161e-05
3.443563461303710938e+00,2.570536875724792392e+00,3.443591356277465820e+00,2.570564770698547274e+00,7.791318893432617188e-01,8.116466879844665971e-01,9.194068908691406250e-01,9.274707734584808350e-01,1.502401351928710938e+00,5.990367054939269575e-01,2.392354905605316162e-01,2.281369894742965587e-01,3.388001350685954094e-03,4.245673818513750856e-03,2.789755126286763698e-05,2.789755126286763698e-05
2.442504167556762695e+00,2.525511813163757502e+00,2.442532062530517578e+00,2.525539708137512385e+00,7.252677679061889648e-01,8.087843120098113792e-01,8.815280199050903320e-01,9.325109183788299339e-01,5.872631072998046875e-01,5.543779075145721658e-01,2.466446012258529663e-01,2.284915298223495483e-01,1.800668891519308090e-03,1.347155915573239240e-03,2.789103382383473217e-05,2.789103382383473217e-05
2.365341424942016602e+00,2.536647772789001554e+00,2.365369319915771484e+00,2.536675667762756436e+00,8.220479488372802734e-01,8.166757583618163840e-01,9.259147644042968750e-01,9.271399497985839400e-01,4.013955593109130859e-01,5.602720886468887107e-01,2.119462639093399048e-01,2.284713134169578663e-01,4.036812111735343933e-03,4.088744684122502630e-03,2.788227357086725533e-05,2.788227357086725533e-05
2.536150693893432617e+00,2.543181872367858976e+00,2.536178588867187500e+00,2.543209767341613858e+00,7.745816111564636230e-01,8.175064802169800249e-01,9.287543296813964844e-01,9.276819169521332009e-01,6.041768789291381836e-01,5.672807484865188821e-01,2.255019247531890869e-01,2.283569037914276179e-01,3.136035054922103882e-03,2.355841011740267190e-03,2.788870915537700057e-05,2.788870915537700057e-05
2.670735120773315430e+00,2.556804919242858798e+00,2.670763015747070312e+00,2.556832814216613681e+00,8.506466746330261230e-01,8.161514461040496604e-01,9.133507013320922852e-01,9.261391580104827437e-01,6.307045221328735352e-01,5.809657335281371848e-01,2.676227390766143799e-01,2.270889118313789423e-01,8.410451002418994904e-03,6.459729000926017935e-03,2.788057099678553641e-05,2.788057099678553641e-05
2.328573465347290039e+00,2.579957509040832431e+00,2.328601360321044922e+00,2.579985404014587314e+00,8.171745538711547852e-01,8.237066149711609331e-01,9.268909692764282227e-01,9.261447608470916304e-01,3.803259134292602539e-01,6.017208904027938621e-01,2.018292397260665894e-01,2.256474509835243170e-01,2.352830022573471069e-03,2.737858868204057390e-03,2.787363337120041251e-05,2.787363337120041251e-05
2.425666570663452148e+00,2.630748343467712580e+00,2.425694465637207031e+00,2.630776238441467463e+00,7.993431687355041504e-01,8.220249652862549050e-01,9.114655852317810059e-01,9.258511722087859885e-01,4.415312409400939941e-01,6.499663889408111572e-01,2.720290720462799072e-01,2.282619059085845836e-01,1.297368900850415230e-03,4.643925838172436107e-03,2.787125231407117099e-05,2.787125231407117099e-05
2.430678129196166992e+00,2.572039079666137873e+00,2.430706024169921875e+00,2.572066974639892756e+00,8.705793023109436035e-01,8.134031653404235618e-01,9.506764411926269531e-01,9.261766493320464644e-01,3.567306399345397949e-01,6.011277675628662331e-01,2.507866621017456055e-01,2.277620643377304133e-01,1.905131037347018719e-03,3.569440823048353108e-03,2.786640834528952837e-05,2.786640834528952837e-05
2.430626630783081055e+00,2.626452565193176270e+00,2.430654525756835938e+00,2.626480460166931152e+00,8.411392569541931152e-01,8.415832340717315230e-01,9.466462731361389160e-01,9.334456622600555420e-01,4.148339629173278809e-01,5.848891377449035867e-01,2.130836993455886841e-01,2.288836345076560863e-01,1.492322888225317001e-02,3.765098676085472384e-02,2.786500590445939451e-05,2.786500590445939451e-05
2.396306991577148438e+00,2.618142127990722656e+00,2.396334886550903320e+00,2.618170022964477539e+00,7.940257787704467773e-01,8.144099235534667525e-01,9.493662118911743164e-01,9.307561457157135232e-01,4.056547880172729492e-01,6.382556140422821489e-01,2.400684952735900879e-01,2.282687991857528798e-01,7.191678043454885483e-03,6.451678089797496449e-03,2.785945252981036901e-05,2.785945252981036901e-05
2.665363550186157227e+00,2.575419259071350275e+00,2.665391445159912109e+00,2.575447154045105158e+00,8.082380294799804688e-01,8.202810168266296831e-01,9.468173384666442871e-01,9.315108418464660422e-01,7.756114006042480469e-01,5.934575140476227029e-01,1.289001405239105225e-01,2.259175941348075811e-01,5.796785932034254074e-03,4.252253286540508444e-03,2.785286051221191883e-05,2.785286051221191883e-05
2.854100704193115234e+00,2.624445581436157138e+00,2.854128599166870117e+00,2.624473476409912021e+00,8.383898735046386719e-01,8.374684810638427512e-01,9.537637233734130859e-01,9.301596879959106445e-01,8.492850065231323242e-01,6.146625369787216409e-01,1.999955475330352783e-01,2.241578146815300099e-01,1.266676746308803558e-02,1.799707803875207762e-02,2.785294418572448194e-05,2.785294418572448194e-05
2.320144653320312500e+00,2.535056376457214267e+00,2.320172548294067383e+00,2.535084271430969149e+00,8.205797672271728516e-01,8.166317224502563921e-01,9.256196618080139160e-01,9.282827973365783691e-01,4.143280386924743652e-01,5.709304690361023393e-01,1.568173319101333618e-01,2.172353088855743519e-01,2.799744019284844398e-03,1.976122986525297078e-03,2.785238939395640045e-05,2.785238939395640045e-05
2.328174352645874023e+00,2.510663795471191229e+00,2.328202247619628906e+00,2.510691690444946111e+00,8.193442225456237793e-01,8.178329765796661377e-01,9.435298442840576172e-01,9.287108123302459939e-01,4.049949049949645996e-01,5.464401125907898393e-01,1.578151881694793701e-01,2.157178118824958912e-01,2.489944919943809509e-03,1.962102972902357492e-03,2.784933349175844342e-05,2.784933349175844342e-05
2.517438888549804688e+00,2.529263854026794434e+00,2.517466783523559570e+00,2.529291749000549316e+00,8.052828907966613770e-01,8.269560277462005837e-01,9.427061676979064941e-01,9.330410718917846458e-01,5.302284359931945801e-01,5.439006447792053001e-01,2.294353395700454712e-01,2.158286809921264593e-01,9.785788133740425110e-03,9.537389129400252949e-03,2.785543983918614686e-05,2.785543983918614686e-05
2.359020948410034180e+00,2.541694808006286443e+00,2.359048843383789062e+00,2.541722702980041326e+00,8.377298116683959961e-01,8.164790570735931396e-01,9.351101517677307129e-01,9.359671175479888916e-01,3.912286758422851562e-01,5.718112558126449141e-01,1.931632161140441895e-01,2.152744919061660711e-01,1.789041911251842976e-03,2.162759355269372290e-03,2.784583193715661764e-05,2.784583193715661764e-05
2.364639997482299805e+00,2.532185316085815430e+00,2.364667892456054688e+00,2.532213211059570312e+00,7.957487702369689941e-01,8.117173075675964133e-01,9.170611500740051270e-01,9.293017923831939919e-01,4.363986551761627197e-01,5.730646014213561790e-01,2.146156132221221924e-01,2.174406930804252680e-01,8.159508579410612583e-04,6.610202195588499524e-04,2.784268326649907976e-05,2.784268326649907976e-05
2.391439437866210938e+00,2.552411651611328214e+00,2.391467332839965820e+00,2.552439546585083097e+00,8.350336551666259766e-01,8.152434527873992920e-01,9.089035987854003906e-01,9.320962727069854736e-01,3.862753212451934814e-01,5.820423543453216997e-01,2.564251422882080078e-01,2.186930194497108404e-01,4.801677539944648743e-03,4.336549295112490307e-03,2.783376839943230152e-05,2.783376839943230152e-05
2.374531984329223633e+00,2.524735045433044611e+00,2.374559879302978516e+00,2.524762940406799494e+00,8.099731802940368652e-01,8.185152709484100342e-01,9.302101135253906250e-01,9.302973747253417969e-01,3.709664940834045410e-01,5.542550563812256303e-01,2.623096406459808350e-01,2.192687809467315785e-01,1.072635175660252571e-03,2.398532372899353417e-03,2.783325362543109804e-05,2.783325362543109804e-05
2.250458955764770508e+00,2.568583011627197266e+00,2.250486850738525391e+00,2.568610906600952148e+00,7.785250544548034668e-01,8.151102840900421587e-01,9.299052357673645020e-01,9.260016322135925515e-01,3.754467666149139404e-01,5.972682595252990501e-01,1.558552384376525879e-01,2.245510086417198126e-01,1.072669401764869690e-02,5.651833815500139843e-03,2.783223135338630527e-05,2.783223135338630527e-05
2.396991252899169922e+00,2.633923029899597257e+00,2.397019147872924805e+00,2.633950924873352140e+00,7.811751961708068848e-01,8.259366810321807639e-01,9.083753824234008789e-01,9.530541777610779253e-01,4.111265838146209717e-01,5.752779245376586914e-01,2.393535226583480835e-01,2.280147403478622326e-01,5.696058645844459534e-02,5.163954086601733884e-02,2.782054070848971605e-05,2.782054070848971605e-05
2.448415517807006836e+00,2.626172161102295011e+00,2.448443412780761719e+00,2.626200056076049894e+00,8.209082484245300293e-01,8.249539315700531450e-01,9.390545487403869629e-01,9.343075335025787798e-01,4.140042066574096680e-01,6.074914336204528809e-01,2.397677898406982422e-01,2.315116599202156067e-01,3.468089923262596130e-02,2.790767531841993263e-02,2.781741750368382782e-05,2.781741750368382782e-05
2.405953884124755859e+00,2.585657167434692205e+00,2.405981779098510742e+00,2.585685062408447088e+00,8.400588631629943848e-01,8.238800644874573198e-01,9.240238666534423828e-01,9.296033799648284468e-01,4.122532904148101807e-01,5.822760850191116555e-01,2.179321646690368652e-01,2.335634902119636536e-01,1.168561447411775589e-02,1.633409485220909188e-02,2.780842442007269710e-05,2.780842442007269710e-05
2.310200214385986328e+00,2.551474738121032537e+00,2.310228109359741211e+00,2.551502633094787420e+00,7.980698347091674805e-01,8.108566761016845481e-01,9.178358316421508789e-01,9.312612831592559370e-01,3.988129198551177979e-01,5.785022437572479026e-01,1.901997625827789307e-01,2.249383270740508978e-01,5.281647201627492905e-03,5.916178133338690151e-03,2.779819988063536584e-05,2.779819988063536584e-05
2.341723680496215820e+00,2.611084961891174228e+00,2.341751575469970703e+00,2.611112856864929110e+00,7.816336154937744141e-01,8.310113191604614480e-01,9.247338175773620605e-01,9.481725931167602761e-01,3.911913335323333740e-01,5.848155796527862993e-01,2.122083604335784912e-01,2.239035621285438427e-01,3.195662423968315125e-02,2.318192217499017577e-02,2.779417263809591532e-05,2.779417263809591532e-05
6.057724952697753906e+00,2.580439805984497070e+00,6.057752609252929688e+00,2.580467700958251953e+00,8.175231218338012695e-01,8.395061910152434859e-01,9.271717071533203125e-01,9.364134430885314719e-01,4.064607143402099609e+00,5.741187423467636330e-01,2.422897517681121826e-01,2.219650447368621826e-01,6.133698392659425735e-03,8.436378836631775596e-03,2.778262387437280267e-05,2.778262387437280267e-05
2.475667476654052734e+00,2.575271081924438654e+00,2.475695371627807617e+00,2.575298976898193537e+00,8.598996996879577637e-01,8.221630036830902544e-01,9.303200244903564453e-01,9.381344556808471902e-01,4.925923347473144531e-01,5.890731513500213623e-01,1.870002299547195435e-01,2.202922910451889094e-01,5.855082068592309952e-03,5.608149198815226208e-03,2.777897498162928969e-05,2.777897498162928969e-05
2.301888465881347656e+00,2.543611335754394354e+00,2.301916122436523438e+00,2.543638992309570135e+00,7.925343513488769531e-01,8.168833196163177712e-01,9.022475481033325195e-01,9.285396099090575950e-01,3.910230696201324463e-01,5.753541529178619607e-01,2.124404311180114746e-01,2.209768310189247076e-01,3.643104806542396545e-03,1.857402012683451262e-03,2.776976907625794411e-05,2.776976907625794411e-05
2.367454767227172852e+00,2.586222910881042392e+00,2.367482423782348633e+00,2.586250567436218173e+00,8.416815400123596191e-01,8.227472901344299316e-01,9.365586638450622559e-01,9.271946966648101363e-01,3.848875761032104492e-01,6.100732266902924028e-01,1.992164999246597290e-01,2.224070101976394764e-01,5.110349040478467941e-03,3.800678323023021134e-03,2.776656401692889631e-05,2.776656401692889631e-05
2.286181449890136719e+00,2.591476178169250577e+00,2.286209106445312500e+00,2.591503834724426358e+00,7.949548363685607910e-01,8.154452979564666970e-01,9.165298342704772949e-01,9.266097784042358620e-01,3.846006989479064941e-01,6.223647743463516235e-01,1.860851049423217773e-01,2.245588272809982411e-01,4.011214710772037506e-03,2.497525140643119985e-03,2.776023393380455673e-05,2.776023393380455673e-05
2.407050848007202148e+00,2.579513120651244940e+00,2.407078504562377930e+00,2.579540777206420721e+00,8.407033085823059082e-01,8.209197163581848367e-01,9.541162848472595215e-01,9.276192486286163330e-01,3.776545524597167969e-01,6.042934656143188477e-01,2.309558689594268799e-01,2.225454702973365673e-01,3.620756790041923523e-03,4.135200800374150103e-03,2.775468601612374187e-05,2.775468601612374187e-05
2.382425069808959961e+00,2.538245964050292791e+00,2.382452726364135742e+00,2.538273620605468572e+00,8.413558602333068848e-01,8.215006351470947044e-01,9.482298493385314941e-01,9.268566608428955300e-01,3.784547448158264160e-01,5.657779633998870628e-01,2.119432687759399414e-01,2.219166353344917408e-01,2.441221382468938828e-03,2.194112213328480547e-03,2.775464417936746031e-05,2.775464417936746031e-05
2.546287059783935547e+00,2.536208915710449041e+00,2.546314716339111328e+00,2.536236572265624822e+00,8.061748743057250977e-01,8.215645790100097878e-01,8.933129906654357910e-01,9.312130987644196001e-01,6.057297587394714355e-01,5.569292962551116721e-01,2.373665422201156616e-01,2.203060880303382985e-01,3.702950198203325272e-03,6.195769179612398148e-03,2.775378379737958312e-05,2.775378379737958312e-05
2.899833202362060547e+00,2.553406286239623846e+00,2.899860858917236328e+00,2.553433942794799627e+00,8.111912608146667480e-01,8.176189720630645530e-01,9.178501963615417480e-01,9.330566883087157981e-01,8.913226723670959473e-01,5.751125454902649148e-01,2.736492455005645752e-01,2.205292075872421209e-01,5.819873884320259094e-03,7.088831393048167229e-03,2.774263703031465411e-05,2.774263703031465411e-05
2.303515911102294922e+00,2.577888250350952148e+00,2.303543567657470703e+00,2.577915906906127930e+00,7.820265293121337891e-01,8.162229299545288308e-01,9.458034634590148926e-01,9.268520891666411909e-01,3.862506747245788574e-01,6.085659027099609153e-01,1.862947940826416016e-01,2.232756927609443609e-01,3.140379441902041435e-03,2.971592312678694899e-03,2.774045060505159199e-05,2.774045060505159199e-05
2.429966688156127930e+00,2.579658007621765226e+00,2.429994344711303711e+00,2.579685664176941007e+00,8.113632202148437500e-01,8.160745799541473389e-01,9.046733975410461426e-01,9.269159734249114990e-01,4.820107519626617432e-01,6.060267806053161177e-01,2.250629663467407227e-01,2.262796849012374822e-01,6.856317631900310516e-03,4.361027525737882007e-03,2.773075902950949967e-05,2.773075902950949967e-05
2.314704895019531250e+00,2.586923885345458807e+00,2.314732551574707031e+00,2.586951541900634588e+00,7.804234623908996582e-01,8.157771825790405273e-01,9.159052371978759766e-01,9.265426635742187722e-01,4.001083970069885254e-01,6.131630599498748557e-01,2.140968888998031616e-01,2.283268243074417225e-01,4.171026870608329773e-03,3.114096098579466430e-03,2.772215520963072777e-05,2.772215520963072777e-05
2.425826787948608398e+00,2.593847417831420810e+00,2.425854444503784180e+00,2.593875074386596591e+00,8.187962174415588379e-01,8.117347538471222368e-01,9.372319579124450684e-01,9.257118284702301469e-01,4.179624319076538086e-01,6.175220012664794922e-01,2.447702735662460327e-01,2.341402173042297363e-01,7.065709214657545090e-03,4.738655313849449505e-03,2.772200605249963701e-05,2.772200605249963701e-05
2.699528694152832031e+00,2.616853737831115634e+00,2.699556350708007812e+00,2.616881394386291415e+00,7.972902655601501465e-01,8.103628695011139138e-01,9.237358570098876953e-01,9.365638613700866255e-01,7.678692936897277832e-01,6.347958803176879661e-01,2.053873240947723389e-01,2.313572019338607788e-01,5.245944019407033920e-03,3.773949760943651373e-03,2.772017433017026633e-05,2.772017433017026633e-05
2.676165342330932617e+00,2.573241686820983976e+00,2.676192998886108398e+00,2.573269343376159757e+00,8.318605422973632812e-01,8.151455104351044145e-01,9.469416737556457520e-01,9.323164999485016313e-01,6.777017712593078613e-01,5.953426122665405051e-01,2.173752188682556152e-01,2.275908485054969899e-01,2.286294708028435707e-03,2.846213686279952353e-03,2.773352389340288937e-05,2.773352389340288937e-05
2.365954637527465820e+00,2.587522244453430265e+00,2.365982294082641602e+00,2.587549901008606046e+00,7.951508164405822754e-01,8.126121103763580544e-01,9.062591791152954102e-01,9.339938998222351296e-01,4.687928557395935059e-01,6.132535934448242188e-01,1.868652105331420898e-01,2.227725654840469471e-01,8.886525407433509827e-03,4.890113975852728237e-03,2.772996776911895722e-05,2.772996776911895722e-05
2.683092832565307617e+00,2.559584140777587891e+00,2.683120489120483398e+00,2.559611797332763672e+00,9.126037955284118652e-01,8.205669820308685303e-01,9.601764082908630371e-01,9.324915587902069536e-01,5.673980712890625000e-01,5.770969539880752563e-01,2.387244999408721924e-01,2.214356601238250677e-01,4.189960658550262451e-03,7.992992969229817043e-03,2.772729203570634127e-05,2.772729203570634127e-05
2.383791446685791016e+00,2.537197351455688477e+00,2.383819103240966797e+00,2.537225008010864258e+00,8.205193877220153809e-01,8.150439620018005149e-01,9.422841072082519531e-01,9.317574799060821533e-01,4.537940919399261475e-01,5.686351776123046431e-01,1.652408093214035034e-01,2.192891284823417775e-01,1.953013357706367970e-03,2.471614535897970113e-03,2.772402694972697645e-05,2.772402694972697645e-05
2.393627405166625977e+00,2.565589761734008878e+00,2.393655061721801758e+00,2.565617418289184659e+00,8.068035244941711426e-01,8.253478705883026123e-01,9.340754747390747070e-01,9.323931574821472390e-01,4.398382008075714111e-01,5.865643978118896262e-01,2.114791721105575562e-01,2.189842030405998174e-01,1.430906821042299271e-03,2.300151996314525518e-03,2.772587686195038259e-05,2.772587686195038259e-05
2.407476186752319336e+00,2.530358505249023615e+00,2.407503843307495117e+00,2.530386161804199396e+00,8.441073298454284668e-01,8.141044855117798296e-01,9.442474842071533203e-01,9.319670200347900391e-01,4.162567853927612305e-01,5.642494857311248779e-01,2.017565369606018066e-01,2.189927250146865845e-01,1.107921008951961994e-03,1.044795988127589139e-03,2.772163497866131365e-05,2.772163497866131365e-05
2.461101293563842773e+00,2.553741812705993652e+00,2.461128950119018555e+00,2.553769469261169434e+00,8.791651129722595215e-01,8.192849457263946533e-01,9.782992601394653320e-01,9.354234755039214644e-01,3.946916460990905762e-01,5.779441952705383079e-01,2.078013271093368530e-01,2.185295492410659901e-01,1.143850502558052540e-03,2.559648966416716489e-03,2.771190520434174687e-05,2.771190520434174687e-05
2.439241647720336914e+00,2.530202078819274725e+00,2.439269304275512695e+00,2.530229735374450506e+00,8.733866214752197266e-01,8.242169320583343506e-01,9.434660077095031738e-01,9.350982189178467241e-01,3.942468464374542236e-01,5.474690735340118630e-01,2.208590656518936157e-01,2.166996091604232733e-01,7.283197715878486633e-03,6.718225590884685343e-03,2.770879473246168345e-05,2.770879473246168345e-05
2.316385507583618164e+00,2.541485357284545721e+00,2.316413164138793945e+00,2.541513013839721502e+00,8.134520053863525391e-01,8.298528909683227095e-01,9.345931410789489746e-01,9.343034982681274192e-01,3.834862411022186279e-01,5.557516068220138550e-01,1.765979379415512085e-01,2.160193562507629339e-01,8.256303146481513977e-03,5.558001622557639902e-03,2.770506034721620381e-05,2.770506034721620381e-05
2.347461462020874023e+00,2.524135565757751554e+00,2.347489118576049805e+00,2.524163222312927335e+00,8.270754814147949219e-01,8.248288214206696001e-01,9.364712238311767578e-01,9.324549615383148637e-01,3.691982924938201904e-01,5.492041379213332686e-01,2.112336456775665283e-01,2.153175830841064509e-01,3.482794156298041344e-03,2.330042584799229925e-03,2.770223909465130419e-05,2.770223909465130419e-05
2.323975324630737305e+00,2.546421813964843572e+00,2.324002981185913086e+00,2.546449470520019354e+00,8.250587582588195801e-01,8.158063292503356934e-01,9.312913417816162109e-01,9.348920524120331033e-01,3.439583480358123779e-01,5.789859741926193237e-01,2.219988554716110229e-01,2.154658004641532842e-01,1.668006298132240772e-03,1.271642115898430304e-03,2.769742422970011830e-05,2.769742422970011830e-05
2.324205875396728516e+00,2.612339425086974920e+00,2.324233531951904297e+00,2.612367081642150701e+00,7.965455651283264160e-01,8.369386672973633257e-01,9.216641783714294434e-01,9.398789405822753906e-01,3.333678245544433594e-01,6.019863516092300859e-01,2.626836299896240234e-01,2.198929160833358876e-01,9.944763034582138062e-03,1.364251635968685185e-02,2.768784543150104582e-05,2.768784543150104582e-05
2.333503961563110352e+00,2.644285941123962314e+00,2.333531618118286133e+00,2.644313597679138095e+00,8.287870883941650391e-01,8.419324755668640137e-01,9.376915693283081055e-01,9.314873635768889937e-01,3.435919582843780518e-01,6.311293572187424150e-01,2.142258137464523315e-01,2.234187394380569569e-01,9.207492694258689880e-03,1.631795130670070718e-02,2.768664853647351265e-05,2.768664853647351265e-05
2.344972848892211914e+00,2.611977624893188299e+00,2.345000505447387695e+00,2.612005281448364080e+00,8.102434873580932617e-01,8.170245230197906716e-01,9.235926866531372070e-01,9.313525676727294478e-01,3.818581402301788330e-01,6.266994357109070268e-01,2.214329838752746582e-01,2.305873841047287043e-01,7.845733314752578735e-03,6.313732312992215330e-03,2.768196281976997852e-05,2.768196281976997852e-05
2.609713077545166016e+00,2.626223826408386142e+00,2.609740734100341797e+00,2.626251482963561923e+00,7.636888027191162109e-01,8.210279345512390137e-01,8.883536458015441895e-01,9.279242098331451638e-01,6.620525717735290527e-01,6.428556799888610618e-01,2.923809289932250977e-01,2.308729767799377330e-01,3.237253520637750626e-03,3.543025604449212464e-03,2.767291880445554852e-05,2.767291880445554852e-05
2.344931125640869141e+00,2.590817594528198153e+00,2.344958782196044922e+00,2.590845251083373935e+00,7.946200370788574219e-01,8.171669244766235352e-01,9.044711589813232422e-01,9.287664949893951194e-01,3.955330550670623779e-01,6.032765328884124312e-01,2.409463524818420410e-01,2.335747301578521840e-01,9.360590018332004547e-03,8.032924868166447033e-03,2.766029138001613319e-05,2.766029138001613319e-05
2.341502428054809570e+00,2.603700637817382812e+00,2.341530084609985352e+00,2.603728294372558594e+00,8.055900931358337402e-01,8.190482616424560325e-01,9.338871240615844727e-01,9.269777238368988037e-01,4.256210327148437500e-01,6.154123306274413840e-01,1.706545948982238770e-01,2.379953667521476635e-01,5.749748554080724716e-03,4.266971722245216370e-03,2.764914461295120418e-05,2.764914461295120418e-05
2.558016300201416016e+00,2.606528377532959073e+00,2.558043956756591797e+00,2.606556034088134854e+00,7.929702997207641602e-01,8.133285582065582497e-01,9.101855754852294922e-01,9.306100726127624068e-01,5.772065520286560059e-01,6.234728068113326582e-01,2.758605778217315674e-01,2.370845124125480763e-01,1.793423667550086975e-03,2.032375847920775587e-03,2.763833435892593116e-05,2.763833435892593116e-05
2.333578348159790039e+00,2.647768759727477939e+00,2.333606004714965820e+00,2.647796416282653720e+00,8.310043215751647949e-01,8.137196063995361106e-01,9.611029624938964844e-01,9.276345133781432883e-01,3.923137187957763672e-01,6.668636381626129594e-01,1.450499743223190308e-01,2.360525712370872553e-01,4.107324872165918350e-03,3.498365660198032769e-03,2.763480006251484156e-05,2.763480006251484156e-05
2.468895673751831055e+00,2.666062974929809481e+00,2.468923330307006836e+00,2.666090631484985263e+00,8.646497726440429688e-01,8.331040143966674805e-01,9.335055351257324219e-01,9.277363240718841109e-01,3.911074101924896240e-01,6.491201430559158103e-01,2.618467211723327637e-01,2.348207175731658880e-01,1.778628304600715637e-02,2.128174845129251341e-02,2.762685289781074971e-05,2.762685289781074971e-05
2.670056581497192383e+00,2.591564178466796875e+00,2.670084238052368164e+00,2.591591835021972656e+00,7.761488556861877441e-01,8.151796817779540794e-01,8.992432951927185059e-01,9.281701087951660378e-01,7.557204365730285645e-01,6.138025522232055664e-01,2.363532036542892456e-01,2.323721230030059703e-01,2.590805990621447563e-03,2.039756474550813350e-03,2.762032272585202008e-05,2.762032272585202008e-05
2.650367498397827148e+00,2.588769483566284002e+00,2.650395154953002930e+00,2.588797140121459783e+00,7.660637497901916504e-01,8.147926211357117143e-01,9.077722430229187012e-01,9.334443747997284158e-01,7.399349212646484375e-01,6.045038938522339089e-01,2.333433926105499268e-01,2.330805167555808910e-01,3.253338159993290901e-03,2.948021003976464445e-03,2.762065196293406188e-05,2.762065196293406188e-05
2.455726385116577148e+00,2.591012167930602850e+00,2.455754041671752930e+00,2.591039824485778631e+00,8.317430615425109863e-01,8.190608382225036399e-01,9.101914167404174805e-01,9.339177548885345681e-01,4.999716877937316895e-01,6.015181183815002663e-01,2.098141610622406006e-01,2.331779882311821039e-01,4.006107803434133530e-03,3.337467461824417028e-03,2.762042640824802220e-05,2.762042640824802220e-05
2.562173604965209961e+00,2.599726271629333674e+00,2.562201261520385742e+00,2.599753928184509455e+00,8.515508174896240234e-01,8.180865347385406494e-01,9.538933634757995605e-01,9.295730233192444070e-01,4.953362047672271729e-01,6.177366733551025169e-01,2.601806521415710449e-01,2.327128723263740540e-01,1.212336705066263676e-03,1.617123920004814776e-03,2.762155418167822063e-05,2.762155418167822063e-05
2.412684679031372070e+00,2.641054248809814542e+00,2.412712335586547852e+00,2.641081905364990323e+00,8.539494276046752930e-01,8.201385617256164995e-01,9.612804651260375977e-01,9.288031280040740523e-01,4.229802489280700684e-01,6.513130903244018777e-01,1.683146953582763672e-01,2.346473544836044367e-01,6.159689277410507202e-03,6.152089498937129801e-03,2.761460928013548255e-05,2.761460928013548255e-05
2.638557195663452148e+00,2.581650519371032626e+00,2.638584852218627930e+00,2.581678175926208407e+00,8.117625713348388672e-01,8.176300346851348433e-01,9.073404073715209961e-01,9.231106817722321001e-01,6.401737332344055176e-01,5.990646958351135698e-01,2.752798497676849365e-01,2.379788890480995234e-01,4.000566434115171432e-03,3.866215306334197695e-03,2.761095856840256602e-05,2.761095856840256602e-05
2.390192031860351562e+00,2.619201183319091797e+00,2.390219688415527344e+00,2.619228839874267578e+00,7.993682622909545898e-01,8.210026741027831587e-01,9.199459552764892578e-01,9.243920028209686723e-01,4.299308955669403076e-01,6.290702819824218750e-01,2.389414012432098389e-01,2.410167664289474543e-01,2.005654154345393181e-03,3.719385550357401544e-03,2.759877861535642296e-05,2.759877861535642296e-05
3.903715610504150391e+00,2.628776001930236639e+00,3.903743267059326172e+00,2.628803658485412420e+00,8.262684941291809082e-01,8.180366694927215798e-01,9.474357366561889648e-01,9.263351619243621604e-01,1.902625083923339844e+00,6.384669780731201394e-01,2.240777313709259033e-01,2.413405016064643915e-01,3.308551851660013199e-03,4.596720729023217981e-03,2.759266862994991243e-05,2.759266862994991243e-05
2.408466100692749023e+00,2.594195485115051270e+00,2.408493757247924805e+00,2.594223141670227051e+00,8.228075504302978516e-01,8.123479068279266802e-01,9.307376742362976074e-01,9.373258411884307639e-01,4.472091197967529297e-01,6.057151794433593972e-01,2.033216208219528198e-01,2.345557764172553905e-01,4.389904439449310303e-03,4.250846151262521570e-03,2.759827475529164076e-05,2.759827475529164076e-05
2.352423667907714844e+00,2.614707851409912021e+00,2.352451324462890625e+00,2.614735507965087802e+00,8.283702135086059570e-01,8.209651768207549827e-01,9.322408437728881836e-01,9.350497424602508545e-01,4.282093644142150879e-01,6.136895239353179488e-01,1.534707844257354736e-01,2.346602678298950195e-01,1.013251114636659622e-02,1.034313281998038361e-02,2.760126517387107015e-05,2.760126517387107015e-05
2.635139226913452148e+00,2.642630648612976252e+00,2.635166883468627930e+00,2.642658305168152033e+00,8.714942932128906250e-01,8.169979572296142134e-01,9.494763016700744629e-01,9.509227573871612549e-01,5.610618591308593750e-01,6.208289563655853271e-01,2.411923855543136597e-01,2.400869965553283636e-01,1.191460341215133667e-02,1.379396962001919712e-02,2.759577546385116875e-05,2.759577546385116875e-05
2.525474071502685547e+00,2.641849231719970881e+00,2.525501728057861328e+00,2.641876888275146662e+00,8.487522602081298828e-01,8.185441732406616433e-01,9.550557136535644531e-01,9.268654942512511985e-01,4.894257187843322754e-01,6.467432200908660445e-01,2.258168607950210571e-01,2.440849304199218806e-01,6.423429120332002640e-03,5.611410038545728077e-03,2.759436574706342071e-05,2.759436574706342071e-05
2.522318363189697266e+00,2.627657532691955566e+00,2.522346019744873047e+00,2.627685189247131348e+00,7.945551872253417969e-01,8.115985274314880815e-01,9.120448827743530273e-01,9.308670520782470481e-01,4.555813074111938477e-01,6.348493337631225808e-01,3.540837466716766357e-01,2.442316740751266368e-01,6.053172983229160309e-03,6.110944645479321133e-03,2.759234848781488836e-05,2.759234848781488836e-05
2.416995048522949219e+00,2.609372448921203791e+00,2.417022705078125000e+00,2.609400105476379572e+00,7.774558067321777344e-01,8.125232875347137007e-01,9.069029092788696289e-01,9.269559264183044878e-01,4.738523662090301514e-01,6.219792246818542925e-01,2.553840875625610352e-01,2.450826287269592396e-01,3.399746026843786240e-03,2.831428335048258218e-03,2.758498885668814182e-05,2.758498885668814182e-05
2.443142652511596680e+00,2.580416345596313388e+00,2.443170309066772461e+00,2.580444002151489169e+00,7.780172228813171387e-01,8.121503353118896262e-01,9.266791343688964844e-01,9.271614074707030806e-01,5.191001296043395996e-01,5.952782154083251509e-01,2.175145298242568970e-01,2.444196417927742004e-01,1.831516274251043797e-03,1.406754518393427220e-03,2.758537993940990418e-05,2.758537993940990418e-05
2.391332864761352539e+00,2.627485179901122958e+00,2.391360521316528320e+00,2.627512836456298739e+00,8.052636981010437012e-01,8.193256676197051558e-01,9.379691481590270996e-01,9.269455552101135698e-01,4.450095891952514648e-01,6.307623267173767534e-01,2.006414830684661865e-01,2.457362562417984009e-01,2.448987215757369995e-03,4.715297790244221861e-03,2.757883521553594619e-05,2.757883521553594619e-05
2.753953933715820312e+00,2.638090705871582120e+00,2.753981590270996094e+00,2.638118362426757901e+00,8.399813175201416016e-01,8.082977533340454102e-01,9.414983391761779785e-01,9.357871115207672119e-01,7.305163145065307617e-01,6.463498175144195557e-01,2.406038790941238403e-01,2.458056196570396479e-01,1.354298554360866547e-03,1.850377942901104689e-03,2.756546564341988415e-05,2.756546564341988415e-05
4.286850929260253906e+00,2.620683956146240057e+00,4.286878585815429688e+00,2.620711612701415838e+00,8.207272291183471680e-01,8.134322762489318848e-01,9.269636273384094238e-01,9.315611541271209273e-01,2.258255243301391602e+00,6.207101762294768843e-01,2.698369026184082031e-01,2.468464449048042297e-01,1.106778346002101898e-02,8.133871341124176632e-03,2.756442336249165237e-05,2.756442336249165237e-05
2.419964551925659180e+00,2.628733658790588290e+00,2.419992208480834961e+00,2.628761315345764071e+00,8.333630561828613281e-01,8.148331165313720259e-01,9.453458189964294434e-01,9.298537611961364968e-01,4.793592095375061035e-01,6.293710947036743608e-01,1.591851264238357544e-01,2.519618347287178040e-01,2.711222739890217781e-03,2.713826205581426794e-03,2.755335663096047938e-05,2.755335663096047938e-05
5.065791130065917969e+00,2.614031791687011719e+00,5.065818786621093750e+00,2.614059448242187500e+00,7.488026618957519531e-01,8.092712640762329546e-01,9.119677543640136719e-01,9.291512310504913552e-01,3.105131149291992188e+00,6.214895784854889138e-01,2.983124554157257080e-01,2.519197463989257812e-01,1.577079645358026028e-03,2.199925039894878778e-03,2.755215064098592848e-05,2.755215064098592848e-05
2.599947929382324219e+00,2.636022949218749911e+00,2.599975585937500000e+00,2.636050605773925692e+00,8.824853301048278809e-01,8.103279888629912886e-01,9.554532766342163086e-01,9.310516953468322976e-01,4.768777787685394287e-01,6.379572570323943648e-01,2.822742462158203125e-01,2.524037793278693931e-01,2.857406158000230789e-03,4.282165272161364729e-03,2.754256820480804890e-05,2.754256820480804890e-05
2.388539552688598633e+00,2.633053064346313477e+00,2.388567209243774414e+00,2.633080720901489258e+00,7.611600160598754883e-01,8.149283587932586448e-01,9.187719225883483887e-01,9.301327466964721680e-01,4.729471802711486816e-01,6.327417969703674760e-01,2.323643416166305542e-01,2.525935754179954307e-01,3.296147333458065987e-03,2.656562463380396453e-03,2.753920125542208552e-05,2.753920125542208552e-05
2.649012088775634766e+00,2.644689965248107733e+00,2.649039745330810547e+00,2.644717621803283514e+00,8.079698085784912109e-01,8.151205301284789595e-01,9.308788180351257324e-01,9.399624586105346236e-01,6.463896036148071289e-01,6.332914352416991743e-01,2.610512971878051758e-01,2.526248395442962646e-01,2.722812816500663757e-03,3.690705262124538508e-03,2.753837179625406861e-05,2.753837179625406861e-05
2.712176322937011719e+00,2.647362923622131436e+00,2.712203741073608398e+00,2.647390341758728116e+00,8.003430962562561035e-01,8.176915764808654341e-01,9.055926799774169922e-01,9.280370652675629106e-01,6.668215990066528320e-01,6.407986938953399436e-01,3.368344008922576904e-01,2.581417828798294178e-01,2.584476023912429810e-03,2.693830942735076124e-03,2.753108856268227100e-05,2.753108856268227100e-05
2.497230529785156250e+00,2.683455920219421476e+00,2.497257947921752930e+00,2.683483338356018155e+00,8.469104170799255371e-01,8.152503788471221480e-01,9.287155270576477051e-01,9.286655664443970171e-01,4.478151500225067139e-01,6.777559340000152144e-01,2.711761295795440674e-01,2.583310693502426370e-01,2.613278105854988098e-03,3.452988201752305118e-03,2.752529690042138100e-05,2.752529690042138100e-05
2.477580785751342773e+00,2.628184938430786044e+00,2.477608203887939453e+00,2.628212356567382724e+00,7.852478027343750000e-01,8.181511044502258745e-01,8.968053460121154785e-01,9.267524480819702148e-01,4.663820266723632812e-01,6.221521019935607466e-01,3.276738524436950684e-01,2.579092383384704590e-01,1.471842057071626186e-03,3.220122936181723898e-03,2.751811916823498905e-05,2.751811916823498905e-05
3.828259706497192383e+00,2.738886094093322843e+00,3.828287124633789062e+00,2.738913512229919522e+00,8.248222470283508301e-01,8.402930080890655962e-01,9.539988040924072266e-01,9.306282818317412886e-01,1.783237576484680176e+00,6.644996166229247825e-01,2.452107965946197510e-01,2.555383443832397461e-01,2.099029533565044403e-02,4.792684726417064528e-02,2.750065686996094882e-05,2.750065686996094882e-05
2.542291641235351562e+00,2.702374410629272639e+00,2.542319059371948242e+00,2.702401828765869318e+00,8.908180594444274902e-01,8.314285337924957053e-01,9.439740777015686035e-01,9.254722833633423074e-01,4.478408992290496826e-01,6.578928172588348611e-01,2.417408376932144165e-01,2.571751087903976218e-01,1.791769452393054962e-02,3.040572348982095718e-02,2.751146530499681830e-05,2.751146530499681830e-05
2.852549552917480469e+00,2.670336651802062811e+00,2.852576971054077148e+00,2.670364069938659490e+00,8.580944538116455078e-01,8.186220645904540572e-01,9.241435527801513672e-01,9.238195538520812544e-01,7.654203772544860840e-01,6.595178008079528587e-01,3.017086088657379150e-01,2.639706671237945779e-01,3.182420507073402405e-03,4.406575532630086119e-03,2.749995474005118012e-05,2.749995474005118012e-05
2.370357275009155273e+00,2.697332763671874911e+00,2.370384693145751953e+00,2.697360181808471591e+00,7.658004164695739746e-01,8.171505331993103027e-01,9.260025024414062500e-01,9.262740850448608620e-01,4.338973462581634521e-01,6.812261879444122536e-01,2.378011047840118408e-01,2.650266796350478904e-01,6.855992134660482407e-03,7.655325764790177519e-03,2.749537816271185875e-05,2.749537816271185875e-05
2.504852294921875000e+00,2.712653017044067472e+00,2.504879713058471680e+00,2.712680435180664151e+00,8.314869403839111328e-01,8.145640790462493896e-01,9.180572032928466797e-01,9.243779420852661355e-01,4.684497714042663574e-01,6.977521598339080366e-01,2.824982404708862305e-01,2.710750699043273926e-01,4.360153805464506149e-03,4.883809713646769524e-03,2.747930921032093465e-05,2.747930921032093465e-05
3.518313169479370117e+00,2.715703535079955877e+00,3.518340587615966797e+00,2.715730953216552557e+00,8.122361898422241211e-01,8.291902899742126243e-01,8.953726291656494141e-01,9.278600573539733665e-01,1.468332052230834961e+00,6.668015241622924361e-01,3.277473151683807373e-01,2.758897244930267334e-01,1.462491974234580994e-02,1.596190640702843666e-02,2.748159386101178825e-05,2.748159386101178825e-05
2.449997901916503906e+00,2.687216329574584783e+00,2.450025320053100586e+00,2.687243747711181463e+00,8.413795232772827148e-01,8.115130245685577837e-01,9.478462934494018555e-01,9.282999157905578169e-01,4.612657725811004639e-01,6.579662859439849854e-01,1.843284964561462402e-01,2.775023937225341575e-01,1.517769973725080490e-02,1.193469297140836716e-02,2.748323822743259370e-05,2.748323822743259370e-05
2.656324386596679688e+00,2.652069377899169744e+00,2.656351804733276367e+00,2.652096796035766424e+00,8.525733351707458496e-01,8.079346716403961182e-01,9.168652296066284180e-01,9.251751542091369851e-01,6.788107156753540039e-01,6.385143220424651656e-01,2.056314498186111450e-01,2.786500275135040394e-01,2.443561330437660217e-03,1.795210922136902853e-03,2.748340011748950928e-05,2.748340011748950928e-05
2.632133722305297852e+00,2.658363223075866699e+00,2.632161140441894531e+00,2.658390641212463379e+00,8.210197687149047852e-01,8.089132010936737061e-01,9.330725669860839844e-01,9.252211451530456543e-01,6.525377035140991211e-01,6.419633507728577104e-01,2.218636125326156616e-01,2.785773754119872936e-01,3.640189534053206444e-03,3.688177722506224936e-03,2.747586768236942589e-05,2.747586768236942589e-05
2.528352737426757812e+00,2.689207005500793279e+00,2.528380155563354492e+00,2.689234423637389959e+00,8.669065833091735840e-01,8.100879669189453569e-01,9.545021057128906250e-01,9.279120147228241411e-01,4.696513712406158447e-01,6.707104086875915749e-01,2.332175523042678833e-01,2.764554917812347412e-01,4.075151868164539337e-03,4.041185020469129086e-03,2.746459722402505577e-05,2.746459722402505577e-05
2.846087932586669922e+00,2.685683059692382635e+00,2.846115350723266602e+00,2.685710477828979315e+00,7.865864038467407227e-01,8.114773035049438477e-01,9.097650647163391113e-01,9.239116430282592329e-01,7.536388039588928223e-01,6.693020820617675559e-01,3.878442645072937012e-01,2.749333888292312400e-01,8.253454230725765228e-03,6.058639474213122975e-03,2.746085920080076903e-05,2.746085920080076903e-05
2.606707572937011719e+00,2.685647487640380859e+00,2.606734991073608398e+00,2.685674905776977539e+00,8.506987094879150391e-01,8.252768993377685991e-01,9.049527049064636230e-01,9.256051778793334961e-01,4.935357570648193359e-01,6.482434928417205589e-01,3.537616729736328125e-01,2.780977278947830422e-01,3.758638864383101463e-03,8.424215251579880714e-03,2.745147139648906887e-05,2.745147139648906887e-05
2.848499298095703125e+00,2.663438677787780762e+00,2.848526716232299805e+00,2.663466095924377441e+00,7.951886653900146484e-01,8.054181158542632613e-01,9.205197095870971680e-01,9.309506833553313765e-01,8.635340929031372070e-01,6.422361493110656516e-01,2.607533037662506104e-01,2.785021483898162953e-01,8.503399789333343506e-03,6.331652775406837810e-03,2.743992445175535977e-05,2.743992445175535977e-05
2.481028079986572266e+00,2.697402906417846857e+00,2.481055498123168945e+00,2.697430324554443537e+00,8.051226735115051270e-01,8.139812111854553001e-01,9.066034555435180664e-01,9.309049665927886519e-01,4.807078838348388672e-01,6.690068304538726585e-01,2.812552154064178467e-01,2.769830375909805298e-01,7.338702213019132614e-03,6.526821106672286814e-03,2.743476215982809663e-05,2.743476215982809663e-05
2.542480230331420898e+00,2.688802838325500488e+00,2.542507648468017578e+00,2.688830256462097168e+00,8.086227178573608398e-01,8.133894205093383789e-01,9.306394457817077637e-01,9.299151003360748291e-01,4.805568158626556396e-01,6.595961391925811990e-01,3.175980448722839355e-01,2.760349512100219727e-01,5.063337273895740509e-03,9.867230243980885246e-03,2.742652941378764808e-05,2.742652941378764808e-05
2.547849416732788086e+00,2.695362520217895685e+00,2.547876834869384766e+00,2.695389938354492365e+00,7.964469790458679199e-01,8.180719852447509988e-01,9.209022521972656250e-01,9.255847513675690141e-01,5.799353122711181641e-01,6.605795562267303689e-01,2.294611483812332153e-01,2.755776524543762096e-01,2.110371924936771393e-02,1.554863546043634345e-02,2.742364813457243145e-05,2.742364813457243145e-05
2.478981971740722656e+00,2.684346246719360174e+00,2.479009389877319336e+00,2.684373664855956854e+00,8.154655694961547852e-01,8.141195356845856157e-01,9.653202891349792480e-01,9.350979745388030562e-01,4.645746052265167236e-01,6.477350056171417014e-01,2.225415706634521484e-01,2.743549644947052002e-01,1.108005829155445099e-02,1.303876601159572636e-02,2.741948810580652207e-05,2.741948810580652207e-05
2.457529306411743164e+00,2.664771366119384588e+00,2.457556724548339844e+00,2.664798784255981268e+00,7.741522192955017090e-01,8.101796090602875200e-01,9.074647426605224609e-01,9.239039897918701616e-01,4.625497758388519287e-01,6.559298753738402876e-01,3.103060126304626465e-01,2.717095404863357766e-01,3.056460758671164513e-03,3.048340370878577059e-03,2.740768286457750946e-05,2.740768286457750946e-05
2.484469890594482422e+00,2.701089382171630859e+00,2.484497308731079102e+00,2.701116800308227539e+00,7.526919245719909668e-01,8.114164054393768755e-01,8.978794813156127930e-01,9.269748747348784956e-01,5.871302485466003418e-01,6.896947026252746582e-01,2.430083751678466797e-01,2.698778122663497703e-01,3.759871469810605049e-03,3.125613974407315428e-03,2.740041418292094022e-05,2.740041418292094022e-05
2.458187818527221680e+00,2.666953539848327726e+00,2.458215236663818359e+00,2.666980957984924405e+00,7.986491918563842773e-01,8.161530196666717529e-01,9.099519848823547363e-01,9.305352628231048362e-01,4.418320059776306152e-01,6.498613774776458296e-01,3.041286170482635498e-01,2.663261502981185691e-01,3.625958925113081932e-03,4.077721759676933636e-03,2.739621777436695993e-05,2.739621777436695993e-05
4.091933727264404297e+00,2.644420886039733798e+00,4.091960906982421875e+00,2.644448304176330478e+00,8.218798041343688965e-01,8.097254812717438188e-01,8.985439538955688477e-01,9.285973906517028809e-01,2.085498332977294922e+00,6.437143504619597945e-01,2.836964726448059082e-01,2.598426103591918723e-01,2.314955228939652443e-03,2.541055879555642692e-03,2.739184856181964278e-05,2.739184856181964278e-05
2.512689828872680664e+00,2.631942701339721857e+00,2.512717247009277344e+00,2.631970119476318537e+00,7.861952185630798340e-01,8.069394588470458762e-01,8.854264020919799805e-01,9.296536743640899658e-01,4.905515313148498535e-01,6.315849125385284424e-01,3.464414477348327637e-01,2.608589261770248302e-01,4.075208678841590881e-03,2.905760146677494223e-03,2.740630770858842880e-05,2.740630770858842880e-05
2.599534988403320312e+00,2.637178707122802557e+00,2.599562406539916992e+00,2.637206125259399236e+00,7.895862460136413574e-01,8.110863447189331499e-01,9.342390298843383789e-01,9.278528153896331565e-01,6.617494225502014160e-01,6.369969725608826128e-01,2.125751972198486328e-01,2.596367776393890270e-01,1.385190291330218315e-03,1.605789049062877937e-03,2.740265699685551226e-05,2.740265699685551226e-05
2.430160999298095703e+00,2.622463417053222834e+00,2.430188417434692383e+00,2.622490835189819514e+00,7.621107697486877441e-01,8.115673542022705522e-01,9.282259941101074219e-01,9.270780205726623091e-01,4.688385725021362305e-01,6.234866142272948997e-01,2.681882381439208984e-01,2.575023174285888672e-01,2.797404071316123009e-03,2.829081634990870866e-03,2.739322007982991636e-05,2.739322007982991636e-05
2.500109672546386719e+00,2.630852985382079900e+00,2.500137090682983398e+00,2.630880403518676580e+00,7.796759605407714844e-01,8.147860467433929443e-01,8.993841409683227539e-01,9.316955327987670454e-01,4.905087053775787354e-01,6.227137625217438188e-01,3.234952390193939209e-01,2.554014533758163230e-01,7.045759819447994232e-03,6.256154784932732409e-03,2.738761577347759157e-05,2.738761577347759157e-05
2.782396554946899414e+00,2.657901144027710050e+00,2.782423973083496094e+00,2.657928562164306729e+00,7.788288593292236328e-01,8.160741865634918435e-01,9.533901810646057129e-01,9.324740827083587424e-01,8.400831222534179688e-01,6.442042410373687300e-01,2.012475878000259399e-01,2.510439753532409668e-01,8.846651762723922729e-03,1.410462362691760133e-02,2.738540206337347627e-05,2.738540206337347627e-05
2.449347257614135742e+00,2.666819381713867010e+00,2.449374675750732422e+00,2.666846799850463690e+00,8.349554538726806641e-01,8.070409119129180464e-01,9.588184356689453125e-01,9.319380223751068115e-01,4.615579247474670410e-01,6.759497404098511186e-01,1.926106810569763184e-01,2.497988939285278320e-01,1.404688344337046146e-03,2.091809711419046099e-03,2.738312286965083331e-05,2.738312286965083331e-05
2.504729747772216797e+00,2.617461848258971990e+00,2.504757165908813477e+00,2.617489266395568670e+00,8.521666526794433594e-01,8.147650301456451638e-01,9.358012676239013672e-01,9.294553458690643089e-01,4.609925746917724609e-01,6.224049806594849077e-01,2.535457611083984375e-01,2.450669839978218134e-01,2.223418094217777252e-03,5.769471637904644012e-03,2.737124304985627532e-05,2.737124304985627532e-05
2.633196830749511719e+00,2.609778475761413752e+00,2.633224248886108398e+00,2.609805893898010432e+00,8.375256061553955078e-01,8.195413172245025191e-01,9.356979131698608398e-01,9.346898019313811812e-01,6.141436100006103516e-01,6.069018363952636275e-01,2.399768382310867310e-01,2.422090664505958668e-01,5.852762609720230103e-03,6.436405843123793949e-03,2.736440001172013581e-05,2.736440001172013581e-05
2.588053464889526367e+00,2.623669362068176358e+00,2.588080883026123047e+00,2.623696780204773038e+00,8.471029400825500488e-01,8.150730550289153609e-01,9.406444430351257324e-01,9.327391505241393599e-01,6.080778837203979492e-01,6.325301289558410422e-01,1.874565035104751587e-01,2.398100212216377203e-01,4.771372769027948380e-03,3.517004707828163927e-03,2.734976260398980230e-05,2.734976260398980230e-05
2.516954898834228516e+00,2.626204991340637118e+00,2.516982316970825195e+00,2.626232409477233798e+00,7.614566087722778320e-01,8.070898175239562544e-01,9.121610522270202637e-01,9.337692260742187500e-01,5.003610253334045410e-01,6.411566495895385520e-01,3.411507308483123779e-01,2.422401353716850392e-01,1.825663377530872822e-03,1.949196448549628258e-03,2.735689849941991270e-05,2.735689849941991270e-05
2.441329479217529297e+00,2.639028501510620295e+00,2.441356897354125977e+00,2.639055919647216975e+00,8.037892580032348633e-01,8.210501492023467573e-01,9.375501871109008789e-01,9.327161729335784468e-01,4.829867482185363770e-01,6.352783918380737749e-01,2.138541787862777710e-01,2.428873717784881536e-01,3.149325260892510414e-03,7.096437923610210592e-03,2.735582711466122419e-05,2.735582711466122419e-05
2.418388843536376953e+00,2.613758277893066584e+00,2.418416261672973633e+00,2.613785696029663264e+00,7.809601426124572754e-01,8.121619522571563721e-01,9.337586760520935059e-01,9.350023984909057173e-01,4.921684861183166504e-01,6.229847133159637229e-01,2.091855853796005249e-01,2.419038176536560114e-01,2.315944060683250427e-03,1.705369376577436967e-03,2.734391455305740237e-05,2.734391455305740237e-05
2.575228214263916016e+00,2.627579522132873713e+00,2.575255632400512695e+00,2.627606940269470392e+00,8.609887957572937012e-01,8.134220600128173606e-01,9.518798589706420898e-01,9.312227070331573486e-01,4.909033477306365967e-01,6.377137601375579834e-01,2.687035501003265381e-01,2.420085653662681635e-01,2.752683591097593307e-03,3.212439920753240672e-03,2.733509245445020497e-05,2.733509245445020497e-05
2.935390949249267578e+00,2.635314512252807440e+00,2.935418367385864258e+00,2.635341930389404119e+00,7.881603837013244629e-01,8.228326618671417680e-01,8.791047930717468262e-01,9.273265361785888450e-01,9.359632134437561035e-01,6.232309758663177046e-01,3.186299800872802734e-01,2.474431499838828930e-01,1.353260781615972519e-02,1.448114216327667236e-02,2.732728898990899324e-05,2.732728898990899324e-05
2.444174289703369141e+00,2.645733690261840909e+00,2.444201707839965820e+00,2.645761108398437589e+00,8.020447492599487305e-01,8.161952912807464156e-01,9.024342298507690430e-01,9.285183668136596236e-01,4.939256608486175537e-01,6.432556867599487083e-01,2.427452504634857178e-01,2.539365187287330738e-01,3.024549456313252449e-03,3.827827773056924256e-03,2.733117435127496719e-05,2.733117435127496719e-05
2.442593097686767578e+00,2.643821167945861639e+00,2.442620515823364258e+00,2.643848586082458318e+00,7.786419987678527832e-01,8.122998297214507613e-01,9.054363965988159180e-01,9.256976425647736040e-01,5.165606737136840820e-01,6.484842061996459739e-01,2.401551604270935059e-01,2.550076648592948803e-01,1.798603450879454613e-03,2.331850817427039146e-03,2.732935899985022843e-05,2.732935899985022843e-05
2.593404054641723633e+00,2.659051609039306818e+00,2.593431472778320312e+00,2.659079027175903498e+00,8.397273421287536621e-01,8.165640592575073020e-01,9.208687543869018555e-01,9.303157031536102295e-01,5.363841652870178223e-01,6.443934082984924538e-01,2.872585356235504150e-01,2.560959935188293346e-01,9.165346622467041016e-03,1.168245244771242211e-02,2.731890344875864685e-05,2.731890344875864685e-05
2.660625219345092773e+00,2.634598898887634100e+00,2.660652637481689453e+00,2.634626317024230779e+00,8.157701492309570312e-01,8.087769389152527078e-01,9.239483475685119629e-01,9.295148968696593794e-01,6.960560679435729980e-01,6.412833750247954878e-01,2.230156213045120239e-01,2.530680015683174355e-01,1.835127710364758968e-03,1.955668500158935785e-03,2.731059794314205647e-05,2.731059794314205647e-05
2.391593456268310547e+00,2.619942998886108487e+00,2.391620874404907227e+00,2.619970417022705167e+00,8.052957057952880859e-01,8.078433990478515181e-01,9.300382137298583984e-01,9.321628034114837202e-01,4.668130278587341309e-01,6.280618309974670410e-01,1.831716150045394897e-01,2.482740700244903675e-01,6.274871993809938431e-03,3.600870096124708826e-03,2.730057531152851880e-05,2.730057531152851880e-05
2.452067613601684570e+00,2.648495101928710849e+00,2.452094793319702148e+00,2.648522281646728427e+00,8.249162435531616211e-01,8.113932669162750022e-01,9.578782916069030762e-01,9.311890184879303423e-01,4.647076427936553955e-01,6.551751613616942915e-01,2.026095539331436157e-01,2.477262645959854015e-01,1.956053311005234718e-03,3.011424071155488578e-03,2.729434527282137424e-05,2.729434527282137424e-05
2.469960212707519531e+00,2.629307198524474920e+00,2.469987392425537109e+00,2.629334378242492498e+00,8.529037237167358398e-01,8.140742063522339311e-01,9.767447710037231445e-01,9.398990809917450173e-01,4.638868868350982666e-01,6.269655168056488259e-01,1.748911589384078979e-01,2.452198654413223211e-01,1.533433678559958935e-03,3.148556966334581202e-03,2.729068000917322934e-05,2.729068000917322934e-05
2.468848943710327148e+00,2.650380778312682928e+00,2.468876123428344727e+00,2.650407958030700506e+00,7.760078310966491699e-01,8.063643634319305198e-01,9.433662295341491699e-01,9.345851123332977739e-01,4.807015359401702881e-01,6.569345951080322044e-01,2.591348290443420410e-01,2.426592335104942322e-01,9.638552553951740265e-03,9.837461169809103012e-03,2.727465653151739389e-05,2.727465653151739389e-05
2.420139551162719727e+00,2.610643768310546786e+00,2.420166730880737305e+00,2.610670948028564364e+00,8.243052363395690918e-01,8.179740309715270996e-01,9.174124002456665039e-01,9.317446827888489214e-01,4.861147999763488770e-01,6.140878379344940630e-01,1.778745055198669434e-01,2.392098814249038752e-01,1.443271990865468979e-02,7.627309719100594694e-03,2.726972161326557398e-05,2.726972161326557398e-05
2.373652696609497070e+00,2.609843850135803223e+00,2.373679876327514648e+00,2.609871029853820801e+00,7.637317180633544922e-01,8.114926695823669878e-01,8.977286815643310547e-01,9.297879576683044656e-01,4.709669351577758789e-01,6.274278938770294634e-01,2.390255033969879150e-01,2.390733242034911998e-01,2.199829556047916412e-03,2.062040357850492087e-03,2.726184902712702751e-05,2.726184902712702751e-05
2.417114019393920898e+00,2.614615178108215421e+00,2.417141199111938477e+00,2.614642357826232999e+00,7.937094569206237793e-01,8.143901884555816428e-01,9.274500012397766113e-01,9.314503550529480425e-01,4.667069911956787109e-01,6.215702116489409956e-01,2.209063023328781128e-01,2.410046637058257946e-01,8.341322652995586395e-03,6.199709698557853352e-03,2.725736885622609407e-05,2.725736885622609407e-05
2.540216207504272461e+00,2.605355882644653231e+00,2.540243387222290039e+00,2.605383062362670810e+00,8.300778865814208984e-01,8.163612902164458784e-01,9.505764842033386230e-01,9.296766102313995805e-01,4.928305745124816895e-01,6.080684185028075728e-01,2.640316486358642578e-01,2.421042948961257824e-01,2.699694596230983734e-03,9.145335853099822651e-03,2.725627928157337010e-05,2.725627928157337010e-05
2.491717338562011719e+00,2.625232052803039728e+00,2.491744518280029297e+00,2.625259232521057307e+00,8.069581985473632812e-01,8.135881960391998513e-01,9.506841301918029785e-01,9.297531366348266157e-01,4.712769687175750732e-01,6.347501754760742632e-01,2.606203854084014893e-01,2.443769514560699407e-01,2.177802845835685730e-03,2.763519738800823775e-03,2.725189369812142104e-05,2.725189369812142104e-05
2.534745454788208008e+00,2.643705892562866033e+00,2.534772634506225586e+00,2.643733072280883611e+00,8.538514971733093262e-01,8.156114280223846214e-01,9.493052959442138672e-01,9.294965744018555132e-01,4.612734615802764893e-01,6.502499878406524658e-01,2.669413089752197266e-01,2.451806142926216125e-01,3.373747924342751503e-03,3.167229774408042604e-03,2.723568832152523100e-05,2.723568832152523100e-05
2.639401435852050781e+00,2.646659231185913175e+00,2.639428615570068359e+00,2.646686410903930753e+00,8.262827396392822266e-01,8.150085568428039329e-01,9.133552312850952148e-01,9.324385106563568559e-01,6.072057485580444336e-01,6.505465149879455788e-01,2.905614972114562988e-01,2.456029161810874828e-01,1.996250357478857040e-03,3.062714193947613413e-03,2.722933277254924178e-05,2.722933277254924178e-05
2.399141788482666016e+00,2.615143322944641024e+00,2.399168968200683594e+00,2.615170502662658603e+00,8.075219988822937012e-01,8.151120483875274880e-01,8.899249434471130371e-01,9.384514331817627175e-01,4.733391702175140381e-01,6.129463672637939231e-01,2.245801985263824463e-01,2.449408471584320068e-01,3.775452496483922005e-03,3.692597709596157161e-03,2.721508644754067063e-05,2.721508644754067063e-05
2.516409635543823242e+00,2.627627134323120117e+00,2.516436815261840820e+00,2.627654314041137695e+00,8.527740836143493652e-01,8.229843795299529585e-01,9.668556451797485352e-01,9.325373232364654319e-01,4.395528435707092285e-01,6.239990115165710005e-01,2.548861503601074219e-01,2.443196192383766119e-01,2.340949838981032372e-03,3.786795050837099639e-03,2.720817610679659992e-05,2.720817610679659992e-05
2.736066102981567383e+00,2.649019336700439542e+00,2.736093282699584961e+00,2.649046516418457120e+00,7.814701795578002930e-01,8.248560667037964089e-01,8.944655656814575195e-01,9.293609321117400901e-01,7.609809041023254395e-01,6.331320822238921675e-01,2.863861918449401855e-01,2.487723022699356024e-01,1.276321150362491608e-02,1.289799166843295063e-02,2.720449447224382311e-05,2.720449447224382311e-05
2.491921424865722656e+00,2.671025538444518954e+00,2.491948604583740234e+00,2.671052718162536532e+00,8.334498405456542969e-01,8.207847058773041216e-01,9.234147667884826660e-01,9.248813629150390847e-01,4.519547820091247559e-01,6.586541414260864702e-01,2.711978554725646973e-01,2.544581785798072926e-01,1.190435886383056641e-02,1.224716436117887462e-02,2.719173426157794893e-05,2.719173426157794893e-05
2.429827451705932617e+00,2.665300965309143066e+00,2.429854631423950195e+00,2.665328145027160645e+00,8.156996965408325195e-01,8.137753844261169656e-01,9.247205853462219238e-01,9.285973608493804932e-01,4.543108940124511719e-01,6.610182285308837669e-01,2.311598509550094604e-01,2.588949292898178323e-01,3.936182241886854172e-03,3.014998184517025861e-03,2.718748328334186226e-05,2.718748328334186226e-05
2.551705598831176758e+00,2.639998269081115900e+00,2.551732778549194336e+00,2.640025448799133478e+00,8.013423681259155273e-01,8.154629290103911909e-01,9.256634712219238281e-01,9.266890645027160422e-01,5.081725716590881348e-01,6.319780051708221436e-01,3.122693300247192383e-01,2.621256530284881703e-01,4.257883876562118530e-03,3.742682025767862884e-03,2.717774987104348838e-05,2.717774987104348838e-05
2.516876220703125000e+00,2.646242570877075373e+00,2.516903400421142578e+00,2.646269750595092951e+00,8.048774600028991699e-01,8.089109838008881059e-01,8.953471183776855469e-01,9.317743837833404319e-01,5.590320825576782227e-01,6.408596694469451682e-01,2.540963292121887207e-01,2.624652504920959584e-01,3.523223800584673882e-03,2.232267777435481462e-03,2.717730603762902319e-05,2.717730603762902319e-05
2.444733619689941406e+00,2.659348464012146085e+00,2.444760799407958984e+00,2.659375643730163663e+00,8.154501318931579590e-01,8.118695080280303733e-01,9.475939869880676270e-01,9.373001992702484353e-01,4.419421553611755371e-01,6.463437139987945335e-01,2.376968860626220703e-01,2.603807896375656128e-01,2.050446346402168274e-03,3.454295871779322798e-03,2.716956441872753203e-05,2.716956441872753203e-05
2.374329805374145508e+00,2.640156674385070623e+00,2.374356985092163086e+00,2.640183854103088201e+00,8.008464574813842773e-01,8.096210837364197221e-01,9.354012012481689453e-01,9.297729611396789995e-01,4.391770362854003906e-01,6.420359849929809792e-01,1.971462815999984741e-01,2.568101704120636097e-01,1.759145176038146019e-03,1.916492509189993230e-03,2.716647213674150407e-05,2.716647213674150407e-05
2.416002035140991211e+00,2.652844572067260653e+00,2.416029214859008789e+00,2.652871751785278231e+00,8.250136971473693848e-01,8.172405540943146196e-01,9.290941357612609863e-01,9.290832400321960005e-01,4.579066634178161621e-01,6.379509031772613303e-01,1.934383660554885864e-01,2.602313220500945823e-01,1.054937858134508133e-02,8.338511688634753227e-03,2.715455593715887517e-05,2.715455593715887517e-05
2.403535366058349609e+00,2.655383777618408381e+00,2.403562545776367188e+00,2.655410957336425959e+00,8.393223881721496582e-01,8.154782235622406450e-01,9.309201240539550781e-01,9.269712030887603538e-01,4.694122076034545898e-01,6.455259919166564941e-01,1.569522619247436523e-01,2.628092765808105469e-01,6.928460206836462021e-03,4.599076369777322162e-03,2.714213769650086761e-05,2.714213769650086761e-05
2.398715496063232422e+00,2.649478077888488770e+00,2.398742675781250000e+00,2.649505257606506348e+00,7.501158118247985840e-01,8.080018103122711404e-01,8.758213520050048828e-01,9.297951221466064231e-01,4.598977863788604736e-01,6.417399704456329124e-01,3.105680942535400391e-01,2.676522612571716198e-01,2.312350552529096603e-03,2.288855891674756830e-03,2.713810681598260999e-05,2.713810681598260999e-05
2.607736349105834961e+00,2.631266522407531561e+00,2.607763528823852539e+00,2.631293702125549139e+00,7.742896676063537598e-01,8.072399437427520974e-01,8.862323760986328125e-01,9.305851578712462935e-01,6.565144062042236328e-01,6.262334108352660689e-01,2.882220447063446045e-01,2.653557449579239114e-01,2.477986738085746765e-03,1.852307654917240099e-03,2.713456706260330975e-05,2.713456706260330975e-05
2.780642509460449219e+00,2.634741902351379395e+00,2.780669689178466797e+00,2.634769082069396973e+00,8.062950372695922852e-01,8.061972677707671675e-01,9.348602890968322754e-01,9.282056927680969460e-01,7.680416703224182129e-01,6.358862519264221191e-01,2.695167660713195801e-01,2.620373606681823953e-01,1.928907237015664577e-03,2.415322791785001841e-03,2.712656714720651507e-05,2.712656714720651507e-05
2.498702764511108398e+00,2.636725711822509588e+00,2.498729944229125977e+00,2.636752891540527166e+00,8.057643175125122070e-01,8.095597147941588911e-01,9.466236829757690430e-01,9.251388967037200706e-01,4.743211567401885986e-01,6.364215254783630593e-01,2.705168128013610840e-01,2.637972086668014526e-01,1.476689008995890617e-03,1.808418135624378920e-03,2.711180059122852981e-05,2.711180059122852981e-05
2.432954072952270508e+00,2.617928147315979004e+00,2.432981252670288086e+00,2.617955327033996582e+00,7.826942205429077148e-01,8.074050664901732954e-01,9.123629927635192871e-01,9.269892096519469771e-01,4.977616667747497559e-01,6.175164520740509255e-01,2.372169047594070435e-01,2.639339298009872326e-01,2.918305108323693275e-03,2.083461091388016939e-03,2.710481749090831727e-05,2.710481749090831727e-05
2.377830982208251953e+00,2.626480174064636408e+00,2.377858161926269531e+00,2.626507353782653986e+00,7.739126682281494141e-01,8.042652606964111328e-01,9.328643083572387695e-01,9.320248663425445557e-01,4.663425981998443604e-01,6.252617835998535156e-01,2.025106847286224365e-01,2.632505118846893422e-01,2.200922695919871330e-03,1.677691482473164753e-03,2.710261105676181614e-05,2.710261105676181614e-05
2.474619150161743164e+00,2.647448110580444158e+00,2.474646329879760742e+00,2.647475290298461736e+00,8.586673140525817871e-01,8.119461536407470703e-01,9.440826177597045898e-01,9.256541728973388672e-01,4.667779505252838135e-01,6.450316727161407027e-01,2.027480304241180420e-01,2.616807818412780762e-01,2.343087689951062202e-03,3.135365969501435930e-03,2.709400541789364070e-05,2.709400541789364070e-05
2.545365095138549805e+00,2.647998142242431463e+00,2.545392274856567383e+00,2.648025321960449041e+00,7.528651952743530273e-01,8.143445432186127153e-01,9.116194248199462891e-01,9.270048022270203081e-01,5.932241678237915039e-01,6.387648701667785200e-01,2.849595546722412109e-01,2.615456581115722656e-01,2.696839626878499985e-03,6.338294921442865978e-03,2.708371175685897470e-05,2.708371175685897470e-05
2.427445650100708008e+00,2.635999298095703214e+00,2.427472829818725586e+00,2.636026477813720792e+00,8.271718621253967285e-01,8.138846158981323242e-01,9.511699080467224121e-01,9.279406726360320823e-01,4.621970355510711670e-01,6.260976374149322954e-01,1.794510632753372192e-01,2.595557302236556896e-01,7.455890066921710968e-03,8.520642016083001397e-03,2.707788917177822441e-05,2.707788917177822441e-05
2.888093471527099609e+00,2.638510417938232600e+00,2.888120651245117188e+00,2.638537597656250178e+00,8.539285659790039062e-01,8.073998987674713135e-01,9.445136189460754395e-01,9.293972074985503706e-01,7.615655064582824707e-01,6.459406495094299760e-01,3.273775577545166016e-01,2.541882678866386192e-01,7.084547542035579681e-04,1.584386674221605106e-03,2.706475424929521978e-05,2.706475424929521978e-05
2.739924907684326172e+00,2.680693387985229492e+00,2.739951848983764648e+00,2.680720329284667969e+00,8.068168759346008301e-01,8.177343249320984109e-01,9.426309466361999512e-01,9.395535171031952348e-01,7.524607181549072266e-01,6.503499686717987283e-01,2.273244112730026245e-01,2.553216710686683766e-01,1.069189328700304031e-02,1.773392856121063302e-02,2.704761936911381781e-05,2.704761936911381781e-05
2.485303163528442383e+00,2.639357852935790838e+00,2.485330343246459961e+00,2.639385032653808416e+00,7.955247759819030762e-01,8.113379597663878950e-01,9.696597456932067871e-01,9.400028109550475630e-01,4.433464705944061279e-01,6.269891798496246560e-01,2.757133841514587402e-01,2.586028069257736428e-01,1.058915280736982822e-03,2.425112691707908934e-03,2.708351348701398820e-05,2.708351348701398820e-05
2.498323917388916016e+00,2.659673190116882413e+00,2.498351097106933594e+00,2.659700369834899991e+00,8.320870399475097656e-01,8.185022175312042236e-01,9.329857826232910156e-01,9.291642844676971658e-01,5.203622579574584961e-01,6.420579254627227783e-01,2.067037671804428101e-01,2.631472706794738547e-01,6.185022648423910141e-03,6.801528017967939030e-03,2.709540785872377455e-05,2.709540785872377455e-05
2.448374986648559570e+00,2.647174572944641202e+00,2.448402166366577148e+00,2.647201752662658780e+00,8.226869106292724609e-01,8.114031732082367387e-01,9.089612364768981934e-01,9.310111820697783980e-01,4.309157729148864746e-01,6.387600481510162798e-01,2.826198339462280273e-01,2.615664869546890370e-01,3.191255964338779449e-03,4.433775972574949438e-03,2.708300416998099536e-05,2.708300416998099536e-05
2.456950187683105469e+00,2.640203595161437988e+00,2.456977367401123047e+00,2.640230774879455566e+00,8.486714959144592285e-01,8.167683243751525657e-01,9.181031584739685059e-01,9.301350772380828635e-01,4.357860088348388672e-01,6.301038503646850808e-01,2.487374842166900635e-01,2.585349738597869651e-01,5.652003921568393707e-03,4.661383386701345270e-03,2.707748353714123368e-05,2.707748353714123368e-05
2.691455602645874023e+00,2.641351461410522461e+00,2.691482782363891602e+00,2.641378641128540039e+00,7.740899920463562012e-01,8.160441279411315696e-01,9.123089313507080078e-01,9.320220053195953369e-01,7.890943884849548340e-01,6.312457621097564697e-01,2.118633240461349487e-01,2.590844005346298329e-01,4.098788369446992874e-03,2.955168439075350935e-03,2.707484600250609219e-05,2.707484600250609219e-05
2.443916320800781250e+00,2.633613419532776057e+00,2.443943500518798828e+00,2.633640599250793635e+00,7.612627744674682617e-01,8.127415180206298828e-01,8.815476298332214355e-01,9.299779653549193892e-01,4.920977056026458740e-01,6.328038454055786577e-01,3.068654537200927734e-01,2.560228645801544411e-01,2.142950659617781639e-03,2.067178359720855778e-03,2.707164640014525503e-05,2.707164640014525503e-05
2.593733310699462891e+00,2.639838933944702148e+00,2.593760490417480469e+00,2.639866113662719727e+00,8.082914948463439941e-01,8.280094206333160622e-01,9.109927415847778320e-01,9.336489975452423318e-01,6.361728310585021973e-01,6.224599719047546609e-01,2.310619354248046875e-01,2.494957894086837769e-01,7.214192301034927368e-03,6.224788073450326746e-03,2.706757368287071586e-05,2.706757368287071586e-05
2.650130748748779297e+00,2.601446938514709650e+00,2.650157690048217773e+00,2.601473879814148127e+00,8.045304417610168457e-01,8.118966221809387207e-01,9.393484592437744141e-01,9.346781909465790017e-01,6.715103983879089355e-01,6.003425598144531694e-01,2.297368198633193970e-01,2.465138942003250178e-01,5.004605278372764587e-03,8.015662757679819714e-03,2.705996485019568354e-05,2.705996485019568354e-05
2.647944688796997070e+00,2.634771704673767090e+00,2.647971630096435547e+00,2.634798645973205566e+00,7.839714288711547852e-01,8.174355447292327437e-01,9.424679279327392578e-01,9.299232542514801469e-01,7.146450877189636230e-01,6.271635830402374490e-01,2.026106864213943481e-01,2.513118371367454307e-01,4.249522462487220764e-03,8.937528356909751892e-03,2.705632323340978473e-05,2.705632323340978473e-05
2.687431097030639648e+00,2.658461546897888272e+00,2.687458038330078125e+00,2.658488488197326749e+00,8.370286822319030762e-01,8.187353193759918657e-01,9.227738976478576660e-01,9.284968495368957075e-01,6.555023193359375000e-01,6.514386177062988503e-01,2.682527303695678711e-01,2.540297135710716248e-01,3.873551264405250549e-03,5.760990502312779600e-03,2.705350925680249929e-05,2.705350925680249929e-05
2.612229824066162109e+00,2.658479213714599609e+00,2.612256765365600586e+00,2.658506155014038086e+00,7.978143095970153809e-01,8.237210929393767866e-01,9.186542034149169922e-01,9.340416967868805376e-01,5.648241043090820312e-01,6.419157445430755393e-01,3.298149406909942627e-01,2.555841058492660522e-01,1.122250105254352093e-03,3.216617763973772439e-03,2.704401595110539347e-05,2.704401595110539347e-05
2.492897272109985352e+00,2.628637623786926447e+00,2.492924213409423828e+00,2.628664565086364924e+00,7.813093066215515137e-01,8.173344910144806352e-01,8.999240398406982422e-01,9.293920636177063210e-01,4.829734265804290771e-01,6.163165628910064475e-01,3.219137787818908691e-01,2.607227981090545765e-01,6.776832975447177887e-03,4.871738189831375902e-03,2.704290272959042341e-05,2.704290272959042341e-05
2.537681102752685547e+00,2.633547854423523127e+00,2.537708044052124023e+00,2.633574795722961603e+00,8.134100437164306641e-01,8.130167245864867720e-01,9.418398141860961914e-01,9.347464740276336670e-01,5.076435804367065430e-01,6.220110595226288064e-01,2.698352932929992676e-01,2.593703776597976463e-01,4.952490329742431641e-03,4.403222585096955299e-03,2.702817982935812324e-05,2.702817982935812324e-05
3.120755910873413086e+00,2.627204990386962979e+00,3.120782852172851562e+00,2.627231931686401456e+00,8.453426957130432129e-01,8.064777195453644021e-01,9.358264803886413574e-01,9.325519502162933350e-01,1.085690617561340332e+00,6.240331172943115456e-01,2.477634102106094360e-01,2.591630220413208008e-01,6.132494192570447922e-03,4.979275865480303764e-03,2.701893208723049611e-05,2.701893208723049611e-05
3.093317031860351562e+00,2.636116170883178622e+00,3.093343973159790039e+00,2.636143112182617099e+00,7.958599925041198730e-01,8.112538993358612283e-01,8.989647030830383301e-01,9.331155240535735640e-01,1.062098264694213867e+00,6.283030688762665239e-01,3.331759870052337646e-01,2.606376826763153187e-01,3.218111349269747734e-03,2.805985789746045893e-03,2.701639277802314609e-05,2.701639277802314609e-05
2.758030414581298828e+00,2.633598709106445224e+00,2.758057355880737305e+00,2.633625650405883700e+00,8.359135389328002930e-01,8.218115270137786865e-01,9.270201921463012695e-01,9.369134604930877686e-01,7.122071385383605957e-01,6.094519436359405740e-01,2.797499895095825195e-01,2.621557682752609364e-01,3.139388281852006912e-03,3.265976463444530877e-03,2.701043194974772632e-05,2.701043194974772632e-05
2.576141595840454102e+00,2.663076138496399015e+00,2.576168537139892578e+00,2.663103079795837491e+00,8.528217077255249023e-01,8.193826198577880415e-01,9.436739087104797363e-01,9.271303117275238037e-01,5.184838175773620605e-01,6.331106007099152055e-01,2.440968155860900879e-01,2.683240056037902721e-01,1.706533133983612061e-02,1.512856483459472726e-02,2.700728146010078490e-05,2.700728146010078490e-05
2.503231763839721680e+00,2.616916584968566717e+00,2.503258705139160156e+00,2.616943526268005193e+00,8.342718482017517090e-01,8.087356150150298850e-01,9.544975757598876953e-01,9.309189558029175027e-01,4.864139556884765625e-01,6.030807614326476607e-01,2.250187098979949951e-01,2.707328051328659058e-01,3.029639599844813347e-03,3.448480996303260240e-03,2.700033292057923973e-05,2.700033292057923973e-05
2.659964561462402344e+00,2.616773486137390137e+00,2.659991502761840820e+00,2.616800427436828613e+00,8.289799690246582031e-01,8.096661806106567605e-01,9.132682681083679199e-01,9.279458105564117876e-01,6.770991086959838867e-01,6.097627937793731467e-01,2.387025058269500732e-01,2.675531804561614990e-01,1.914702821522951126e-03,1.845515996683388862e-03,2.699145261431112885e-05,2.699145261431112885e-05
2.514808654785156250e+00,2.618481874465942383e+00,2.514835596084594727e+00,2.618508815765380859e+00,8.080388903617858887e-01,8.080014407634734663e-01,9.517472982406616211e-01,9.274080038070678933e-01,4.816381037235260010e-01,6.104777693748474343e-01,2.699117362499237061e-01,2.672250598669052013e-01,3.472648328170180321e-03,5.369592597708106388e-03,2.697875970625318587e-05,2.697875970625318587e-05
2.971709489822387695e+00,2.646089601516723455e+00,2.971736431121826172e+00,2.646116542816161932e+00,8.133260607719421387e-01,8.116881787776947244e-01,9.101342558860778809e-01,9.268228530883788618e-01,9.823285937309265137e-01,6.301370799541473611e-01,2.526602149009704590e-01,2.675234526395797729e-01,1.326028816401958466e-02,9.918014891445637096e-03,2.698020398383960128e-05,2.698020398383960128e-05
2.471551895141601562e+00,2.629130887985229315e+00,2.471578836441040039e+00,2.629157829284667791e+00,8.050171136856079102e-01,8.068783044815063255e-01,9.032282233238220215e-01,9.270135283470153365e-01,5.000823736190795898e-01,6.254838347434997781e-01,2.610223889350891113e-01,2.680904954671859963e-01,2.201882889494299889e-03,1.664730068296194120e-03,2.697310810617636889e-05,2.697310810617636889e-05
2.422814846038818359e+00,2.618728351593017756e+00,2.422841787338256836e+00,2.618755292892456232e+00,7.453389763832092285e-01,8.102269411087036355e-01,8.985412716865539551e-01,9.299239575862884299e-01,4.892136752605438232e-01,6.076353907585143599e-01,2.871010899543762207e-01,2.686833083629608376e-01,2.619949867948889732e-03,2.258742880076170141e-03,2.696410956559702754e-05,2.696410956559702754e-05
2.534366846084594727e+00,2.627111029624939142e+00,2.534393787384033203e+00,2.627137970924377619e+00,8.219463825225830078e-01,8.077190816402435303e-01,9.523106217384338379e-01,9.293611824512482134e-01,5.017965435981750488e-01,6.180800616741179976e-01,2.554298937320709229e-01,2.676814913749694935e-01,2.883544424548745155e-03,4.269186127930879766e-03,2.695596049306914210e-05,2.695596049306914210e-05
2.452558040618896484e+00,2.641149091720580877e+00,2.452584981918334961e+00,2.641176033020019354e+00,7.863390445709228516e-01,8.093282878398895264e-01,9.278070330619812012e-01,9.290505349636077881e-01,4.834021627902984619e-01,6.329194962978362815e-01,2.518665790557861328e-01,2.671667277812957986e-01,3.143115900456905365e-03,2.684042626060545618e-03,2.695106559258420020e-05,2.695106559258420020e-05
2.506726741790771484e+00,2.628321337699889959e+00,2.506753683090209961e+00,2.628348278999328436e+00,8.324747085571289062e-01,8.117139577865600808e-01,9.505856037139892578e-01,9.256657719612121360e-01,4.891887307167053223e-01,6.198532521724701150e-01,2.325612604618072510e-01,2.685603052377700806e-01,1.916349865496158600e-03,2.528011798858642578e-03,2.695101647987030447e-05,2.695101647987030447e-05
2.426620244979858398e+00,2.626918101310729892e+00,2.426647186279296875e+00,2.626945042610168368e+00,7.385398745536804199e-01,8.089471995830536111e-01,8.947141766548156738e-01,9.291738808155060036e-01,4.976207315921783447e-01,6.175322294235229270e-01,2.894000113010406494e-01,2.665673732757568581e-01,6.345295347273349762e-03,4.697410715743898998e-03,2.693674105103127658e-05,2.693674105103127658e-05
3.006527185440063477e+00,2.645756268501281649e+00,3.006554126739501953e+00,2.645783209800720126e+00,8.165743350982666016e-01,8.104741215705871804e-01,9.438517093658447266e-01,9.275684535503387895e-01,9.324519634246826172e-01,6.319875597953796831e-01,3.099299073219299316e-01,2.709389358758926281e-01,3.719362197443842888e-03,4.787197429686784397e-03,2.692979614948853850e-05,2.692979614948853850e-05
2.469764232635498047e+00,2.637022423744201483e+00,2.469791173934936523e+00,2.637049365043639959e+00,8.173652291297912598e-01,8.125389635562896284e-01,8.854029178619384766e-01,9.267606556415557417e-01,5.066666603088378906e-01,6.170910000801086426e-01,2.463377714157104492e-01,2.737865865230560414e-01,1.399176288396120071e-02,6.845189863815904011e-03,2.692218185984529555e-05,2.692218185984529555e-05
2.409622907638549805e+00,2.659264206886291504e+00,2.409649848937988281e+00,2.659291148185729980e+00,7.719351649284362793e-01,8.109061300754547563e-01,9.256774187088012695e-01,9.259148597717284934e-01,4.954152107238769531e-01,6.319520175457000732e-01,2.059077769517898560e-01,2.829408347606658936e-01,1.068742573261260986e-02,7.550370460376143282e-03,2.691081135708373040e-05,2.691081135708373040e-05
2.813913345336914062e+00,2.684596347808837713e+00,2.813940286636352539e+00,2.684623289108276190e+00,8.329718112945556641e-01,8.102695167064666304e-01,9.221992492675781250e-01,9.277214050292968972e-01,7.154490351676940918e-01,6.540955364704131858e-01,3.346946537494659424e-01,2.830484300851822121e-01,8.598651736974716187e-03,9.461481496691704143e-03,2.690939436433836818e-05,2.690939436433836818e-05
2.625082015991210938e+00,2.659072637557983398e+00,2.625108957290649414e+00,2.659099578857421875e+00,8.389403223991394043e-01,8.136463820934295432e-01,9.099063277244567871e-01,9.268968880176544634e-01,5.664453506469726562e-01,6.313532233238220437e-01,3.050727546215057373e-01,2.824763149023056252e-01,4.717464093118906021e-03,4.699853621423244823e-03,2.689132816158235073e-05,2.689132816158235073e-05
2.359350204467773438e+00,2.657277083396911710e+00,2.359377145767211914e+00,2.657304024696350186e+00,7.494018673896789551e-01,8.154821515083312544e-01,8.976223468780517578e-01,9.239061892032622847e-01,4.803767204284667969e-01,6.288578987121582475e-01,2.251163125038146973e-01,2.838652908802032360e-01,6.833046674728393555e-03,5.165567621588706970e-03,2.688559470698237419e-05,2.688559470698237419e-05
2.500847816467285156e+00,2.677562904357910334e+00,2.500874757766723633e+00,2.677589845657348810e+00,7.338103652000427246e-01,8.064111948013306108e-01,8.719412088394165039e-01,9.242223918437957320e-01,4.872454702854156494e-01,6.552720606327057107e-01,4.005762636661529541e-01,2.858956217765807883e-01,7.274446543306112289e-03,5.761677352711558515e-03,2.687066807993687689e-05,2.687066807993687689e-05
2.689114570617675781e+00,2.667916846275329767e+00,2.689141511917114258e+00,2.667943787574768244e+00,7.590231299400329590e-01,8.121941685676574707e-01,9.085369706153869629e-01,9.293108522891998513e-01,7.029771804809570312e-01,6.386325776576995406e-01,3.167533576488494873e-01,2.863278687000274658e-01,1.823912956751883030e-03,1.451388956047594461e-03,2.686713924049399793e-05,2.686713924049399793e-05
2.734704256057739258e+00,2.693926525115966975e+00,2.734731197357177734e+00,2.693953466415405451e+00,7.865023016929626465e-01,8.150532066822051558e-01,9.078328013420104980e-01,9.226261913776397927e-01,7.391932010650634766e-01,6.548952102661133035e-01,2.905206084251403809e-01,2.931099623441696389e-01,1.065511070191860199e-02,8.241939358413219452e-03,2.686226798687130213e-05,2.686226798687130213e-05
2.691121339797973633e+00,2.739011764526367188e+00,2.691148281097412109e+00,2.739038705825805664e+00,8.590988516807556152e-01,8.085115253925323486e-01,9.358624219894409180e-01,9.284802556037903276e-01,6.468862295150756836e-01,6.877577245235443337e-01,2.423991560935974121e-01,3.089299976825714000e-01,6.874801125377416611e-03,5.332254851236939257e-03,2.685365325305610895e-05,2.685365325305610895e-05
2.787294864654541016e+00,2.737798619270324529e+00,2.787321805953979492e+00,2.737825560569763006e+00,8.052861690521240234e-01,8.101103603839874268e-01,8.822163343429565430e-01,9.236739218235016091e-01,7.191697359085083008e-01,6.887534916400909202e-01,3.780559599399566650e-01,3.121282219886779563e-01,2.566647948697209358e-03,3.132624877616763202e-03,2.684047649381682277e-05,2.684047649381682277e-05
2.789674758911132812e+00,2.744403243064880371e+00,2.789701700210571289e+00,2.744430184364318848e+00,8.376004099845886230e-01,8.148958206176757368e-01,9.216555953025817871e-01,9.237699329853057417e-01,6.842803955078125000e-01,6.833984076976775679e-01,3.352426290512084961e-01,3.083151221275329812e-01,1.089580170810222626e-02,1.402401458472013474e-02,2.683746242837514728e-05,2.683746242837514728e-05
2.931923151016235352e+00,2.753033995628356934e+00,2.931950092315673828e+00,2.753060936927795410e+00,8.334475755691528320e-01,8.027282655239105225e-01,9.096486568450927734e-01,9.266817510128021462e-01,8.636093139648437500e-01,7.137979149818420854e-01,3.224382698535919189e-01,3.075674682855605857e-01,2.779352245852351189e-03,2.258521225303411657e-03,2.682776903384365141e-05,2.682776903384365141e-05
2.584140062332153320e+00,2.835906815528869807e+00,2.584167003631591797e+00,2.835933756828308283e+00,8.284625411033630371e-01,8.085115015506744163e-01,9.030368328094482422e-01,9.209506154060363992e-01,5.310255289077758789e-01,7.823025882244110107e-01,3.161513507366180420e-01,3.184918701648712380e-01,5.463595967739820480e-03,5.650308215990662575e-03,2.682623016880825162e-05,2.682623016880825162e-05
2.582824945449829102e+00,2.776971054077148615e+00,2.582851648330688477e+00,2.776997756958007990e+00,8.193491101264953613e-01,8.047968268394469771e-01,9.080736041069030762e-01,9.225462913513183816e-01,5.091978907585144043e-01,7.276849687099457009e-01,3.412158489227294922e-01,3.171639770269393810e-01,4.988548811525106430e-03,4.779059207066893578e-03,2.681272962945513427e-05,2.681272962945513427e-05
2.639612913131713867e+00,2.819259119033813654e+00,2.639639616012573242e+00,2.819285821914673029e+00,8.358853459358215332e-01,8.035667777061462624e-01,9.322420358657836914e-01,9.233964323997497781e-01,5.859019756317138672e-01,7.733691394329070823e-01,2.815253436565399170e-01,3.154837995767593162e-01,4.058040678501129150e-03,3.442948963493108576e-03,2.680034594959579408e-05,2.680034594959579408e-05
2.661849260330200195e+00,2.874140238761901944e+00,2.661875963211059570e+00,2.874166941642761319e+00,8.282392024993896484e-01,8.299744546413421187e-01,9.193042516708374023e-01,9.276685833930968794e-01,5.092687606811523438e-01,7.429661095142364724e-01,3.748141527175903320e-01,3.169640719890594593e-01,3.022305853664875031e-02,5.656709708273410797e-02,2.679056342458352447e-05,2.679056342458352447e-05
2.727712869644165039e+00,2.749241352081298828e+00,2.727739572525024414e+00,2.749268054962158203e+00,8.239997625350952148e-01,8.054638922214507613e-01,9.359739422798156738e-01,9.253100931644440141e-01,6.386140584945678711e-01,6.950970232486725076e-01,3.185057044029235840e-01,3.140567481517791970e-01,1.061951089650392532e-02,9.313603956252336155e-03,2.678493547136895359e-05,2.678493547136895359e-05
2.821072816848754883e+00,2.724311184883117853e+00,2.821099519729614258e+00,2.724337887763977228e+00,8.152365684509277344e-01,8.031641960144042525e-01,8.947571516036987305e-01,9.237868666648865190e-01,7.601155042648315430e-01,6.905950546264648660e-01,3.461931347846984863e-01,3.037296414375305065e-01,4.770553670823574066e-03,3.035535127855837258e-03,2.677586053323466331e-05,2.677586053323466331e-05
2.661395549774169922e+00,2.706201553344726562e+00,2.661422252655029297e+00,2.706228256225585938e+00,7.867338657379150391e-01,8.027754783630370872e-01,9.025074243545532227e-01,9.235170602798461470e-01,6.824930906295776367e-01,6.732607901096343550e-01,2.848002910614013672e-01,3.029889285564422718e-01,4.860916174948215485e-03,3.659286140464246447e-03,2.676897202036343515e-05,2.676897202036343515e-05
2.604164361953735352e+00,2.714462757110595703e+00,2.604191064834594727e+00,2.714489459991455078e+00,7.721734046936035156e-01,8.030165314674377885e-01,9.021726846694946289e-01,9.237234532833099587e-01,6.662124395370483398e-01,6.817605972290039507e-01,2.612988054752349854e-01,3.041037410497665627e-01,2.307001035660505295e-03,1.858442253433167978e-03,2.676066287676803768e-05,2.676066287676803768e-05
2.472081661224365234e+00,2.662389945983886896e+00,2.472108364105224609e+00,2.662416648864746271e+00,7.545958757400512695e-01,8.020983040332794189e-01,9.028434753417968750e-01,9.326410830020904763e-01,5.046654939651489258e-01,6.252669632434845193e-01,2.959022223949432373e-01,2.916968643665313610e-01,1.407460402697324753e-02,1.068677371367812191e-02,2.675707401067484170e-05,2.675707401067484170e-05
2.698221206665039062e+00,2.643022608757019221e+00,2.698247909545898438e+00,2.643049311637878596e+00,7.785785794258117676e-01,8.086638092994690163e-01,9.319394826889038086e-01,9.267184495925903098e-01,6.612212061882019043e-01,6.196793496608734575e-01,3.239524364471435547e-01,2.852952629327774048e-01,2.529394580051302910e-03,2.665685978718101892e-03,2.675347786862403154e-05,2.675347786862403154e-05
2.603264570236206055e+00,2.640247106552124023e+00,2.603291273117065430e+00,2.640273809432983398e+00,8.028476238250732422e-01,8.081258356571197066e-01,9.227924942970275879e-01,9.229818642139434592e-01,4.925177395343780518e-01,6.142787039279937744e-01,3.817771375179290771e-01,2.864651709794998058e-01,3.329790197312831879e-03,8.395554870367050518e-03,2.673856215551495552e-05,2.673856215551495552e-05
2.510702610015869141e+00,2.636280393600463956e+00,2.510729312896728516e+00,2.636307096481323331e+00,8.143195509910583496e-01,8.052543818950652632e-01,9.455160498619079590e-01,9.229865133762359397e-01,4.788361489772796631e-01,6.136352121829986572e-01,2.708191275596618652e-01,2.921221166849136130e-01,1.211537048220634460e-03,2.282170765101909811e-03,2.672920527402311563e-05,2.672920527402311563e-05
2.612266778945922852e+00,2.675552058219909490e+00,2.612293481826782227e+00,2.675578761100768865e+00,8.234530687332153320e-01,8.122620284557342529e-01,9.323467016220092773e-01,9.210510969161986861e-01,5.736600160598754883e-01,6.267558157443999800e-01,2.789823114871978760e-01,3.065667659044265525e-01,3.824720857664942741e-03,8.916363772004842064e-03,2.671789115993306041e-05,2.671789115993306041e-05
2.503092050552368164e+00,2.665130829811096280e+00,2.503118753433227539e+00,2.665157532691955655e+00,7.730501890182495117e-01,8.040373027324676514e-01,8.828567266464233398e-01,9.211480021476745605e-01,5.453919172286987305e-01,6.216313600540160911e-01,2.984209060668945312e-01,3.162794917821883933e-01,3.372382372617721558e-03,2.034647949039936152e-03,2.670469257282093167e-05,2.670469257282093167e-05
2.436388254165649414e+00,2.686161351203918635e+00,2.436414957046508789e+00,2.686188054084778010e+00,7.932440638542175293e-01,8.078822255134582297e-01,9.200747013092041016e-01,9.191829741001129594e-01,4.795599877834320068e-01,6.377715170383453369e-01,2.382945418357849121e-01,3.175204753875732200e-01,5.214918870478868484e-03,3.804157651029527014e-03,2.670356479939073324e-05,2.670356479939073324e-05
3.162349700927734375e+00,2.707954812049865545e+00,3.162376403808593750e+00,2.707981514930724920e+00,8.767342567443847656e-01,8.158645033836364746e-01,9.134346246719360352e-01,9.292835950851440208e-01,9.675478339195251465e-01,6.347803771495819092e-01,3.985289037227630615e-01,3.222587436437606701e-01,6.104227155447006226e-03,5.767721403390169317e-03,2.669808964128606021e-05,2.669808964128606021e-05
2.513533115386962891e+00,2.672068023681640536e+00,2.513559818267822266e+00,2.672094726562499911e+00,8.085356354713439941e-01,8.050247550010680708e-01,9.355552196502685547e-01,9.174210071563720925e-01,4.655545055866241455e-01,6.226230263710021973e-01,3.011305332183837891e-01,3.249264121055602805e-01,2.757254987955093384e-03,2.072759985458105716e-03,2.669220521056558937e-05,2.669220521056558937e-05
2.441770553588867188e+00,2.663168716430663885e+00,2.441797256469726562e+00,2.663195419311523260e+00,7.718995809555053711e-01,8.023590862751006636e-01,8.950489759445190430e-01,9.182538092136383057e-01,4.465926289558410645e-01,6.155056238174438921e-01,3.254144787788391113e-01,3.244704425334930531e-01,2.814999083057045937e-03,2.579758875072002411e-03,2.667652552190702409e-05,2.667652552190702409e-05
3.178794622421264648e+00,2.694612121582031339e+00,3.178821325302124023e+00,2.694638824462890714e+00,8.007169961929321289e-01,8.049569368362426980e-01,8.904347419738769531e-01,9.162511169910431130e-01,1.165975451469421387e+00,6.377698183059692383e-01,3.137370049953460693e-01,3.290240913629531860e-01,7.930607534945011139e-03,6.610144022852182041e-03,2.666676846274640411e-05,2.666676846274640411e-05
2.536329030990600586e+00,2.669825720787048162e+00,2.536355733871459961e+00,2.669852423667907537e+00,8.179962038993835449e-01,8.043494105339050737e-01,9.403239488601684570e-01,9.196603894233703613e-01,4.517926573753356934e-01,6.079035997390747070e-01,3.241150677204132080e-01,3.348006546497345193e-01,2.101291203871369362e-03,3.111704206094145948e-03,2.665286228875629604e-05,2.665286228875629604e-05
2.626631736755371094e+00,2.682281851768493652e+00,2.626658439636230469e+00,2.682308554649353027e+00,8.102920651435852051e-01,8.055141985416411909e-01,9.031721353530883789e-01,9.183542847633361372e-01,5.805058479309082031e-01,6.163197338581085649e-01,3.220241665840148926e-01,3.347259461879730225e-01,1.063745934516191483e-02,7.367720315232873136e-03,2.664463681867346168e-05,2.664463681867346168e-05
2.494874477386474609e+00,2.693880438804626465e+00,2.494901180267333984e+00,2.693907141685485840e+00,7.580568194389343262e-01,7.996783614158630149e-01,9.101440310478210449e-01,9.213416337966918723e-01,5.380903482437133789e-01,6.455763578414916992e-01,2.850047945976257324e-01,3.243791192770004161e-01,3.578416071832180023e-03,2.904951036907732313e-03,2.662845508893951774e-05,2.662845508893951774e-05
2.460688352584838867e+00,2.686753797531127752e+00,2.460715055465698242e+00,2.686780500411987127e+00,8.254490494728088379e-01,8.084027051925659624e-01,9.237105846405029297e-01,9.191405415534973367e-01,4.478411078453063965e-01,6.259003102779387984e-01,2.522213757038116455e-01,3.242895931005477794e-01,1.146617345511913300e-02,9.020680002868175854e-03,2.662157930899411440e-05,2.662157930899411440e-05
2.655501127243041992e+00,2.716061758995055975e+00,2.655527830123901367e+00,2.716088461875915350e+00,7.938764095306396484e-01,8.166036009788513184e-01,9.276299476623535156e-01,9.259506821632385032e-01,6.459853053092956543e-01,6.220711231231689231e-01,2.682662308216094971e-01,3.192076086997985840e-01,1.974319480359554291e-02,3.222873937338590483e-02,2.661110920598730445e-05,2.661110920598730445e-05
3.236020088195800781e+00,2.659477472305297852e+00,3.236046791076660156e+00,2.659504175186157227e+00,7.844187617301940918e-01,7.994380414485930952e-01,9.292506575584411621e-01,9.216353535652160867e-01,1.228352069854736328e+00,6.169245481491089089e-01,2.906734943389892578e-01,3.182529956102371216e-01,3.325182944536209106e-03,3.226558654569089499e-03,2.660761310835368931e-05,2.660761310835368931e-05
2.543980836868286133e+00,2.696980166435241522e+00,2.544007539749145508e+00,2.697006869316100897e+00,8.267497420310974121e-01,8.215374052524566650e-01,9.355266094207763672e-01,9.235740661621093528e-01,4.436821639537811279e-01,6.228410422801970991e-01,3.319768607616424561e-01,3.165535569190979226e-01,6.045343820005655289e-03,1.247411966323852539e-02,2.659285746631212533e-05,2.659285746631212533e-05
2.760684967041015625e+00,2.675060629844665527e+00,2.760711431503295898e+00,2.675087094306945801e+00,7.921787500381469727e-01,8.084671497344970703e-01,9.018216133117675781e-01,9.221144556999206765e-01,6.913828253746032715e-01,6.181401371955871360e-01,3.695595562458038330e-01,3.177954077720642201e-01,5.742284003645181656e-03,8.543490245938301780e-03,2.657781078596599400e-05,2.657781078596599400e-05
2.478877067565917969e+00,2.666865324974060147e+00,2.478903532028198242e+00,2.666891789436340421e+00,8.373972773551940918e-01,8.072773575782775657e-01,9.599103331565856934e-01,9.189378738403319868e-01,4.134769439697265625e-01,6.227480947971344438e-01,2.652275264263153076e-01,3.151819080114364735e-01,2.865168731659650803e-03,2.720140875317156228e-03,2.657742879819124937e-05,2.657742879819124937e-05
2.419339656829833984e+00,2.680799603462219238e+00,2.419366121292114258e+00,2.680826067924499512e+00,7.952721714973449707e-01,8.034730255603790283e-01,9.295880198478698730e-01,9.189995527267456055e-01,4.361970424652099609e-01,6.420094013214111550e-01,2.547778189182281494e-01,3.128321260213852151e-01,3.504614112898707390e-03,3.485524235293269071e-03,2.656303513504099101e-05,2.656303513504099101e-05
2.369723558425903320e+00,2.691852736473083318e+00,2.369750022888183594e+00,2.691879200935363592e+00,7.980970740318298340e-01,8.076741874217987505e-01,9.095423817634582520e-01,9.166189193725585715e-01,3.840944170951843262e-01,6.412501037120819092e-01,2.681027352809906006e-01,3.197145551443100198e-01,9.887013584375381470e-03,6.594968214631080801e-03,2.655343996593728662e-05,2.655343996593728662e-05
2.384974241256713867e+00,2.703589272499084650e+00,2.385000705718994141e+00,2.703615736961364924e+00,7.771180272102355957e-01,8.200631499290466087e-01,8.989735245704650879e-01,9.114210486412048784e-01,4.214364886283874512e-01,6.165325462818145308e-01,2.734595835208892822e-01,3.476999640464782937e-01,1.398660428822040558e-02,7.872596662491560676e-03,2.654014679137617350e-05,2.654014679137617350e-05
2.471899986267089844e+00,2.700023150444030851e+00,2.471926450729370117e+00,2.700049614906311124e+00,7.533954381942749023e-01,8.043295860290526900e-01,9.013001918792724609e-01,9.153178334236145020e-01,4.053238630294799805e-01,6.165465712547302246e-01,4.070026576519012451e-01,3.587431758642196655e-01,4.877890460193157196e-03,5.085948435589670961e-03,2.652992770890705287e-05,2.652992770890705287e-05
2.498446464538574219e+00,2.695126366615295588e+00,2.498472929000854492e+00,2.695152831077575861e+00,8.159220218658447266e-01,8.139883339405059592e-01,9.255373477935791016e-01,9.130386948585510476e-01,3.971029222011566162e-01,5.982268512248992698e-01,3.554559648036956787e-01,3.646917343139648438e-01,4.428463988006114960e-03,5.180775839835405523e-03,2.652138937264680862e-05,2.652138937264680862e-05
3.505026578903198242e+00,2.697633194923400701e+00,3.505053043365478516e+00,2.697659659385680975e+00,7.803104519844055176e-01,8.104249596595763938e-01,8.771913051605224609e-01,9.126535058021545410e-01,1.333942890167236328e+00,6.027534425258636031e-01,5.107723474502563477e-01,3.677579671144485252e-01,2.809837460517883301e-03,4.043288645334541798e-03,2.650611713761463761e-05,2.650611713761463761e-05
2.790921688079833984e+00,2.686597514152526678e+00,2.790948152542114258e+00,2.686623978614806951e+00,7.975381016731262207e-01,8.065456211566924827e-01,9.073808193206787109e-01,9.173401772975922075e-01,6.770362854003906250e-01,5.938109457492828369e-01,4.063657224178314209e-01,3.643975675106048695e-01,2.600901527330279350e-03,4.503256315365434040e-03,2.650234819157049060e-05,2.650234819157049060e-05
2.537329673767089844e+00,2.701025438308715998e+00,2.537356138229370117e+00,2.701051902770996271e+00,7.698763608932495117e-01,8.070315897464752641e-01,9.264233112335205078e-01,9.132577359676361528e-01,4.856380224227905273e-01,6.145223796367644820e-01,3.499112725257873535e-01,3.588698804378509521e-01,5.480876192450523376e-03,7.343902345746755253e-03,2.649206908245105296e-05,2.649206908245105296e-05
2.408046960830688477e+00,2.690904116630554288e+00,2.408073425292968750e+00,2.690930581092834561e+00,7.661612033843994141e-01,7.993415176868439165e-01,9.062194824218750000e-01,9.148667216300964133e-01,4.244795143604278564e-01,6.174792587757110818e-01,3.082346022129058838e-01,3.568919062614440696e-01,2.952160313725471497e-03,2.324718539603054437e-03,2.648086592671461403e-05,2.648086592671461403e-05
2.459852933883666992e+00,2.675445008277892889e+00,2.459879398345947266e+00,2.675471472740173162e+00,8.158979415893554688e-01,8.026279747486114724e-01,9.013711810111999512e-01,9.127410233020782915e-01,4.317203462123870850e-01,6.000797450542449951e-01,3.048794269561767578e-01,3.539962947368621715e-01,5.983964074403047562e-03,6.000004382804036487e-03,2.647254041221458465e-05,2.647254041221458465e-05
3.202215194702148438e+00,2.678179645538329989e+00,3.202241659164428711e+00,2.678206110000610263e+00,7.528132796287536621e-01,7.998219788074493186e-01,8.595540523529052734e-01,9.217883467674254927e-01,1.131010651588439941e+00,6.130785882472992165e-01,4.513133168220520020e-01,3.358318418264388816e-01,7.523808628320693970e-03,7.658871170133352106e-03,2.646216125867795199e-05,2.646216125867795199e-05
2.772394180297851562e+00,2.681260848045349032e+00,2.772420644760131836e+00,2.681287312507629306e+00,8.234333992004394531e-01,7.998041927814483198e-01,9.045965075492858887e-01,9.238300383090972678e-01,6.911191344261169434e-01,6.216362178325652854e-01,3.514739274978637695e-01,3.338669180870056374e-01,1.771089038811624050e-03,2.123440289869904431e-03,2.645409222168382257e-05,2.645409222168382257e-05
2.606242418289184570e+00,2.701523947715759100e+00,2.606268882751464844e+00,2.701550412178039373e+00,8.563916087150573730e-01,8.119563460350036621e-01,9.408426880836486816e-01,9.270286381244658980e-01,4.903947412967681885e-01,6.153628110885620561e-01,3.091081976890563965e-01,3.338826954364776389e-01,9.504958987236022949e-03,1.329344166442751954e-02,2.645443237270228565e-05,2.645443237270228565e-05
2.597479820251464844e+00,2.666362833976745783e+00,2.597506284713745117e+00,2.666389298439026057e+00,8.266741633415222168e-01,8.031197071075439897e-01,9.185793995857238770e-01,9.221592664718627486e-01,5.766672492027282715e-01,6.038652241230011430e-01,2.725388109683990479e-01,3.347321927547454723e-01,3.020076779648661613e-03,2.486436464823782617e-03,2.644799860718194395e-05,2.644799860718194395e-05
3.243068218231201172e+00,2.687496685981750399e+00,3.243094682693481445e+00,2.687523150444030673e+00,8.063973784446716309e-01,8.025582671165466531e-01,9.092320799827575684e-01,9.169009506702423540e-01,1.183174729347229004e+00,6.267871081829070601e-01,3.401095867156982422e-01,3.379389345645904541e-01,4.154546186327934265e-03,3.311460348777473060e-03,2.644446067279204726e-05,2.644446067279204726e-05
2.523679971694946289e+00,2.687609148025512873e+00,2.523706436157226562e+00,2.687635612487793146e+00,8.255271315574645996e-01,8.049455344676971214e-01,9.302848577499389648e-01,9.176500439643859863e-01,4.752708077430725098e-01,6.195266485214233620e-01,2.890172898769378662e-01,3.419039219617843739e-01,3.580207936465740204e-03,3.583031869493424719e-03,2.642880826897453517e-05,2.642880826897453517e-05
2.580475807189941406e+00,2.690837407112121493e+00,2.580502271652221680e+00,2.690863871574401767e+00,8.471067547798156738e-01,8.000485897064208984e-01,9.188390970230102539e-01,9.201667666435241477e-01,4.735227823257446289e-01,6.221157252788543923e-01,3.382612764835357666e-01,3.455543160438537820e-01,2.745948266237974167e-03,2.952000964432954701e-03,2.642723848111927509e-05,2.642723848111927509e-05
2.518901109695434570e+00,2.700581669807434082e+00,2.518927574157714844e+00,2.700608134269714355e+00,7.667455673217773438e-01,8.056823730468749556e-01,9.067817926406860352e-01,9.160007536411285400e-01,4.665201008319854736e-01,6.279050350189209206e-01,3.762207925319671631e-01,3.480878293514251820e-01,2.632741583511233330e-03,2.905668178573250944e-03,2.641952778503764421e-05,2.641952778503764421e-05
2.417963504791259766e+00,2.683317971229553400e+00,2.417989969253540039e+00,2.683344435691833674e+00,7.755165696144104004e-01,8.061040222644806352e-01,9.125728011131286621e-01,9.167864918708801270e-01,4.201988875865936279e-01,6.082189917564392312e-01,2.999248206615447998e-01,3.445419996976852306e-01,9.750277735292911530e-03,7.666408643126487385e-03,2.642076833581086248e-05,2.642076833581086248e-05
2.579206228256225586e+00,2.717426061630249023e+00,2.579232692718505859e+00,2.717452526092529297e+00,8.676206469535827637e-01,8.080695629119872825e-01,9.695374965667724609e-01,9.323912858963012695e-01,4.361855089664459229e-01,6.252959311008453591e-01,3.031534552574157715e-01,3.469362974166870228e-01,2.708971500396728516e-03,4.732953850179910660e-03,2.641516584844794124e-05,2.641516584844794124e-05
2.671736478805541992e+00,2.718236231803893954e+00,2.671762943267822266e+00,2.718262696266174228e+00,7.939047813415527344e-01,8.069806575775146928e-01,9.256839752197265625e-01,9.152721166610717773e-01,6.038632988929748535e-01,6.213078737258911355e-01,3.333891332149505615e-01,3.583629041910171287e-01,1.489534601569175720e-02,1.631266074255108972e-02,2.640404272824525833e-05,2.640404272824525833e-05
2.521891593933105469e+00,2.739883780479431152e+00,2.521918058395385742e+00,2.739910244941711426e+00,7.887320518493652344e-01,8.107586383819580522e-01,9.121272563934326172e-01,9.120979189872742143e-01,4.079953730106353760e-01,6.324010074138641802e-01,4.034548401832580566e-01,3.692499846220016479e-01,9.581925347447395325e-03,1.537626842036843300e-02,2.639328522491268814e-05,2.639328522491268814e-05
2.479306221008300781e+00,2.713532257080077947e+00,2.479332685470581055e+00,2.713558721542358221e+00,8.107883930206298828e-01,8.074593663215636763e-01,9.272809624671936035e-01,9.142188251018523726e-01,4.146855175495147705e-01,6.145764648914336936e-01,3.244294226169586182e-01,3.748132199048995750e-01,2.121924189850687981e-03,2.464402304030955011e-03,2.637855141074396670e-05,2.637855141074396670e-05
3.468742370605468750e+00,2.714400696754455389e+00,3.468768835067749023e+00,2.714427161216735662e+00,7.988016009330749512e-01,8.089788615703582542e-01,9.082400798797607422e-01,9.104468166828155740e-01,1.372642278671264648e+00,6.143462479114532027e-01,3.808000683784484863e-01,3.718961358070373424e-01,8.258412592113018036e-03,8.732618764042854309e-03,2.636143472045660019e-05,2.636143472045660019e-05
2.510065317153930664e+00,2.714211249351501376e+00,2.510091781616210938e+00,2.714237713813781649e+00,7.689425945281982422e-01,7.994399070739746094e-01,8.976086378097534180e-01,9.197828352451324907e-01,4.619795978069305420e-01,6.340503931045532449e-01,3.742182850837707520e-01,3.539587080478668324e-01,7.316289003938436508e-03,6.979407509788870811e-03,2.635002965689636767e-05,2.635002965689636767e-05
2.448735475540161133e+00,2.712493586540221990e+00,2.448761701583862305e+00,2.712519812583923162e+00,7.733251452445983887e-01,7.987339615821837935e-01,8.892005085945129395e-01,9.225090682506561501e-01,4.453217089176177979e-01,6.313772380352020708e-01,3.354791402816772461e-01,3.537531107664108054e-01,5.409100558608770370e-03,6.120138335973024368e-03,2.633699477883055806e-05,2.633699477883055806e-05
2.871697664260864258e+00,2.694473266601562500e+00,2.871723890304565430e+00,2.694499492645263672e+00,8.065326213836669922e-01,8.004363715648651345e-01,9.320881366729736328e-01,9.184507906436920610e-01,8.097476959228515625e-01,6.200435578823089156e-01,3.206669986248016357e-01,3.528720080852508767e-01,2.662232145667076111e-03,2.670511906035244638e-03,2.633687472552992404e-05,2.633687472552992404e-05
2.493605136871337891e+00,2.695506238937377841e+00,2.493631362915039062e+00,2.695532464981079013e+00,7.469773888587951660e-01,7.996805667877197044e-01,8.937788605690002441e-01,9.198882341384887473e-01,4.650315642356872559e-01,6.142763733863830788e-01,3.792394399642944336e-01,3.546639949083328358e-01,8.577913977205753326e-03,6.997150136157870293e-03,2.632264113344717771e-05,2.632264113344717771e-05
2.549469947814941406e+00,2.727202391624450772e+00,2.549496173858642578e+00,2.727228617668151944e+00,8.015376329421997070e-01,8.053721189498901367e-01,9.431547522544860840e-01,9.215871334075927956e-01,4.611067473888397217e-01,6.376413106918334961e-01,3.413825333118438721e-01,3.595616668462753296e-01,2.288332441821694374e-03,3.040197212249040517e-03,2.632219366205390543e-05,2.632219366205390543e-05
2.884711980819702148e+00,2.713308548927307218e+00,2.884738206863403320e+00,2.713334774971008390e+00,8.173940777778625488e-01,8.036462485790252241e-01,9.188126921653747559e-01,9.135993063449859841e-01,7.392876744270324707e-01,6.294460177421570268e-01,4.050220847129821777e-01,3.624964624643325917e-01,4.195447079837322235e-03,4.120513051748275930e-03,2.631375173223204911e-05,2.631375173223204911e-05
3.077925443649291992e+00,2.687012958526611150e+00,3.077951669692993164e+00,2.687039184570312322e+00,8.194189667701721191e-01,8.062775850296020064e-01,9.138562083244323730e-01,9.148920238018035667e-01,1.013139963150024414e+00,6.013628780841827615e-01,3.258273303508758545e-01,3.600265204906463734e-01,5.682922434061765671e-03,4.453883133828639637e-03,2.630064045661129057e-05,2.630064045661129057e-05
2.991891145706176758e+00,2.693252730369567693e+00,2.991917371749877930e+00,2.693278956413268865e+00,8.442291617393493652e-01,7.990688443183898704e-01,9.278225898742675781e-01,9.201578378677368608e-01,8.204305768013000488e-01,6.087480664253235307e-01,3.946784436702728271e-01,3.593653619289398082e-01,4.730345215648412704e-03,5.912678036838770086e-03,2.628361835377290845e-05,2.628361835377290845e-05
2.661900997161865234e+00,2.692828583717346014e+00,2.661927223205566406e+00,2.692854809761047186e+00,7.902455925941467285e-01,8.055683970451354980e-01,9.124791622161865234e-01,9.194020569324493630e-01,4.585507810115814209e-01,5.841714680194854958e-01,4.961380660533905029e-01,3.786598950624465720e-01,4.487473517656326294e-03,5.026738159358501434e-03,2.626933564897626638e-05,2.626933564897626638e-05
2.540552139282226562e+00,2.695461940765381037e+00,2.540578365325927734e+00,2.695488166809082209e+00,8.238332867622375488e-01,8.110496163368224876e-01,9.137113094329833984e-01,9.140713393688202348e-01,4.408040642738342285e-01,5.814308941364287886e-01,3.585563600063323975e-01,3.841753453016281128e-01,3.647325327619910240e-03,4.734737286344170744e-03,2.626364585012197495e-05,2.626364585012197495e-05
2.632558822631835938e+00,2.670576262474059881e+00,2.632585048675537109e+00,2.670602488517761053e+00,7.903614640235900879e-01,7.998843193054199219e-01,8.857928514480590820e-01,9.122542202472686546e-01,5.826741456985473633e-01,5.751266539096832053e-01,3.710187971591949463e-01,3.814935743808746116e-01,2.711338456720113754e-03,1.817543967626988975e-03,2.625519846333190799e-05,2.625519846333190799e-05
2.531626224517822266e+00,2.689863634109497248e+00,2.531652450561523438e+00,2.689889860153198420e+00,8.347560167312622070e-01,8.022508442401885542e-01,9.626615047454833984e-01,9.175223410129547119e-01,4.244144260883331299e-01,5.891417622566222922e-01,3.078245222568511963e-01,3.779288500547409169e-01,1.969634788110852242e-03,3.019794006831943989e-03,2.624422086228150874e-05,2.624422086228150874e-05
2.496506452560424805e+00,2.684880018234252930e+00,2.496532678604125977e+00,2.684906244277954102e+00,8.149446249008178711e-01,7.984597146511077659e-01,9.180200099945068359e-01,9.187048435211181419e-01,4.143795967102050781e-01,5.888515889644623247e-01,3.464642763137817383e-01,3.763925522565841897e-01,2.698160242289304733e-03,2.471337746828794653e-03,2.623942054924555123e-05,2.623942054924555123e-05
2.567083120346069336e+00,2.676813602447509766e+00,2.567109346389770508e+00,2.676839828491210938e+00,8.015608191490173340e-01,8.054330408573150413e-01,8.919309377670288086e-01,9.146874010562896506e-01,4.332785606384277344e-01,5.689751446247101052e-01,4.364111721515655518e-01,3.830026149749755637e-01,3.901774296537041664e-03,4.715434135869145046e-03,2.622047031763941050e-05,2.622047031763941050e-05
2.744625091552734375e+00,2.678139710426330478e+00,2.744651317596435547e+00,2.678165936470031649e+00,8.171456456184387207e-01,8.007303655147552934e-01,9.245776534080505371e-01,9.201703071594238281e-01,6.697103977203369141e-01,5.842437684535980447e-01,3.269563317298889160e-01,3.672817885875702126e-01,6.235104985535144806e-03,5.713473632931708943e-03,2.621152088977396488e-05,2.621152088977396488e-05
2.470118522644042969e+00,2.692936682701110751e+00,2.470144748687744141e+00,2.692962908744811923e+00,7.944521307945251465e-01,8.002150535583496538e-01,9.365838766098022461e-01,9.167378664016723189e-01,4.626784920692443848e-01,6.148892045021057129e-01,2.735582292079925537e-01,3.583899319171905407e-01,2.845915267243981361e-03,2.704606251791119662e-03,2.619621227495372295e-05,2.619621227495372295e-05
2.588425397872924805e+00,2.673448538780212491e+00,2.588451623916625977e+00,2.673474764823913663e+00,8.180254697799682617e-01,8.022073864936828391e-01,8.925187587738037109e-01,9.159818351268768089e-01,4.412680268287658691e-01,5.896063506603240745e-01,4.297855496406555176e-01,3.578764319419860951e-01,6.827594712376594543e-03,7.776507316157222141e-03,2.618400867504533380e-05,2.618400867504533380e-05
2.816602468490600586e+00,2.686185145378112704e+00,2.816628694534301758e+00,2.686211371421813876e+00,7.880259752273559570e-01,8.088621556758880393e-01,9.146978259086608887e-01,9.158317148685455322e-01,6.689757108688354492e-01,5.918692469596862349e-01,4.347271919250488281e-01,3.584554910659790150e-01,1.017590053379535675e-02,1.116651454940438201e-02,2.617467907839454710e-05,2.617467907839454710e-05
2.481620550155639648e+00,2.712399172782897772e+00,2.481646776199340820e+00,2.712425398826598943e+00,8.257057070732116699e-01,8.178168535232543945e-01,9.216816425323486328e-01,9.221824586391449419e-01,4.143624305725097656e-01,6.047730445861816406e-01,3.111176490783691406e-01,3.534453630447387806e-01,8.753019385039806366e-03,1.418143324553966522e-02,2.616080928419250995e-05,2.616080928419250995e-05
2.958661317825317383e+00,2.679761958122253596e+00,2.958687543869018555e+00,2.679788184165954767e+00,8.030107021331787109e-01,8.021048486232758012e-01,9.025647044181823730e-01,9.118508398532867432e-01,9.008125662803649902e-01,6.025681734085083230e-01,3.431978523731231689e-01,3.574238717555999756e-01,9.075475856661796570e-03,5.814227182418108333e-03,2.614470577100291848e-05,2.614470577100291848e-05
2.519927024841308594e+00,2.668313527107238681e+00,2.519953250885009766e+00,2.668339753150939853e+00,8.239014744758605957e-01,8.001141130924225298e-01,9.514068365097045898e-01,9.135948657989502175e-01,4.366831779479980469e-01,5.924078524112701416e-01,3.058793544769287109e-01,3.594028562307357566e-01,2.056198427453637123e-03,2.793840831145644188e-03,2.612831667647697031e-05,2.612831667647697031e-05
2.490276575088500977e+00,2.689012050628662109e+00,2.490302801132202148e+00,2.689038276672363281e+00,8.241353034973144531e-01,8.090063512325287309e-01,9.160116314888000488e-01,9.157100856304168923e-01,4.101430177688598633e-01,5.977694988250732422e-01,3.333360552787780762e-01,3.623961716890334861e-01,6.650500465184450150e-03,4.129835194908082832e-03,2.611589661682955921e-05,2.611589661682955921e-05
3.022091150283813477e+00,2.681640505790710449e+00,3.022117376327514648e+00,2.681666731834411621e+00,8.210054039955139160e-01,8.037448525428771973e-01,9.201478362083435059e-01,9.134109437465667281e-01,8.988334536552429199e-01,5.932580113410950151e-01,3.721131980419158936e-01,3.641862601041793712e-01,9.991133585572242737e-03,7.040439639240503311e-03,2.611204035929404199e-05,2.611204035929404199e-05
2.876536130905151367e+00,2.694419264793395996e+00,2.876562118530273438e+00,2.694445252418518066e+00,8.417264223098754883e-01,8.057289361953735574e-01,9.345903992652893066e-01,9.142779052257538064e-01,6.511846780776977539e-01,6.085060954093932661e-01,4.461312294006347656e-01,3.601011455059051625e-01,2.903181593865156174e-03,5.805215239524841656e-03,2.609652437968179584e-05,2.609652437968179584e-05
3.775442838668823242e+00,2.731241726875305087e+00,3.775468826293945312e+00,2.731267714500427157e+00,8.875268697738647461e-01,8.244605183601378950e-01,9.544489979743957520e-01,9.197147309780120406e-01,1.615996956825256348e+00,6.043065607547759566e-01,2.946931719779968262e-01,3.562186598777771218e-01,2.277671732008457184e-02,2.654122952371835639e-02,2.607784153951797634e-05,2.607784153951797634e-05
2.420335531234741211e+00,2.695327043533325195e+00,2.420361518859863281e+00,2.695353031158447266e+00,7.680482864379882812e-01,7.997420132160186768e-01,9.298163652420043945e-01,9.246267378330230713e-01,4.244540631771087646e-01,6.105607032775879350e-01,2.911084592342376709e-01,3.552295535802841298e-01,6.908371578902006149e-03,5.168044753372669046e-03,2.606854468467645347e-05,2.606854468467645347e-05
2.513666391372680664e+00,2.699685549736023038e+00,2.513692378997802734e+00,2.699711537361145108e+00,8.642266988754272461e-01,8.064912378787993941e-01,9.479064345359802246e-01,9.232087969779968484e-01,4.308477640151977539e-01,6.184645950794219749e-01,2.589235603809356689e-01,3.443529546260833962e-01,1.176187489181756973e-02,7.168048294261097908e-03,2.605592271720524877e-05,2.605592271720524877e-05
2.528726816177368164e+00,2.677533555030822576e+00,2.528752803802490234e+00,2.677559542655944647e+00,8.283988237380981445e-01,8.036804556846618430e-01,9.314609766006469727e-01,9.195748329162597434e-01,4.433759152889251709e-01,6.141803324222564475e-01,3.152666985988616943e-01,3.325989454984664695e-01,1.022467389702796936e-02,7.499034423381090511e-03,2.604760084068402648e-05,2.604760084068402648e-05
3.123746395111083984e+00,2.690747570991516291e+00,3.123772382736206055e+00,2.690773558616638361e+00,8.048093318939208984e-01,8.077791929244995117e-01,8.971422314643859863e-01,9.166896820068359819e-01,1.088820219039916992e+00,6.243056595325470193e-01,3.257142305374145508e-01,3.355758130550384744e-01,7.260403595864772797e-03,6.397221190854907209e-03,2.602800122986081988e-05,2.602800122986081988e-05
2.494137525558471680e+00,2.679996156692504794e+00,2.494163513183593750e+00,2.680022144317626864e+00,8.049479722976684570e-01,8.039694070816040261e-01,9.061878323554992676e-01,9.181402802467346635e-01,4.621603190898895264e-01,6.116387486457824929e-01,3.104497492313385010e-01,3.398331254720687866e-01,1.039151009172201157e-02,6.414604606106877327e-03,2.601722007966600358e-05,2.601722007966600358e-05
2.570651054382324219e+00,2.670241761207580389e+00,2.570677042007446289e+00,2.670267748832702459e+00,8.028990626335144043e-01,8.012237966060637984e-01,9.263982176780700684e-01,9.200516879558563454e-01,4.354387521743774414e-01,6.098349452018737571e-01,4.023340940475463867e-01,3.358690410852432362e-01,3.581003518775105476e-03,3.262275084853172476e-03,2.600411062303464860e-05,2.600411062303464860e-05
3.016367435455322266e+00,2.662566709518432440e+00,3.016393423080444336e+00,2.662592697143554510e+00,7.846934199333190918e-01,7.996023118495940718e-01,9.396710395812988281e-01,9.203399300575256792e-01,9.953279495239257812e-01,6.111722290515899658e-01,2.943838834762573242e-01,3.283372193574905507e-01,2.291266573593020439e-03,3.115004627034068108e-03,2.599028084659948945e-05,2.599028084659948945e-05
2.549899339675903320e+00,2.692887377738952814e+00,2.549925327301025391e+00,2.692913365364074885e+00,7.846726179122924805e-01,8.115446031093597190e-01,9.172618389129638672e-01,9.241942167282104492e-01,4.324210286140441895e-01,6.264250934123992698e-01,4.103278815746307373e-01,3.232976138591766579e-01,5.215766839683055878e-03,7.425756286829709660e-03,2.598683022370096296e-05,2.598683022370096296e-05
2.520686864852905273e+00,2.684064126014709561e+00,2.520712852478027344e+00,2.684090113639831632e+00,8.241019845008850098e-01,8.191681027412414107e-01,9.479215741157531738e-01,9.255519568920135276e-01,4.348798692226409912e-01,6.093564748764037642e-01,3.061227202415466309e-01,3.145327329635619895e-01,7.660546340048313141e-03,1.545483125373721053e-02,2.597208913357462734e-05,2.597208913357462734e-05
2.452014207839965820e+00,2.664266705513000488e+00,2.452040195465087891e+00,2.664292693138122559e+00,8.060084581375122070e-01,8.064536750316619873e-01,9.011080265045166016e-01,9.197688341140747292e-01,4.139750599861145020e-01,6.201241254806518777e-01,3.258463442325592041e-01,3.133961260318756104e-01,5.076253321021795273e-03,4.523960454389452761e-03,2.595924161141738296e-05,2.595924161141738296e-05
2.470380067825317383e+00,2.663238430023193271e+00,2.470406055450439453e+00,2.663264417648315341e+00,7.816687822341918945e-01,8.051773369312286155e-01,9.273331165313720703e-01,9.224235773086547630e-01,4.374218583106994629e-01,6.296382546424865723e-01,3.153087794780731201e-01,2.975700825452804454e-01,8.647447451949119568e-03,8.429164346307516792e-03,2.594358738861046731e-05,2.594358738861046731e-05
2.391192436218261719e+00,2.662985754013061701e+00,2.391218423843383789e+00,2.663011741638183771e+00,7.887335419654846191e-01,8.188009023666381614e-01,9.164249897003173828e-01,9.271290302276611328e-01,4.027762413024902344e-01,6.007259428501129372e-01,2.602085471153259277e-01,2.918998092412948830e-01,2.304919995367527008e-02,2.443001996725797584e-02,2.593540557427331805e-05,2.593540557427331805e-05
2.351001501083374023e+00,2.700378060340881348e+00,2.351027488708496094e+00,2.700404047966003418e+00,7.915548682212829590e-01,8.366898477077484575e-01,9.307982921600341797e-01,9.215155303478240745e-01,3.860810697078704834e-01,6.207409858703613059e-01,2.066432684659957886e-01,2.863632619380950817e-01,3.592384234070777893e-02,3.506847098469734192e-02,2.592085002106614411e-05,2.592085002106614411e-05
3.014722824096679688e+00,2.668303680419922053e+00,3.014748811721801758e+00,2.668329668045044123e+00,8.843773603439331055e-01,8.217643976211548296e-01,9.320517182350158691e-01,9.174929678440093550e-01,8.888196945190429688e-01,6.328036189079284668e-01,3.044107556343078613e-01,2.905122488737106323e-01,5.063345190137624741e-03,5.730464961379766811e-03,2.590956864878535271e-05,2.590956864878535271e-05
2.419610023498535156e+00,2.644336414337158381e+00,2.419636011123657227e+00,2.644362401962280451e+00,7.635243535041809082e-01,8.097527265548706277e-01,9.274145364761352539e-01,9.215113103389740434e-01,4.346638321876525879e-01,6.170845329761505127e-01,2.914489209651947021e-01,2.922498732805252075e-01,2.558547770604491234e-03,3.738014306873082941e-03,2.589607902336865664e-05,2.589607902336865664e-05
2.572706937789916992e+00,2.625109052658081144e+00,2.572732925415039062e+00,2.625135040283203214e+00,8.032748103141784668e-01,8.031091690063476562e-01,9.458822607994079590e-01,9.211171805858612283e-01,4.587220251560211182e-01,6.058137834072112593e-01,3.619706332683563232e-01,2.924549669027328713e-01,2.857133047655224800e-03,2.613979671150445765e-03,2.588407005532644689e-05,2.588407005532644689e-05
2.361521244049072266e+00,2.633049392700195224e+00,2.361547231674194336e+00,2.633075380325317294e+00,7.281007766723632812e-01,8.024278223514557107e-01,8.662717938423156738e-01,9.209865927696228027e-01,4.234694540500640869e-01,6.094030201435088889e-01,3.368749916553497314e-01,2.959514170885085838e-01,6.804181728512048721e-03,4.280545143410563122e-03,2.587267590570263565e-05,2.587267590570263565e-05
2.542257070541381836e+00,2.672810244560241522e+00,2.542283058166503906e+00,2.672836232185363592e+00,8.015476465225219727e-01,8.201155722141265647e-01,9.565046429634094238e-01,9.216291606426239014e-01,4.287103414535522461e-01,6.126195013523101363e-01,3.408750891685485840e-01,2.975616306066513062e-01,1.461911574006080627e-02,2.088436838239431451e-02,2.586860500741750002e-05,2.586860500741750002e-05
2.426516771316528320e+00,2.649437689781188876e+00,2.426542520523071289e+00,2.649463438987731845e+00,8.048809766769409180e-01,8.075099110603332075e-01,9.220591187477111816e-01,9.180139303207397461e-01,4.173926413059234619e-01,6.222001075744628684e-01,2.794001102447509766e-01,2.991137892007827981e-01,2.783729229122400284e-03,2.599984104745089834e-03,2.585449874459300190e-05,2.585449874459300190e-05
2.387503385543823242e+00,2.619866466522216886e+00,2.387529134750366211e+00,2.619892215728759854e+00,7.768223881721496582e-01,7.986246764659881148e-01,9.006928801536560059e-01,9.280107319355010986e-01,4.332932233810424805e-01,6.062916159629821999e-01,2.714078724384307861e-01,2.824247688055038230e-01,5.287209991365671158e-03,4.514680197462439711e-03,2.584091271273791790e-05,2.584091271273791790e-05
2.461187362670898438e+00,2.632212519645690918e+00,2.461213111877441406e+00,2.632238268852233887e+00,8.326892256736755371e-01,8.204181790351867676e-01,9.339501857757568359e-01,9.299435794353485552e-01,4.322458803653717041e-01,5.953382968902587447e-01,2.531163394451141357e-01,2.792724668979644775e-01,9.185649454593658447e-03,7.240011123940348625e-03,2.582778688520193100e-05,2.582778688520193100e-05
2.481492519378662109e+00,2.622522735595703036e+00,2.481518268585205078e+00,2.622548484802246005e+00,7.481529116630554199e-01,8.099265217781066450e-01,8.480297923088073730e-01,9.308630466461181863e-01,4.758960902690887451e-01,5.974385857582091841e-01,4.048462808132171631e-01,2.804420083761215432e-01,4.567661788314580917e-03,3.852615063078701323e-03,2.581319859018549323e-05,2.581319859018549323e-05
2.418332576751708984e+00,2.642395901679992498e+00,2.418358325958251953e+00,2.642421650886535467e+00,7.675057053565979004e-01,8.127503514289855513e-01,9.238525629043579102e-01,9.216364681720733421e-01,4.142151474952697754e-01,6.209680140018463135e-01,3.106060624122619629e-01,2.822894304990768433e-01,2.153039677068591118e-03,4.751640139147639275e-03,2.583090463303960860e-05,2.583090463303960860e-05
2.630802392959594727e+00,2.635806989669799982e+00,2.630828142166137695e+00,2.635832738876342951e+00,8.166611790657043457e-01,8.127537906169891579e-01,9.334898591041564941e-01,9.249372899532317671e-01,5.984167456626892090e-01,6.151044189929961714e-01,2.803400158882141113e-01,2.803366959095001110e-01,1.894715707749128342e-03,2.674798713997006416e-03,2.582734668976627290e-05,2.582734668976627290e-05
2.457539796829223633e+00,2.624009132385253906e+00,2.457565546035766602e+00,2.624034881591796875e+00,8.268378973007202148e-01,8.075457155704498513e-01,9.123827219009399414e-01,9.228036403656005859e-01,4.249778985977172852e-01,6.118435204029083474e-01,2.905589044094085693e-01,2.795978128910064919e-01,2.782577415928244591e-03,2.218453935347497376e-03,2.581109401944559067e-05,2.581109401944559067e-05
2.456526994705200195e+00,2.627967047691345037e+00,2.456552743911743164e+00,2.627992796897888006e+00,7.959350943565368652e-01,8.088129460811614990e-01,9.072843790054321289e-01,9.291404247283935325e-01,4.095276594161987305e-01,5.947040915489196777e-01,3.338226974010467529e-01,2.780237078666686901e-01,9.957042522728443146e-03,1.728587672114372323e-02,2.579944521130528301e-05,2.579944521130528301e-05
3.641368865966796875e+00,2.608347010612487971e+00,3.641394615173339844e+00,2.608372759819030939e+00,7.697046995162963867e-01,8.105708658695220947e-01,9.072499871253967285e-01,9.272424995899199995e-01,1.687813401222229004e+00,5.980450510978698730e-01,2.719334363937377930e-01,2.692357003688812256e-01,4.667282570153474808e-03,3.252841671928763303e-03,2.578548446763306856e-05,2.578548446763306856e-05
2.405301332473754883e+00,2.605216193199157537e+00,2.405327081680297852e+00,2.605241942405700506e+00,7.798907160758972168e-01,8.100502848625182883e-01,9.150475263595581055e-01,9.275628507137299028e-01,4.466186761856079102e-01,5.969015538692474809e-01,2.608325481414794922e-01,2.675473123788833507e-01,2.912125783041119576e-03,3.154178708791732875e-03,2.578214116510935128e-05,2.578214116510935128e-05
2.484894514083862305e+00,2.600850319862365811e+00,2.484920263290405273e+00,2.600876069068908780e+00,8.672643899917602539e-01,8.108823120594024214e-01,9.204708933830261230e-01,9.241463541984558105e-01,4.180607497692108154e-01,5.962302207946776900e-01,2.756204009056091309e-01,2.663159966468811035e-01,3.477991791442036629e-03,3.275491809472441500e-03,2.577101076894905418e-05,2.577101076894905418e-05
2.517623662948608398e+00,2.607271289825439542e+00,2.517649412155151367e+00,2.607297039031982511e+00,7.820326685905456543e-01,8.059310972690582053e-01,9.118526577949523926e-01,9.337326705455779585e-01,5.279733538627624512e-01,6.019306480884552002e-01,2.940192520618438721e-01,2.631942927837371826e-01,1.745715620927512646e-03,2.482634549960493868e-03,2.575513826741371304e-05,2.575513826741371304e-05
2.746598005294799805e+00,2.620218276977539062e+00,2.746623754501342773e+00,2.620244026184082031e+00,7.868466377258300781e-01,8.116275846958160844e-01,8.858843445777893066e-01,9.277116060256958008e-01,8.035167455673217773e-01,6.153239250183105691e-01,2.674363553524017334e-01,2.631780117750167625e-01,2.913834527134895325e-03,2.377108111977577123e-03,2.574010431999340653e-05,2.574010431999340653e-05
2.467230558395385742e+00,2.630192780494689853e+00,2.467256307601928711e+00,2.630218529701232821e+00,8.158621788024902344e-01,8.209239780902862771e-01,9.428926706314086914e-01,9.329830944538116677e-01,4.314892590045928955e-01,6.002288341522217241e-01,2.702726125717163086e-01,2.690887063741683738e-01,6.713573820888996124e-03,6.968171242624521602e-03,2.573284655227325857e-05,2.573284655227325857e-05
2.451757669448852539e+00,2.595431017875671209e+00,2.451783418655395508e+00,2.595456767082214178e+00,7.425009608268737793e-01,8.147113382816314475e-01,8.968312144279479980e-01,9.291669785976409690e-01,4.260722398757934570e-01,5.744162142276764138e-01,3.828580081462860107e-01,2.725171566009521595e-01,3.495303913950920105e-03,4.619401320815086712e-03,2.571921140770427883e-05,2.571921140770427883e-05
2.745495796203613281e+00,2.615591049194335938e+00,2.745521545410156250e+00,2.615616798400878906e+00,7.755556106567382812e-01,8.086779773235320823e-01,9.019244313240051270e-01,9.227665483951568159e-01,7.420237064361572266e-01,5.955774605274199995e-01,3.230153322219848633e-01,2.806831896305084229e-01,2.977002179250121117e-03,7.885905029252172210e-03,2.570373180788010359e-05,2.570373180788010359e-05
2.437180519104003906e+00,2.617086648941040039e+00,2.437206268310546875e+00,2.617112398147583008e+00,8.016660213470458984e-01,8.036637425422668013e-01,9.435721039772033691e-01,9.253606855869292991e-01,4.549902975559234619e-01,6.029361844062804954e-01,2.336221188306808472e-01,2.809654980897903220e-01,3.329982282593846321e-03,4.160591308027506222e-03,2.568618583609350026e-05,2.568618583609350026e-05
3.902534961700439453e+00,2.617144536972046076e+00,3.902560710906982422e+00,2.617170286178589045e+00,8.109743595123291016e-01,8.114172995090485063e-01,9.127928018569946289e-01,9.218482673168182373e-01,1.932026028633117676e+00,6.021956324577331099e-01,2.442340254783630371e-01,2.794552415609359852e-01,2.507664961740374565e-03,2.228181762620806868e-03,2.566777038737200201e-05,2.566777038737200201e-05
2.499858856201171875e+00,2.620673966407776057e+00,2.499884605407714844e+00,2.620699715614319025e+00,8.368436694145202637e-01,8.089079082012176070e-01,9.313329458236694336e-01,9.244155526161194070e-01,4.247257411479949951e-01,6.057741641998291016e-01,3.048328459262847900e-01,2.789866358041763195e-01,2.123642014339566231e-03,2.589738904498517600e-03,2.565915383456740528e-05,2.565915383456740528e-05
2.430741310119628906e+00,2.625555419921874911e+00,2.430767059326171875e+00,2.625581169128417880e+00,8.090635538101196289e-01,8.088789999485015425e-01,9.342729449272155762e-01,9.218245267868041548e-01,4.120310842990875244e-01,6.039008557796478049e-01,2.606293261051177979e-01,2.794051826000213401e-01,1.474439166486263275e-02,1.154583347961306641e-02,2.565417344158049673e-05,2.565417344158049673e-05
2.438168287277221680e+00,2.643822932243347079e+00,2.438194036483764648e+00,2.643848681449890048e+00,7.984607219696044922e-01,8.139088451862335205e-01,9.415775537490844727e-01,9.313083171844482866e-01,4.065987169742584229e-01,6.144400626420974953e-01,2.873523235321044922e-01,2.795958399772643932e-01,4.179066047072410583e-03,4.569889511913061142e-03,2.563501402619294822e-05,2.563501402619294822e-05
2.430312395095825195e+00,2.642664217948913485e+00,2.430337905883789062e+00,2.642689728736877353e+00,8.214140534400939941e-01,8.166528880596161111e-01,9.434422850608825684e-01,9.215381264686584029e-01,4.420599937438964844e-01,6.023477613925933838e-01,2.153283655643463135e-01,2.914557844400406106e-01,8.067640475928783417e-03,1.066967705264687538e-02,2.562415829743258655e-05,2.562415829743258655e-05
2.493066072463989258e+00,2.630518817901611239e+00,2.493091583251953125e+00,2.630544328689575106e+00,8.314972519874572754e-01,8.060571551322937012e-01,9.466288685798645020e-01,9.220456779003143311e-01,4.783068597316741943e-01,6.055621564388274924e-01,2.338796257972717285e-01,2.918636977672576793e-01,2.753535285592079163e-03,4.990113340318203319e-03,2.561069959483575076e-05,2.561069959483575076e-05
2.550830125808715820e+00,2.627025175094604315e+00,2.550855636596679688e+00,2.627050685882568182e+00,7.355027794837951660e-01,8.024913609027862771e-01,8.808398246765136719e-01,9.340530157089232954e-01,4.729950726032257080e-01,5.961836099624633345e-01,4.597392976284027100e-01,2.918115317821502464e-01,1.753348042257130146e-03,2.485661231912672346e-03,2.559617496444843709e-05,2.559617496444843709e-05
2.610863685607910156e+00,2.638594293594360263e+00,2.610889196395874023e+00,2.638619804382324130e+00,8.294128775596618652e-01,8.190168201923370139e-01,9.341518282890319824e-01,9.242915749549865945e-01,5.533646941184997559e-01,5.990939915180206743e-01,2.892304360866546631e-01,2.891354948282242043e-01,4.703919403254985809e-03,7.056439667940140117e-03,2.558368578320369124e-05,2.558368578320369124e-05
2.399971485137939453e+00,2.631493020057678045e+00,2.399996995925903320e+00,2.631518530845641912e+00,8.286169171333312988e-01,8.034093677997589111e-01,9.297745227813720703e-01,9.240919232368469682e-01,4.441677033901214600e-01,6.113115847110748291e-01,1.890761405229568481e-01,2.867480456829071267e-01,8.336193859577178955e-03,5.932024773210286747e-03,2.557253174018114805e-05,2.557253174018114805e-05
2.486522197723388672e+00,2.639890146255493342e+00,2.486547708511352539e+00,2.639915657043457209e+00,8.162963986396789551e-01,8.067693650722503884e-01,9.339294433593750000e-01,9.207436561584472212e-01,4.541214406490325928e-01,6.233547687530517356e-01,2.804901599884033203e-01,2.870611697435379028e-01,1.684787333942949772e-03,1.961187133565544995e-03,2.556137405917979777e-05,2.556137405917979777e-05
2.455609798431396484e+00,2.634646320343017489e+00,2.455635309219360352e+00,2.634671831130981356e+00,7.891754508018493652e-01,8.076403319835663286e-01,8.951032161712646484e-01,9.207541704177856223e-01,4.707050919532775879e-01,6.171680450439452903e-01,2.959777116775512695e-01,2.860810965299606101e-01,4.648173227906227112e-03,3.002631268464028749e-03,2.554160164436325431e-05,2.554160164436325431e-05
2.458909511566162109e+00,2.626460456848144442e+00,2.458935022354125977e+00,2.626485967636108310e+00,8.073281049728393555e-01,8.020530283451080544e-01,9.307184815406799316e-01,9.310915648937225786e-01,4.668945968151092529e-01,5.988309800624846968e-01,2.509306967258453369e-01,2.916506588459014671e-01,3.037448273971676826e-03,2.834259672090411099e-03,2.552762452978640795e-05,2.552762452978640795e-05
2.436069488525390625e+00,2.623937439918518244e+00,2.436094999313354492e+00,2.623962950706482111e+00,7.864822149276733398e-01,7.995335459709167480e-01,9.375109076499938965e-01,9.297672629356383833e-01,4.691853523254394531e-01,6.020162343978882058e-01,2.381496429443359375e-01,2.899166762828827015e-01,4.741410724818706512e-03,2.703648852184414950e-03,2.552230944274924695e-05,2.552230944274924695e-05
2.470646619796752930e+00,2.612775731086730779e+00,2.470672130584716797e+00,2.612801241874694647e+00,8.350573778152465820e-01,8.056036591529845969e-01,9.334027767181396484e-01,9.208042442798614058e-01,4.542475044727325439e-01,5.974576294422149214e-01,2.447365075349807739e-01,2.854845851659774669e-01,3.202513558790087700e-03,3.425581217743456537e-03,2.550869794504251331e-05,2.550869794504251331e-05
2.477602005004882812e+00,2.606609463691711426e+00,2.477627515792846680e+00,2.606634974479675293e+00,8.408117890357971191e-01,7.999081492424011675e-01,9.452124834060668945e-01,9.255891442298889160e-01,4.426023662090301514e-01,5.969895482063293235e-01,2.463117986917495728e-01,2.818513214588165283e-01,2.663467079401016235e-03,2.271365886554121798e-03,2.549507189542055130e-05,2.549507189542055130e-05
2.699736595153808594e+00,2.629909157752990723e+00,2.699762105941772461e+00,2.629934668540954590e+00,8.193355798721313477e-01,8.057904124259949175e-01,9.309468865394592285e-01,9.318812966346741167e-01,6.968516111373901367e-01,6.020346105098723921e-01,2.467569857835769653e-01,2.834741234779357688e-01,5.845597013831138611e-03,6.728668324649333607e-03,2.547836993471719325e-05,2.547836993471719325e-05
2.433089256286621094e+00,2.616718864440918058e+00,2.433114767074584961e+00,2.616744375228881925e+00,8.115134239196777344e-01,8.014980912208556907e-01,9.373275041580200195e-01,9.256032168865203635e-01,4.378741979598999023e-01,6.073030531406402588e-01,2.444365769624710083e-01,2.807527244091033714e-01,1.937729190103709698e-03,1.561716501601040320e-03,2.546416544646490365e-05,2.546416544646490365e-05
2.287889242172241211e+00,2.608079481124877752e+00,2.287914752960205078e+00,2.608104991912841619e+00,7.436422705650329590e-01,8.095265567302704079e-01,8.898807764053344727e-01,9.227090179920196533e-01,4.418166875839233398e-01,5.935608804225921409e-01,2.065802067518234253e-01,2.793907523155212402e-01,5.969309713691473007e-03,2.892304514534771616e-03,2.545342431403696537e-05,2.545342431403696537e-05
2.821561098098754883e+00,2.625005364418029785e+00,2.821586608886718750e+00,2.625030875205993652e+00,7.713093757629394531e-01,8.112167537212371382e-01,8.790981769561767578e-01,9.204737722873688188e-01,8.606254458427429199e-01,6.073958277702331543e-01,3.074787855148315430e-01,2.826732993125915527e-01,3.049142891541123390e-03,3.245725412853062153e-03,2.543264417909085751e-05,2.543264417909085751e-05
2.485169887542724609e+00,2.632844924926757812e+00,2.485195398330688477e+00,2.632870435714721680e+00,8.142899870872497559e-01,7.980759322643280473e-01,9.364965558052062988e-01,9.328248023986815962e-01,4.401111602783203125e-01,6.160892486572265847e-01,2.898359000682830811e-01,2.810088008642196433e-01,4.436363000422716141e-03,4.846097249537706202e-03,2.541702633607201278e-05,2.541702633607201278e-05
2.644783735275268555e+00,2.617144393920898260e+00,2.644809246063232422e+00,2.617169904708862127e+00,7.870730161666870117e-01,8.030193567276000532e-01,9.264008998870849609e-01,9.253800034523009810e-01,6.685933470726013184e-01,6.066096603870392290e-01,2.555070519447326660e-01,2.767193585634231678e-01,7.209551520645618439e-03,5.415936466306447983e-03,2.540542664064560086e-05,2.540542664064560086e-05
2.405581474304199219e+00,2.617111706733703524e+00,2.405606985092163086e+00,2.617137217521667392e+00,8.222789168357849121e-01,8.063665509223938432e-01,9.495332241058349609e-01,9.266593039035797563e-01,4.698882997035980225e-01,6.137973129749297874e-01,1.621119976043701172e-01,2.686805427074432373e-01,1.769088557921350002e-03,1.607998018153011886e-03,2.539472552598454058e-05,2.539472552598454058e-05
2.730126619338989258e+00,2.609926962852477939e+00,2.730152130126953125e+00,2.609952473640441806e+00,8.090321421623229980e-01,8.082422733306884322e-01,9.220836758613586426e-01,9.298927128314972146e-01,8.007262349128723145e-01,6.040557861328125222e-01,1.934344321489334106e-01,2.643485784530639759e-01,4.850197583436965942e-03,3.387646609917283145e-03,2.539452907512895763e-05,2.539452907512895763e-05
2.561475992202758789e+00,2.633344960212707697e+00,2.561501264572143555e+00,2.633370232582092463e+00,8.508139252662658691e-01,8.085870742797851562e-01,9.377203583717346191e-01,9.305868387222290261e-01,5.207030177116394043e-01,6.335463643074035200e-01,2.475037425756454468e-01,2.547207370400428883e-01,4.734920803457498550e-03,5.903951032087207187e-03,2.538127228035591543e-05,2.538127228035591543e-05
2.502340078353881836e+00,2.621469974517822266e+00,2.502365350723266602e+00,2.621495246887207031e+00,8.370333909988403320e-01,8.245791018009185347e-01,9.438742995262145996e-01,9.268180310726166216e-01,4.500336050987243652e-01,6.096918046474456565e-01,2.625323235988616943e-01,2.509623691439628601e-01,8.866624906659126282e-03,9.418698865920305599e-03,2.536660394980572164e-05,2.536660394980572164e-05
2.723505496978759766e+00,2.594462299346923739e+00,2.723530769348144531e+00,2.594487571716308505e+00,7.911421656608581543e-01,8.081621944904326948e-01,9.125565290451049805e-01,9.282629430294037087e-01,7.643958926200866699e-01,6.065340995788573997e-01,2.536746263504028320e-01,2.497765228152274974e-01,1.736183068715035915e-03,1.726587547454982953e-03,2.534898521844297647e-05,2.534898521844297647e-05
2.432744503021240234e+00,2.645720887184142889e+00,2.432769775390625000e+00,2.645746159553527654e+00,8.610466122627258301e-01,8.236813724040985552e-01,9.172393679618835449e-01,9.252665340900421143e-01,4.233099222183227539e-01,6.331174612045288308e-01,2.227182388305664062e-01,2.546212404966354259e-01,8.430554531514644623e-03,9.034244902431964527e-03,2.533247607061639428e-05,2.533247607061639428e-05
2.520628213882446289e+00,2.624870538711547852e+00,2.520653486251831055e+00,2.624895811080932617e+00,8.326267004013061523e-01,8.166150033473968950e-01,9.569813609123229980e-01,9.292688369750976562e-01,4.339628219604492188e-01,6.179348349571227583e-01,2.922180294990539551e-01,2.539120480418205483e-01,4.839408677071332932e-03,7.139780465513468136e-03,2.532088910811580718e-05,2.532088910811580718e-05
2.354583024978637695e+00,2.633940100669860840e+00,2.354608297348022461e+00,2.633965373039245605e+00,8.280562758445739746e-01,8.114456534385681152e-01,9.573873877525329590e-01,9.242287278175354004e-01,4.169023931026458740e-01,6.405676245689392312e-01,1.507403552532196045e-01,2.548889815807342529e-01,1.496671582572162151e-03,2.809070865623652935e-03,2.530098390707280487e-05,2.530098390707280487e-05
2.343948841094970703e+00,2.644927525520324618e+00,2.343974113464355469e+00,2.644952797889709384e+00,8.197109103202819824e-01,8.170738339424132857e-01,9.581385254859924316e-01,9.284743070602416992e-01,3.813103437423706055e-01,6.406981945037841797e-01,1.808789521455764771e-01,2.550214245915413125e-01,3.910225816071033478e-03,3.659768658690154379e-03,2.528432742110453546e-05,2.528432742110453546e-05
2.396274328231811523e+00,2.612385559082031072e+00,2.396299600601196289e+00,2.612410831451415838e+00,8.327659368515014648e-01,8.062573552131653276e-01,9.547297954559326172e-01,9.348394155502319780e-01,3.663884699344635010e-01,6.184760153293609175e-01,2.377425134181976318e-01,2.484978020191192516e-01,4.647718742489814758e-03,4.315006034448743040e-03,2.526430034777149558e-05,2.526430034777149558e-05
2.334313869476318359e+00,2.637752056121826172e+00,2.334339141845703125e+00,2.637777328491210938e+00,7.974272370338439941e-01,8.192827343940735085e-01,9.258105754852294922e-01,9.333025515079498291e-01,3.590143620967864990e-01,6.352897644042968528e-01,2.462302893400192261e-01,2.414253368973731939e-01,5.831555929034948349e-03,8.451657462865113865e-03,2.524916999391280115e-05,2.524916999391280115e-05
2.357403278350830078e+00,2.589097356796264737e+00,2.357428550720214844e+00,2.589122629165649503e+00,7.826642990112304688e-01,8.132754862308502197e-01,9.139358401298522949e-01,9.355958700180053711e-01,3.892150819301605225e-01,5.967602968215942605e-01,2.650811672210693359e-01,2.389384880661964417e-01,6.507022306323051453e-03,4.527231073006987225e-03,2.524512456147931516e-05,2.524512456147931516e-05
2.360455513000488281e+00,2.579768919944763095e+00,2.360480785369873047e+00,2.579794192314147860e+00,7.917360663414001465e-01,8.094728708267211470e-01,8.824033141136169434e-01,9.286407709121704546e-01,4.123115539550781250e-01,6.002644360065459983e-01,2.715483903884887695e-01,2.394484236836433300e-01,2.456107176840305328e-03,1.942403474822640506e-03,2.523075454519130290e-05,2.523075454519130290e-05
2.340751886367797852e+00,2.575774621963501154e+00,2.340777158737182617e+00,2.575799894332885920e+00,8.102142214775085449e-01,8.139608085155487505e-01,9.441573619842529297e-01,9.251923918724059837e-01,3.954836428165435791e-01,5.948979437351227251e-01,1.878910958766937256e-01,2.395227864384651129e-01,3.005491103976964951e-03,2.200676384381949815e-03,2.521439091651700437e-05,2.521439091651700437e-05
2.267022132873535156e+00,2.574060392379760920e+00,2.267047405242919922e+00,2.574085664749145685e+00,7.793434858322143555e-01,8.090389728546142356e-01,9.451688528060913086e-01,9.272414803504943626e-01,3.827393651008605957e-01,6.015316963195800337e-01,1.584147959947586060e-01,2.349185034632682856e-01,1.355743617750704288e-03,1.329759706277400299e-03,2.519700501579791307e-05,2.519700501579791307e-05
2.275774478912353516e+00,2.578001546859741033e+00,2.275799751281738281e+00,2.578026819229125799e+00,8.316162228584289551e-01,8.146260440349578635e-01,9.280585646629333496e-01,9.290105581283569780e-01,3.417876660823822021e-01,5.961322635412216187e-01,1.680977344512939453e-01,2.328668355941772572e-01,6.214469205588102341e-03,5.365882348269223993e-03,2.518318797228857875e-05,2.518318797228857875e-05
2.281015157699584961e+00,2.564346241950988592e+00,2.281040430068969727e+00,2.564371514320373358e+00,8.072016239166259766e-01,8.093806624412536177e-01,9.191002845764160156e-01,9.317647039890288863e-01,3.220876753330230713e-01,5.890011668205261675e-01,2.273160666227340698e-01,2.310047701001167186e-01,5.309255328029394150e-03,3.194932988844811743e-03,2.517343637009616941e-05,2.517343637009616941e-05
2.381528377532958984e+00,2.589483976364135742e+00,2.381553649902343750e+00,2.589509248733520508e+00,8.482930064201354980e-01,8.253303408622741921e-01,9.721229672431945801e-01,9.395604968070984109e-01,3.369589447975158691e-01,5.956801056861877885e-01,2.224444597959518433e-01,2.256204381585121266e-01,1.708967844024300575e-03,3.292641276493668469e-03,2.516481617931276560e-05,2.516481617931276560e-05
2.365542173385620117e+00,2.568523716926574885e+00,2.365567445755004883e+00,2.568548989295959650e+00,8.471519351005554199e-01,8.336639344692230447e-01,9.568794965744018555e-01,9.247287392616272417e-01,3.672311305999755859e-01,5.762231469154357466e-01,1.909066885709762573e-01,2.293124705553054865e-01,3.372882492840290070e-03,4.595432430505752563e-03,2.515354753995779902e-05,2.515354753995779902e-05
2.540393829345703125e+00,2.606544566154480158e+00,2.540418863296508789e+00,2.606569600105285822e+00,8.085409998893737793e-01,8.181620895862579124e-01,9.200947284698486328e-01,9.278966665267944780e-01,5.534763932228088379e-01,6.236721336841583030e-01,2.547103762626647949e-01,2.339318633079528753e-01,3.571167588233947754e-03,2.881825529038906184e-03,2.513670006010215729e-05,2.513670006010215729e-05
2.269090175628662109e+00,2.582297348976135165e+00,2.269115209579467773e+00,2.582322382926940829e+00,7.898792028427124023e-01,8.259487748146057129e-01,9.509389996528625488e-01,9.335328936576843262e-01,3.564933836460113525e-01,5.898528516292571577e-01,1.634030193090438843e-01,2.259614363312721363e-01,8.375388570129871368e-03,7.001437293365597551e-03,2.512451283109840006e-05,2.512451283109840006e-05
3.288937807083129883e+00,2.552015089988708407e+00,3.288962841033935547e+00,2.552040123939514071e+00,7.992060780525207520e-01,8.165097057819366011e-01,9.290649294853210449e-01,9.337831020355225053e-01,1.270383119583129883e+00,5.737826019525528176e-01,2.876254320144653320e-01,2.243971660733223017e-01,2.658202545717358589e-03,3.542526648379862222e-03,2.512057471903972328e-05,2.512057471903972328e-05
2.473629474639892578e+00,2.599482679367065341e+00,2.473654508590698242e+00,2.599507713317871005e+00,8.754647374153137207e-01,8.248795390129088911e-01,9.262008666992187500e-01,9.245625495910644309e-01,3.604709804058074951e-01,6.214299619197845015e-01,3.089829683303833008e-01,2.237547457218170277e-01,2.510168356820940971e-03,4.855903889983892094e-03,2.510437843739055097e-05,2.510437843739055097e-05
2.425287723541259766e+00,2.614328789710998358e+00,2.425312757492065430e+00,2.614353823661804022e+00,8.536227345466613770e-01,8.186669826507568803e-01,9.412147402763366699e-01,9.307430088520050049e-01,3.627949357032775879e-01,6.350942313671111839e-01,2.621426582336425781e-01,2.237462326884269714e-01,5.512682721018791199e-03,6.078370660543441599e-03,2.508776378817856312e-05,2.508776378817856312e-05
3.097251653671264648e+00,2.531464719772338778e+00,3.097276687622070312e+00,2.531489753723144442e+00,7.892658114433288574e-01,8.136197984218597190e-01,9.240464568138122559e-01,9.306824326515197310e-01,1.119924902915954590e+00,5.559465825557708962e-01,2.545511722564697266e-01,2.233939364552497975e-01,9.463195689022541046e-03,7.821951014921068451e-03,2.507060344214551151e-05,2.507060344214551151e-05
2.702444314956665039e+00,2.559532570838928045e+00,2.702469348907470703e+00,2.559557604789733709e+00,7.822891473770141602e-01,8.162169158458709717e-01,9.145610928535461426e-01,9.437255263328552246e-01,6.920167207717895508e-01,5.758933931589126365e-01,3.119071722030639648e-01,2.216651469469070324e-01,1.670053228735923767e-03,2.031625376548618252e-03,2.506020246073603630e-05,2.506020246073603630e-05
2.382208585739135742e+00,2.512622165679931463e+00,2.382233619689941406e+00,2.512647199630737127e+00,8.052169680595397949e-01,8.160155117511749268e-01,9.364916086196899414e-01,9.383665978908538596e-01,4.033794403076171875e-01,5.389294296503066573e-01,2.340658158063888550e-01,2.169184595346450861e-01,3.054781351238489151e-03,2.392177400179207152e-03,2.504400981706567109e-05,2.504400981706567109e-05
2.321226119995117188e+00,2.525196957588195623e+00,2.321251153945922852e+00,2.525221991539001287e+00,8.129903674125671387e-01,8.289655625820160356e-01,9.110887050628662109e-01,9.295504152774810569e-01,3.879914879798889160e-01,5.478636950254440752e-01,2.064602822065353394e-01,2.152591690421104542e-01,2.695383504033088684e-03,3.558225440792739478e-03,2.503209543647244573e-05,2.503209543647244573e-05
2.337347745895385742e+00,2.515681600570678800e+00,2.337372779846191406e+00,2.515706634521484464e+00,8.257604837417602539e-01,8.250071644783020242e-01,9.541949629783630371e-01,9.311639845371246782e-01,3.771876394748687744e-01,5.432038813829421775e-01,1.771398633718490601e-01,2.123065382242202703e-01,3.064785851165652275e-03,4.000039584934711283e-03,2.501663766452111304e-05,2.501663766452111304e-05
2.393170595169067383e+00,2.483037900924682795e+00,2.393195629119873047e+00,2.483062934875488459e+00,8.163654208183288574e-01,8.258758842945098655e-01,9.070799946784973145e-01,9.243158161640167014e-01,4.107769429683685303e-01,5.192138791084289773e-01,2.551467418670654297e-01,2.103379771113395580e-01,3.801605198532342911e-03,3.294404176995158022e-03,2.500205300748348236e-05,2.500205300748348236e-05
2.346399307250976562e+00,2.550187134742736728e+00,2.346424341201782227e+00,2.550212168693542392e+00,8.293635845184326172e-01,8.241081893444061057e-01,9.409410357475280762e-01,9.335581064224243164e-01,3.522622585296630859e-01,5.722802907228470293e-01,2.143761068582534790e-01,2.088059142231941112e-01,9.456096217036247253e-03,1.143457107245922019e-02,2.499127549526747316e-05,2.499127549526747316e-05
2.454887866973876953e+00,2.574047493934631170e+00,2.454912900924682617e+00,2.574072527885436834e+00,9.054136276245117188e-01,8.797557651996612549e-01,9.490497112274169922e-01,9.400323331356048584e-01,3.414415717124938965e-01,5.227651566267013106e-01,2.285181730985641479e-01,2.085242658853530828e-01,3.046468645334243774e-02,2.296995520591735979e-02,2.498674984963145107e-05,2.498674984963145107e-05
2.384781122207641602e+00,2.638167190551757635e+00,2.384806156158447266e+00,2.638192224502563299e+00,8.270303606986999512e-01,8.645034790039062278e-01,9.298611283302307129e-01,9.683080613613128662e-01,3.426060378551483154e-01,5.364744246006012407e-01,2.285856157541275024e-01,2.070903837680816706e-01,5.669794231653213501e-02,6.179081313312053542e-02,2.497528657841030508e-05,2.497528657841030508e-05
2.219736099243164062e+00,2.479937791824340820e+00,2.219761133193969727e+00,2.479962825775146484e+00,7.649151086807250977e-01,8.325619101524353027e-01,8.851512074470520020e-01,9.268898844718933550e-01,3.251543343067169189e-01,5.066344261169433150e-01,2.344397604465484619e-01,2.059689506888389698e-01,1.007559243589639664e-02,7.882619928568600914e-03,2.496492743375711143e-05,2.496492743375711143e-05
2.178866624832153320e+00,2.455847740173339844e+00,2.178891658782958984e+00,2.455872774124145508e+00,7.797352075576782227e-01,8.328818559646606889e-01,8.743773102760314941e-01,9.252188086509705034e-01,2.854115664958953857e-01,4.845228910446167103e-01,2.290507256984710693e-01,2.054649874567985590e-01,1.029187813401222229e-02,7.759231608361005783e-03,2.495141234248876572e-05,2.495141234248876572e-05
2.497673273086547852e+00,2.615857124328613281e+00,2.497698307037353516e+00,2.615882158279418945e+00,9.207984805107116699e-01,8.741183519363403542e-01,9.615508317947387695e-01,9.427025020122528076e-01,3.499630987644195557e-01,5.046992927789688554e-01,2.112627029418945312e-01,1.974987432360649220e-01,5.409813299775123596e-02,9.683821722865104675e-02,2.494045111234299839e-05,2.494045111234299839e-05
2.336067914962768555e+00,2.454323768615722656e+00,2.336092948913574219e+00,2.454348802566528320e+00,7.998124957084655762e-01,8.368190586566924827e-01,9.343033432960510254e-01,9.346593081951141135e-01,3.945131897926330566e-01,4.820539206266403198e-01,2.021634876728057861e-01,1.947782009840011708e-01,5.275591276586055756e-03,6.013253284618258303e-03,2.492941894161049277e-05,2.492941894161049277e-05
2.561232089996337891e+00,2.418165183067321866e+00,2.561257123947143555e+00,2.418190217018127530e+00,8.292307853698730469e-01,8.215761423110962136e-01,9.244011044502258301e-01,9.377895355224609153e-01,5.483816266059875488e-01,4.626133054494857566e-01,2.575268745422363281e-01,1.939760133624076899e-01,1.691835350356996059e-03,2.210176759399473754e-03,2.491767918400000781e-05,2.491767918400000781e-05
2.345637083053588867e+00,2.476986336708068670e+00,2.345661878585815430e+00,2.477011132240295233e+00,8.602646589279174805e-01,8.321687936782836692e-01,9.479782581329345703e-01,9.448008775711059792e-01,3.223902881145477295e-01,5.004767447710036787e-01,2.127413153648376465e-01,1.961509838700294384e-01,2.262520836666226387e-03,3.388986689969897270e-03,2.490412953193299472e-05,2.490412953193299472e-05
2.804978847503662109e+00,2.456938362121582120e+00,2.805003643035888672e+00,2.456963157653808683e+00,8.652004003524780273e-01,8.261215031147003396e-01,9.362373352050781250e-01,9.412221491336822954e-01,8.297311067581176758e-01,4.868050932884216420e-01,1.679998636245727539e-01,1.969461947679519709e-01,5.810237023979425430e-03,5.843397555872797619e-03,2.489073813194409013e-05,2.489073813194409013e-05
2.537304639816284180e+00,2.606714034080505282e+00,2.537329435348510742e+00,2.606738829612731845e+00,9.063192605972290039e-01,8.953431010246276633e-01,9.776027202606201172e-01,9.631251692771911621e-01,4.060470461845397949e-01,4.723087757825851218e-01,2.031174153089523315e-01,1.975975885987281688e-01,4.421837255358695984e-02,7.833940982818603238e-02,2.487362871761433780e-05,2.487362871761433780e-05
2.667541980743408203e+00,2.497760391235351651e+00,2.667566776275634766e+00,2.497785186767578214e+00,8.199911713600158691e-01,8.252818048000335471e-01,9.204711318016052246e-01,9.583566188812255859e-01,6.956062316894531250e-01,5.026303976774215698e-01,2.191217094659805298e-01,1.972559586167335621e-01,1.235171966254711151e-02,1.423562038689851761e-02,2.486987978045362979e-05,2.486987978045362979e-05
2.304181337356567383e+00,2.412533211708068670e+00,2.304206132888793945e+00,2.412558007240295233e+00,8.345491886138916016e-01,8.196564257144928201e-01,9.365453124046325684e-01,9.357665181159973145e-01,3.264115452766418457e-01,4.572204381227493175e-01,2.010705173015594482e-01,1.962644711136817821e-01,5.604821257293224335e-03,3.625320107676088983e-03,2.485921322659123689e-05,2.485921322659123689e-05
2.494860649108886719e+00,2.408423399925232022e+00,2.494885444641113281e+00,2.408448195457458585e+00,8.181203007698059082e-01,8.238638222217560259e-01,9.349246025085449219e-01,9.321473240852355957e-01,5.132286548614501953e-01,4.519530981779098511e-01,2.253218293190002441e-01,1.964703232049941906e-01,3.265343140810728073e-03,3.988884435966610735e-03,2.484634387656114995e-05,2.484634387656114995e-05
2.190304040908813477e+00,2.430070090293884100e+00,2.190328836441040039e+00,2.430094885826110662e+00,7.961502671241760254e-01,8.195260345935821977e-01,9.280844330787658691e-01,9.327599823474883589e-01,3.081634342670440674e-01,4.746597498655319436e-01,1.491999179124832153e-01,1.974717184901237377e-01,8.705749176442623138e-03,5.652608629316091364e-03,2.483235948602668941e-05,2.483235948602668941e-05
2.739333629608154297e+00,2.441868257522583185e+00,2.739358425140380859e+00,2.441893053054809748e+00,8.436996340751647949e-01,8.255033791065216064e-01,9.263222217559814453e-01,9.334537148475646751e-01,7.456916570663452148e-01,4.827710151672363059e-01,2.213837057352066040e-01,1.972920253872871288e-01,2.236161381006240845e-03,2.848092629574239081e-03,2.481619594618678093e-05,2.481619594618678093e-05
2.296536207199096680e+00,2.449406337738037287e+00,2.296561002731323242e+00,2.449431133270263850e+00,8.190026283264160156e-01,8.238388776779175249e-01,8.935283422470092773e-01,9.345060586929321289e-01,3.688727915287017822e-01,4.889358341693877952e-01,2.122447490692138672e-01,1.989831537008285578e-01,2.887789625674486160e-03,3.142423834651708516e-03,2.479758222762029618e-05,2.479758222762029618e-05
2.334434032440185547e+00,2.462444710731506170e+00,2.334458827972412109e+00,2.462469506263732733e+00,8.423365950584411621e-01,8.186567008495331255e-01,9.420340657234191895e-01,9.299250900745391624e-01,3.127415478229522705e-01,5.123093158006668535e-01,2.350421249866485596e-01,1.990251123905181774e-01,2.279660897329449654e-03,2.528490452095866377e-03,2.478132591932080686e-05,2.478132591932080686e-05
2.250732421875000000e+00,2.470660662651062101e+00,2.250757217407226562e+00,2.470685458183288663e+00,8.216744065284729004e-01,8.331704616546631303e-01,9.095344543457031250e-01,9.275358736515044722e-01,3.034740388393402100e-01,5.083371937274933083e-01,2.136141210794448853e-01,1.988664478063583430e-01,2.435378264635801315e-03,2.750777965411543933e-03,2.476471490808762610e-05,2.476471490808762610e-05
2.184721946716308594e+00,2.429575133323669256e+00,2.184746742248535156e+00,2.429599928855895818e+00,8.141684532165527344e-01,8.224482834339141846e-01,9.364763498306274414e-01,9.251158773899078591e-01,2.812939286231994629e-01,4.810038328170776478e-01,1.508461385965347290e-01,1.991297364234924372e-01,1.937026157975196838e-03,1.877334888558834835e-03,2.474814391462132335e-05,2.474814391462132335e-05
2.145071744918823242e+00,2.452655196189880371e+00,2.145096540451049805e+00,2.452679991722106934e+00,7.820076942443847656e-01,8.239244937896728072e-01,8.805291652679443359e-01,9.258611083030701128e-01,2.641126811504364014e-01,5.004225909709930642e-01,2.151480615139007568e-01,1.993943929672241100e-01,3.274220507591962814e-03,3.052618843503296289e-03,2.473183485562913120e-05,2.473183485562913120e-05
2.236453294754028320e+00,2.467490196228027344e+00,2.236478090286254883e+00,2.467514991760253906e+00,8.043754696846008301e-01,8.210917174816131370e-01,9.224321246147155762e-01,9.270063996315002219e-01,2.615013122558593750e-01,5.155095845460891946e-01,2.455880343914031982e-01,1.998367592692375239e-01,2.556440886110067368e-03,4.045696649700403387e-03,2.472739288350567222e-05,2.472739288350567222e-05
2.296653985977172852e+00,2.462715744972229004e+00,2.296678781509399414e+00,2.462740540504455566e+00,8.375279307365417480e-01,8.197587728500366211e-01,9.207795858383178711e-01,9.340049147605895552e-01,2.992605566978454590e-01,5.007243782281876054e-01,2.358862608671188354e-01,2.039508387446403448e-01,3.199682570993900299e-03,4.276804672554135149e-03,2.470865183568093926e-05,2.470865183568093926e-05
2.310935735702514648e+00,2.468365454673767001e+00,2.310960531234741211e+00,2.468390250205993564e+00,8.571748137474060059e-01,8.382784724235534668e-01,9.539127349853515625e-01,9.277794301509857400e-01,2.942506074905395508e-01,4.945580303668976052e-01,2.020898014307022095e-01,2.020527586340904180e-01,3.507891204208135605e-03,5.696805845946073706e-03,2.468848470016382635e-05,2.468848470016382635e-05
2.213422775268554688e+00,2.511275196075439364e+00,2.213447332382202148e+00,2.511299753189086825e+00,8.060752749443054199e-01,8.353815257549286333e-01,9.106954336166381836e-01,9.281917989253998247e-01,2.820873856544494629e-01,5.451960742473602739e-01,2.118610739707946777e-01,1.988271266222000067e-01,2.703758422285318375e-03,3.678597020916640845e-03,2.467248668835964054e-05,2.467248668835964054e-05
2.151597976684570312e+00,2.429207992553711115e+00,2.151622533798217773e+00,2.429232549667358576e+00,7.835146784782409668e-01,8.183360457420348899e-01,9.153910875320434570e-01,9.306614458560943381e-01,2.916457355022430420e-01,4.812175363302230724e-01,1.561608761548995972e-01,1.958928734064102062e-01,4.885606467723846436e-03,3.100046026520431215e-03,2.465382931404747069e-05,2.465382931404747069e-05
2.276063442230224609e+00,2.441833662986755193e+00,2.276087999343872070e+00,2.441858220100402654e+00,8.484068512916564941e-01,8.241441309452056663e-01,9.409863352775573730e-01,9.284124255180359331e-01,2.927360236644744873e-01,4.924312412738799938e-01,1.919995993375778198e-01,1.948808804154396057e-01,1.934528816491365433e-03,1.964995183516293938e-03,2.463440796418581158e-05,2.463440796418581158e-05
2.255465030670166016e+00,2.430299377441406339e+00,2.255489587783813477e+00,2.430323934555053800e+00,8.379363417625427246e-01,8.248522460460663286e-01,9.433493614196777344e-01,9.311033010482787642e-01,2.835485041141510010e-01,4.764736413955688588e-01,1.879588365554809570e-01,1.954785421490669306e-01,2.671643393114209175e-03,2.391623379662632769e-03,2.461919211782515049e-05,2.461919211782515049e-05
2.249721765518188477e+00,2.452046585083007990e+00,2.249746322631835938e+00,2.452071142196655451e+00,8.266016840934753418e-01,8.179377377033233421e-01,9.539234638214111328e-01,9.465196251869201216e-01,2.672089636325836182e-01,4.900494039058685414e-01,2.003569751977920532e-01,1.960106745362281688e-01,1.630543963983654976e-03,1.529127394314855424e-03,2.460333416820503771e-05,2.460333416820503771e-05
2.173707008361816406e+00,2.412734246253967374e+00,2.173731565475463867e+00,2.412758803367614835e+00,7.892201542854309082e-01,8.158578217029571755e-01,9.287806153297424316e-01,9.240271627902985063e-01,2.615579664707183838e-01,4.751050204038619884e-01,1.928083449602127075e-01,1.960590004920959584e-01,1.339948154054582119e-03,1.685188116971403274e-03,2.458649396430701017e-05,2.458649396430701017e-05
2.324398756027221680e+00,2.454173469543456942e+00,2.324423313140869141e+00,2.454198026657104403e+00,8.670827150344848633e-01,8.196904838085175005e-01,9.261661767959594727e-01,9.258343815803528054e-01,2.723316252231597900e-01,5.093262583017349465e-01,2.563631534576416016e-01,1.971532016992569025e-01,2.454909728839993477e-03,2.169188973493873900e-03,2.456693255226127803e-05,2.456693255226127803e-05
2.402959585189819336e+00,2.474944353103637695e+00,2.402984142303466797e+00,2.474968910217285156e+00,7.972913384437561035e-01,8.341316401958465132e-01,9.480056166648864746e-01,9.352781534194946067e-01,4.806774854660034180e-01,4.991188466548919789e-01,1.719053238630294800e-01,1.973795533180236761e-01,5.079780705273151398e-03,9.036218840628862034e-03,2.456108995829708874e-05,2.456108995829708874e-05
2.276132345199584961e+00,2.503652453422546387e+00,2.276156902313232422e+00,2.503677010536193848e+00,8.561762571334838867e-01,8.252524912357330766e-01,9.295874238014221191e-01,9.282481729984283225e-01,2.489260435104370117e-01,5.445196717977524026e-01,2.325157970190048218e-01,1.990000799298286549e-01,8.926569484174251556e-03,6.632013572379946362e-03,2.454693822073750198e-05,2.454693822073750198e-05
2.336413860321044922e+00,2.579212498664856135e+00,2.336438417434692383e+00,2.579237055778503596e+00,8.227882385253906250e-01,8.463748991489410400e-01,9.481591582298278809e-01,9.989570200443267378e-01,3.137835860252380371e-01,5.127707839012145552e-01,2.329569607973098755e-01,2.071932256221771240e-01,1.872595399618148804e-02,1.391652487218380044e-02,2.452905391692183912e-05,2.452905391692183912e-05
2.285141229629516602e+00,2.531912827491760165e+00,2.285165786743164062e+00,2.531937384605407626e+00,7.665669322013854980e-01,8.233058273792266402e-01,8.819023966789245605e-01,9.289652407169342041e-01,4.031519591808319092e-01,5.542481929063797219e-01,2.232338339090347290e-01,2.181491181254386902e-01,1.028602290898561478e-02,7.244368968531489546e-03,2.450917600071989000e-05,2.450917600071989000e-05
2.258190631866455078e+00,2.477354955673217951e+00,2.258215188980102539e+00,2.477379512786865412e+00,8.068853020668029785e-01,8.221776545047759788e-01,9.402451515197753906e-01,9.314646720886230469e-01,3.360140919685363770e-01,5.003166973590851274e-01,1.685280352830886841e-01,2.165351927280426136e-01,6.518146488815546036e-03,6.860704906284808939e-03,2.449374551360961050e-05,2.449374551360961050e-05
2.563009262084960938e+00,2.521081590652465731e+00,2.563033819198608398e+00,2.521106147766113192e+00,8.470034599304199219e-01,8.280823647975921187e-01,9.345046281814575195e-01,9.427714943885803223e-01,5.600672960281372070e-01,5.220020055770874245e-01,2.115608453750610352e-01,2.137431010603904613e-01,9.872980415821075439e-03,1.448260284960269963e-02,2.447684528306126595e-05,2.447684528306126595e-05
2.334400177001953125e+00,2.509951519966125311e+00,2.334424734115600586e+00,2.509976077079772772e+00,8.279222249984741211e-01,8.179666042327881081e-01,9.568382501602172852e-01,9.333330452442168967e-01,3.639194667339324951e-01,5.438630402088164839e-01,1.838540583848953247e-01,2.121349975466728099e-01,1.866190927103161812e-03,2.653826330788433725e-03,2.446161488478537649e-05,2.446161488478537649e-05
2.357800245285034180e+00,2.492086243629455744e+00,2.357824802398681641e+00,2.492110800743103205e+00,8.488544225692749023e-01,8.181473493576050249e-01,9.636572003364562988e-01,9.259801805019378662e-01,3.523279726505279541e-01,5.342900812625884788e-01,1.911574751138687134e-01,2.114383965730667059e-01,1.802827348001301289e-03,2.230294072069227609e-03,2.444039819238241762e-05,2.444039819238241762e-05
2.302918434143066406e+00,2.469061994552612216e+00,2.302942752838134766e+00,2.469086313247680575e+00,8.068859577178955078e-01,8.186205148696898970e-01,9.385476708412170410e-01,9.331256687641144021e-01,3.604250550270080566e-01,5.040155500173568726e-01,1.934517920017242432e-01,2.099487185478210449e-01,3.608034458011388779e-03,3.351583238691091624e-03,2.442390541546046734e-05,2.442390541546046734e-05
2.191581964492797852e+00,2.469435834884643466e+00,2.191606283187866211e+00,2.469460153579711825e+00,7.565890550613403320e-01,8.219957530498505083e-01,9.221076965332031250e-01,9.310795485973357710e-01,3.487350642681121826e-01,5.035397410392761230e-01,1.565826684236526489e-01,2.088121846318244934e-01,7.567667402327060699e-03,4.008655808866024364e-03,2.440856405883096159e-05,2.440856405883096159e-05
2.297528505325317383e+00,2.479041028022765936e+00,2.297552824020385742e+00,2.479065346717834295e+00,8.340583443641662598e-01,8.230203390121459961e-01,9.453403949737548828e-01,9.314439296722412109e-01,3.503370881080627441e-01,5.125621140003204790e-01,1.650241762399673462e-01,2.088523760437965282e-01,2.768584992736577988e-03,3.162305685691535473e-03,2.440399111947044730e-05,2.440399111947044730e-05
2.724358797073364258e+00,2.490801286697387873e+00,2.724383115768432617e+00,2.490825605392456232e+00,8.695479035377502441e-01,8.407502710819244607e-01,9.511808156967163086e-01,9.451584160327911599e-01,6.597852706909179688e-01,4.930451214313507080e-01,2.409868091344833374e-01,2.081487864255905096e-01,2.857809653505682945e-03,3.698737570084631530e-03,2.438876254018396139e-05,2.438876254018396139e-05
2.260172605514526367e+00,2.471686816215515226e+00,2.260196924209594727e+00,2.471711134910583585e+00,8.021507263183593750e-01,8.168799459934235063e-01,9.530999660491943359e-01,9.378789305686950906e-01,3.040522634983062744e-01,5.078059911727905718e-01,1.988746076822280884e-01,2.073601871728897039e-01,1.994787249714136124e-03,1.761751680169254455e-03,2.437106741126626730e-05,2.437106741126626730e-05
3.464817523956298828e+00,2.458431696891784757e+00,3.464841842651367188e+00,2.458456015586853116e+00,7.326787114143371582e-01,8.203358530998230425e-01,8.582563996315002441e-01,9.287870585918426292e-01,1.614717960357666016e+00,5.028551667928695679e-01,2.565754055976867676e-01,2.045571386814117321e-01,2.589015057310461998e-03,1.896401122212409930e-03,2.435351234453264624e-05,2.435351234453264624e-05
2.285724639892578125e+00,2.446590375900268732e+00,2.285748958587646484e+00,2.446614694595337092e+00,8.688337206840515137e-01,8.210998654365539995e-01,9.156327843666076660e-01,9.278776764869689497e-01,3.116018176078796387e-01,4.915438294410705566e-01,1.849951446056365967e-01,2.020311132073402405e-01,4.661137238144874573e-03,4.037840478122234518e-03,2.433502595522440970e-05,2.433502595522440970e-05
2.229223728179931641e+00,2.416830372810363947e+00,2.229248046875000000e+00,2.416854691505432307e+00,8.277037143707275391e-01,8.264759480953216553e-01,9.460140466690063477e-01,9.279047369956969771e-01,2.887179851531982422e-01,4.596375793218612782e-01,1.626994013786315918e-01,1.984744429588317927e-01,4.088704939931631088e-03,4.337650956586003304e-03,2.431842585792765021e-05,2.431842585792765021e-05
2.200505971908569336e+00,2.482047271728515803e+00,2.200530290603637695e+00,2.482071590423584162e+00,7.869784832000732422e-01,8.218937933444976363e-01,9.387272596359252930e-01,9.355636537075042725e-01,2.919303774833679199e-01,5.200123667716980425e-01,1.740554869174957275e-01,1.977195113897323719e-01,8.814337663352489471e-03,6.858041696250438864e-03,2.430499444017186761e-05,2.430499444017186761e-05
2.157288074493408203e+00,2.437919282913207919e+00,2.157312393188476562e+00,2.437943601608276278e+00,8.193203806877136230e-01,8.192776978015899880e-01,9.101797342300415039e-01,9.260802865028381348e-01,2.732657194137573242e-01,4.925957113504410012e-01,1.520396173000335693e-01,1.981318622827529796e-01,2.482841489836573601e-03,1.833718887064606038e-03,2.428903098916634917e-05,2.428903098916634917e-05
3.312802314758300781e+00,2.491417169570922852e+00,3.312826633453369141e+00,2.491441488265991211e+00,7.993025779724121094e-01,8.205353796482086626e-01,9.257449507713317871e-01,9.235116302967071311e-01,1.354428529739379883e+00,5.376917481422424094e-01,2.281214445829391479e-01,2.058432832360267695e-01,5.204672459512948990e-03,3.835194278508424759e-03,2.427181425446178764e-05,2.427181425446178764e-05
2.321390867233276367e+00,2.509624552726745783e+00,2.321415185928344727e+00,2.509648871421814142e+00,8.845463395118713379e-01,8.390989601612091064e-01,9.643589258193969727e-01,9.382706999778747115e-01,2.825401723384857178e-01,5.090039908885956033e-01,1.832723468542098999e-01,2.097738817334175165e-01,6.672999355942010880e-03,1.347705051302909920e-02,2.424907142994925380e-05,2.424907142994925380e-05
2.437838792800903320e+00,2.560788893699645907e+00,2.437863111495971680e+00,2.560813212394714267e+00,8.292477130889892578e-01,8.333862125873565674e-01,9.512755870819091797e-01,9.393362402915954590e-01,4.449468851089477539e-01,5.566934973001480547e-01,1.840115487575531006e-01,2.107978537678718567e-01,2.835725061595439911e-02,2.057503834366798331e-02,2.424371268716640770e-05,2.424371268716640770e-05
2.108241319656372070e+00,2.496438694000244318e+00,2.108265638351440430e+00,2.496463012695312678e+00,8.109868168830871582e-01,8.150597453117370828e-01,9.204477071762084961e-01,9.258716404438018799e-01,2.462750226259231567e-01,5.415613323450088057e-01,1.247650235891342163e-01,2.103525117039680425e-01,5.766530986875295639e-03,3.593445545993745240e-03,2.422801844659261405e-05,2.422801844659261405e-05
2.222627401351928711e+00,2.521373987197875977e+00,2.222651720046997070e+00,2.521398305892944336e+00,8.191906809806823730e-01,8.234483301639556885e-01,9.393284320831298828e-01,9.240602612495422141e-01,2.323196977376937866e-01,5.639688044786452803e-01,2.297473549842834473e-01,2.077318698167801014e-01,2.041186206042766571e-03,2.164715249091386622e-03,2.421040335320867598e-05,2.421040335320867598e-05
2.163396120071411133e+00,2.462644147872924627e+00,2.163420200347900391e+00,2.462668228149413885e+00,7.982422113418579102e-01,8.217187643051147017e-01,9.022338390350341797e-01,9.288185119628906694e-01,2.708290517330169678e-01,4.990470200777054055e-01,1.821859776973724365e-01,2.064618825912475641e-01,9.905214421451091766e-03,6.597902998328209270e-03,2.418801523162983358e-05,2.418801523162983358e-05
2.250509262084960938e+00,2.501285243034362615e+00,2.250533342361450195e+00,2.501309323310851873e+00,8.262693881988525391e-01,8.527762830257415994e-01,8.813583850860595703e-01,9.324368774890899880e-01,2.758615911006927490e-01,4.789542406797409058e-01,2.167517691850662231e-01,2.029403209686279352e-01,5.026815086603164673e-02,3.417743258178233823e-02,2.416688585071824491e-05,2.416688585071824491e-05
2.947883844375610352e+00,2.458684396743774592e+00,2.947907924652099609e+00,2.458708477020263850e+00,8.482564091682434082e-01,8.236199438571929488e-01,9.046006798744201660e-01,9.262541592121124046e-01,9.670462608337402344e-01,5.001626074314117210e-01,2.211958169937133789e-01,2.029872462153434753e-01,6.784601137042045593e-03,5.660436814650893211e-03,2.415213748463429511e-05,2.415213748463429511e-05
2.469752550125122070e+00,2.453067588806152166e+00,2.469776630401611328e+00,2.453091669082641424e+00,8.123264908790588379e-01,8.160975694656371626e-01,9.050552248954772949e-01,9.212036430835723877e-01,5.064617395401000977e-01,5.099468857049942461e-01,2.425071150064468384e-01,2.020253464579582214e-01,3.401795634999871254e-03,3.794135199859738263e-03,2.413547917967662215e-05,2.413547917967662215e-05
2.179407119750976562e+00,2.468338513374328524e+00,2.179431200027465820e+00,2.468362593650817782e+00,8.020107746124267578e-01,8.266171574592590110e-01,9.198374152183532715e-01,9.288124382495880349e-01,2.757337391376495361e-01,5.091421544551849587e-01,1.787343472242355347e-01,2.005349189043044988e-01,3.090893151238560677e-03,3.231814247556030750e-03,2.411989407846704125e-05,2.411989407846704125e-05
2.989804983139038086e+00,2.553394103050231845e+00,2.989829063415527344e+00,2.553418183326721103e+00,8.812386989593505859e-01,8.697421669960021529e-01,9.582564830780029297e-01,9.512392878532409668e-01,9.075021743774414062e-01,4.859151661396026722e-01,2.147304117679595947e-01,2.012182205915450939e-01,2.807719819247722626e-02,4.527922570705413680e-02,2.409712760709226131e-05,2.409712760709226131e-05
2.166347265243530273e+00,2.450517272949218839e+00,2.166371345520019531e+00,2.450541353225708097e+00,8.080265522003173828e-01,8.181443989276886430e-01,9.317798614501953125e-01,9.284134745597839578e-01,2.827726006507873535e-01,4.971157461404800415e-01,1.386288404464721680e-01,2.023784458637237493e-01,5.139669869095087051e-03,4.465252161026000977e-03,2.407972715445794165e-05,2.407972715445794165e-05
2.272094726562500000e+00,2.514116048812866211e+00,2.272118806838989258e+00,2.514140129089355469e+00,8.450381755828857422e-01,8.405271887779235396e-01,9.426571130752563477e-01,9.356771767139434592e-01,2.766297757625579834e-01,5.181830465793609841e-01,1.942282319068908691e-01,2.027069196105003301e-01,1.354139298200607300e-02,1.702171731740236352e-02,2.407378087809775025e-05,2.407378087809775025e-05
2.206839799880981445e+00,2.514787626266479670e+00,2.206863880157470703e+00,2.514811706542968928e+00,8.165209293365478516e-01,8.261143445968628374e-01,9.271043539047241211e-01,9.284481823444366011e-01,2.728216648101806641e-01,5.465944409370422363e-01,1.740281283855438232e-01,2.023696362972259577e-01,1.636467687785625458e-02,1.126101426780223846e-02,2.405361374258063734e-05,2.405361374258063734e-05
3.394797086715698242e+00,2.467262077331542791e+00,3.394821166992187500e+00,2.467286157608032049e+00,8.164528012275695801e-01,8.334688425064087358e-01,9.052014946937561035e-01,9.336988687515258567e-01,1.435289740562438965e+00,4.936098009347915649e-01,2.337367832660675049e-01,2.009498506784438976e-01,4.116187803447246552e-03,5.534736486151814287e-03,2.403608232270926237e-05,2.403608232270926237e-05
2.377936363220214844e+00,2.452540922164916815e+00,2.377960443496704102e+00,2.452565002441406072e+00,8.443152308464050293e-01,8.188459992408751997e-01,9.403483867645263672e-01,9.397415876388549583e-01,3.340530991554260254e-01,4.835274666547775269e-01,2.527941465377807617e-01,2.025134220719337352e-01,6.425467785447835922e-03,7.912460202351211808e-03,2.401800156803801656e-05,2.401800156803801656e-05
2.286404848098754883e+00,2.443672227859496893e+00,2.286428928375244141e+00,2.443696308135986150e+00,8.223181366920471191e-01,8.177026450634002908e-01,9.296572208404541016e-01,9.270011126995086892e-01,3.446478545665740967e-01,4.926849991083145364e-01,1.884151548147201538e-01,2.044306412339210455e-01,1.366655342280864716e-03,1.852777076419442935e-03,2.399726508883759379e-05,2.399726508883759379e-05
2.306024551391601562e+00,2.448327279090881436e+00,2.306048631668090820e+00,2.448351359367370694e+00,8.206470608711242676e-01,8.171659111976623535e-01,9.521659612655639648e-01,9.291844844818115678e-01,3.440280556678771973e-01,4.928102791309356689e-01,1.858729422092437744e-01,2.063019305467605480e-01,3.310365369543433189e-03,2.864691987633705226e-03,2.397999924141913652e-05,2.397999924141913652e-05
2.336107969284057617e+00,2.495650410652160645e+00,2.336131811141967773e+00,2.495674252510070801e+00,8.320077657699584961e-01,8.193324387073517290e-01,9.627099037170410156e-01,9.324627041816710982e-01,3.605214655399322510e-01,5.232449710369110329e-01,1.742569357156753540e-01,2.124991267919540405e-01,6.611711345613002777e-03,8.111187908798455498e-03,2.395900082774460316e-05,2.395900082774460316e-05
2.602240562438964844e+00,2.496954202651977539e+00,2.602264404296875000e+00,2.496978044509887695e+00,7.672056555747985840e-01,8.176277756690979448e-01,8.873744010925292969e-01,9.269546568393707275e-01,7.068964838981628418e-01,5.325438767671585305e-01,2.382838428020477295e-01,2.175684258341789301e-01,2.479994669556617737e-03,2.259479137137532234e-03,2.393774047959595919e-05,2.393774047959595919e-05
2.331784009933471680e+00,2.531757807731628507e+00,2.331807851791381836e+00,2.531781649589538663e+00,7.990005612373352051e-01,8.185936510562896729e-01,9.186477661132812500e-01,9.373423933982849565e-01,3.702136874198913574e-01,5.507765650749206765e-01,2.414905875921249390e-01,2.185378462076187078e-01,2.431367756798863411e-03,6.507347850129008120e-03,2.391382804489694536e-05,2.391382804489694536e-05
2.429912328720092773e+00,2.559433984756469549e+00,2.429936170578002930e+00,2.559457826614379705e+00,8.521086573600769043e-01,8.283795416355133057e-01,9.481719136238098145e-01,9.264920413494109885e-01,3.858273923397064209e-01,5.759347856044769731e-01,2.386105805635452271e-01,2.197575762867927662e-01,5.193994846194982529e-03,8.870019577443599701e-03,2.388901884842198342e-05,2.388901884842198342e-05
2.407411098480224609e+00,2.571269369125366300e+00,2.407434940338134766e+00,2.571293210983276456e+00,8.319746255874633789e-01,8.117507338523864968e-01,9.681829214096069336e-01,9.676736414432525191e-01,4.133570790290832520e-01,5.600436091423034446e-01,1.871364116668701172e-01,2.222905933856964000e-01,6.760203745216131210e-03,9.510819241404533733e-03,2.388372195127885789e-05,2.388372195127885789e-05
3.160473108291625977e+00,2.532285141944885076e+00,3.160496950149536133e+00,2.532308983802795233e+00,7.936704754829406738e-01,8.162549495697021262e-01,9.188978672027587891e-01,9.269459426403046098e-01,1.176088213920593262e+00,5.623890757560729980e-01,2.706696987152099609e-01,2.249994918704033009e-01,1.146906055510044098e-03,1.695692562498152169e-03,2.386257256148383021e-05,2.386257256148383021e-05
2.498390197753906250e+00,2.570939326286315829e+00,2.498414039611816406e+00,2.570963168144225985e+00,8.282596468925476074e-01,8.139022886753082275e-01,9.253237843513488770e-01,9.336817026138305442e-01,4.483975172042846680e-01,5.864240288734435813e-01,2.877120077610015869e-01,2.300169676542282160e-01,8.696928620338439941e-03,6.914341961964965214e-03,2.384317849646322429e-05,2.384317849646322429e-05
2.411477565765380859e+00,2.555016469955444514e+00,2.411501407623291016e+00,2.555040311813354670e+00,8.221092820167541504e-01,8.096729338169097456e-01,9.199690222740173340e-01,9.277376592159271018e-01,4.664225578308105469e-01,5.813106000423431396e-01,1.995412260293960571e-01,2.328404739499091991e-01,3.435479709878563881e-03,3.454755386337637988e-03,2.383386708970647305e-05,2.383386708970647305e-05
2.483444213867187500e+00,2.570725488662719549e+00,2.483468055725097656e+00,2.570749330520629705e+00,8.019714355468750000e-01,8.079076111316680908e-01,9.149589538574218750e-01,9.308202505111694558e-01,5.314254760742187500e-01,5.969113230705260786e-01,2.331057488918304443e-01,2.331755712628364452e-01,1.982771558687090874e-03,1.910671580117195888e-03,2.381141166551969945e-05,2.381141166551969945e-05
2.455039501190185547e+00,2.580243968963622958e+00,2.455063343048095703e+00,2.580267810821533114e+00,8.238206505775451660e-01,8.108248412609100342e-01,9.235411286354064941e-01,9.325066030025481734e-01,4.464846253395080566e-01,6.014982998371124490e-01,2.597030103206634521e-01,2.330447643995285090e-01,1.490074908360838890e-03,2.369406702928245241e-03,2.378384306211955845e-05,2.378384306211955845e-05
2.394085168838500977e+00,2.551657652854919522e+00,2.394109010696411133e+00,2.551681494712829679e+00,8.232794404029846191e-01,8.108266890048980713e-01,9.114235043525695801e-01,9.264685213565826416e-01,4.208073318004608154e-01,5.792389422655105369e-01,2.359685450792312622e-01,2.328713640570640453e-01,2.606457564979791641e-03,2.252075029537081632e-03,2.375823351030703634e-05,2.375823351030703634e-05
2.554904460906982422e+00,2.554767274856567294e+00,2.554928302764892578e+00,2.554791116714477450e+00,7.543180584907531738e-01,8.117115914821624312e-01,9.180521965026855469e-01,9.288081884384155051e-01,6.751558780670166016e-01,5.761237084865570290e-01,2.043113112449645996e-01,2.360907211899757330e-01,3.066931618377566338e-03,2.033012860920280218e-03,2.374267751292791218e-05,2.374267751292791218e-05
2.394951343536376953e+00,2.591514277458190740e+00,2.394975185394287109e+00,2.591538119316100897e+00,7.636963129043579102e-01,8.102821648120880349e-01,9.078185558319091797e-01,9.287252008914947954e-01,4.414364099502563477e-01,6.073165178298950417e-01,2.762090563774108887e-01,2.400633379817009028e-01,5.791052244603633881e-03,5.127051658928394144e-03,2.372790186200290918e-05,2.372790186200290918e-05
2.881426095962524414e+00,2.598660397529601873e+00,2.881449699401855469e+00,2.598684000968932928e+00,7.945744395256042480e-01,8.130054891109466109e-01,9.472143054008483887e-01,9.334204554557800071e-01,9.516566395759582520e-01,5.989435613155364990e-01,1.756370961666107178e-01,2.383597463369369618e-01,1.234362646937370300e-02,1.493107844144105946e-02,2.370293441344983876e-05,2.370293441344983876e-05
2.696287393569946289e+00,2.587056350708007990e+00,2.696310997009277344e+00,2.587079954147339045e+00,8.184437751770019531e-01,8.132333040237427202e-01,9.081402420997619629e-01,9.287771940231323020e-01,6.700536012649536133e-01,6.032472670078277144e-01,2.934950888156890869e-01,2.376003742218017467e-01,6.154791451990604401e-03,4.198193503543734724e-03,2.369650246691890061e-05,2.369650246691890061e-05
2.482511281967163086e+00,2.585046911239623935e+00,2.482534885406494141e+00,2.585070514678954989e+00,8.439492583274841309e-01,8.153262674808502419e-01,9.458162188529968262e-01,9.309780538082123025e-01,4.632388055324554443e-01,5.931587755680084451e-01,2.195787429809570312e-01,2.365824431180953979e-01,9.928253479301929474e-03,9.001415874809026024e-03,2.367368506384082139e-05,2.367368506384082139e-05
2.570577859878540039e+00,2.577609872817993253e+00,2.570601463317871094e+00,2.577633476257324308e+00,8.300928473472595215e-01,8.137031793594360352e-01,9.466176629066467285e-01,9.315690636634826882e-01,5.879435539245605469e-01,5.904526650905609353e-01,2.042096108198165894e-01,2.392919734120368958e-01,1.714306767098605633e-03,2.592978440225124272e-03,2.366049375268630683e-05,2.366049375268630683e-05
2.393411397933959961e+00,2.587956166267395108e+00,2.393435001373291016e+00,2.587979769706726163e+00,7.714034318923950195e-01,8.141355931758880171e-01,9.140245318412780762e-01,9.292432069778442383e-01,4.636046588420867920e-01,6.019127190113067183e-01,2.423800975084304810e-01,2.405475392937660162e-01,1.998680876567959785e-03,2.117164246737956827e-03,2.363872408750467002e-05,2.363872408750467002e-05
2.358143568038940430e+00,2.582778263092040838e+00,2.358167171478271484e+00,2.582801866531371893e+00,7.603633999824523926e-01,8.071205735206603560e-01,9.236788153648376465e-01,9.286059319972992387e-01,4.591200649738311768e-01,6.052649021148681641e-01,2.132832258939743042e-01,2.400616899132728688e-01,1.698021544143557549e-03,1.725174614693969445e-03,2.361533552175387740e-05,2.361533552175387740e-05
2.974725484848022461e+00,2.573244404792785822e+00,2.974749088287353516e+00,2.573268008232116877e+00,8.358858227729797363e-01,8.114528954029083252e-01,9.546667337417602539e-01,9.286142945289611594e-01,1.014656186103820801e+00,5.895625293254852517e-01,1.659012734889984131e-01,2.395586952567100580e-01,3.615716472268104553e-03,4.055974748916923653e-03,2.359541758778505027e-05,2.359541758778505027e-05
2.418568372726440430e+00,2.572923517227172940e+00,2.418591976165771484e+00,2.572947120666503995e+00,7.874438762664794922e-01,8.052126407623291238e-01,8.948570489883422852e-01,9.325873017311095969e-01,4.825851619243621826e-01,5.929658114910125732e-01,2.473227977752685547e-01,2.385069012641906627e-01,6.359533406794071198e-03,3.650893713347613725e-03,2.357468838454224169e-05,2.357468838454224169e-05
2.437350273132324219e+00,2.574052333831787109e+00,2.437373876571655273e+00,2.574075937271118164e+00,7.761908173561096191e-01,8.107320785522460493e-01,9.113343954086303711e-01,9.315505623817443848e-01,4.847739934921264648e-01,5.928056538105010986e-01,2.622975409030914307e-01,2.360246077179908863e-01,2.753318287432193756e-03,2.939440286718309012e-03,2.355499964323826134e-05,2.355499964323826134e-05
2.447045087814331055e+00,2.589998745918273837e+00,2.447068691253662109e+00,2.590022349357604892e+00,8.126217722892761230e-01,8.124321758747100608e-01,9.331820011138916016e-01,9.261380255222320113e-01,4.705347418785095215e-01,6.127346992492676003e-01,2.294872850179672241e-01,2.373893871903419439e-01,1.219240948557853699e-03,1.304540049750357780e-03,2.353608942939899862e-05,2.353608942939899862e-05
2.422373771667480469e+00,2.572837591171264648e+00,2.422397375106811523e+00,2.572861194610595703e+00,8.151488304138183594e-01,8.066402494907378706e-01,9.568025469779968262e-01,9.273398220539093018e-01,4.651837348937988281e-01,5.970372974872588667e-01,1.835519820451736450e-01,2.399778082966804449e-01,1.686615403741598129e-03,1.842452399432659106e-03,2.351755028939805925e-05,2.351755028939805925e-05
2.426994562149047852e+00,2.597691106796264471e+00,2.427018165588378906e+00,2.597714710235595525e+00,7.969762086868286133e-01,8.135480523109436257e-01,9.379152655601501465e-01,9.274230599403381348e-01,4.662497341632843018e-01,6.096439421176910178e-01,2.219913303852081299e-01,2.392732948064804077e-01,3.862075274810194969e-03,7.802738295868039305e-03,2.351252078369725496e-05,2.351252078369725496e-05
2.465914964675903320e+00,2.565309619903564542e+00,2.465938568115234375e+00,2.565333223342895597e+00,8.130742907524108887e-01,8.081357777118682861e-01,9.195865392684936523e-01,9.285150766372680664e-01,4.761328697204589844e-01,5.900116264820098877e-01,2.559264004230499268e-01,2.369552850723266602e-01,1.195013173855841160e-03,1.691830728668719617e-03,2.349015085201244801e-05,2.349015085201244801e-05
2.816638946533203125e+00,2.567979621887206854e+00,2.816662311553955078e+00,2.568002986907958807e+00,8.147887587547302246e-01,8.128726720809936745e-01,9.458805322647094727e-01,9.278398931026459184e-01,8.322424888610839844e-01,5.859169661998748779e-01,2.186407446861267090e-01,2.367050439119338934e-01,5.086484365165233612e-03,4.645040677860379393e-03,2.346625296922866255e-05,2.346625296922866255e-05
2.560454368591308594e+00,2.566671490669250488e+00,2.560477733612060547e+00,2.566694855690002441e+00,7.644662261009216309e-01,8.114247620105743408e-01,9.071570038795471191e-01,9.287309527397156206e-01,6.391773223876953125e-01,5.921600461006164551e-01,2.481346875429153442e-01,2.327908903360366710e-01,1.519179786555469036e-03,1.564859016798436598e-03,2.344423955946695060e-05,2.344423955946695060e-05
2.539749145507812500e+00,2.575750923156738370e+00,2.539772510528564453e+00,2.575774288177490323e+00,8.485263586044311523e-01,8.145322144031524880e-01,9.106395840644836426e-01,9.326225996017456499e-01,4.998686909675598145e-01,5.849139690399169922e-01,2.585821747779846191e-01,2.322766110301017761e-01,2.213245257735252380e-02,1.140550421550869976e-02,2.342564766877330840e-05,2.342564766877330840e-05
2.484309673309326172e+00,2.599418592453003107e+00,2.484333038330078125e+00,2.599441957473755060e+00,7.557670474052429199e-01,8.092867970466613992e-01,9.154919385910034180e-01,9.321458458900451216e-01,5.430688261985778809e-01,6.174049973487854004e-01,2.652141749858856201e-01,2.325233623385429271e-01,4.767734091728925705e-03,8.057663450017571449e-03,2.341327854082919657e-05,2.341327854082919657e-05
2.488617181777954102e+00,2.595885586738586603e+00,2.488640546798706055e+00,2.595908951759338557e+00,8.136535882949829102e-01,8.190322935581206831e-01,9.348278045654296875e-01,9.291196227073669212e-01,4.930075109004974365e-01,6.133826971054077148e-01,2.446569055318832397e-01,2.315860152244567927e-01,2.471535466611385345e-03,2.764954464510083199e-03,2.339692582609131932e-05,2.339692582609131932e-05
2.851612091064453125e+00,2.570490193367004572e+00,2.851635456085205078e+00,2.570513558387756525e+00,7.794182896614074707e-01,8.115645051002502441e-01,8.742953538894653320e-01,9.311851799488067849e-01,8.715251088142395020e-01,5.943242013454437256e-01,3.224340677261352539e-01,2.310956388711929432e-01,3.939263522624969482e-03,2.320682932622730905e-03,2.337918704142794013e-05,2.337918704142794013e-05
2.467780828475952148e+00,2.575619816780090332e+00,2.467804193496704102e+00,2.575643181800842285e+00,8.128511905670166016e-01,8.205567836761474831e-01,9.407544136047363281e-01,9.315309584140777366e-01,4.926739037036895752e-01,5.898041844367980513e-01,2.186608761548995972e-01,2.310412451624870300e-01,2.840507309883832932e-03,2.686641388572752562e-03,2.335258250241167843e-05,2.335258250241167843e-05
2.442842006683349609e+00,2.575996065139770419e+00,2.442865371704101562e+00,2.576019430160522372e+00,8.029793500900268555e-01,8.104319334030151145e-01,9.152417182922363281e-01,9.308924674987792969e-01,5.050891041755676270e-01,6.012655556201934592e-01,2.167998999357223511e-01,2.309944406151771545e-01,2.731739310547709465e-03,2.411649911664426327e-03,2.333789961994625628e-05,2.333789961994625628e-05
2.552424669265747070e+00,2.590222644805908025e+00,2.552448034286499023e+00,2.590246009826659979e+00,8.303747773170471191e-01,8.178199410438538042e-01,9.553528428077697754e-01,9.304512441158294678e-01,5.108026862144470215e-01,6.028418362140655073e-01,2.518965899944305420e-01,2.321502387523651234e-01,3.997814375907182693e-03,6.959499465301633228e-03,2.333576230739708990e-05,2.333576230739708990e-05
2.542192459106445312e+00,2.575165987014770508e+00,2.542215824127197266e+00,2.575189352035522461e+00,7.997024655342102051e-01,8.112671077251434326e-01,9.131135344505310059e-01,9.336763978004455344e-01,4.953059554100036621e-01,5.925914108753204124e-01,3.303299844264984131e-01,2.341602578759193476e-01,3.740662476047873497e-03,3.470819815993308934e-03,2.331976065761409700e-05,2.331976065761409700e-05
2.467014551162719727e+00,2.590458512306213379e+00,2.467037916183471680e+00,2.590481877326965332e+00,8.084394931793212891e-01,8.133365273475646751e-01,9.438636302947998047e-01,9.323433637619018555e-01,4.803121984004974365e-01,6.052946567535399947e-01,2.302058935165405273e-01,2.347967490553855840e-01,4.193654283881187439e-03,4.687188519164919506e-03,2.329768904019147158e-05,2.329768904019147158e-05
2.404324769973754883e+00,2.582619976997375666e+00,2.404348134994506836e+00,2.582643342018127619e+00,7.957568168640136719e-01,8.120734930038452370e-01,9.198383092880249023e-01,9.313817977905273215e-01,4.756878614425659180e-01,6.013052761554718018e-01,2.103229612112045288e-01,2.356620967388153021e-01,2.719002543017268181e-03,2.197300130501389330e-03,2.327519541722722352e-05,2.327519541722722352e-05
2.461052894592285156e+00,2.607253527641296476e+00,2.461076259613037109e+00,2.607276892662048429e+00,8.117413520812988281e-01,8.135215580463409646e-01,9.412823319435119629e-01,9.289975702762603982e-01,4.956047236919403076e-01,6.181939125061035600e-01,2.053473442792892456e-01,2.412843197584152166e-01,7.077143993228673935e-03,5.256228102371096784e-03,2.324897650396451354e-05,2.324897650396451354e-05
2.419930219650268555e+00,2.582735919952392489e+00,2.419953346252441406e+00,2.582759046554565341e+00,8.322128057479858398e-01,8.123456478118896706e-01,9.188913106918334961e-01,9.287079155445099321e-01,4.822316765785217285e-01,5.961838901042938454e-01,1.819662600755691528e-01,2.418059572577476446e-01,4.628244321793317795e-03,3.692518989555537874e-03,2.323273110960144550e-05,2.323273110960144550e-05
2.398085355758666992e+00,2.572154378890991300e+00,2.398108482360839844e+00,2.572177505493164151e+00,7.963094711303710938e-01,8.107966005802154097e-01,9.071467518806457520e-01,9.271979272365570290e-01,4.651140570640563965e-01,5.905103623867035134e-01,2.264745235443115234e-01,2.416443124413490406e-01,3.040627576410770416e-03,2.005156327504664573e-03,2.321554347872734070e-05,2.321554347872734070e-05
2.525498867034912109e+00,2.597286677360534757e+00,2.525521993637084961e+00,2.597309803962707608e+00,8.215677738189697266e-01,8.102117776870727539e-01,9.163908362388610840e-01,9.321456670761107954e-01,5.215185880661010742e-01,6.048437952995300293e-01,2.567418217658996582e-01,2.430376231670379750e-01,9.279942139983177185e-03,7.047812454402446747e-03,2.319195118616335094e-05,2.319195118616335094e-05
2.369884729385375977e+00,2.610817122459411443e+00,2.369907855987548828e+00,2.610840249061584295e+00,7.978199720382690430e-01,8.089599251747131570e-01,9.248163700103759766e-01,9.303929567337035911e-01,4.418123662471771240e-01,6.172255158424377885e-01,2.018221318721771240e-01,2.487602397799491827e-01,3.614003537222743034e-03,5.478506302461027752e-03,2.316737845831084996e-05,2.316737845831084996e-05
3.238824605941772461e+00,2.602941322326659979e+00,3.238847732543945312e+00,2.602964448928832830e+00,7.941682338714599609e-01,8.107683300971985085e-01,9.304139018058776855e-01,9.251691281795502153e-01,1.266325831413269043e+00,6.120714724063873735e-01,2.451302707195281982e-01,2.520233988761901855e-01,2.786131575703620911e-03,2.908973931334912864e-03,2.314093217137269676e-05,2.314093217137269676e-05
2.448333024978637695e+00,2.614106822013854803e+00,2.448356151580810547e+00,2.614129948616027654e+00,8.008186221122741699e-01,8.159927189350127952e-01,9.167925119400024414e-01,9.266746699810027854e-01,4.733824431896209717e-01,6.131045699119568315e-01,2.542047798633575439e-01,2.528747111558914407e-01,3.134621772915124893e-03,5.460150446742773403e-03,2.313349250471219420e-05,2.313349250471219420e-05
2.373169898986816406e+00,2.607353854179382147e+00,2.373193025588989258e+00,2.607376980781554998e+00,7.492817044258117676e-01,8.032818496227264182e-01,8.745683431625366211e-01,9.340027034282684104e-01,4.599385261535644531e-01,6.141106843948364036e-01,2.866905927658081055e-01,2.540893003344535939e-01,2.690773457288742065e-03,1.869264396373182579e-03,2.312577271368354559e-05,2.312577271368354559e-05
2.657689809799194336e+00,2.599851202964782892e+00,2.657712936401367188e+00,2.599874329566955744e+00,8.420733809471130371e-01,8.099177002906798872e-01,9.287319779396057129e-01,9.264907538890838623e-01,6.367503404617309570e-01,6.084091007709503396e-01,2.488771378993988037e-01,2.531542882323264965e-01,1.257124939002096653e-03,1.879336673300713257e-03,2.310805211891420186e-05,2.310805211891420186e-05
2.473918676376342773e+00,2.607928752899169922e+00,2.473941802978515625e+00,2.607951879501342773e+00,8.058304786682128906e-01,8.094676554203033003e-01,9.234097003936767578e-01,9.270995378494262251e-01,4.540675580501556396e-01,6.148106813430785911e-01,2.847956717014312744e-01,2.535864591598510631e-01,5.815240554511547089e-03,2.964403294026851481e-03,2.307875183760188520e-05,2.307875183760188520e-05
2.481427669525146484e+00,2.588369011878967285e+00,2.481450796127319336e+00,2.588392138481140137e+00,8.574500083923339844e-01,8.076006412506103738e-01,9.345210790634155273e-01,9.355995059013366699e-01,4.494251012802124023e-01,5.898343920707702637e-01,2.371279001235961914e-01,2.518501743674278481e-01,2.903455635532736778e-03,3.484312212094664574e-03,2.305465932295192033e-05,2.305465932295192033e-05
2.366408586502075195e+00,2.593428230285644620e+00,2.366431713104248047e+00,2.593451356887817472e+00,7.989678382873535156e-01,8.125051081180572066e-01,9.287195801734924316e-01,9.240539848804474321e-01,4.482032954692840576e-01,6.035996198654174361e-01,1.881226152181625366e-01,2.513585835695266724e-01,2.395337447524070740e-03,1.910957170184701638e-03,2.303549263160675764e-05,2.303549263160675764e-05
2.641935110092163086e+00,2.601251626014709384e+00,2.641958236694335938e+00,2.601274752616882235e+00,8.362226486206054688e-01,8.058355987071991189e-01,9.426836967468261719e-01,9.310374438762665239e-01,6.016018390655517578e-01,6.129446566104889138e-01,2.594075798988342285e-01,2.493264034390449413e-01,2.019427018240094185e-03,2.107510552741587249e-03,2.300802043464500457e-05,2.300802043464500457e-05
2.526420354843139648e+00,2.613786792755127042e+00,2.526443243026733398e+00,2.613809680938720792e+00,8.701785206794738770e-01,8.117153525352478471e-01,9.498618245124816895e-01,9.245470821857452171e-01,4.548268914222717285e-01,6.259200096130370650e-01,2.494671195745468140e-01,2.488914072513580267e-01,2.085838932543992996e-03,2.712944569066166704e-03,2.298163235536776483e-05,2.298163235536776483e-05
2.480475902557373047e+00,2.614821791648864746e+00,2.480498790740966797e+00,2.614844679832458496e+00,8.246964216232299805e-01,8.073589920997619185e-01,9.388667345046997070e-01,9.307805657386779563e-01,4.215179383754730225e-01,6.246216177940369096e-01,2.925608456134796143e-01,2.489811390638351496e-01,2.834056038409471512e-03,3.079387871548533266e-03,2.295369995408691466e-05,2.295369995408691466e-05
2.546396493911743164e+00,2.599512457847595215e+00,2.546419382095336914e+00,2.599535346031188965e+00,8.672112822532653809e-01,8.087691068649291992e-01,9.628637433052062988e-01,9.292391777038574441e-01,4.454150199890136719e-01,5.978354454040527566e-01,2.641591727733612061e-01,2.567565232515335305e-01,6.747218314558267593e-03,6.912198895588517016e-03,2.293739999004174024e-05,2.293739999004174024e-05
2.395784616470336914e+00,2.622198629379272283e+00,2.395807504653930664e+00,2.622221517562866033e+00,8.070675134658813477e-01,8.076503753662109819e-01,9.705160260200500488e-01,9.276098489761352983e-01,4.429320693016052246e-01,6.221505820751189741e-01,1.688569784164428711e-01,2.560213133692741394e-01,6.411907728761434555e-03,8.766535203903913498e-03,2.293582656420767307e-05,2.293582656420767307e-05
2.470446586608886719e+00,2.598843431472778409e+00,2.470469474792480469e+00,2.598866319656372159e+00,8.229110836982727051e-01,8.149106025695800337e-01,9.392533898353576660e-01,9.258220553398132102e-01,4.283941984176635742e-01,5.931401431560516802e-01,2.763217687606811523e-01,2.580615937709808128e-01,3.566178726032376289e-03,6.909056892618536602e-03,2.291154123668093234e-05,2.291154123668093234e-05
2.417480707168579102e+00,2.620172023773193359e+00,2.417503595352172852e+00,2.620194911956787109e+00,8.249954581260681152e-01,8.062941551208495650e-01,9.213580489158630371e-01,9.261968374252319558e-01,4.449007213115692139e-01,6.211052656173705611e-01,2.204370051622390747e-01,2.598165452480316051e-01,5.789605434983968735e-03,6.759190140292048801e-03,2.289273834321647882e-05,2.289273834321647882e-05
2.536775350570678711e+00,2.609880089759826660e+00,2.536798238754272461e+00,2.609902977943420410e+00,7.624747157096862793e-01,8.071041822433471236e-01,9.103481769561767578e-01,9.268686234951019065e-01,5.387654304504394531e-01,6.140535354614258257e-01,3.224390745162963867e-01,2.588237524032592773e-01,2.747778780758380890e-03,3.030008380301296798e-03,2.286808376084081829e-05,2.286808376084081829e-05
2.424750804901123047e+00,2.621823453903198153e+00,2.424773693084716797e+00,2.621846342086791903e+00,8.314914107322692871e-01,8.102834701538086382e-01,9.375898838043212891e-01,9.251073241233825906e-01,4.250243306159973145e-01,6.256400942802429199e-01,2.278929650783538818e-01,2.575122982263565174e-01,2.752340864390134811e-03,3.280220925807952794e-03,2.284548645548056811e-05,2.284548645548056811e-05
2.346003293991088867e+00,2.581949901580810725e+00,2.346026182174682617e+00,2.581972789764404475e+00,7.903788685798645020e-01,8.094391942024230513e-01,9.327255487442016602e-01,9.233352482318878396e-01,4.275845289230346680e-01,5.899083554744720681e-01,1.935602426528930664e-01,2.571331113576889038e-01,1.753980061039328575e-03,2.134010707959532564e-03,2.281909655721392483e-05,2.281909655721392483e-05
2.350203514099121094e+00,2.600902223587036044e+00,2.350226402282714844e+00,2.600925111770629794e+00,8.020129203796386719e-01,8.089723467826843706e-01,9.342259764671325684e-01,9.206744313240051714e-01,4.249130487442016602e-01,6.078608989715575950e-01,1.874615699052810669e-01,2.616678923368453979e-01,1.590132014825940132e-03,1.726616919040679975e-03,2.279624823131598532e-05,2.279624823131598532e-05
2.575364112854003906e+00,2.612439465522766291e+00,2.575387001037597656e+00,2.612462353706360041e+00,8.197596669197082520e-01,8.083220899105072466e-01,9.369174242019653320e-01,9.219985008239746094e-01,5.540319681167602539e-01,6.111862540245056596e-01,2.627827227115631104e-01,2.691425293684005515e-01,1.872313325293362141e-03,1.790135318879038182e-03,2.277785824844613671e-05,2.277785824844613671e-05
2.792298078536987305e+00,2.608928537368774503e+00,2.792320728302001953e+00,2.608951187133789151e+00,8.241785168647766113e-01,8.079964876174926536e-01,9.107050895690917969e-01,9.214377999305725098e-01,6.994475126266479492e-01,6.037503302097320113e-01,3.525119423866271973e-01,2.704283654689788596e-01,5.455332808196544647e-03,5.315534211695194591e-03,2.274804865010082722e-05,2.274804865010082722e-05
2.496393918991088867e+00,2.630627346038818537e+00,2.496416568756103516e+00,2.630649995803833185e+00,7.960487604141235352e-01,8.121028065681457075e-01,8.987386822700500488e-01,9.229490280151366743e-01,4.012873768806457520e-01,6.226259827613830344e-01,3.971874415874481201e-01,2.688328146934509388e-01,3.131570992991328239e-03,4.116753558628260742e-03,2.272776328027248383e-05,2.272776328027248383e-05
2.427984952926635742e+00,2.617263436317443848e+00,2.428007602691650391e+00,2.617286086082458496e+00,8.269127607345581055e-01,8.044326663017272727e-01,9.136614203453063965e-01,9.234281241893768089e-01,4.002743363380432129e-01,6.190372020006179588e-01,2.839395403861999512e-01,2.676356822252273782e-01,3.196889301761984825e-03,2.729743113741278735e-03,2.271730409120209515e-05,2.271730409120209515e-05
2.657546043395996094e+00,2.627902841567993253e+00,2.657568693161010742e+00,2.627925491333007901e+00,8.355520367622375488e-01,8.103756308555603027e-01,9.209848046302795410e-01,9.237092554569243941e-01,6.341145634651184082e-01,6.227358818054199441e-01,2.635979652404785156e-01,2.673582434654235840e-01,3.296688431873917580e-03,3.723875922150910074e-03,2.268825664941687137e-05,2.268825664941687137e-05
2.455338001251220703e+00,2.621622419357299894e+00,2.455360651016235352e+00,2.621645069122314542e+00,8.689836263656616211e-01,8.186338365077971968e-01,9.445702433586120605e-01,9.191493868827820268e-01,4.267932176589965820e-01,6.076845884323119895e-01,2.119401693344116211e-01,2.727594047784805409e-01,3.050871891900897026e-03,3.395206690765917128e-03,2.266983938170596957e-05,2.266983938170596957e-05
2.661373615264892578e+00,2.582354140281677424e+00,2.661396265029907227e+00,2.582376790046692072e+00,8.073707818984985352e-01,8.094416737556457964e-01,8.864652514457702637e-01,9.213049769401550071e-01,7.296312451362609863e-01,5.741025149822235329e-01,2.285647690296173096e-01,2.725778520107269287e-01,9.341705590486526489e-03,4.927112208679318602e-03,2.264797876705415547e-05,2.264797876705415547e-05
2.298537731170654297e+00,2.652989268302917480e+00,2.298560380935668945e+00,2.653011918067932129e+00,7.802420258522033691e-01,8.097157478332519531e-01,9.184496998786926270e-01,9.236048161983489990e-01,3.927145302295684814e-01,6.444392263889312522e-01,2.015895098447799683e-01,2.717945933341979758e-01,5.541886202991008759e-03,3.434903454035520554e-03,2.262116322526708245e-05,2.262116322526708245e-05
2.621213436126708984e+00,2.642049741744995295e+00,2.621236085891723633e+00,2.642072391510009943e+00,8.132285475730895996e-01,8.177245497703552468e-01,9.266251921653747559e-01,9.258307576179504172e-01,5.914906263351440430e-01,6.187187194824218528e-01,2.783021628856658936e-01,2.711127102375030518e-01,1.156681217253208160e-02,8.663014788180590370e-03,2.259464235976338387e-05,2.259464235976338387e-05
2.356721162796020508e+00,2.627339625358581454e+00,2.356743812561035156e+00,2.627362275123596103e+00,7.597283720970153809e-01,8.005993783473968062e-01,9.149124622344970703e-01,9.271475195884704146e-01,3.813565671443939209e-01,6.273030102252959983e-01,2.951203882694244385e-01,2.685921967029571422e-01,5.603220313787460327e-03,3.697507432661950588e-03,2.257085725432261825e-05,2.257085725432261825e-05
3.060970783233642578e+00,2.607197451591491522e+00,3.060993432998657227e+00,2.607220101356506170e+00,8.111618161201477051e-01,8.029395937919616699e-01,9.090006947517395020e-01,9.228598833084106223e-01,1.059939742088317871e+00,6.123567223548889160e-01,2.756418883800506592e-01,2.652525901794433594e-01,5.226641893386840820e-03,3.788638766855001363e-03,2.255628896818961948e-05,2.255628896818961948e-05
2.528803586959838867e+00,2.647579765319824308e+00,2.528826236724853516e+00,2.647602415084838956e+00,7.911752462387084961e-01,8.279725372791290061e-01,8.629226684570312500e-01,9.268128752708435503e-01,4.458813667297363281e-01,5.816053926944733110e-01,3.817684650421142578e-01,2.686897635459900013e-01,4.705581814050674438e-02,4.249921254813671112e-02,2.253441016364376992e-05,2.253441016364376992e-05
2.324931383132934570e+00,2.610137701034545898e+00,2.324953794479370117e+00,2.610160112380981445e+00,7.539200186729431152e-01,8.075536429882049783e-01,8.897304534912109375e-01,9.212777316570281982e-01,4.445829689502716064e-01,6.022417843341827393e-01,2.319344580173492432e-01,2.763716071844101174e-01,4.763338249176740646e-03,2.692924393340945070e-03,2.251857949886471033e-05,2.251857949886471033e-05
2.389180898666381836e+00,2.627267313003540217e+00,2.389203310012817383e+00,2.627289724349975764e+00,7.635374069213867188e-01,8.138184547424316406e-01,8.851577043533325195e-01,9.264125645160674605e-01,4.212840795516967773e-01,6.037337005138396773e-01,3.122206032276153564e-01,2.769750684499740490e-01,6.981093902140855789e-03,6.327527249231934894e-03,2.250962279504165053e-05,2.250962279504165053e-05
2.527375221252441406e+00,2.614291167259216397e+00,2.527397632598876953e+00,2.614313578605651944e+00,8.090329766273498535e-01,8.068039596080780473e-01,9.249316453933715820e-01,9.223843038082122359e-01,4.770400822162628174e-01,6.047029018402099165e-01,3.140878975391387939e-01,2.785594135522842518e-01,2.282567555084824562e-03,1.840510615147650329e-03,2.247688462375663221e-05,2.247688462375663221e-05
2.382050991058349609e+00,2.612251138687133878e+00,2.382073402404785156e+00,2.612273550033569425e+00,7.736068964004516602e-01,8.041482865810394287e-01,9.081748723983764648e-01,9.224354743957519087e-01,4.013692736625671387e-01,6.010476946830749512e-01,2.959969937801361084e-01,2.817895352840423806e-01,2.902909880504012108e-03,2.830137219280004675e-03,2.245883842988405377e-05,2.245883842988405377e-05
2.510459661483764648e+00,2.642549324035644354e+00,2.510482072830200195e+00,2.642571735382079900e+00,8.753777146339416504e-01,8.079206407070159690e-01,9.535531401634216309e-01,9.210442185401916948e-01,4.397954940795898438e-01,6.301815420389175193e-01,2.396626919507980347e-01,2.802078872919082642e-01,2.070690505206584930e-03,3.195095062255859548e-03,2.242829214083030820e-05,2.242829214083030820e-05
2.558028221130371094e+00,2.626855039596557528e+00,2.558050632476806641e+00,2.626877450942993075e+00,7.518123388290405273e-01,8.052062511444091353e-01,8.822561502456665039e-01,9.189873456954955611e-01,6.551721096038818359e-01,6.166518747806548628e-01,2.651509344577789307e-01,2.834269315004348533e-01,3.636582288891077042e-03,2.582625322975218470e-03,2.240474896098021418e-05,2.240474896098021418e-05
2.458190917968750000e+00,2.613569045066833407e+00,2.458213329315185547e+00,2.613591456413268954e+00,8.205137848854064941e-01,8.094681739807129128e-01,9.295675158500671387e-01,9.185007691383362260e-01,4.108394980430603027e-01,5.966914087533951028e-01,2.944097816944122314e-01,2.860881119966506847e-01,2.860407577827572823e-03,2.820607414469122800e-03,2.238267188658937812e-05,2.238267188658937812e-05
2.459838390350341797e+00,2.630705976486205966e+00,2.459860801696777344e+00,2.630728387832641513e+00,8.506348729133605957e-01,8.101847350597382036e-01,9.610909223556518555e-01,9.166878402233124001e-01,3.892161548137664795e-01,6.082395195960998979e-01,2.530676126480102539e-01,2.881444334983825906e-01,5.828951951116323471e-03,7.449428597465157335e-03,2.235674946859944612e-05,2.235674946859944612e-05
2.528418779373168945e+00,2.647725510597228826e+00,2.528441190719604492e+00,2.647747921943664373e+00,8.223249912261962891e-01,8.068499684333800825e-01,9.096903204917907715e-01,9.201677799224853294e-01,3.998804390430450439e-01,6.222758769989014116e-01,3.942319452762603760e-01,2.922612130641937256e-01,2.291027922183275223e-03,6.170625612139701670e-03,2.233010127383749932e-05,2.233010127383749932e-05
2.493311405181884766e+00,2.662231969833373846e+00,2.493333816528320312e+00,2.662254381179809393e+00,8.118054270744323730e-01,8.042200148105621560e-01,9.022418260574340820e-01,9.170733273029327837e-01,4.637728035449981689e-01,6.441415250301361084e-01,3.109620809555053711e-01,2.934740245342254417e-01,4.529543220996856689e-03,3.323015477508306677e-03,2.229630990768782794e-05,2.229630990768782794e-05
2.432826280593872070e+00,2.644054055213928223e+00,2.432848453521728516e+00,2.644076228141784668e+00,8.525161743164062500e-01,8.063525795936584695e-01,9.299881458282470703e-01,9.149445891380310059e-01,4.103901982307434082e-01,6.212111771106719749e-01,2.383877485990524292e-01,2.995278507471084706e-01,1.544016529805958271e-03,2.017810707911849022e-03,2.227936056442558765e-05,2.227936056442558765e-05
2.513394832611083984e+00,2.655907464027404963e+00,2.513417005538940430e+00,2.655929636955261408e+00,8.545946478843688965e-01,8.068575918674468772e-01,9.533362388610839844e-01,9.160119354724883811e-01,3.982326686382293701e-01,6.294343709945678933e-01,3.058811426162719727e-01,3.003911435604095237e-01,1.350009813904762268e-03,3.212407976388931101e-03,2.227331060566939414e-05,2.227331060566939414e-05
2.776523828506469727e+00,2.661289334297180176e+00,2.776546001434326172e+00,2.661311507225036621e+00,8.049682378768920898e-01,8.074658691883087602e-01,8.822370171546936035e-01,9.157416284084319846e-01,8.116912841796875000e-01,6.354326963424682395e-01,2.758500874042510986e-01,3.010059744119644165e-01,1.777138677425682545e-03,1.643193315248936371e-03,2.224210038548335433e-05,2.224210038548335433e-05
2.469547510147094727e+00,2.636240553855896174e+00,2.469569683074951172e+00,2.636262726783752619e+00,8.619529008865356445e-01,8.018558382987975852e-01,9.551372528076171875e-01,9.195403993129730447e-01,4.059570729732513428e-01,6.063961088657379150e-01,2.414226084947586060e-01,3.016130745410919300e-01,5.077603273093700409e-03,6.835115654394030398e-03,2.221116119471844286e-05,2.221116119471844286e-05
2.424630165100097656e+00,2.644050192832946955e+00,2.424652338027954102e+00,2.644072365760803400e+00,8.216728568077087402e-01,8.061405301094055620e-01,9.520552158355712891e-01,9.173369884490967241e-01,4.104379117488861084e-01,6.074397921562194602e-01,2.344982624053955078e-01,3.043001890182495117e-01,5.965853575617074966e-03,8.832761831581593254e-03,2.218779991380870342e-05,2.218779991380870342e-05
2.394666910171508789e+00,2.660591435432434260e+00,2.394689083099365234e+00,2.660613608360290705e+00,7.760637998580932617e-01,8.000942647457123247e-01,9.099949598312377930e-01,9.179849207401276079e-01,3.991796076297760010e-01,6.391509830951690452e-01,3.064094483852386475e-01,3.012312501668930054e-01,3.019185038283467293e-03,2.129987813532352448e-03,2.216301436419598758e-05,2.216301436419598758e-05
2.519259691238403320e+00,2.674145245552062899e+00,2.519281864166259766e+00,2.674167418479919345e+00,7.707523107528686523e-01,8.102467060089111328e-01,8.778083324432373047e-01,9.201433539390564409e-01,4.963395595550537109e-01,6.472670853137969527e-01,3.698302209377288818e-01,2.908618807792663352e-01,4.529306199401617050e-03,5.626221606507897550e-03,2.213631887570954859e-05,2.213631887570954859e-05
2.332140445709228516e+00,2.636232495307922363e+00,2.332162618637084961e+00,2.636254668235778809e+00,7.879905104637145996e-01,8.079714119434356911e-01,9.299790859222412109e-01,9.229540526866912842e-01,4.183813631534576416e-01,6.170912861824036089e-01,1.923020333051681519e-01,2.824534118175506814e-01,3.487244248390197754e-03,5.762374307960271662e-03,2.210913771705236286e-05,2.210913771705236286e-05
2.929047584533691406e+00,2.626332640647888184e+00,2.929069757461547852e+00,2.626354813575744629e+00,8.069902062416076660e-01,8.027988135814666526e-01,9.312484860420227051e-01,9.229848265647888628e-01,9.129228591918945312e-01,6.189879953861237016e-01,2.757937610149383545e-01,2.791032522916793712e-01,2.092134905979037285e-03,2.457761554978787899e-03,2.210050115536432713e-05,2.210050115536432713e-05
2.468278408050537109e+00,2.640108299255371271e+00,2.468300580978393555e+00,2.640130472183227717e+00,8.269825577735900879e-01,8.069043159484863281e-01,9.262194633483886719e-01,9.222281455993652788e-01,4.237632751464843750e-01,6.294497013092040794e-01,2.885802984237670898e-01,2.785219579935073742e-01,2.732787048444151878e-03,3.004187601618468761e-03,2.208139994763769209e-05,2.208139994763769209e-05
2.681909322738647461e+00,2.628915286064148038e+00,2.681931495666503906e+00,2.628937458992004483e+00,8.280907273292541504e-01,8.055103421211242676e-01,9.057045578956604004e-01,9.226431012153625266e-01,5.974255204200744629e-01,6.246183454990387185e-01,3.494369983673095703e-01,2.736124724149703868e-01,1.251453533768653870e-03,2.531035500578582113e-03,2.205476994276978076e-05,2.205476994276978076e-05
2.525051593780517578e+00,2.623487925529480069e+00,2.525073528289794922e+00,2.623509860038757413e+00,8.490303158760070801e-01,8.070465207099914995e-01,9.295395016670227051e-01,9.197742402553558128e-01,4.029510915279388428e-01,6.168819844722748247e-01,3.393563628196716309e-01,2.742408156394958718e-01,4.174298606812953949e-03,5.544378748163580548e-03,2.204717748099938035e-05,2.204717748099938035e-05
2.903581380844116211e+00,2.648318171501159668e+00,2.903603315353393555e+00,2.648340106010437012e+00,7.743409276008605957e-01,8.080652236938477007e-01,8.832211494445800781e-01,9.257624328136444536e-01,8.835768103599548340e-01,6.275335669517516646e-01,3.463920950889587402e-01,2.686565220355987549e-01,1.605032384395599365e-02,1.830043196678161552e-02,2.202064570155926049e-05,2.202064570155926049e-05
2.681509256362915039e+00,2.640579271316528143e+00,2.681531190872192383e+00,2.640601205825805486e+00,8.381521105766296387e-01,8.176024615764617698e-01,9.235830903053283691e-01,9.283866405487060103e-01,6.164979934692382812e-01,6.301053524017333762e-01,2.960660755634307861e-01,2.560221731662750133e-01,7.209962699562311172e-03,8.462582668289541504e-03,2.200427661591675133e-05,2.200427661591675133e-05
2.448115825653076172e+00,2.620168328285217285e+00,2.448137760162353516e+00,2.620190262794494629e+00,7.961031794548034668e-01,8.084570169448852539e-01,9.106621742248535156e-01,9.275106310844420943e-01,4.637014567852020264e-01,6.284934222698211892e-01,2.746393680572509766e-01,2.534365057945251465e-01,3.009615931659936905e-03,2.270748093724250967e-03,2.198349466198123991e-05,2.198349466198123991e-05
2.684992551803588867e+00,2.603758263587951483e+00,2.685014486312866211e+00,2.603780198097228826e+00,8.327093720436096191e-01,8.087377309799194114e-01,9.284628033638000488e-01,9.263021171092986616e-01,6.104034185409545898e-01,6.106741309165955034e-01,3.061067759990692139e-01,2.528857082128525002e-01,7.310084067285060883e-03,5.158628290519118482e-03,2.195995693909935653e-05,2.195995693909935653e-05
2.457237482070922852e+00,2.641286945343017667e+00,2.457259416580200195e+00,2.641308879852295011e+00,8.418943285942077637e-01,8.182761669158935547e-01,9.540020227432250977e-01,9.404035866260528342e-01,4.602346718311309814e-01,6.205873906612395796e-01,1.964671611785888672e-01,2.520417660474777444e-01,4.639395512640476227e-03,9.977970179170370449e-03,2.193370892200618982e-05,2.193370892200618982e-05
2.662154912948608398e+00,2.657877659797668546e+00,2.662176847457885742e+00,2.657899594306945890e+00,8.545827865600585938e-01,8.249031543731689675e-01,9.243228435516357422e-01,9.243812620639800803e-01,6.301009058952331543e-01,6.463836193084716575e-01,2.435997575521469116e-01,2.551123142242431863e-01,9.548768401145935059e-03,7.097304379567503756e-03,2.191124076489359140e-05,2.191124076489359140e-05
2.419649839401245117e+00,2.618223667144775391e+00,2.419671773910522461e+00,2.618245601654052734e+00,7.726699113845825195e-01,8.027762651443481889e-01,9.345817565917968750e-01,9.358797848224640337e-01,4.698316752910614014e-01,6.123934030532837136e-01,2.350688129663467407e-01,2.599921375513076782e-01,7.497764192521572113e-03,7.182074245065450668e-03,2.188601865782402456e-05,2.188601865782402456e-05
2.563456058502197266e+00,2.617153763771057129e+00,2.563477993011474609e+00,2.617175698280334473e+00,8.679469823837280273e-01,8.113216698169708474e-01,9.207171797752380371e-01,9.276877343654632568e-01,4.500620067119598389e-01,6.171899855136870894e-01,3.210974931716918945e-01,2.581432402133941872e-01,3.632620209828019142e-03,2.811159822158515453e-03,2.187415157095529139e-05,2.187415157095529139e-05
2.638235092163085938e+00,2.645078706741332830e+00,2.638257026672363281e+00,2.645100641250610174e+00,8.172651529312133789e-01,8.166803538799285445e-01,9.457045197486877441e-01,9.274880945682525413e-01,5.685567855834960938e-01,6.391093075275421365e-01,3.050632476806640625e-01,2.565278172492980735e-01,1.645322190597653389e-03,5.273175612092018301e-03,2.184927870985120535e-05,2.184927870985120535e-05
2.441872358322143555e+00,2.648323822021484197e+00,2.441894292831420898e+00,2.648345756530761541e+00,8.511886596679687500e-01,8.140608131885528342e-01,9.419553279876708984e-01,9.284712851047516313e-01,4.333826303482055664e-01,6.410744965076446977e-01,2.087401002645492554e-01,2.563996538519859314e-01,6.605696864426136017e-03,8.317530155181884766e-03,2.184198092436417937e-05,2.184198092436417937e-05
2.465063095092773438e+00,2.608318352699279696e+00,2.465084791183471680e+00,2.608340048789977939e+00,8.370231389999389648e-01,8.128259360790253130e-01,9.408124685287475586e-01,9.307363748550414595e-01,4.456648528575897217e-01,6.130588352680206299e-01,2.389406561851501465e-01,2.487954318523407093e-01,2.622007159516215324e-03,2.901868266053497965e-03,2.181348463636822999e-05,2.181348463636822999e-05
2.705810785293579102e+00,2.590209794044494807e+00,2.705832481384277344e+00,2.590231490135193049e+00,7.798022031784057617e-01,8.123689055442809837e-01,9.151763319969177246e-01,9.252696454524993452e-01,7.896671295166015625e-01,6.017052888870239036e-01,2.176950126886367798e-01,2.474119544029235729e-01,3.470198251307010651e-03,3.454005718231201085e-03,2.178070280933752656e-05,2.178070280933752656e-05
2.508046388626098633e+00,2.612244081497192560e+00,2.508068084716796875e+00,2.612265777587890803e+00,7.907668948173522949e-01,8.125442564487457275e-01,9.117774367332458496e-01,9.258620142936706543e-01,4.268771409988403320e-01,6.178203046321868452e-01,3.730779290199279785e-01,2.503573030233383068e-01,5.547075998038053513e-03,5.660215578973293478e-03,2.176334783143829554e-05,2.176334783143829554e-05
2.279445409774780273e+00,2.596663951873779297e+00,2.279467105865478516e+00,2.596685647964477539e+00,7.767756581306457520e-01,8.095065593719482644e-01,9.190823435783386230e-01,9.262197732925414595e-01,3.955978453159332275e-01,6.081964433193206565e-01,1.843158453702926636e-01,2.506884709000587463e-01,3.673496190458536148e-03,2.052690449636429462e-03,2.173609755118377507e-05,2.173609755118377507e-05
2.557957172393798828e+00,2.629486989974975764e+00,2.557978868484497070e+00,2.629508686065674006e+00,8.376274108886718750e-01,8.184024870395660844e-01,8.978208303451538086e-01,9.266505956649779829e-01,5.526447296142578125e-01,6.303916096687316450e-01,2.670072019100189209e-01,2.516314998269081338e-01,2.857087180018424988e-03,2.410845318809151823e-03,2.171101914427708834e-05,2.171101914427708834e-05
2.457880973815917969e+00,2.586178302764892578e+00,2.457902669906616211e+00,2.586199998855590820e+00,8.460701704025268555e-01,8.131328880786895530e-01,9.315232038497924805e-01,9.313621819019317627e-01,4.303524792194366455e-01,5.912644922733306663e-01,2.463650107383728027e-01,2.462318345904350170e-01,3.570116125047206879e-03,4.186862334609031851e-03,2.168445280403830111e-05,2.168445280403830111e-05
3.058019399642944336e+00,2.569743871688842773e+00,3.058041095733642578e+00,2.569765567779541016e+00,8.154482841491699219e-01,8.130066633224487527e-01,9.216249585151672363e-01,9.268928229808807151e-01,1.110884666442871094e+00,5.811999201774596946e-01,2.005626410245895386e-01,2.417941063642501942e-01,9.498879313468933105e-03,6.850347807630896742e-03,2.165841760870534927e-05,2.165841760870534927e-05
2.499031066894531250e+00,2.584163808822631747e+00,2.499052762985229492e+00,2.584185504913329989e+00,8.001117110252380371e-01,8.138908743858337402e-01,9.555628299713134766e-01,9.282024979591370073e-01,4.452213644981384277e-01,5.925633192062378374e-01,2.955473661422729492e-01,2.431767687201499828e-01,2.587838796898722649e-03,6.330314185470342289e-03,2.163698081858456135e-05,2.163698081858456135e-05
2.887331962585449219e+00,2.584434556961059393e+00,2.887353658676147461e+00,2.584456253051757635e+00,8.111597895622253418e-01,8.176872313022613969e-01,9.055302143096923828e-01,9.267138659954070601e-01,8.545571565628051758e-01,5.873981118202209473e-01,3.112534582614898682e-01,2.450102925300598200e-01,4.831359256058931351e-03,7.625097176060080528e-03,2.160965959774330258e-05,2.160965959774330258e-05
2.490487813949584961e+00,2.579597806930542081e+00,2.490509510040283203e+00,2.579619503021240323e+00,8.676446080207824707e-01,8.113211929798126443e-01,9.581100344657897949e-01,9.277113497257232222e-01,4.287402629852294922e-01,5.932031333446502464e-01,2.347045093774795532e-01,2.453702032566070501e-01,1.288331928662955761e-03,1.991987868677824736e-03,2.160179974453058094e-05,2.160179974453058094e-05
2.468625545501708984e+00,2.586181879043579102e+00,2.468647003173828125e+00,2.586203336715698242e+00,8.175679445266723633e-01,8.041364431381226030e-01,9.369387030601501465e-01,9.378997623920440896e-01,4.437251687049865723e-01,5.954623997211456743e-01,2.689782679080963135e-01,2.464957281947136036e-01,1.415527192875742912e-03,2.187527087517082865e-03,2.157577546313405037e-05,2.157577546313405037e-05
2.368731737136840820e+00,2.573481202125549316e+00,2.368753194808959961e+00,2.573502659797668457e+00,7.889904975891113281e-01,8.110781550407409890e-01,9.251170158386230469e-01,9.269210040569305642e-01,3.835560977458953857e-01,5.871933788061142190e-01,2.697301805019378662e-01,2.468585699796676525e-01,1.337955123744904995e-03,1.430075650569051591e-03,2.155367110390216112e-05,2.155367110390216112e-05
2.343098402023315430e+00,2.577764105796814142e+00,2.343119859695434570e+00,2.577785563468933283e+00,7.645004987716674805e-01,8.089951455593109575e-01,8.997547626495361328e-01,9.330223083496094194e-01,4.299281537532806396e-01,5.914596915245056152e-01,2.464911937713623047e-01,2.413234412670135498e-01,2.423841040581464767e-03,2.963481447659432975e-03,2.153314562747254968e-05,2.153314562747254968e-05
2.342943668365478516e+00,2.568697214126586914e+00,2.342965126037597656e+00,2.568718671798706055e+00,8.167091608047485352e-01,8.176403820514679399e-01,9.229434132575988770e-01,9.272107064723968950e-01,4.077680110931396484e-01,5.806955516338347945e-01,1.916243582963943481e-01,2.393773049116134644e-01,3.898695111274719238e-03,3.773301141336560249e-03,2.150777982024010271e-05,2.150777982024010271e-05
2.355436801910400391e+00,2.570282220840454102e+00,2.355458259582519531e+00,2.570303678512573242e+00,8.142563104629516602e-01,8.102600157260895219e-01,9.265044927597045898e-01,9.261944711208343062e-01,4.096646904945373535e-01,5.941005110740661399e-01,2.030812054872512817e-01,2.381163001060485895e-01,1.930334139615297318e-03,1.610949845053255645e-03,2.147760460502468050e-05,2.147760460502468050e-05
2.412673234939575195e+00,2.603202891349792658e+00,2.412694692611694336e+00,2.603224349021911799e+00,8.287456035614013672e-01,8.084173023700713667e-01,9.454942345619201660e-01,9.300642430782317671e-01,3.967926800251007080e-01,6.261746287345886230e-01,2.402997612953186035e-01,2.365459024906158558e-01,1.341194263659417629e-03,2.000875480007380247e-03,2.145409598597325385e-05,2.145409598597325385e-05
5.922712802886962891e+00,2.571315979957580655e+00,5.922734260559082031e+00,2.571337437629699796e+00,8.089115619659423828e-01,8.224951505661011186e-01,9.329047203063964844e-01,9.227724552154541460e-01,3.962656736373901367e+00,5.883735477924346702e-01,2.144700288772583008e-01,2.334410861134529058e-01,3.770039882510900497e-03,4.233767231926322157e-03,2.143469282600563020e-05,2.143469282600563020e-05
2.421167135238647461e+00,2.577703690528869718e+00,2.421188592910766602e+00,2.577725148200988858e+00,8.418635129928588867e-01,8.134480059146881326e-01,9.416378736495971680e-01,9.310528695583343284e-01,4.123099148273468018e-01,6.028403669595718828e-01,2.235508412122726440e-01,2.278404444456100519e-01,1.805044594220817089e-03,2.521984884515404614e-03,2.140987635357305408e-05,2.140987635357305408e-05
2.396765947341918945e+00,2.543601584434509455e+00,2.396787405014038086e+00,2.543623042106628596e+00,8.229820132255554199e-01,8.071979403495788130e-01,9.328596591949462891e-01,9.289602100849151389e-01,3.897974789142608643e-01,5.760356009006499800e-01,2.454454749822616577e-01,2.267630174756050110e-01,5.681287497282028198e-03,4.644801095128059561e-03,2.138598210876807570e-05,2.138598210876807570e-05
2.436816215515136719e+00,2.548367857933044434e+00,2.436837673187255859e+00,2.548389315605163574e+00,8.270947337150573730e-01,8.123045325279235618e-01,9.201601147651672363e-01,9.262195587158202903e-01,3.992464244365692139e-01,5.812244415283203125e-01,2.881760299205780029e-01,2.266100421547889709e-01,2.138866111636161804e-03,2.009208290837705222e-03,2.137816227332223207e-05,2.137816227332223207e-05
2.448483467102050781e+00,2.545543432235717773e+00,2.448504924774169922e+00,2.545564889907836914e+00,8.549459576606750488e-01,8.269665598869323508e-01,9.582245349884033203e-01,9.423674345016479492e-01,3.825920820236206055e-01,5.417063653469085249e-01,2.503520250320434570e-01,2.272839412093162481e-01,2.368868328630924225e-03,7.219175016507506717e-03,2.135110480594448745e-05,2.135110480594448745e-05
2.671011686325073242e+00,2.558566212654113770e+00,2.671032905578613281e+00,2.558587431907653809e+00,7.855583429336547852e-01,8.088946878910064919e-01,9.141488075256347656e-01,9.285803556442260298e-01,6.948899030685424805e-01,5.928055673837662187e-01,2.745969593524932861e-01,2.266835629940033014e-01,1.817659591324627399e-03,1.602088462095707612e-03,2.131680412276182324e-05,2.131680412276182324e-05
2.290340423583984375e+00,2.547869873046875178e+00,2.290361642837524414e+00,2.547891092300415217e+00,8.027393817901611328e-01,8.165724813938141091e-01,9.036676883697509766e-01,9.254915475845336692e-01,3.549407124519348145e-01,5.777441889047623125e-01,2.265583425760269165e-01,2.263249441981315668e-01,2.434270456433296204e-03,1.736720709595829335e-03,2.129094355041161180e-05,2.129094355041161180e-05
2.208741188049316406e+00,2.560502171516418457e+00,2.208762407302856445e+00,2.560523390769958496e+00,7.744697332382202148e-01,8.160805702209472656e-01,9.117572307586669922e-01,9.238494098186492698e-01,3.488283753395080566e-01,5.881013631820678489e-01,1.694610863924026489e-01,2.294859483838081471e-01,4.224844276905059814e-03,2.984879165887832728e-03,2.126268009305931628e-05,2.126268009305931628e-05
2.315271854400634766e+00,2.576338648796081543e+00,2.315293073654174805e+00,2.576359868049621582e+00,8.309212327003479004e-01,8.102688372135162798e-01,9.353455901145935059e-01,9.257779598236084428e-01,3.484281003475189209e-01,6.009999513626098633e-01,1.964654922485351562e-01,2.353395432233810480e-01,4.111635033041238785e-03,3.952302061952650894e-03,2.122889054589904845e-05,2.122889054589904845e-05
2.761998891830444336e+00,2.590290713310241522e+00,2.762020111083984375e+00,2.590311932563781561e+00,7.577024698257446289e-01,8.087353587150574175e-01,8.786481618881225586e-01,9.239667296409607156e-01,8.830427527427673340e-01,6.169796794652938621e-01,2.396197766065597534e-01,2.385531514883041382e-01,2.985714934766292572e-03,2.055804582778364246e-03,2.120243698300328106e-05,2.120243698300328106e-05
2.421568393707275391e+00,2.646822261810302557e+00,2.421589612960815430e+00,2.646843481063842596e+00,8.707732558250427246e-01,8.190079391002654807e-01,9.576413631439208984e-01,9.271599769592284712e-01,3.746538758277893066e-01,6.430507719516753706e-01,2.149657011032104492e-01,2.498271390795707703e-01,3.534422721713781357e-03,7.776410086080431938e-03,2.116788164130412042e-05,2.116788164130412042e-05
2.847130775451660156e+00,2.656967926025390447e+00,2.847151994705200195e+00,2.656989145278930486e+00,7.701985836029052734e-01,8.083224892616271973e-01,9.192504882812500000e-01,9.191446602344512939e-01,9.195031523704528809e-01,6.703893870115280595e-01,2.366320341825485229e-01,2.573024064302444347e-01,1.546442159451544285e-03,1.808992691803723617e-03,2.114295057253912091e-05,2.114295057253912091e-05
2.355611562728881836e+00,2.705465650558471769e+00,2.355632781982421875e+00,2.705486869812011808e+00,8.305607438087463379e-01,8.053006589412688987e-01,9.301060438156127930e-01,9.213759601116180420e-01,3.810790181159973145e-01,7.195504724979400191e-01,2.114607840776443481e-01,2.568655282258987538e-01,2.404847182333469391e-03,2.373011945746838873e-03,2.111544381477870047e-05,2.111544381477870047e-05
2.257293224334716797e+00,2.694045925140380771e+00,2.257314443588256836e+00,2.694067144393920810e+00,7.605232000350952148e-01,8.029144942760467751e-01,9.062794446945190430e-01,9.267995774745940718e-01,4.034863114356994629e-01,7.076536178588866965e-01,1.843237727880477905e-01,2.549190759658813699e-01,2.680467907339334488e-03,1.759150146972387942e-03,2.110488276230171323e-05,2.110488276230171323e-05
2.434278011322021484e+00,2.608018827438354670e+00,2.434298992156982422e+00,2.608039808273315607e+00,7.840538024902343750e-01,8.072709023952484575e-01,9.590998888015747070e-01,9.273689627647400124e-01,4.486761689186096191e-01,6.121282815933227761e-01,2.365075498819351196e-01,2.512715354561805836e-01,5.940555129200220108e-03,9.979134798049927105e-03,2.107358886860311031e-05,2.107358886860311031e-05
2.507982254028320312e+00,2.591177344322204590e+00,2.508003234863281250e+00,2.591198325157165527e+00,8.149991631507873535e-01,8.059835791587829368e-01,9.112167358398437500e-01,9.297540843486785667e-01,4.533611536026000977e-01,5.995525360107422097e-01,3.216821253299713135e-01,2.488183990120887701e-01,6.723083090037107468e-03,7.068771263584494244e-03,2.105589555867481977e-05,2.105589555867481977e-05
2.443540096282958984e+00,2.592047476768493564e+00,2.443561077117919922e+00,2.592068457603454501e+00,7.873550057411193848e-01,8.152238488197326438e-01,9.521722197532653809e-01,9.308917403221130815e-01,4.744919538497924805e-01,5.929779350757599099e-01,2.246227264404296875e-01,2.466426581144332830e-01,4.898099228739738464e-03,6.311258114874362772e-03,2.103094084304757416e-05,2.103094084304757416e-05
2.389220476150512695e+00,2.604242610931396307e+00,2.389241456985473633e+00,2.604263591766357244e+00,7.850052118301391602e-01,8.111315548419952837e-01,9.479013085365295410e-01,9.393024504184722678e-01,4.824506342411041260e-01,6.065289735794067161e-01,1.715712845325469971e-01,2.446403458714485057e-01,2.291830955073237419e-03,2.639226336032152349e-03,2.100478377542458475e-05,2.100478377542458475e-05
2.673920869827270508e+00,2.610906648635864080e+00,2.673941850662231445e+00,2.610927629470825018e+00,8.596804738044738770e-01,8.146607100963592085e-01,9.299746751785278320e-01,9.304318606853485552e-01,6.217063665390014648e-01,6.194905817508697954e-01,2.604418098926544189e-01,2.431363105773925726e-01,2.117348602041602135e-03,3.187180310487747019e-03,2.098830373142845929e-05,2.098830373142845929e-05
2.478440284729003906e+00,2.591085243225097479e+00,2.478461265563964844e+00,2.591106224060058416e+00,7.913810014724731445e-01,8.150479495525360107e-01,9.616060853004455566e-01,9.280638933181762917e-01,4.752092659473419189e-01,6.038352847099304199e-01,2.489196807146072388e-01,2.415683820843696483e-01,1.324224518612027168e-03,2.569748857058584864e-03,2.095893432851880789e-05,2.095893432851880789e-05
2.437699079513549805e+00,2.590614938735961825e+00,2.437720060348510742e+00,2.590635919570922763e+00,7.817404270172119141e-01,8.079208016395569292e-01,9.272741079330444336e-01,9.280624568462372270e-01,4.707492589950561523e-01,6.114012420177459273e-01,2.557426989078521729e-01,2.411244750022888128e-01,2.192522864788770676e-03,2.105971891433000651e-03,2.093157672788947821e-05,2.093157672788947821e-05
2.562064170837402344e+00,2.665618968009948908e+00,2.562085151672363281e+00,2.665639948844909846e+00,7.961516380310058594e-01,8.194247007369994673e-01,9.152011871337890625e-01,9.546473205089569536e-01,5.937379598617553711e-01,6.333626568317413108e-01,2.526173591613769531e-01,2.507674038410186990e-01,4.355880431830883026e-03,7.416905881837010210e-03,2.090660382236819714e-05,2.090660382236819714e-05
2.501896858215332031e+00,2.624455714225768954e+00,2.501917839050292969e+00,2.624476695060729892e+00,8.556793928146362305e-01,8.145457684993744341e-01,9.135510325431823730e-01,9.382875084877013716e-01,4.794095456600189209e-01,6.175254404544829878e-01,2.509912550449371338e-01,2.518106982111930625e-01,2.265646820887923241e-03,2.286311239004135132e-03,2.092248723783995956e-05,2.092248723783995956e-05
2.618526697158813477e+00,2.655558872222900213e+00,2.618547677993774414e+00,2.655579853057861150e+00,8.344935178756713867e-01,8.264177322387695757e-01,9.294836521148681641e-01,9.362607955932616965e-01,5.394911766052246094e-01,6.248515069484710249e-01,3.103562295436859131e-01,2.530257076025009266e-01,4.702439066022634506e-03,1.500314883887767826e-02,2.091725036734715104e-05,2.091725036734715104e-05
2.523398876190185547e+00,2.623360729217529386e+00,2.523419857025146484e+00,2.623381710052490323e+00,8.251025080680847168e-01,8.179926753044128862e-01,9.520480632781982422e-01,9.256937444210052712e-01,4.615787267684936523e-01,6.187618315219879372e-01,2.807695865631103516e-01,2.551330104470252991e-01,3.899834118783473969e-03,5.779487499967217619e-03,2.088518158416263759e-05,2.088518158416263759e-05
2.570564270019531250e+00,2.679233741760254084e+00,2.570585250854492188e+00,2.679254722595215021e+00,8.233307003974914551e-01,8.143669664859771729e-01,9.066424369812011719e-01,9.268044352531432661e-01,4.683020710945129395e-01,6.602425754070282427e-01,3.570490777492523193e-01,2.588114440441131592e-01,1.524018775671720505e-02,1.900828648358583381e-02,2.086180757032707334e-05,2.086180757032707334e-05
2.698485374450683594e+00,2.670134639739990323e+00,2.698506116867065430e+00,2.670155382156372159e+00,8.328267335891723633e-01,8.129342019557952437e-01,9.457241892814636230e-01,9.261509656906128374e-01,6.946523785591125488e-01,6.629857540130614790e-01,2.198771536350250244e-01,2.623481899499893188e-01,5.405067000538110733e-03,5.715582799166440790e-03,2.083276558551006019e-05,2.083276558551006019e-05
2.561487674713134766e+00,2.666942858695983798e+00,2.561508417129516602e+00,2.666963601112365634e+00,8.468202352523803711e-01,8.053726196289062722e-01,9.298300147056579590e-01,9.300596177577972190e-01,4.665778279304504395e-01,6.648022592067718284e-01,3.158917129039764404e-01,2.644119441509246715e-01,2.367876237258315086e-03,2.296423702500760382e-03,2.079941987176425755e-05,2.079941987176425755e-05
2.480920791625976562e+00,2.655094194412231268e+00,2.480941534042358398e+00,2.655114936828613104e+00,8.063673377037048340e-01,8.070218503475189431e-01,9.269921779632568359e-01,9.230446219444274902e-01,4.584575593471527100e-01,6.544756472110748735e-01,2.841424643993377686e-01,2.663911342620849387e-01,4.961133003234863281e-03,4.160990286618470972e-03,2.077318640658631921e-05,2.077318640658631921e-05
2.421694278717041016e+00,2.665961432456970037e+00,2.421715021133422852e+00,2.665982174873351873e+00,7.878504991531372070e-01,8.050702750682831033e-01,9.137568473815917969e-01,9.236066222190857378e-01,4.510694146156311035e-01,6.638649940490722878e-01,2.619013488292694092e-01,2.675204306840896495e-01,7.116145920008420944e-03,5.899102007970213717e-03,2.074992517009377480e-05,2.074992517009377480e-05
2.451594114303588867e+00,2.692619824409484774e+00,2.451614856719970703e+00,2.692640566825866610e+00,7.745890021324157715e-01,8.149330556392669900e-01,8.958216905593872070e-01,9.275946140289306197e-01,4.452776312828063965e-01,6.813223242759705034e-01,3.304745256900787354e-01,2.641282886266708152e-01,5.431147757917642593e-03,4.641555203124880964e-03,2.072416828013956547e-05,2.072416828013956547e-05
2.408201932907104492e+00,2.653867077827453791e+00,2.408222675323486328e+00,2.653887820243835627e+00,8.014050722122192383e-01,8.199814856052398682e-01,8.980674147605895996e-01,9.247836053371429887e-01,4.500846862792968750e-01,6.368201434612273948e-01,2.518374025821685791e-01,2.662388324737549050e-01,6.807296071201562881e-03,6.043010717257856976e-03,2.069168840534985065e-05,2.069168840534985065e-05
2.563224315643310547e+00,2.667947673797607333e+00,2.563245058059692383e+00,2.667968416213989169e+00,8.828457593917846680e-01,8.203844726085662842e-01,9.518492221832275391e-01,9.261255443096161333e-01,4.521789848804473877e-01,6.454058885574340820e-01,2.727532684803009033e-01,2.697436422109603660e-01,3.597045317292213440e-03,6.288176449015736406e-03,2.066077286144718528e-05,2.066077286144718528e-05
2.593816280364990234e+00,2.671842145919799627e+00,2.593837022781372070e+00,2.671862888336181463e+00,8.338711261749267578e-01,8.040483534336090310e-01,9.521640539169311523e-01,9.241419255733489546e-01,5.321304202079772949e-01,6.722798943519592285e-01,2.727862298488616943e-01,2.690903842449188232e-01,2.864576410502195358e-03,2.281585312448442156e-03,2.065311491605825722e-05,2.065311491605825722e-05
2.436808824539184570e+00,2.653227376937866033e+00,2.436829566955566406e+00,2.653248119354247869e+00,8.131433129310607910e-01,8.131496548652649148e-01,9.477983117103576660e-01,9.215742886066436990e-01,4.365276992321014404e-01,6.439486145973205566e-01,2.368832379579544067e-01,2.718845218420028464e-01,2.456329995766282082e-03,2.670305990613997069e-03,2.063121064566075802e-05,2.063121064566075802e-05
2.489761352539062500e+00,2.669069743156433194e+00,2.489781856536865234e+00,2.669090247154235929e+00,8.274542689323425293e-01,8.137522578239441140e-01,9.320529103279113770e-01,9.281190216541290727e-01,4.472663700580596924e-01,6.518699645996093306e-01,2.799887061119079590e-01,2.723872750997543557e-01,2.999032614752650261e-03,2.941258833743631840e-03,2.060847327811643481e-05,2.060847327811643481e-05
2.725450515747070312e+00,2.636194705963134766e+00,2.725471019744873047e+00,2.636215209960937500e+00,8.137758970260620117e-01,8.105025529861450417e-01,9.234126210212707520e-01,9.233362615108490212e-01,6.554835438728332520e-01,6.296486020088195579e-01,3.316989243030548096e-01,2.706270664930343628e-01,1.079620793461799622e-03,2.080292569007724697e-03,2.057285928458441049e-05,2.057285928458441049e-05
2.633225440979003906e+00,2.673080182075500577e+00,2.633245944976806641e+00,2.673100686073303311e+00,7.780627608299255371e-01,8.076831996440887451e-01,9.199573993682861328e-01,9.332869887351989968e-01,6.865381598472595215e-01,6.555597662925720659e-01,2.450917959213256836e-01,2.718850523233413696e-01,3.575429320335388184e-03,4.665244184434413736e-03,2.054598371614702046e-05,2.054598371614702046e-05
2.450197935104370117e+00,2.659749388694763184e+00,2.450218439102172852e+00,2.659769892692565918e+00,7.918249964714050293e-01,8.095219612121582475e-01,9.270891547203063965e-01,9.281932532787322554e-01,4.781015217304229736e-01,6.447242379188538042e-01,2.498983442783355713e-01,2.743365406990051492e-01,3.283808706328272820e-03,2.973481453955173406e-03,2.052173294941894710e-05,2.052173294941894710e-05
2.573627471923828125e+00,2.661500048637390314e+00,2.573647975921630859e+00,2.661520552635193049e+00,8.294181227684020996e-01,8.106490492820739302e-01,9.361831545829772949e-01,9.262281656265258789e-01,5.418518185615539551e-01,6.437636911869049072e-01,2.599743008613586426e-01,2.771870464086532704e-01,6.199958734214305878e-03,3.672079741954803554e-03,2.049357499345205724e-05,2.049357499345205724e-05
2.871801376342773438e+00,2.678418350219726740e+00,2.871821880340576172e+00,2.678438854217529475e+00,7.681145668029785156e-01,8.109461128711700217e-01,9.053291082382202148e-01,9.245220124721527100e-01,8.719120025634765625e-01,6.639914155006408913e-01,3.230544030666351318e-01,2.757934689521789329e-01,3.391224192455410957e-03,3.165361750870942896e-03,2.046527151833288372e-05,2.046527151833288372e-05
2.845616102218627930e+00,2.646874880790710538e+00,2.845636606216430664e+00,2.646895384788513272e+00,7.467735409736633301e-01,8.094425797462463379e-01,8.958535194396972656e-01,9.226624548435211626e-01,8.842126131057739258e-01,6.395924806594848189e-01,3.147272169589996338e-01,2.725473284721374734e-01,4.049045965075492859e-03,2.630073251202702436e-03,2.043128370132762939e-05,2.043128370132762939e-05
2.539140462875366211e+00,2.630184888839721680e+00,2.539160966873168945e+00,2.630205392837524414e+00,7.944596409797668457e-01,8.027752757072448286e-01,9.249541759490966797e-01,9.300270736217498557e-01,4.855388402938842773e-01,6.223598241806029829e-01,3.323569893836975098e-01,2.727544575929641835e-01,1.830928726121783257e-03,2.268232405185699463e-03,2.040363688138313591e-05,2.040363688138313591e-05
2.669862508773803711e+00,2.668372654914855868e+00,2.669883012771606445e+00,2.668393158912658603e+00,7.904784083366394043e-01,8.021182358264923318e-01,8.799762129783630371e-01,9.310423433780670166e-01,6.621559262275695801e-01,6.584481656551360862e-01,3.322366178035736084e-01,2.733894914388656505e-01,5.015317816287279129e-03,3.374398918822407722e-03,2.039359242189675570e-05,2.039359242189675570e-05
2.595613956451416016e+00,2.658311033248901278e+00,2.595634222030639648e+00,2.658331298828124911e+00,8.631092309951782227e-01,8.082055687904358132e-01,9.470707774162292480e-01,9.245077311992645486e-01,4.929650127887725830e-01,6.426626265048980269e-01,2.903572618961334229e-01,2.801559507846832497e-01,2.111779525876045227e-03,2.779166679829359055e-03,2.037074955296702683e-05,2.037074955296702683e-05
3.015218973159790039e+00,2.669755101203918457e+00,3.015239238739013672e+00,2.669775366783142090e+00,8.133394122123718262e-01,8.049565076828002486e-01,9.565972089767456055e-01,9.283532261848449485e-01,9.415607452392578125e-01,6.504177808761596458e-01,3.011958599090576172e-01,2.776446551084518211e-01,2.525876509025692940e-03,8.382857963442801735e-03,2.034515637205913663e-05,2.034515637205913663e-05
2.589610338211059570e+00,2.671360158920287997e+00,2.589630842208862305e+00,2.671380662918090731e+00,8.269882798194885254e-01,8.070427417755127175e-01,9.147886037826538086e-01,9.242452383041381836e-01,5.013874173164367676e-01,6.622729659080505149e-01,3.442472815513610840e-01,2.752162218093872070e-01,2.198691247031092644e-03,2.582990960218012159e-03,2.041069456026889384e-05,2.041069456026889384e-05
2.460093498229980469e+00,2.660227251052856623e+00,2.460114002227783203e+00,2.660247755050659357e+00,7.725962400436401367e-01,8.031141757965087891e-01,9.014268517494201660e-01,9.261167049407958984e-01,5.051354765892028809e-01,6.535184383392333984e-01,2.791630923748016357e-01,2.757537513971328735e-01,1.771678100340068340e-03,1.724123104941099795e-03,2.040683102677576244e-05,2.040683102677576244e-05
2.448000431060791016e+00,2.647039747238159269e+00,2.448020935058593750e+00,2.647060251235962003e+00,7.595607042312622070e-01,8.029016435146332231e-01,9.247592091560363770e-01,9.269403934478759322e-01,5.070552825927734375e-01,6.360141456127166304e-01,2.524768114089965820e-01,2.779072135686874168e-01,4.148488398641347885e-03,3.276284597814082926e-03,2.039251558016985655e-05,2.039251558016985655e-05
2.530706405639648438e+00,2.650802493095397949e+00,2.530726671218872070e+00,2.650822758674621582e+00,8.373961448669433594e-01,8.034621894359588179e-01,9.342399835586547852e-01,9.250726282596588579e-01,5.126766562461853027e-01,6.430914640426635964e-01,2.421270012855529785e-01,2.747381418943405373e-01,4.266717471182346344e-03,4.438038263469934290e-03,2.037569356616586447e-05,2.037569356616586447e-05
2.525103330612182617e+00,2.657111048698425293e+00,2.525123596191406250e+00,2.657131314277648926e+00,8.450689315795898438e-01,8.020789146423339400e-01,9.279285669326782227e-01,9.266547977924346480e-01,5.229013562202453613e-01,6.492212295532227007e-01,2.257264256477355957e-01,2.764772444963455311e-01,3.478000173345208168e-03,2.678868966177105817e-03,2.035763827734626830e-05,2.035763827734626830e-05
2.485194206237792969e+00,2.667207431793213068e+00,2.485214471817016602e+00,2.667227697372436701e+00,7.392802238464355469e-01,8.076867640018463579e-01,9.186964631080627441e-01,9.279688894748687744e-01,5.416571497917175293e-01,6.517147004604340044e-01,2.811481356620788574e-01,2.768587112426758035e-01,4.412238486111164093e-03,2.978368429467082024e-03,2.034545650531072170e-05,2.034545650531072170e-05
2.627668380737304688e+00,2.668502163887024103e+00,2.627688646316528320e+00,2.668522429466247736e+00,8.596097826957702637e-01,8.031705558300018533e-01,9.624474048614501953e-01,9.298041462898254395e-01,5.587493777275085449e-01,6.492982268333434837e-01,2.456039041280746460e-01,2.838712990283965842e-01,1.257780822925269604e-03,2.357984054833650676e-03,2.032819975283928216e-05,2.032819975283928216e-05
2.574239969253540039e+00,2.676430273056030096e+00,2.574260234832763672e+00,2.676450538635253729e+00,8.180192708969116211e-01,8.040053784847259744e-01,9.466871023178100586e-01,9.293991446495055708e-01,5.399090647697448730e-01,6.553282022476196733e-01,2.675657868385314941e-01,2.833806633949279563e-01,2.058705082163214684e-03,4.317023372277617281e-03,2.032452357525471598e-05,2.032452357525471598e-05
2.494373798370361328e+00,2.664485216140747070e+00,2.494394063949584961e+00,2.664505481719970703e+00,7.758334875106811523e-01,8.042501986026764360e-01,9.265319705009460449e-01,9.270051956176758035e-01,5.338955521583557129e-01,6.449645042419434038e-01,2.489686310291290283e-01,2.820701092481613381e-01,9.144266135990619659e-03,6.195214577019214630e-03,2.030270479735918343e-05,2.030270479735918343e-05
2.767288684844970703e+00,2.677433443069458185e+00,2.767308950424194336e+00,2.677453708648681818e+00,8.264424204826354980e-01,8.136018633842467818e-01,9.581837654113769531e-01,9.325830876827240212e-01,7.086085081100463867e-01,6.435993969440459983e-01,2.688519358634948730e-01,2.805275499820709117e-01,5.202077329158782959e-03,7.121616974472999573e-03,2.028704693657346070e-05,2.028704693657346070e-05
2.859774589538574219e+00,2.668354439735412420e+00,2.859794855117797852e+00,2.668374705314636053e+00,8.183751106262207031e-01,8.063279449939727561e-01,9.267343282699584961e-01,9.249886512756347878e-01,8.710675835609436035e-01,6.532389640808105025e-01,2.396051138639450073e-01,2.808056086301803367e-01,3.992334473878145218e-03,2.993254759348929102e-03,2.026206493610516191e-05,2.026206493610516191e-05
2.563286066055297852e+00,2.665229320526123047e+00,2.563306331634521484e+00,2.665249586105346680e+00,7.979679703712463379e-01,8.092814266681671587e-01,9.504527449607849121e-01,9.255415856838226096e-01,5.387055873870849609e-01,6.444179892539978471e-01,2.725663781166076660e-01,2.785892367362975963e-01,3.593533299863338470e-03,7.398986304178833788e-03,2.025150388362817466e-05,2.025150388362817466e-05
2.750783920288085938e+00,2.716188073158264160e+00,2.750804185867309570e+00,2.716208338737487793e+00,8.494198322296142578e-01,8.217560350894927979e-01,9.399490952491760254e-01,9.259005069732666460e-01,6.030232906341552734e-01,6.526376903057098389e-01,3.462996482849121094e-01,2.781489193439483643e-01,1.209204830229282379e-02,3.774497024714947024e-02,2.022398621193133295e-05,2.022398621193133295e-05
2.616044759750366211e+00,2.670096492767334073e+00,2.616065025329589844e+00,2.670116758346557706e+00,8.224238753318786621e-01,8.058401584625244363e-01,9.517381191253662109e-01,9.293508768081665261e-01,6.122079491615295410e-01,6.433878302574157493e-01,2.180511951446533203e-01,2.785870224237442239e-01,1.162355765700340271e-02,1.293055377900600468e-02,2.020059764618054032e-05,2.020059764618054032e-05
2.418086528778076172e+00,2.658878874778747736e+00,2.418106794357299805e+00,2.658899140357971369e+00,7.424542307853698730e-01,8.084085941314697044e-01,9.303854107856750488e-01,9.278945505619049516e-01,5.253520011901855469e-01,6.428796589374542458e-01,2.156966775655746460e-01,2.759017318487167469e-01,4.198345355689525604e-03,3.794372966513037855e-03,2.018012310145422816e-05,2.018012310145422816e-05
3.051189899444580078e+00,2.659471106529236017e+00,3.051210165023803711e+00,2.659491372108459650e+00,8.191138505935668945e-01,8.048069119453430398e-01,9.045456051826477051e-01,9.273168206214904563e-01,1.047819614410400391e+00,6.526873111724853516e-01,2.774001657962799072e-01,2.727967113256454246e-01,2.310615265741944313e-03,1.863343943841755347e-03,2.015769496210850775e-05,2.015769496210850775e-05
2.530664682388305664e+00,2.676050138473510920e+00,2.530684709548950195e+00,2.676070165634155451e+00,8.063947558403015137e-01,8.156010210514068604e-01,9.054395556449890137e-01,9.255221366882324663e-01,5.284364819526672363e-01,6.552913427352905495e-01,2.796379625797271729e-01,2.709863096475600974e-01,1.075575407594442368e-02,8.649312797933817257e-03,2.014186793530825526e-05,2.014186793530825526e-05
2.634611606597900391e+00,2.690935659408569158e+00,2.634631633758544922e+00,2.690955686569213690e+00,8.334549069404602051e-01,8.278080761432647927e-01,9.497029185295104980e-01,9.288720965385437456e-01,5.318464636802673340e-01,6.528214871883392112e-01,3.111545741558074951e-01,2.701321154832839744e-01,8.452673442661762238e-03,1.130181625485420296e-02,2.013426637859083712e-05,2.013426637859083712e-05
2.545757293701171875e+00,2.659571433067321689e+00,2.545777320861816406e+00,2.659591460227966220e+00,8.107862472534179688e-01,8.082492470741271529e-01,9.289176464080810547e-01,9.244481384754180686e-01,5.220451951026916504e-01,6.516804933547973855e-01,2.822196185588836670e-01,2.726484417915344127e-01,1.788576249964535236e-03,2.545026876032352274e-03,2.011605101870372891e-05,2.011605101870372891e-05
2.514974355697631836e+00,2.662021541595458896e+00,2.514994382858276367e+00,2.662041568756103427e+00,8.329406976699829102e-01,8.088450551033019575e-01,9.133895039558410645e-01,9.253409743309021218e-01,5.176421999931335449e-01,6.492151737213134322e-01,2.432481795549392700e-01,2.746644079685210960e-01,7.753713056445121765e-03,3.955914382822811257e-03,2.009216768783517182e-05,2.009216768783517182e-05
2.483267307281494141e+00,2.667105793952941895e+00,2.483287334442138672e+00,2.667125821113586426e+00,7.452626824378967285e-01,8.082225561141967995e-01,9.026361703872680664e-01,9.255914866924286333e-01,5.651653409004211426e-01,6.572893023490905540e-01,2.676105797290802002e-01,2.740146666765213013e-01,2.592578297480940819e-03,1.987788255792111332e-03,2.007506554946303368e-05,2.007506554946303368e-05
2.542680740356445312e+00,2.646401357650757014e+00,2.542700767517089844e+00,2.646421384811401545e+00,8.226124048233032227e-01,8.072283685207366499e-01,9.366000294685363770e-01,9.295998334884643111e-01,4.962544441223144531e-01,6.351791799068451372e-01,2.856367230415344238e-01,2.698963820934295876e-01,1.577063696458935738e-03,4.497605562210083181e-03,2.004808993660844862e-05,2.004808993660844862e-05
2.495725870132446289e+00,2.654711365699768066e+00,2.495745897293090820e+00,2.654731392860412598e+00,8.262336850166320801e-01,8.047358989715576172e-01,9.214600324630737305e-01,9.263486027717590110e-01,4.997570812702178955e-01,6.507759153842925803e-01,2.407558262348175049e-01,2.678362131118774414e-01,7.519243750721216202e-03,5.014757439494132822e-03,2.002998007810674608e-05,2.002998007810674608e-05
2.488823890686035156e+00,2.670057392120361417e+00,2.488843917846679688e+00,2.670077419281005948e+00,8.295006752014160156e-01,8.160757541656493697e-01,9.342186450958251953e-01,9.242544531822204368e-01,4.972917437553405762e-01,6.596578299999237283e-01,2.217437475919723511e-01,2.646415293216705100e-01,6.068893708288669586e-03,5.427881842479109764e-03,2.000214590225368738e-05,2.000214590225368738e-05
2.519699573516845703e+00,2.661527824401855646e+00,2.519719600677490234e+00,2.661547851562500178e+00,8.172010779380798340e-01,8.110913574695587380e-01,9.413523674011230469e-01,9.288759946823119673e-01,4.783366918563842773e-01,6.570599257946014848e-01,2.811092436313629150e-01,2.623819768428802268e-01,1.699824235402047634e-03,2.118608471937477502e-03,1.997801882680505514e-05,1.997801882680505514e-05
2.460297346115112305e+00,2.671893119812011719e+00,2.460317373275756836e+00,2.671913146972656250e+00,7.767745256423950195e-01,8.055190801620483176e-01,9.061709642410278320e-01,9.276409447193145752e-01,4.925445318222045898e-01,6.675365269184112549e-01,2.794030308723449707e-01,2.674444437026977650e-01,5.404460243880748749e-03,3.752156021073460666e-03,1.996003447857219726e-05,1.996003447857219726e-05
2.641735792160034180e+00,2.670486807823181152e+00,2.641755819320678711e+00,2.670506834983825684e+00,7.615693211555480957e-01,8.036073327064514604e-01,8.627780079841613770e-01,9.254310905933380571e-01,7.644082307815551758e-01,6.669853329658508301e-01,2.430297136306762695e-01,2.686384439468383900e-01,9.950508363544940948e-03,5.824584746733307838e-03,1.993845580727793276e-05,1.993845580727793276e-05
2.495344161987304688e+00,2.652208828926086337e+00,2.495364189147949219e+00,2.652228856086730868e+00,8.150286078453063965e-01,8.075674593448638472e-01,9.603947997093200684e-01,9.238997936248779519e-01,4.870871603488922119e-01,6.460043847560882346e-01,2.291158437728881836e-01,2.707909882068634255e-01,3.717812476679682732e-03,3.946190909482538353e-03,1.993232581298798323e-05,1.993232581298798323e-05
2.781315565109252930e+00,2.640329146385192782e+00,2.781335353851318359e+00,2.640348935127258212e+00,7.988771200180053711e-01,8.061537444591522217e-01,8.988595604896545410e-01,9.250329315662384477e-01,7.437508106231689453e-01,6.353108167648315874e-01,3.372797071933746338e-01,2.715977340936660545e-01,2.548239426687359810e-03,2.233874914236366575e-03,1.990088276215828955e-05,1.990088276215828955e-05
2.535698175430297852e+00,2.660870718955993475e+00,2.535717964172363281e+00,2.660890507698058904e+00,8.373172879219055176e-01,8.080512225627899392e-01,9.349575042724609375e-01,9.261452674865722212e-01,4.765402972698211670e-01,6.508669734001160112e-01,2.851423919200897217e-01,2.725081086158752663e-01,1.740637118928134441e-03,3.299177996814250859e-03,1.988127587537746876e-05,1.988127587537746876e-05
2.662282466888427734e+00,2.679514765739440918e+00,2.662302255630493164e+00,2.679534554481506348e+00,7.669201493263244629e-01,8.093237221240997536e-01,9.007768034934997559e-01,9.226052343845367876e-01,7.033593654632568359e-01,6.706719815731048140e-01,2.867043018341064453e-01,2.728653311729430930e-01,4.521954804658889771e-03,4.048567917197942907e-03,1.985783092095516622e-05,1.985783092095516622e-05
2.451812267303466797e+00,2.649383020401001154e+00,2.451832056045532227e+00,2.649402809143066584e+00,8.022763133049011230e-01,8.016472637653351274e-01,9.290617108345031738e-01,9.224081873893738015e-01,4.850003421306610107e-01,6.441994249820709451e-01,2.300826460123062134e-01,2.772632926702499612e-01,5.391179118305444717e-03,3.864793642424047167e-03,1.983757283596787602e-05,1.983757283596787602e-05
2.512491226196289062e+00,2.653575325012206942e+00,2.512511014938354492e+00,2.653595113754272372e+00,8.263552188873291016e-01,8.123842060565948930e-01,9.499606490135192871e-01,9.241977453231811079e-01,4.877662956714630127e-01,6.320956349372863770e-01,2.456787526607513428e-01,2.798634290695190541e-01,2.730472711846232414e-03,5.034307437017560179e-03,1.980682282010093331e-05,1.980682282010093331e-05
2.474962711334228516e+00,2.654125213623046875e+00,2.474982500076293945e+00,2.654145002365112305e+00,7.701500058174133301e-01,8.037922680377960205e-01,9.157643318176269531e-01,9.213167011737823930e-01,4.808078706264495850e-01,6.440946102142334206e-01,3.027173876762390137e-01,2.801553517580032127e-01,5.523106083273887634e-03,4.766321927309036428e-03,1.979113585548475385e-05,1.979113585548475385e-05
2.586061477661132812e+00,2.660296344757079989e+00,2.586081266403198242e+00,2.660316133499145419e+00,8.500401973724365234e-01,8.072894692420959917e-01,9.662328958511352539e-01,9.235664844512939675e-01,4.883554279804229736e-01,6.449623465538024680e-01,2.801605165004730225e-01,2.813175410032272561e-01,1.272499212063848972e-03,3.160567302256822413e-03,1.976910425582900643e-05,1.976910425582900643e-05
2.429397344589233398e+00,2.638368749618530185e+00,2.429417133331298828e+00,2.638388538360595614e+00,7.955988049507141113e-01,8.010938167572021484e-01,8.691694736480712891e-01,9.248742043972015825e-01,4.802644252777099609e-01,6.286447882652282937e-01,2.813760638236999512e-01,2.819052457809448353e-01,2.988600870594382286e-03,1.850715209729969458e-03,1.974959377548657358e-05,1.974959377548657358e-05
2.776137351989746094e+00,2.666340875625610174e+00,2.776157140731811523e+00,2.666360664367675604e+00,8.208854794502258301e-01,8.058850169181823730e-01,9.412411451339721680e-01,9.233566284179687278e-01,7.557882666587829590e-01,6.537355363368988481e-01,2.563384473323822021e-01,2.807947695255279541e-01,1.883950433693826199e-03,2.568887779489159584e-03,1.972385325643699616e-05,1.972385325643699616e-05
2.709637165069580078e+00,2.655981445312499911e+00,2.709656953811645508e+00,2.656001234054565341e+00,7.776269316673278809e-01,8.074521481990813987e-01,9.131343960762023926e-01,9.224104166030884233e-01,7.124828100204467773e-01,6.426947951316833718e-01,3.023897707462310791e-01,2.810955792665481567e-01,4.003399517387151718e-03,2.328470884822309191e-03,1.971146048163063824e-05,1.971146048163063824e-05
2.445717096328735352e+00,2.672809910774231135e+00,2.445736885070800781e+00,2.672829699516296564e+00,7.499698400497436523e-01,8.059515178203582320e-01,9.104691147804260254e-01,9.254691123962401900e-01,4.758063256740570068e-01,6.601182639598845991e-01,3.063705265522003174e-01,2.782098561525344627e-01,3.101429902017116547e-03,3.061178256757557392e-03,1.968992000911384821e-05,1.968992000911384821e-05
2.503809690475463867e+00,2.654859709739684881e+00,2.503829479217529297e+00,2.654879498481750311e+00,7.746396064758300781e-01,8.059568762779235618e-01,8.977181911468505859e-01,9.219187974929810014e-01,4.679444432258605957e-01,6.397638022899627686e-01,3.587517142295837402e-01,2.834442079067230336e-01,4.755674395710229874e-03,3.776009753346443263e-03,1.967360003618523479e-05,1.967360003618523479e-05
2.547436952590942383e+00,2.633814191818237394e+00,2.547456502914428711e+00,2.633833742141723722e+00,7.655446529388427734e-01,8.032334923744202104e-01,8.741254210472106934e-01,9.213737010955810325e-01,5.397866964340209961e-01,6.239863872528076394e-01,3.666870296001434326e-01,2.839992940425872803e-01,1.293209497816860676e-03,1.221410685684531970e-03,1.964409602805972099e-05,1.964409602805972099e-05
2.684982299804687500e+00,2.662014436721801935e+00,2.685001850128173828e+00,2.662033987045288264e+00,8.373528122901916504e-01,8.135835647583007368e-01,9.395480155944824219e-01,9.256557762622833474e-01,5.428456664085388184e-01,6.360655486583709495e-01,3.607364296913146973e-01,2.796631425619125477e-01,4.499446135014295578e-03,7.046384178102016796e-03,1.962355963769368827e-05,1.962355963769368827e-05
2.599064111709594727e+00,2.661083626747131170e+00,2.599083662033081055e+00,2.661103177070617498e+00,8.228210210800170898e-01,8.104864954948425293e-01,9.336421489715576172e-01,9.285386443138122781e-01,5.961932539939880371e-01,6.364477753639221635e-01,2.396097183227539062e-01,2.793982237577438132e-01,6.798135116696357727e-03,6.212417455390095884e-03,1.960752706509083509e-05,1.960752706509083509e-05
2.492741584777832031e+00,2.658857631683349432e+00,2.492761135101318359e+00,2.658877182006835760e+00,8.450839519500732422e-01,8.070450723171234131e-01,9.261882901191711426e-01,9.242035269737243208e-01,5.063800811767578125e-01,6.425390064716338667e-01,2.066817581653594971e-01,2.784953653812408669e-01,8.407533168792724609e-03,6.574693229049443852e-03,1.958673055924009532e-05,1.958673055924009532e-05
2.534693241119384766e+00,2.664683747291564764e+00,2.534712791442871094e+00,2.664703297615051092e+00,7.972761988639831543e-01,8.049427866935729980e-01,9.277008175849914551e-01,9.246296525001526101e-01,5.083115100860595703e-01,6.553396105766295943e-01,2.999674975872039795e-01,2.781995475292206033e-01,1.437280559912323952e-03,1.572255243081599387e-03,1.957151835085824132e-05,1.957151835085824132e-05
2.452571392059326172e+00,2.667883706092834650e+00,2.452590942382812500e+00,2.667903256416320978e+00,7.918698787689208984e-01,8.094795465469359907e-01,9.535560011863708496e-01,9.237230300903320757e-01,4.708109796047210693e-01,6.538028419017791748e-01,2.339812517166137695e-01,2.768321633338928223e-01,2.353240270167589188e-03,4.046148271299898624e-03,1.954550680238753557e-05,1.954550680238753557e-05
2.447020292282104492e+00,2.646363067626952947e+00,2.447039842605590820e+00,2.646382617950439275e+00,7.926967144012451172e-01,8.111200571060180886e-01,9.299085736274719238e-01,9.242763459682464822e-01,4.658402204513549805e-01,6.287283599376678467e-01,2.540785074234008789e-01,2.751038432121276633e-01,4.496221896260976791e-03,7.134445803239941250e-03,1.952404272742569447e-05,1.952404272742569447e-05
2.474806308746337891e+00,2.670750737190246582e+00,2.474825859069824219e+00,2.670770287513732910e+00,7.972946763038635254e-01,8.022656261920928511e-01,9.140101075172424316e-01,9.264847159385680708e-01,4.797498285770416260e-01,6.662055611610412376e-01,2.787859737873077393e-01,2.722615033388137706e-01,4.965895321220159531e-03,3.533311863429844466e-03,1.951997910509817302e-05,1.951997910509817302e-05
2.427759885787963867e+00,2.644421720504760653e+00,2.427779436111450195e+00,2.644441270828246981e+00,7.749336361885070801e-01,8.025499165058136430e-01,9.315001964569091797e-01,9.270309865474700706e-01,4.638634026050567627e-01,6.391126930713653120e-01,2.510192096233367920e-01,2.696074962615966908e-01,6.443454883992671967e-03,6.120636221021413456e-03,1.949561919900588691e-05,1.949561919900588691e-05
2.627669572830200195e+00,2.677000689506530584e+00,2.627689123153686523e+00,2.677020239830016912e+00,7.474013566970825195e-01,8.094334304332733154e-01,8.910113573074340820e-01,9.232222616672516313e-01,6.770630478858947754e-01,6.651969492435455544e-01,2.994685769081115723e-01,2.684805154800414817e-01,1.272524334490299225e-02,1.066753519698977401e-02,1.947136297530960292e-05,1.947136297530960292e-05
2.447195053100585938e+00,2.665243172645568759e+00,2.447214603424072266e+00,2.665262722969055087e+00,8.048499822616577148e-01,8.102770686149597390e-01,9.188795685768127441e-01,9.214805483818053755e-01,4.485671818256378174e-01,6.622263252735137717e-01,2.710375189781188965e-01,2.678036123514175304e-01,3.860742086544632912e-03,3.455602587200701150e-03,1.945055191754363477e-05,1.945055191754363477e-05
2.640749454498291016e+00,2.673367309570312322e+00,2.640768766403198242e+00,2.673386621475219549e+00,8.360506892204284668e-01,8.097437083721160667e-01,9.342449307441711426e-01,9.242281258106231911e-01,6.087543964385986328e-01,6.655619740486145020e-01,2.508440315723419189e-01,2.643112748861312644e-01,1.085540838539600372e-02,9.522319398820399891e-03,1.942467861226759851e-05,1.942467861226759851e-05
2.552824020385742188e+00,2.684174299240112305e+00,2.552843332290649414e+00,2.684193611145019531e+00,8.351484537124633789e-01,8.256695270538330078e-01,9.505354166030883789e-01,9.288160204887390137e-01,4.717584252357482910e-01,6.430314660072327104e-01,2.631269395351409912e-01,2.634658575057983176e-01,3.225485980510711670e-02,2.319133542478084634e-02,1.940226684382651001e-05,1.940226684382651001e-05
2.450474023818969727e+00,2.632569622993469416e+00,2.450493335723876953e+00,2.632588934898376642e+00,8.086193799972534180e-01,8.145401835441589133e-01,9.225053191184997559e-01,9.223179876804351585e-01,4.544405639171600342e-01,6.316865980625152588e-01,2.626154124736785889e-01,2.615866392850875743e-01,2.293430734425783157e-03,2.438216586597263813e-03,1.937835259013809264e-05,1.937835259013809264e-05
2.796063184738159180e+00,2.675622797012329190e+00,2.796082496643066406e+00,2.675642108917236417e+00,8.185958266258239746e-01,8.190267026424408181e-01,9.222602844238281250e-01,9.221335232257843462e-01,8.203545808792114258e-01,6.541102349758147749e-01,2.174491733312606812e-01,2.671741634607315286e-01,1.740325428545475006e-02,1.317810071632266079e-02,1.935630098159890622e-05,1.935630098159890622e-05
2.392974853515625000e+00,2.650563526153564275e+00,2.392994165420532227e+00,2.650582838058471502e+00,7.550862431526184082e-01,8.151426851749420388e-01,8.839590549468994141e-01,9.218909382820129617e-01,4.730421602725982666e-01,6.348995983600616011e-01,2.671415209770202637e-01,2.696965336799621582e-01,1.374583877623081207e-02,8.933710027486085545e-03,1.933333805936854333e-05,1.933333805936854333e-05
2.877444028854370117e+00,2.648900890350341708e+00,2.877463340759277344e+00,2.648920202255248935e+00,8.336337804794311523e-01,8.102935791015625222e-01,9.288360476493835449e-01,9.258152425289154497e-01,7.667871117591857910e-01,6.345418989658355713e-01,3.462935388088226318e-01,2.753324121236800925e-01,1.893751788884401321e-03,2.917721727862954226e-03,1.932168561324942857e-05,1.932168561324942857e-05
2.433464765548706055e+00,2.656036639213561923e+00,2.433484077453613281e+00,2.656055951118469149e+00,7.391541600227355957e-01,8.038437962532043457e-01,8.994800448417663574e-01,9.254934847354888694e-01,4.427165985107421875e-01,6.484332621097564919e-01,3.504034578800201416e-01,2.766228735446930043e-01,1.710464130155742168e-03,1.643239357508718924e-03,1.931783663167152554e-05,1.931783663167152554e-05
2.415767669677734375e+00,2.681546139717101873e+00,2.415786981582641602e+00,2.681565451622009100e+00,8.060982823371887207e-01,8.080566704273224321e-01,9.120561480522155762e-01,9.237266600131988081e-01,4.219292402267456055e-01,6.613820493221282959e-01,2.679992318153381348e-01,2.798633754253387340e-01,7.684797514230012894e-03,8.517315099015831253e-03,1.928613346535712481e-05,1.928613346535712481e-05
2.453706026077270508e+00,2.672034382820129395e+00,2.453725337982177734e+00,2.672053694725036621e+00,8.317542672157287598e-01,8.083475530147552490e-01,9.195205569267272949e-01,9.229644596576690452e-01,4.082620143890380859e-01,6.549974679946899414e-01,2.902385294437408447e-01,2.809888422489166260e-01,3.930515144020318985e-03,4.736040811985730778e-03,1.926046024891547859e-05,1.926046024891547859e-05
2.568814039230346680e+00,2.704910540580749423e+00,2.568833351135253906e+00,2.704929852485656649e+00,7.957907319068908691e-01,8.076694428920745406e-01,8.945753574371337891e-01,9.247151613235473633e-01,6.062567234039306641e-01,6.908781707286835161e-01,2.696728110313415527e-01,2.792403578758239635e-01,2.518421271815896034e-03,2.407391928136348638e-03,1.923496529343537986e-05,1.923496529343537986e-05
2.442060708999633789e+00,2.745726680755615323e+00,2.442080020904541016e+00,2.745745992660522550e+00,8.027645349502563477e-01,8.059927225112915039e-01,9.318601489067077637e-01,9.288229525089264360e-01,3.649190366268157959e-01,7.273320257663726807e-01,3.389784097671508789e-01,2.760810285806655773e-01,3.538872580975294113e-03,7.497959770262241364e-03,1.920451541082002223e-05,1.920451541082002223e-05
2.264266252517700195e+00,2.767160868644714444e+00,2.264285326004028320e+00,2.767179942131042569e+00,7.825822830200195312e-01,8.150607049465179443e-01,9.434670805931091309e-01,9.256096303462981734e-01,3.472151756286621094e-01,7.465530455112456831e-01,1.852681189775466919e-01,2.734789311885833518e-01,5.733568221330642700e-03,6.458624685183167631e-03,1.918081215990241617e-05,1.918081215990241617e-05
2.346413612365722656e+00,2.729885554313659757e+00,2.346432685852050781e+00,2.729904627799987882e+00,7.889088392257690430e-01,8.060297906398773415e-01,9.188987016677856445e-01,9.214921653270721214e-01,3.613663315773010254e-01,7.217585265636443648e-01,2.759982943534851074e-01,2.792370587587356678e-01,1.241367659531533718e-03,1.368005655240267472e-03,1.915502798510715365e-05,1.915502798510715365e-05
2.247637271881103516e+00,2.748834109306335538e+00,2.247656345367431641e+00,2.748853182792663663e+00,7.784327864646911621e-01,8.081233918666839156e-01,8.939845561981201172e-01,9.184537649154662642e-01,3.492610156536102295e-01,7.391882181167602761e-01,2.217887938022613525e-01,2.805619329214096291e-01,4.170021507889032364e-03,2.506842673756182367e-03,1.913187225000001490e-05,1.913187225000001490e-05
2.488085031509399414e+00,2.712062215805053800e+00,2.488104104995727539e+00,2.712081289291381925e+00,8.468017578125000000e-01,8.116960883140563743e-01,9.438474774360656738e-01,9.209924399852752464e-01,3.508860766887664795e-01,6.879882514476776123e-01,3.425619006156921387e-01,2.836165666580200417e-01,3.987719770520925522e-03,7.768875826150179256e-03,1.910914761538151652e-05,1.910914761538151652e-05
2.363094091415405273e+00,2.760510611534118475e+00,2.363113164901733398e+00,2.760529685020446600e+00,8.605247735977172852e-01,8.097225189208984153e-01,9.291350841522216797e-01,9.187561929225921409e-01,3.253403007984161377e-01,7.472521126270293967e-01,2.455093860626220703e-01,2.816344559192657249e-01,2.584368223324418068e-03,3.145343437790870493e-03,1.907658224808983505e-05,1.907658224808983505e-05
2.858016729354858398e+00,2.720100212097167791e+00,2.858035802841186523e+00,2.720119285583495916e+00,8.420735597610473633e-01,8.234028995037079302e-01,9.278202652931213379e-01,9.177792429924011008e-01,7.604430913925170898e-01,6.887479782104491965e-01,3.242648541927337646e-01,2.848346382379531860e-01,3.415208775550127029e-03,5.335421906784177173e-03,1.906990473798941821e-05,1.906990473798941821e-05
2.471028566360473633e+00,2.660404372215270818e+00,2.471047639846801758e+00,2.660423445701598943e+00,8.092675805091857910e-01,8.119835615158080833e-01,9.268554449081420898e-01,9.293593466281890869e-01,4.662182629108428955e-01,6.135258078575134277e-01,2.630967795848846436e-01,2.975499153137207142e-01,5.590542685240507126e-03,7.985698105767369964e-03,1.905208409880287945e-05,1.905208409880287945e-05
2.396723031997680664e+00,2.648407077789306729e+00,2.396742105484008789e+00,2.648426151275634854e+00,7.829656600952148438e-01,7.991475999355316384e-01,9.322726726531982422e-01,9.239961087703705278e-01,4.513964354991912842e-01,6.254301071166992188e-01,2.263015806674957275e-01,2.974107861518859863e-01,3.786652116104960442e-03,2.422482753172516649e-03,1.904278360598254949e-05,1.904278360598254949e-05
2.658658027648925781e+00,2.662574982643127530e+00,2.658677101135253906e+00,2.662594056129455655e+00,7.673032283782958984e-01,8.006065428256988747e-01,9.136717319488525391e-01,9.259507358074188232e-01,6.718982458114624023e-01,6.363077878952025923e-01,3.035903871059417725e-01,2.975854784250259177e-01,2.194491680711507797e-03,2.124358527362346736e-03,1.902311851154081523e-05,1.902311851154081523e-05
2.488129377365112305e+00,2.664231491088867365e+00,2.488148450851440430e+00,2.664250564575195490e+00,8.036875724792480469e-01,8.045115053653717485e-01,9.255322217941284180e-01,9.222055315971374734e-01,4.604009091854095459e-01,6.271685898303985818e-01,2.958587706089019775e-01,3.080224037170410378e-01,2.649748465046286583e-03,2.323455479927361185e-03,1.899809285532683134e-05,1.899809285532683134e-05
2.460175037384033203e+00,2.661615014076232910e+00,2.460194110870361328e+00,2.661634087562561035e+00,7.595203518867492676e-01,8.100744783878326416e-01,9.093680381774902344e-01,9.189137220382690430e-01,4.600629210472106934e-01,6.119085967540740523e-01,3.290136754512786865e-01,3.173465937376022117e-01,2.210134640336036682e-03,3.371644206345081243e-03,1.897681067930534482e-05,1.897681067930534482e-05
2.561787843704223633e+00,2.664991664886474432e+00,2.561806917190551758e+00,2.665010738372802557e+00,8.306365609169006348e-01,8.041365683078766091e-01,9.186450242996215820e-01,9.260849177837371382e-01,4.638871550559997559e-01,6.180010855197906050e-01,3.399482369422912598e-01,3.090065032243728416e-01,8.670900017023086548e-03,7.762575661763549198e-03,1.895708555821329355e-05,1.895708555821329355e-05
2.456540584564208984e+00,2.658939790725708185e+00,2.456559419631958008e+00,2.658958625793457209e+00,8.015213608741760254e-01,8.014273107051849143e-01,9.017716050148010254e-01,9.179716646671295388e-01,4.638062119483947754e-01,6.288093209266663042e-01,2.879672646522521973e-01,3.091724187135696522e-01,1.474254531785845757e-03,1.559090439695864959e-03,1.892981163109652698e-05,1.892981163109652698e-05
2.435283660888671875e+00,2.674108147621154785e+00,2.435302495956420898e+00,2.674126982688903809e+00,7.888838648796081543e-01,8.076259851455688255e-01,9.137790203094482422e-01,9.174549937248229758e-01,4.638400971889495850e-01,6.214050650596618652e-01,2.581781744956970215e-01,3.169705033302306907e-01,1.060244347900152206e-02,1.065162224695086549e-02,1.890476778498850763e-05,1.890476778498850763e-05
2.517314910888671875e+00,2.684722185134887695e+00,2.517333745956420898e+00,2.684741020202636719e+00,7.737949490547180176e-01,8.066569328308105247e-01,8.845141530036926270e-01,9.238717675209044966e-01,4.965254962444305420e-01,6.190896332263946533e-01,3.519423007965087891e-01,3.276375919580459817e-01,1.053804997354745865e-02,7.466249540448189129e-03,1.888047881948295981e-05,1.888047881948295981e-05
2.581595182418823242e+00,2.695306038856506436e+00,2.581614017486572266e+00,2.695324873924255460e+00,8.062344193458557129e-01,8.062732040882110152e-01,9.388064742088317871e-01,9.325663805007934348e-01,5.187212824821472168e-01,6.167250692844390425e-01,3.100612461566925049e-01,3.331805258989334328e-01,7.771639153361320496e-03,6.560937501490116119e-03,1.887546750367619097e-05,1.887546750367619097e-05
2.827156305313110352e+00,2.684728693962097346e+00,2.827175140380859375e+00,2.684747529029846369e+00,8.692625164985656738e-01,8.057625412940978560e-01,9.295974969863891602e-01,9.234008193016052246e-01,6.162649989128112793e-01,6.095413088798522505e-01,4.046048521995544434e-01,3.387318223714828602e-01,7.426294032484292984e-03,7.292227540165186102e-03,1.889129816845525056e-05,1.889129816845525056e-05
2.650823354721069336e+00,2.687679290771484375e+00,2.650842189788818359e+00,2.687698125839233398e+00,8.073663711547851562e-01,8.010162830352782759e-01,8.990628123283386230e-01,9.177512705326080766e-01,5.379092693328857422e-01,6.207674920558929887e-01,3.990869224071502686e-01,3.415821641683578491e-01,7.397945038974285126e-03,6.562145473435520952e-03,1.887732287286780775e-05,1.887732287286780775e-05
2.960606813430786133e+00,2.684115338325500311e+00,2.960625648498535156e+00,2.684134173393249334e+00,8.191503882408142090e-01,7.978778958320618120e-01,9.160701036453247070e-01,9.251539945602417214e-01,8.402411937713623047e-01,6.215807735919952615e-01,3.836247920989990234e-01,3.373432725667953602e-01,1.520473975688219070e-03,2.159475698135793209e-03,1.885426172520965338e-05,1.885426172520965338e-05
2.495214223861694336e+00,2.675637221336364835e+00,2.495233058929443359e+00,2.675656056404113858e+00,8.415126204490661621e-01,7.983152806758880837e-01,9.566122293472290039e-01,9.206888973712921143e-01,4.756874442100524902e-01,6.204967379570007768e-01,2.189438641071319580e-01,3.341051757335662953e-01,2.458162140101194382e-03,2.031093358527869160e-03,1.883265576907433569e-05,1.883265576907433569e-05
2.393917798995971680e+00,2.664382386207580389e+00,2.393936634063720703e+00,2.664401221275329412e+00,7.820598483085632324e-01,8.006571054458617720e-01,8.660405874252319336e-01,9.156989157199859619e-01,4.593291282653808594e-01,6.139993846416473833e-01,2.810841500759124756e-01,3.316180706024169922e-01,5.404257215559482574e-03,2.408872661180794413e-03,1.880987656477373093e-05,1.880987656477373093e-05
2.603314638137817383e+00,2.668894147872924894e+00,2.603333473205566406e+00,2.668912982940673917e+00,7.804396152496337891e-01,8.016173362731933150e-01,9.045274257659912109e-01,9.184537708759308305e-01,4.562338590621948242e-01,6.147525727748870406e-01,4.601079523563385010e-01,3.307347506284713523e-01,2.005662769079208374e-03,3.335752571001648729e-03,1.878719922387972474e-05,1.878719922387972474e-05
2.448212146759033203e+00,2.701418876647949219e+00,2.448230981826782227e+00,2.701437711715698242e+00,7.646610140800476074e-01,8.097639977931976318e-01,8.931828141212463379e-01,9.164491534233093484e-01,4.135216176509857178e-01,6.267770588397979514e-01,3.645775020122528076e-01,3.317208617925643810e-01,1.226930506527423859e-02,1.670773830264806609e-02,1.876671558420639485e-05,1.876671558420639485e-05
3.337891101837158203e+00,2.672836112976074041e+00,3.337909936904907227e+00,2.672854948043823065e+00,8.660075068473815918e-01,8.010655999183654563e-01,9.404199123382568359e-01,9.242400944232940230e-01,1.113599419593811035e+00,6.157935202121734841e-01,4.121046662330627441e-01,3.253644287586212047e-01,5.759696941822767258e-03,6.372417043894529516e-03,1.874305598903447390e-05,1.874305598903447390e-05
2.535465478897094727e+00,2.655473709106445312e+00,2.535484313964843750e+00,2.655492544174194336e+00,7.546953558921813965e-01,8.008019447326659712e-01,8.912599682807922363e-01,9.205011248588561568e-01,5.404452681541442871e-01,6.120994389057159424e-01,3.470617234706878662e-01,3.192492932081222312e-01,2.003100235015153885e-03,2.821904071606695479e-03,1.871974927780684084e-05,1.871974927780684084e-05
2.706079959869384766e+00,2.657823133468627752e+00,2.706098556518554688e+00,2.657841730117797674e+00,7.926685214042663574e-01,8.059058725833893044e-01,9.204789996147155762e-01,9.171682596206665039e-01,6.395494937896728516e-01,6.144691526889800581e-01,3.514056503772735596e-01,3.161664605140686035e-01,1.977387117221951485e-03,4.113466013222932816e-03,1.870893902378156781e-05,1.870893902378156781e-05
4.177089691162109375e+00,2.681971812248229892e+00,4.177108287811279297e+00,2.681990408897399814e+00,8.400803208351135254e-01,8.084998786449432151e-01,9.184296131134033203e-01,9.174255907535553423e-01,2.061418294906616211e+00,6.118180274963378462e-01,3.317464590072631836e-01,3.237130612134933583e-01,2.541492506861686707e-02,2.051526177674532075e-02,1.869202969828620553e-05,1.869202969828620553e-05
2.569358587265014648e+00,2.724827742576599210e+00,2.569377183914184570e+00,2.724846339225769132e+00,8.174650073051452637e-01,8.046779096126556174e-01,9.294158220291137695e-01,9.258447408676147017e-01,4.731689989566802979e-01,6.334951400756836382e-01,3.362796902656555176e-01,3.435619682073592918e-01,1.302912645041942596e-02,1.724797319620847633e-02,1.866850107035133988e-05,1.866850107035133988e-05
2.583412170410156250e+00,2.699653506278991699e+00,2.583430767059326172e+00,2.699672102928161621e+00,8.382924199104309082e-01,8.026067435741424116e-01,9.506800770759582520e-01,9.178503096103668435e-01,4.745783805847167969e-01,6.313181996345520464e-01,3.172105848789215088e-01,3.437035232782363892e-01,2.650713548064231873e-03,4.174730507656931877e-03,1.865211925178300589e-05,1.865211925178300589e-05
2.819604158401489258e+00,2.690057897567748935e+00,2.819622755050659180e+00,2.690076494216918856e+00,7.883374691009521484e-01,8.021665990352631059e-01,9.099914431571960449e-01,9.205390751361847146e-01,7.479336261749267578e-01,6.172046482563018355e-01,3.642646968364715576e-01,3.419662564992904663e-01,9.076885879039764404e-03,8.181335311383009304e-03,1.862763383542187512e-05,1.862763383542187512e-05
2.488191127777099609e+00,2.701078104972839178e+00,2.488209724426269531e+00,2.701096701622009100e+00,8.290107846260070801e-01,8.099231779575347678e-01,9.579502940177917480e-01,9.171843051910399947e-01,4.355252683162689209e-01,6.229390263557433860e-01,2.571318745613098145e-01,3.386693179607391246e-01,8.573027327656745911e-03,1.236222553998231853e-02,1.860700467659626156e-05,1.860700467659626156e-05
2.493377923965454102e+00,2.681649875640869318e+00,2.493396520614624023e+00,2.681668472290039240e+00,7.447539567947387695e-01,8.038510739803313987e-01,8.660484552383422852e-01,9.162545442581176980e-01,4.543249011039733887e-01,6.219633638858794722e-01,4.235964119434356689e-01,3.355496644973754994e-01,4.654283635318279266e-03,4.031203780323266636e-03,1.857865208876319230e-05,1.857865208876319230e-05
2.522998094558715820e+00,2.683902454376220881e+00,2.523016691207885742e+00,2.683921051025390803e+00,7.814117074012756348e-01,7.987835645675659402e-01,8.904633522033691406e-01,9.186943769454956055e-01,4.695645868778228760e-01,6.233509838581084983e-01,3.796330690383911133e-01,3.407601416110992432e-01,1.925208372995257378e-03,2.313416288234293634e-03,1.855569280451163650e-05,1.855569280451163650e-05
2.469125986099243164e+00,2.727269339561462225e+00,2.469144582748413086e+00,2.727287936210632147e+00,7.467308044433593750e-01,8.153589785099029097e-01,9.174449443817138672e-01,9.145291268825530562e-01,4.645608365535736084e-01,6.320368230342865434e-01,3.360519409179687500e-01,3.543422758579254372e-01,4.337513819336891174e-03,1.100221080705523526e-02,1.853377034422010183e-05,1.853377034422010183e-05
2.585741043090820312e+00,2.704161381721496671e+00,2.585759639739990234e+00,2.704179978370666593e+00,8.023415207862854004e-01,8.063922107219696489e-01,8.638787269592285156e-01,9.131894052028656228e-01,4.545777142047882080e-01,6.214416146278380904e-01,4.582343399524688721e-01,3.573418289422988781e-01,6.708880420774221420e-03,5.796341365203261722e-03,1.850802800618112087e-05,1.850802800618112087e-05
2.574639320373535156e+00,2.724391651153564631e+00,2.574657917022705078e+00,2.724410247802734553e+00,8.658168911933898926e-01,8.097962617874145952e-01,9.496122598648071289e-01,9.131722331047058550e-01,4.488296508789062500e-01,6.224523365497589555e-01,2.954614758491516113e-01,3.582455456256866677e-01,1.491914503276348114e-02,2.072521038353443076e-02,1.850033004302531481e-05,1.850033004302531481e-05
2.765650272369384766e+00,2.706156635284423739e+00,2.765668630599975586e+00,2.706174993515014560e+00,7.639874219894409180e-01,8.011939764022827370e-01,8.978157043457031250e-01,9.152266442775726096e-01,7.250280380249023438e-01,6.253093421459198220e-01,3.715052008628845215e-01,3.584717422723769920e-01,7.313619833439588547e-03,5.954939965158700596e-03,1.847588646342046559e-05,1.847588646342046559e-05
2.616673707962036133e+00,2.696637821197509943e+00,2.616692066192626953e+00,2.696656179428100764e+00,7.915337681770324707e-01,7.989869534969329390e-01,9.120861887931823730e-01,9.122568905353546365e-01,5.661323666572570801e-01,6.203980505466460960e-01,3.436791598796844482e-01,3.625269204378128163e-01,3.242177655920386314e-03,2.469022176228463650e-03,1.844721555244177580e-05,1.844721555244177580e-05
3.312420368194580078e+00,2.716588592529296964e+00,3.312438726425170898e+00,2.716606950759887784e+00,8.117023706436157227e-01,8.030780076980590376e-01,9.176574945449829102e-01,9.120012938976287398e-01,1.232094287872314453e+00,6.264517009258270264e-01,3.421489596366882324e-01,3.681119412183761486e-01,8.817153982818126678e-03,6.945577450096607208e-03,1.842296114773489535e-05,1.842296114773489535e-05
2.712130069732666016e+00,2.699509596824646085e+00,2.712148427963256836e+00,2.699527955055236905e+00,8.101679682731628418e-01,7.995107650756836382e-01,9.268679618835449219e-01,9.156734287738800271e-01,6.645839810371398926e-01,6.228237211704253928e-01,3.069498538970947266e-01,3.578660070896148571e-01,3.560215467587113380e-03,3.635628661140799349e-03,1.839621836552396417e-05,1.839621836552396417e-05
2.801223993301391602e+00,2.691683101654052557e+00,2.801242351531982422e+00,2.691701459884643377e+00,7.505182623863220215e-01,7.990149080753325972e-01,8.742030262947082520e-01,9.127364277839660200e-01,7.678208947181701660e-01,6.214958965778351052e-01,4.064963459968566895e-01,3.565544396638870017e-01,2.185627119615674019e-03,1.881526841316372156e-03,1.837342279031872749e-05,1.837342279031872749e-05
2.806263446807861328e+00,2.716368174552917569e+00,2.806281805038452148e+00,2.716386532783508390e+00,8.135988116264343262e-01,7.998064339160919634e-01,9.376937747001647949e-01,9.127940595149993674e-01,7.251832485198974609e-01,6.352321743965149148e-01,3.270300924777984619e-01,3.655156314373016468e-01,2.757480368018150330e-03,3.019856731407344428e-03,1.835228613344952464e-05,1.835228613344952464e-05
3.154286146163940430e+00,2.748609495162964045e+00,3.154304504394531250e+00,2.748627853393554865e+00,8.117086291313171387e-01,8.007515549659729448e-01,9.102016687393188477e-01,9.177563548088073508e-01,1.072304010391235352e+00,6.641633927822112593e-01,3.570589423179626465e-01,3.612419426441192405e-01,3.012824337929487228e-03,4.696248658001422535e-03,1.832569250836968422e-05,1.832569250836968422e-05
2.524058103561401367e+00,2.720985865592956632e+00,2.524076461791992188e+00,2.721004223823547452e+00,7.910218834877014160e-01,8.001526713371276411e-01,9.182258844375610352e-01,9.138411641120910422e-01,4.390622973442077637e-01,6.412402629852295144e-01,3.699904680252075195e-01,3.586655408143997192e-01,5.757567938417196274e-03,7.086202548816799944e-03,1.829808024922385812e-05,1.829808024922385812e-05
2.762623310089111328e+00,2.717376804351806729e+00,2.762641668319702148e+00,2.717395162582397550e+00,8.480030298233032227e-01,7.996612191200256348e-01,9.315959811210632324e-01,9.151889443397521751e-01,6.364874243736267090e-01,6.264583230018615501e-01,3.351055979728698730e-01,3.596563398838042991e-01,1.143129914999008179e-02,1.641198378056287627e-02,1.827759842853993177e-05,1.827759842853993177e-05
2.634681940078735352e+00,2.721937441825866610e+00,2.634700298309326172e+00,2.721955800056457431e+00,7.479662299156188965e-01,7.984389007091522439e-01,8.496624231338500977e-01,9.145322084426880105e-01,6.064139008522033691e-01,6.389688313007354514e-01,4.091130495071411133e-01,3.595810920000076516e-01,2.152659930288791656e-02,1.041646143421530793e-02,1.826934021664783359e-05,1.826934021664783359e-05
2.818976640701293945e+00,2.757412290573120206e+00,2.818994998931884766e+00,2.757430648803711026e+00,7.902474999427795410e-01,8.215750455856323242e-01,9.184869527816772461e-01,9.131472647190094216e-01,6.180712580680847168e-01,6.377893567085266557e-01,4.791475832462310791e-01,3.611768305301666371e-01,1.302302163094282150e-02,2.372384145855903695e-02,1.824971695896238089e-05,1.824971695896238089e-05
2.510248899459838867e+00,2.723680162429809481e+00,2.510267019271850586e+00,2.723698282241821200e+00,8.365178704261779785e-01,7.971775054931640181e-01,9.198238849639892578e-01,9.237877011299133745e-01,4.479217529296875000e-01,6.613912940025329368e-01,3.021864593029022217e-01,3.379848897457122803e-01,3.798999590799212456e-03,3.338774992153048602e-03,1.822394915507175028e-05,1.822394915507175028e-05
2.724776506423950195e+00,2.734906005859374822e+00,2.724794626235961914e+00,2.734924125671386541e+00,7.834137082099914551e-01,8.081705749034882036e-01,9.032747149467468262e-01,9.148961067199706809e-01,6.810754537582397461e-01,6.638507246971130371e-01,3.507471978664398193e-01,3.430082052946090698e-01,6.265444681048393250e-03,4.980360530316830028e-03,1.819665521907154471e-05,1.819665521907154471e-05
2.488009452819824219e+00,2.702475905418395996e+00,2.488027572631835938e+00,2.702494025230407715e+00,7.578408718109130859e-01,8.009923815727233443e-01,8.786510229110717773e-01,9.146705567836761475e-01,4.579842388629913330e-01,6.342918276786804199e-01,3.905601203441619873e-01,3.485523879528045765e-01,2.973141614347696304e-03,3.968693432398140430e-03,1.817699194361921400e-05,1.817699194361921400e-05
2.610128641128540039e+00,2.724712204933166682e+00,2.610146760940551758e+00,2.724730324745178400e+00,7.356993556022644043e-01,7.995236039161681685e-01,9.147267341613769531e-01,9.144740045070648415e-01,6.735221743583679199e-01,6.525700688362121582e-01,2.842339277267456055e-01,3.561825335025787242e-01,1.946129254065454006e-03,1.962027477566152724e-03,1.815514406189322472e-05,1.815514406189322472e-05
2.587134122848510742e+00,2.745667386054992498e+00,2.587152242660522461e+00,2.745685505867004217e+00,7.930704951286315918e-01,8.071017205715179665e-01,9.131830334663391113e-01,9.182846546173095703e-01,4.931331276893615723e-01,6.508087873458862083e-01,3.794536590576171875e-01,3.559640794992446899e-01,8.293767459690570831e-03,1.350818350911140407e-02,1.812714799598325044e-05,1.812714799598325044e-05
3.092504024505615234e+00,2.727274441719055087e+00,3.092522144317626953e+00,2.727292561531066806e+00,7.392257452011108398e-01,7.958663940429687722e-01,8.970696926116943359e-01,9.158706128597259299e-01,1.135277032852172852e+00,6.556414484977721724e-01,3.189531862735748291e-01,3.580454200506210105e-01,1.978270011022686958e-03,1.850516500417143020e-03,1.810026515158824623e-05,1.810026515158824623e-05
2.541158676147460938e+00,2.735572624206542791e+00,2.541176795959472656e+00,2.735590744018554510e+00,7.844288349151611328e-01,8.056711614131927268e-01,8.787571787834167480e-01,9.122229099273682085e-01,4.539661407470703125e-01,6.533275783061981423e-01,4.171124696731567383e-01,3.593136548995971569e-01,6.894149817526340485e-03,5.037375772371887987e-03,1.807322769309394062e-05,1.807322769309394062e-05
2.533048152923583984e+00,2.750198030471801669e+00,2.533066272735595703e+00,2.750216150283813388e+00,7.972940802574157715e-01,8.020072638988494651e-01,9.302180409431457520e-01,9.144826233386993408e-01,4.629012942314147949e-01,6.715775430202484131e-01,3.406948447227478027e-01,3.593317151069641002e-01,1.939700916409492493e-03,2.798882802017033013e-03,1.804577732400503010e-05,1.804577732400503010e-05
2.484584808349609375e+00,2.742288565635681241e+00,2.484602928161621094e+00,2.742306685447692960e+00,7.722123861312866211e-01,7.971070706844329834e-01,8.784782290458679199e-01,9.143906116485596147e-01,4.839681982994079590e-01,6.662978768348694070e-01,3.449668586254119873e-01,3.604390770196914673e-01,4.959182348102331161e-03,4.053964978083968163e-03,1.804017301765270531e-05,1.804017301765270531e-05
2.605602979660034180e+00,2.758210182189941406e+00,2.605621099472045898e+00,2.758228302001953125e+00,7.972805500030517578e-01,8.007948875427246538e-01,9.330084919929504395e-01,9.252982914447784868e-01,4.832521080970764160e-01,6.743434369564056396e-01,3.895640373229980469e-01,3.535311460494995339e-01,2.497927751392126083e-03,4.242450371384621013e-03,1.801560574676841497e-05,1.801560574676841497e-05
2.520130157470703125e+00,2.702373719215393155e+00,2.520148038864135742e+00,2.702391600608825772e+00,8.051282167434692383e-01,7.962855458259582297e-01,9.308785796165466309e-01,9.179571986198424849e-01,4.651790559291839600e-01,6.426016867160797563e-01,3.166553378105163574e-01,3.430051535367965587e-01,2.289166441187262535e-03,2.524121338501572522e-03,1.798817538656294346e-05,1.798817538656294346e-05
2.566114425659179688e+00,2.717449522018432706e+00,2.566132307052612305e+00,2.717467403411865323e+00,7.749509811401367188e-01,8.078976988792418990e-01,9.375689029693603516e-01,9.223944664001464400e-01,4.682656824588775635e-01,6.282524108886718972e-01,3.685446083545684814e-01,3.354438871145248302e-01,1.678419858217239380e-02,2.346099130809307237e-02,1.796575088519603014e-05,1.796575088519603014e-05
2.527798175811767578e+00,2.714401078224182307e+00,2.527816057205200195e+00,2.714418959617614924e+00,8.194620013236999512e-01,7.998440384864806685e-01,8.960964083671569824e-01,9.245936572551727295e-01,4.508840143680572510e-01,6.457515239715576616e-01,3.540700972080230713e-01,3.395274072885513528e-01,7.285668980330228806e-03,4.684510361403227026e-03,1.793991395970806479e-05,1.793991395970806479e-05
2.686519145965576172e+00,2.705080842971801847e+00,2.686537027359008789e+00,2.705098724365234464e+00,8.079403042793273926e-01,8.030980467796325906e-01,9.293295145034790039e-01,9.180667042732238992e-01,6.461061239242553711e-01,6.392549932003021018e-01,2.958004176616668701e-01,3.396396517753600963e-01,7.342618890106678009e-03,5.021344451233744448e-03,1.790866554074455053e-05,1.790866554074455053e-05
2.412765502929687500e+00,2.679442715644836603e+00,2.412783384323120117e+00,2.679460597038269221e+00,7.948974967002868652e-01,8.034544408321380171e-01,9.523892402648925781e-01,9.225291490554810014e-01,4.441276788711547852e-01,6.244322896003723367e-01,2.175465375185012817e-01,3.242749094963073841e-01,3.804598003625869751e-03,4.751901561394334013e-03,1.788449662853963673e-05,1.788449662853963673e-05
2.767988443374633789e+00,2.691042065620422363e+00,2.768006324768066406e+00,2.691059947013854980e+00,8.466022610664367676e-01,8.143708109855651855e-01,9.185417890548706055e-01,9.202438771724701372e-01,6.333177089691162109e-01,6.324644446372985618e-01,3.669128119945526123e-01,3.195049166679382324e-01,2.613899065181612968e-03,4.458008566871285439e-03,1.785245149221736938e-05,1.785245149221736938e-05
2.906054735183715820e+00,2.691226577758789151e+00,2.906072616577148438e+00,2.691244459152221769e+00,7.905344963073730469e-01,8.010379314422607644e-01,9.276787638664245605e-01,9.191118776798248291e-01,8.091973662376403809e-01,6.402189373970031960e-01,3.738569617271423340e-01,3.254837006330489890e-01,4.787020850926637650e-03,5.374062480404973377e-03,1.782505751179996878e-05,1.782505751179996878e-05
2.372228384017944336e+00,2.679757618904113681e+00,2.372246265411376953e+00,2.679775500297546298e+00,7.729903459548950195e-01,7.987284660339355469e-01,9.183887243270874023e-01,9.178066015243530051e-01,4.501351714134216309e-01,6.333533763885498269e-01,2.276567220687866211e-01,3.279964923858642578e-01,3.057168098166584969e-03,1.872697356157004920e-03,1.780040111043490469e-05,1.780040111043490469e-05
2.494211435317993164e+00,2.690964460372924805e+00,2.494229316711425781e+00,2.690982341766357422e+00,7.512280344963073730e-01,8.003156721591949685e-01,8.914166092872619629e-01,9.230178236961364968e-01,4.755869209766387939e-01,6.335191190242767112e-01,3.680600225925445557e-01,3.289634883403778076e-01,7.919821888208389282e-03,5.148415639996528799e-03,1.779172089300118387e-05,1.779172089300118387e-05
2.527892827987670898e+00,2.678469872474670499e+00,2.527910709381103516e+00,2.678487753868103116e+00,7.896686792373657227e-01,8.010117709636688232e-01,9.338011145591735840e-01,9.212095558643340620e-01,4.939156174659729004e-01,6.287033200263977273e-01,3.081682920455932617e-01,3.232563734054565430e-01,2.339041791856288910e-03,4.288779525086283857e-03,1.776765020622406155e-05,1.776765020622406155e-05
2.447013378143310547e+00,2.688467121124267667e+00,2.447031021118164062e+00,2.688484764099121183e+00,8.535153865814208984e-01,7.999915003776549849e-01,9.317724108695983887e-01,9.191167712211608665e-01,4.280501604080200195e-01,6.474974036216736284e-01,2.308248281478881836e-01,3.192517817020416038e-01,2.850530203431844711e-03,2.609659871086478407e-03,1.774125303199980408e-05,1.774125303199980408e-05
2.538785457611083984e+00,2.749461722373962580e+00,2.538803100585937500e+00,2.749479365348816096e+00,8.320804834365844727e-01,8.365112781524658425e-01,9.049108624458312988e-01,9.211793363094329390e-01,4.370465278625488281e-01,6.251124143600463867e-01,3.380457162857055664e-01,3.199590682983398660e-01,2.670200355350971222e-02,4.669957123696803769e-02,1.771587449184153229e-05,1.771587449184153229e-05
2.579857826232910156e+00,2.705308556556701660e+00,2.579875469207763672e+00,2.705326199531555176e+00,7.397069931030273438e-01,8.002271592617035134e-01,8.935866355895996094e-01,9.209265708923339844e-01,6.475986242294311523e-01,6.443831741809844527e-01,2.827916741371154785e-01,3.329060435295104758e-01,1.617384143173694611e-02,6.865607714280486454e-03,1.770526068867184222e-05,1.770526068867184222e-05
2.872133493423461914e+00,2.736821627616882413e+00,2.872151136398315430e+00,2.736839270591735929e+00,7.946726679801940918e-01,8.091904819011688232e-01,8.933547139167785645e-01,9.219135999679565208e-01,7.215032577514648438e-01,6.586988091468810591e-01,4.553071856498718262e-01,3.384660214185714611e-01,7.295620162039995193e-03,8.552719373255968094e-03,1.770995550032239407e-05,1.770995550032239407e-05
2.583519697189331055e+00,2.719590044021606534e+00,2.583537340164184570e+00,2.719607686996460050e+00,8.517899513244628906e-01,8.019250750541686568e-01,9.767008423805236816e-01,9.328430235385894997e-01,4.714871942996978760e-01,6.619501650333404763e-01,2.806132733821868896e-01,3.185201257467270008e-01,2.928603207692503929e-03,4.351672623306513180e-03,1.769864138623233885e-05,1.769864138623233885e-05
2.472102880477905273e+00,2.726926064491272061e+00,2.472120523452758789e+00,2.726943707466125577e+00,7.924342155456542969e-01,8.138566434383391890e-01,9.234698414802551270e-01,9.253154456615447776e-01,4.429289400577545166e-01,6.637203633785248025e-01,3.063610196113586426e-01,3.138258039951324352e-01,6.908777169883251190e-03,1.020782571285963093e-02,1.766924469848163426e-05,1.766924469848163426e-05
2.509211301803588867e+00,2.713434696197509766e+00,2.509228944778442383e+00,2.713452339172363281e+00,7.888963818550109863e-01,8.099169671535492165e-01,9.398413300514221191e-01,9.235940992832183394e-01,4.543161988258361816e-01,6.617483913898467573e-01,3.230992555618286133e-01,3.143361479043960682e-01,3.058116883039474487e-03,3.839061618782579812e-03,1.764593616826459765e-05,1.764593616826459765e-05
2.588401794433593750e+00,2.679463458061218439e+00,2.588419437408447266e+00,2.679481101036071955e+00,7.997856140136718750e-01,8.058191359043120894e-01,9.083579182624816895e-01,9.249297857284546343e-01,6.331630349159240723e-01,6.389542162418365701e-01,2.427487522363662720e-01,3.066817194223404042e-01,4.346498753875494003e-03,3.078668005764484492e-03,1.761991552484687418e-05,1.761991552484687418e-05
2.523955345153808594e+00,2.674328708648681552e+00,2.523972988128662109e+00,2.674346351623535067e+00,7.551769018173217773e-01,8.025886416435241699e-01,9.091556072235107422e-01,9.226232409477234109e-01,6.074663400650024414e-01,6.425340235233306663e-01,2.488287687301635742e-01,3.044104337692260520e-01,3.327850950881838799e-03,2.172349649481475180e-03,1.760966188157908618e-05,1.760966188157908618e-05
2.544776439666748047e+00,2.676030302047729403e+00,2.544794082641601562e+00,2.676047945022582919e+00,7.763773798942565918e-01,8.016945540904998335e-01,8.911685347557067871e-01,9.213319659233093484e-01,5.822893977165222168e-01,6.508232414722442405e-01,2.932240664958953857e-01,3.006482183933257835e-01,1.717189326882362366e-03,1.532345579471439210e-03,1.758862345013767481e-05,1.758862345013767481e-05
2.490002393722534180e+00,2.665670228004455744e+00,2.490020036697387695e+00,2.665687870979309260e+00,8.201867938041687012e-01,8.024749696254730447e-01,9.123513698577880859e-01,9.220537900924682395e-01,4.736892282962799072e-01,6.378913938999175581e-01,2.776809334754943848e-01,2.979335486888885498e-01,6.094037089496850967e-03,5.316522391512990171e-03,1.756453275447711349e-05,1.756453275447711349e-05
2.482639074325561523e+00,2.671848893165588379e+00,2.482656717300415039e+00,2.671866536140441895e+00,7.905848026275634766e-01,8.041034758090972456e-01,9.145944714546203613e-01,9.222346127033234087e-01,4.871727526187896729e-01,6.470837354660033958e-01,2.858817577362060547e-01,2.949073046445846447e-01,4.405174404382705688e-03,3.519836440682411281e-03,1.753899596224073321e-05,1.753899596224073321e-05
2.586494207382202148e+00,2.680460333824157715e+00,2.586511611938476562e+00,2.680477738380432129e+00,7.575220465660095215e-01,8.022530496120452437e-01,9.087875485420227051e-01,9.207866132259369119e-01,7.153030037879943848e-01,6.615219235420226607e-01,2.024139463901519775e-01,2.944025993347167969e-01,2.467608079314231873e-03,1.496030867565423337e-03,1.751420859363861382e-05,1.751420859363861382e-05
2.877737045288085938e+00,2.664438438415527521e+00,2.877754449844360352e+00,2.664455842971801935e+00,8.426930904388427734e-01,8.108383655548095925e-01,9.549056291580200195e-01,9.244882166385650635e-01,8.590625524520874023e-01,6.371506273746490034e-01,2.193459272384643555e-01,2.894492894411087036e-01,1.729932613670825958e-03,2.511965576559305191e-03,1.749031980580184609e-05,1.749031980580184609e-05
2.656706094741821289e+00,2.660929012298583807e+00,2.656723499298095703e+00,2.660946416854858221e+00,7.688960433006286621e-01,8.041507065296172874e-01,8.854362368583679199e-01,9.217025697231292503e-01,6.745918989181518555e-01,6.447514295578002930e-01,3.242088854312896729e-01,2.870131582021713257e-01,3.573009278625249863e-03,3.311191103421151638e-03,1.746845373418182135e-05,1.746845373418182135e-05
2.528594970703125000e+00,2.670253634452819824e+00,2.528612375259399414e+00,2.670271039009094238e+00,8.226844668388366699e-01,8.029765665531158891e-01,9.449741244316101074e-01,9.226842343807220015e-01,4.500503838062286377e-01,6.532482028007506880e-01,3.087611794471740723e-01,2.887665629386901855e-01,2.124739577993750572e-03,2.578083286061883059e-03,1.744883047649636865e-05,1.744883047649636865e-05
2.381375074386596680e+00,2.669560813903808505e+00,2.381392478942871094e+00,2.669578218460082919e+00,8.035578727722167969e-01,8.076091408729553223e-01,9.133660793304443359e-01,9.213825345039368120e-01,4.316785037517547607e-01,6.500931739807128684e-01,2.296261489391326904e-01,2.853735476732254250e-01,3.146526869386434555e-03,5.102406861260533680e-03,1.742333552101626992e-05,1.742333552101626992e-05
2.416796207427978516e+00,2.685489463806152166e+00,2.416813611984252930e+00,2.685506868362426580e+00,7.853685021400451660e-01,8.103088021278381792e-01,8.900024890899658203e-01,9.218790709972382036e-01,4.352333843708038330e-01,6.548843860626221147e-01,2.970184683799743652e-01,2.913691580295562633e-01,9.173330850899219513e-03,7.048015203326940710e-03,1.739753861329518259e-05,1.739753861329518259e-05
2.580447196960449219e+00,2.676349115371704279e+00,2.580464601516723633e+00,2.676366519927978693e+00,8.326250910758972168e-01,8.091125845909118430e-01,9.465264678001403809e-01,9.187370955944060835e-01,5.632194280624389648e-01,6.445500612258910911e-01,2.288412004709243774e-01,2.936130315065383911e-01,9.235020726919174194e-03,1.033634310588240658e-02,1.739149956847541034e-05,1.739149956847541034e-05
2.524149894714355469e+00,2.673155903816223145e+00,2.524167299270629883e+00,2.673173308372497559e+00,7.688717842102050781e-01,8.046472012996673806e-01,9.253069162368774414e-01,9.394218027591705322e-01,5.910165309906005859e-01,6.484630644321441872e-01,2.356749475002288818e-01,2.743175685405730979e-01,3.279596567153930664e-03,6.306249648332595825e-03,1.737190905259922147e-05,1.737190905259922147e-05
2.823276996612548828e+00,2.647566127777099432e+00,2.823294401168823242e+00,2.647583532333373846e+00,7.907222509384155273e-01,8.103753983974456565e-01,9.083938002586364746e-01,9.281079173088073730e-01,8.294019103050231934e-01,6.363037347793578657e-01,2.893705666065216064e-01,2.698645502328872459e-01,5.388440098613500595e-03,2.914567827247083187e-03,1.734070792736019939e-05,1.734070792736019939e-05
2.440252065658569336e+00,2.665329003334045321e+00,2.440269470214843750e+00,2.665346407890319735e+00,8.238560557365417480e-01,8.193244040012359619e-01,9.586023092269897461e-01,9.225949287414551003e-01,4.327155649662017822e-01,6.462755739688873513e-01,2.231041342020034790e-01,2.729706317186355591e-01,1.973822480067610741e-03,4.163419175893068140e-03,1.731992779241409153e-05,1.731992779241409153e-05
2.385256052017211914e+00,2.664019870758056463e+00,2.385273456573486328e+00,2.664037275314330877e+00,7.430661320686340332e-01,7.997606992721557617e-01,9.215281009674072266e-01,9.275296270847320779e-01,4.552428722381591797e-01,6.559143126010894553e-01,2.602640688419342041e-01,2.765593349933624379e-01,5.154925864189863205e-03,4.255886748433112751e-03,1.729713949316646904e-05,1.729713949316646904e-05
2.544144153594970703e+00,2.678386116027831942e+00,2.544161319732666016e+00,2.678403282165527255e+00,8.635357022285461426e-01,8.070363640785217507e-01,9.213653802871704102e-01,9.231476604938506636e-01,4.411039948463439941e-01,6.699198246002197044e-01,3.128545284271240234e-01,2.733216017484664806e-01,5.284477490931749344e-03,4.960615048184990536e-03,1.727767630654852837e-05,1.727767630654852837e-05
2.474663972854614258e+00,2.644471549987792880e+00,2.474681138992309570e+00,2.644488716125488192e+00,8.233555555343627930e-01,8.034368991851806863e-01,9.239765405654907227e-01,9.235929250717163086e-01,4.561586678028106689e-01,6.374051034450530784e-01,2.672578394412994385e-01,2.760402560234069824e-01,3.915273584425449371e-03,3.996347286738454949e-03,1.725230686133727431e-05,1.725230686133727431e-05
2.575240135192871094e+00,2.639100670814514160e+00,2.575257301330566406e+00,2.639117836952209473e+00,8.016067147254943848e-01,8.035441458225249800e-01,9.057345390319824219e-01,9.301955640316009744e-01,5.508124232292175293e-01,6.295628249645233154e-01,3.038480877876281738e-01,2.653633862733840720e-01,1.323842070996761322e-02,1.043477151542901958e-02,1.722262823022902012e-05,1.722262823022902012e-05
2.764330387115478516e+00,2.659923791885375977e+00,2.764347553253173828e+00,2.659940958023071289e+00,8.071580529212951660e-01,8.137308895587921365e-01,9.082956910133361816e-01,9.284431517124176469e-01,7.867263555526733398e-01,6.542927503585815874e-01,2.554775774478912354e-01,2.565788075327873341e-01,6.672536022961139679e-03,6.878182990476489067e-03,1.719621650408953428e-05,1.719621650408953428e-05
2.552389144897460938e+00,2.617784714698791593e+00,2.552406311035156250e+00,2.617801880836486905e+00,7.926090359687805176e-01,8.064283013343811479e-01,9.228218197822570801e-01,9.263338148593902588e-01,5.486943125724792480e-01,6.259992301464081255e-01,2.862236797809600830e-01,2.569708347320556752e-01,2.040442079305648804e-03,2.052470797207206314e-03,1.717210216156672686e-05,1.717210216156672686e-05
2.857176780700683594e+00,2.642157816886901767e+00,2.857193946838378906e+00,2.642174983024597079e+00,8.053594827651977539e-01,8.025592565536499023e-01,9.304761290550231934e-01,9.286043584346771462e-01,8.730271458625793457e-01,6.523693144321441872e-01,2.456681430339813232e-01,2.563040599226951710e-01,2.645876258611679077e-03,2.320829452946782025e-03,1.716571205179207027e-05,1.716571205179207027e-05
2.471150159835815430e+00,2.634961342811584561e+00,2.471167325973510742e+00,2.634978508949279874e+00,8.476233482360839844e-01,8.079608976840972900e-01,9.456846714019775391e-01,9.315850198268890159e-01,4.596385061740875244e-01,6.308343648910522683e-01,2.150768637657165527e-01,2.602771967649459839e-01,3.126558149233460426e-03,4.303908627480268652e-03,1.713817073323298246e-05,1.713817073323298246e-05
2.647996187210083008e+00,2.633278942108154386e+00,2.648013353347778320e+00,2.633296108245849698e+00,7.764026522636413574e-01,8.096524953842163530e-01,9.122753143310546875e-01,9.325117945671081987e-01,6.997683644294738770e-01,6.357477843761444314e-01,2.566202580928802490e-01,2.524733945727348217e-01,2.929590409621596336e-03,2.893507154658436688e-03,1.711393269943073392e-05,1.711393269943073392e-05
2.540125608444213867e+00,2.608820962905883611e+00,2.540142774581909180e+00,2.608838129043578924e+00,7.922271490097045898e-01,8.070031166076659934e-01,9.294880032539367676e-01,9.295109868049621360e-01,5.574322938919067383e-01,6.194438874721527322e-01,2.586018741130828857e-01,2.490986332297325245e-01,2.375992015004158020e-03,3.764322190545499151e-03,1.709227763058152050e-05,1.709227763058152050e-05
2.379597902297973633e+00,2.595341730117797674e+00,2.379615068435668945e+00,2.595358896255492986e+00,7.581948637962341309e-01,8.116128206253051536e-01,9.198902845382690430e-01,9.336603760719299760e-01,4.558772146701812744e-01,5.987591743469238281e-01,2.398769110441207886e-01,2.470332309603691101e-01,5.758641287684440613e-03,4.276128392666578640e-03,1.706886177998967469e-05,1.706886177998967469e-05
2.532593011856079102e+00,2.591222095489501775e+00,2.532610177993774414e+00,2.591239261627197088e+00,8.175558447837829590e-01,8.167210996150970903e-01,9.232698678970336914e-01,9.303346276283264160e-01,4.573624432086944580e-01,5.945196628570557085e-01,3.318858146667480469e-01,2.463273748755455128e-01,2.519226865842938423e-03,3.319363319315016356e-03,1.704783790046349168e-05,1.704783790046349168e-05
2.412346839904785156e+00,2.631041884422302246e+00,2.412363767623901367e+00,2.631058812141418457e+00,7.903439998626708984e-01,8.172708570957183394e-01,9.114837646484375000e-01,9.311036407947540505e-01,4.264002144336700439e-01,6.278699278831482156e-01,2.797643542289733887e-01,2.500147596001625061e-01,4.354450851678848267e-03,4.782715579494833946e-03,1.702150620985776186e-05,1.702150620985776186e-05
2.386729955673217773e+00,2.608130455017089844e+00,2.386746883392333984e+00,2.608147382736206055e+00,8.105308413505554199e-01,8.144969701766967551e-01,9.335063695907592773e-01,9.315321803092956321e-01,4.261491298675537109e-01,6.105359792709350586e-01,2.145265638828277588e-01,2.493582934141159169e-01,2.016904996708035469e-03,2.207045862451195890e-03,1.699720451142638922e-05,1.699720451142638922e-05
2.414833307266235352e+00,2.596802616119384677e+00,2.414850234985351562e+00,2.596819543838500888e+00,8.104809522628784180e-01,8.140686988830566628e-01,9.224656820297241211e-01,9.284003973007202148e-01,4.284619688987731934e-01,6.022148907184601274e-01,2.519454061985015869e-01,2.495038688182830700e-01,1.479074941016733646e-03,2.614695974625646895e-03,1.697458901617210358e-05,1.697458901617210358e-05
2.518970012664794922e+00,2.634015274047851740e+00,2.518986940383911133e+00,2.634032201766967951e+00,7.677776813507080078e-01,8.170460164546966553e-01,9.362133145332336426e-01,9.279157042503356490e-01,5.922306180000305176e-01,6.351222753524780051e-01,2.175596505403518677e-01,2.475607633590698187e-01,5.189037881791591644e-03,6.370552815496921539e-03,1.694807906460482627e-05,1.694807906460482627e-05
2.504357576370239258e+00,2.621295261383056463e+00,2.504374504089355469e+00,2.621312189102172674e+00,8.143897056579589844e-01,8.088988542556763139e-01,9.203411340713500977e-01,9.314498901367187500e-01,5.105373859405517578e-01,6.334565520286560281e-01,2.566046714782714844e-01,2.452323257923126332e-01,2.484615892171859741e-03,2.257588785141706467e-03,1.694200545898638666e-05,1.694200545898638666e-05
2.374477386474609375e+00,2.614196228981017889e+00,2.374494314193725586e+00,2.614213156700134100e+00,8.023095130920410156e-01,8.149709105491638184e-01,9.205171465873718262e-01,9.322829604148864524e-01,3.816040754318237305e-01,6.167534053325652854e-01,2.632220685482025146e-01,2.421858802437782399e-01,6.824714131653308868e-03,8.003084687516093254e-03,1.691752186161465943e-05,1.691752186161465943e-05
2.514034509658813477e+00,2.693725419044494807e+00,2.514051437377929688e+00,2.693742346763611017e+00,7.364381551742553711e-01,8.419973373413085493e-01,8.950906395912170410e-01,9.469092667102814165e-01,5.510274767875671387e-01,6.295646607875824419e-01,3.179200887680053711e-01,2.489517554640769958e-01,1.355824992060661316e-02,2.630235590040683885e-02,1.689279088168404996e-05,1.689279088168404996e-05
2.489351034164428711e+00,2.668323731422424405e+00,2.489367961883544922e+00,2.668340659141540616e+00,8.560530543327331543e-01,8.267546117305755171e-01,9.574264287948608398e-01,9.269902527332305464e-01,4.504827260971069336e-01,6.430868566036224143e-01,2.157478332519531250e-01,2.614514052867889515e-01,9.641004726290702820e-03,1.004064381122589042e-02,1.687090662016998976e-05,1.687090662016998976e-05
2.526116132736206055e+00,2.629291415214538574e+00,2.526133060455322266e+00,2.629308342933654785e+00,7.794253826141357422e-01,8.071100950241089089e-01,9.182575941085815430e-01,9.255836308002471924e-01,6.177009344100952148e-01,6.378728270530700240e-01,2.075601965188980103e-01,2.567739427089691384e-01,3.171870019286870956e-03,1.950980245601385745e-03,1.684279413893818855e-05,1.684279413893818855e-05
2.348838567733764648e+00,2.656713414192199529e+00,2.348855495452880859e+00,2.656730341911315740e+00,7.405796647071838379e-01,8.089571416378020796e-01,9.068534374237060547e-01,9.263208091259003130e-01,4.634144008159637451e-01,6.550068676471709761e-01,2.327532619237899780e-01,2.604116827249526867e-01,5.237913224846124649e-03,6.016869097948074341e-03,1.681453795754350722e-05,1.681453795754350722e-05
2.453319787979125977e+00,2.648328280448913663e+00,2.453336477279663086e+00,2.648344969749450772e+00,8.046425580978393555e-01,8.138278603553772417e-01,9.268028736114501953e-01,9.304997563362121804e-01,4.563885033130645752e-01,6.360031425952911155e-01,2.602828443050384521e-01,2.587052553892135731e-01,5.202926229685544968e-03,9.292282722890376698e-03,1.678820262895897031e-05,1.678820262895897031e-05
2.537634849548339844e+00,2.630461764335632502e+00,2.537651538848876953e+00,2.630478453636169611e+00,8.394910097122192383e-01,8.146533071994781494e-01,9.774096012115478516e-01,9.308152437210083230e-01,5.000849962234497070e-01,6.256039798259734885e-01,2.163271754980087280e-01,2.552232667803764343e-01,4.322067368775606155e-03,4.165885807015001947e-03,1.676498322922270745e-05,1.676498322922270745e-05
2.548345804214477539e+00,2.646755003929138095e+00,2.548362493515014648e+00,2.646771693229675204e+00,7.787631750106811523e-01,8.100180983543395774e-01,8.986157178878784180e-01,9.260293900966644065e-01,5.734753012657165527e-01,6.492489457130432573e-01,2.962380349636077881e-01,2.598975747823715210e-01,1.253488706424832344e-03,1.560966379474848465e-03,1.674809027463197708e-05,1.674809027463197708e-05
2.524780273437500000e+00,2.636201953887939542e+00,2.524796962738037109e+00,2.636218643188476651e+00,8.128770589828491211e-01,8.086714804172515647e-01,9.014444947242736816e-01,9.231401026248932107e-01,4.870563447475433350e-01,6.388176381587982178e-01,3.211702108383178711e-01,2.637161642313003429e-01,2.232023980468511581e-03,1.856552623212337451e-03,1.672131475061178207e-05,1.672131475061178207e-05
2.550981283187866211e+00,2.665361738204956144e+00,2.550997972488403320e+00,2.665378427505493253e+00,8.419613838195800781e-01,8.139088869094848189e-01,9.416817426681518555e-01,9.258224427700042503e-01,4.843826293945312500e-01,6.592751741409301758e-01,2.813850641250610352e-01,2.640000641345977561e-01,1.570427673868834972e-03,2.355094859376549808e-03,1.671294194238726050e-05,1.671294194238726050e-05
2.497742891311645508e+00,2.664011311531067072e+00,2.497759580612182617e+00,2.664028000831604182e+00,8.338020443916320801e-01,8.094149768352508767e-01,9.635561108589172363e-01,9.327554106712341309e-01,4.845446348190307617e-01,6.548121213912964089e-01,2.135962992906570435e-01,2.636940509080886730e-01,2.243772381916642189e-03,3.334738989360630599e-03,1.668891309236641973e-05,1.668891309236641973e-05
2.570800542831420898e+00,2.637521338462829767e+00,2.570817232131958008e+00,2.637538027763366877e+00,8.630414605140686035e-01,8.197430670261383057e-01,9.421125650405883789e-01,9.249937772750854714e-01,4.694795906543731689e-01,6.191831648349761519e-01,2.918693721294403076e-01,2.656073033809661643e-01,4.297598730772733688e-03,7.994019519537686955e-03,1.666122989263385534e-05,1.666122989263385534e-05
2.503575563430786133e+00,2.748145532608032404e+00,2.503592252731323242e+00,2.748162221908569514e+00,8.248401880264282227e-01,8.457257449626922607e-01,9.217780232429504395e-01,9.442879319190978782e-01,4.365285336971282959e-01,6.364714384078979936e-01,2.924378812313079834e-01,2.642852813005447388e-01,2.799108251929283142e-02,5.737515389919280867e-02,1.663242255744989961e-05,1.663242255744989961e-05
2.431028366088867188e+00,2.633850193023681729e+00,2.431045055389404297e+00,2.633866882324218839e+00,7.934696078300476074e-01,8.069259524345397949e-01,9.206008911132812500e-01,9.262015700340271440e-01,4.359290897846221924e-01,6.362422823905944380e-01,2.780848145484924316e-01,2.606888413429260254e-01,2.944035455584526062e-03,3.791539208032190886e-03,1.660634188738185912e-05,1.660634188738185912e-05
2.464902639389038086e+00,2.664969325065612793e+00,2.464919328689575195e+00,2.664986014366149902e+00,8.298347592353820801e-01,8.141617417335510476e-01,9.517319202423095703e-01,9.277786731719970259e-01,4.392204284667968750e-01,6.613721787929535134e-01,2.394474446773529053e-01,2.583615362644195446e-01,4.668158479034900665e-03,3.295217291451990604e-03,1.658217843214515597e-05,1.658217843214515597e-05
4.301879882812500000e+00,2.657249999046325861e+00,4.301896572113037109e+00,2.657266449928283869e+00,7.878441214561462402e-01,8.059807479381561057e-01,9.213810563087463379e-01,9.246091961860656294e-01,2.358297586441040039e+00,6.602476477622986062e-01,2.230386883020401001e-01,2.587080389261245950e-01,1.131813693791627884e-02,7.704322924837470055e-03,1.655634696362540126e-05,1.655634696362540126e-05
2.423192262649536133e+00,2.669366049766540350e+00,2.423208713531494141e+00,2.669382500648498358e+00,8.318578004837036133e-01,8.294524788856506570e-01,9.508418440818786621e-01,9.271350681781769243e-01,4.561499357223510742e-01,6.375789403915405051e-01,1.660451292991638184e-01,2.562417268753051647e-01,1.829741336405277252e-02,1.895786933600902488e-02,1.652767605264671147e-05,1.652767605264671147e-05
2.465006589889526367e+00,2.639237332344054998e+00,2.465023040771484375e+00,2.639253783226013006e+00,8.199212551116943359e-01,8.138246774673462136e-01,8.760049939155578613e-01,9.259719908237457053e-01,4.570810496807098389e-01,6.331125378608704057e-01,2.957659661769866943e-01,2.544832244515419228e-01,1.623344980180263519e-02,1.184493964537978138e-02,1.650113335927017033e-05,1.650113335927017033e-05
2.410553693771362305e+00,2.635561490058898837e+00,2.410570144653320312e+00,2.635577940940856845e+00,7.951474189758300781e-01,8.082487106323241743e-01,9.239141345024108887e-01,9.270632624626159446e-01,4.417526125907897949e-01,6.436205983161926714e-01,2.480156272649765015e-01,2.546184957027435303e-01,1.723880297504365444e-03,2.010377880651503801e-03,1.647357930778525770e-05,1.647357930778525770e-05
2.294856309890747070e+00,2.618064093589782537e+00,2.294872760772705078e+00,2.618080544471740545e+00,7.451527118682861328e-01,8.063618898391723411e-01,9.025429487228393555e-01,9.241748988628387673e-01,4.342085123062133789e-01,6.310831785202026811e-01,2.108306884765625000e-01,2.549743980169296154e-01,2.121459692716598511e-03,1.469776360318064776e-03,1.646705277380533516e-05,1.646705277380533516e-05
2.655176401138305664e+00,2.618681168556213468e+00,2.655192852020263672e+00,2.618697619438171476e+00,8.089569807052612305e-01,8.104985415935516135e-01,8.955789208412170410e-01,9.264825940132140891e-01,6.459016799926757812e-01,6.255747973918914795e-01,2.971223294734954834e-01,2.502447649836540000e-01,7.616427727043628693e-03,5.880484404042362993e-03,1.644187796046026051e-05,1.644187796046026051e-05
2.408084154129028320e+00,2.582487201690673917e+00,2.408100605010986328e+00,2.582503652572631925e+00,8.172785639762878418e-01,8.058044552803039773e-01,9.126676917076110840e-01,9.262485444545746072e-01,4.132148325443267822e-01,5.994361817836761919e-01,2.587805688381195068e-01,2.451897367835044750e-01,6.142572965472936630e-03,5.808271979913115328e-03,1.641256858420092613e-05,1.641256858420092613e-05
2.652799129486083984e+00,2.585593080520629972e+00,2.652815580368041992e+00,2.585609531402587979e+00,8.020874261856079102e-01,8.156565248966216597e-01,9.177716970443725586e-01,9.277348458766937478e-01,7.133446931838989258e-01,5.970882356166840044e-01,2.170747518539428711e-01,2.421207264065742548e-01,2.520627807825803757e-03,2.992771775461733428e-03,1.638579487917013466e-05,1.638579487917013466e-05
2.448049545288085938e+00,2.631416916847229004e+00,2.448065996170043945e+00,2.631433367729187012e+00,8.137881159782409668e-01,8.172468781471252663e-01,9.412190914154052734e-01,9.299001395702362061e-01,4.386311769485473633e-01,6.209415376186371294e-01,2.427151948213577271e-01,2.490377143025398199e-01,1.169610116630792618e-02,1.429061051458120277e-02,1.636191154830157757e-05,1.636191154830157757e-05
2.400649070739746094e+00,2.630923438072204412e+00,2.400665521621704102e+00,2.630939888954162420e+00,7.787840366363525391e-01,8.053608655929564986e-01,9.406589269638061523e-01,9.268649101257324663e-01,4.794896841049194336e-01,6.404136002063751665e-01,1.999253332614898682e-01,2.548255681991576926e-01,1.790929352864623070e-03,3.458540700376033609e-03,1.634222644497640431e-05,1.634222644497640431e-05
2.536935329437255859e+00,2.678285789489746271e+00,2.536951541900634766e+00,2.678302001953125178e+00,8.671598434448242188e-01,8.102226316928863303e-01,9.396237134933471680e-01,9.212771415710448997e-01,4.396478235721588135e-01,6.772116363048553689e-01,2.853666841983795166e-01,2.626413941383362038e-01,5.137115251272916794e-03,6.932968972250819206e-03,1.631615486985538155e-05,1.631615486985538155e-05
2.517572879791259766e+00,2.662259483337402255e+00,2.517589092254638672e+00,2.662275695800781161e+00,8.350335955619812012e-01,8.070135235786437544e-01,9.398953318595886230e-01,9.300278127193450928e-01,4.970899224281311035e-01,6.485875904560088889e-01,2.437560260295867920e-01,2.745645195245742798e-01,1.797865377739071846e-03,2.066034637391567057e-03,1.629443795536644757e-05,1.629443795536644757e-05
2.521279096603393555e+00,2.708877301216125577e+00,2.521295309066772461e+00,2.708893513679504483e+00,8.111752271652221680e-01,8.163523674011230469e-01,9.428718090057373047e-01,9.352527499198913796e-01,4.495139122009277344e-01,6.761672019958495650e-01,3.154474496841430664e-01,2.766022115945815929e-01,2.270963741466403008e-03,4.502789070829749281e-03,1.628894460736773908e-05,1.628894460736773908e-05
2.595077753067016602e+00,2.700281882286071689e+00,2.595093965530395508e+00,2.700298094749450595e+00,8.328695297241210938e-01,8.102760195732117143e-01,9.205954074859619141e-01,9.240101933479308860e-01,4.419590234756469727e-01,6.863693416118621382e-01,3.978416621685028076e-01,2.777321964502334484e-01,1.811977825127542019e-03,1.894184062257409009e-03,1.626687662792392075e-05,1.626687662792392075e-05
2.457109451293945312e+00,2.697578978538513361e+00,2.457125663757324219e+00,2.697595191001892267e+00,7.946222424507141113e-01,8.068378150463104692e-01,9.319620728492736816e-01,9.224131345748901589e-01,4.407371878623962402e-01,6.839217066764831099e-01,2.860864102840423584e-01,2.796471267938613892e-01,3.701688023284077644e-03,4.759188927710056478e-03,1.625907134439330548e-05,1.625907134439330548e-05
2.631382226943969727e+00,2.678706979751587003e+00,2.631398439407348633e+00,2.678723192214965909e+00,8.270366191864013672e-01,8.102034270763397439e-01,9.433035254478454590e-01,9.276898324489593062e-01,5.725753903388977051e-01,6.641660571098327859e-01,2.870546877384185791e-01,2.733927786350250355e-01,1.411960110999643803e-03,3.254897613078355963e-03,1.622918534849304706e-05,1.622918534849304706e-05
2.535294532775878906e+00,2.668617439270019709e+00,2.535310745239257812e+00,2.668633651733398615e+00,8.122742772102355957e-01,8.038645446300506370e-01,9.010766744613647461e-01,9.280785322189331055e-01,4.817014634609222412e-01,6.638308346271515337e-01,3.384800255298614502e-01,2.710936993360519298e-01,1.762210740707814693e-03,1.749807025771588130e-03,1.621082992642186582e-05,1.621082992642186582e-05
2.397602558135986328e+00,2.649951553344726651e+00,2.397618770599365234e+00,2.649967765808105558e+00,7.193917632102966309e-01,8.037113606929778831e-01,8.857833147048950195e-01,9.263105273246765581e-01,5.149638056755065918e-01,6.490997493267058882e-01,2.757241427898406982e-01,2.693818092346191295e-01,1.739529427140951157e-03,1.448109955526888457e-03,1.618953683646395802e-05,1.618953683646395802e-05
2.480577707290649414e+00,2.677298641204834073e+00,2.480593919754028320e+00,2.677314853668212979e+00,8.387090563774108887e-01,8.086866140365600586e-01,9.540944695472717285e-01,9.266272723674774392e-01,4.768633544445037842e-01,6.702491641044616699e-01,2.058712989091873169e-01,2.673977345228195079e-01,5.039429757744073868e-03,4.337788792327046394e-03,1.616491863387636840e-05,1.616491863387636840e-05
2.395667314529418945e+00,2.654511857032775701e+00,2.395683526992797852e+00,2.654528069496154608e+00,7.761303782463073730e-01,8.054422736167907715e-01,9.041426777839660645e-01,9.255945682525634766e-01,4.788697957992553711e-01,6.564112365245818870e-01,2.332876175642013550e-01,2.654220432043075673e-01,3.236794844269752502e-03,1.641744375228881923e-03,1.613757922314107418e-05,1.613757922314107418e-05
2.466627359390258789e+00,2.663540673255920588e+00,2.466643571853637695e+00,2.663556885719299494e+00,7.837099432945251465e-01,8.156153500080108865e-01,9.047022461891174316e-01,9.240344643592834917e-01,4.823638796806335449e-01,6.502451479434967485e-01,2.927836179733276367e-01,2.699440777301788108e-01,3.067692741751670837e-03,3.701664740219712257e-03,1.610764047654811293e-05,1.610764047654811293e-05
2.527549982070922852e+00,2.682486367225647150e+00,2.527565956115722656e+00,2.682502341270446955e+00,8.416469693183898926e-01,8.033297121524810569e-01,9.296910166740417480e-01,9.255055129528045876e-01,4.795295596122741699e-01,6.786951065063476785e-01,2.747798264026641846e-01,2.733075320720672607e-01,1.902521820738911629e-03,1.648554950952529820e-03,1.609043101780116558e-05,1.609043101780116558e-05
2.479897499084472656e+00,2.666718506813049228e+00,2.479913473129272461e+00,2.666734480857849032e+00,7.688949704170227051e-01,8.034156143665314165e-01,9.159337878227233887e-01,9.239759564399718794e-01,5.301059484481811523e-01,6.588894665241241677e-01,2.564478814601898193e-01,2.763583451509475930e-01,8.514856919646263123e-03,4.079164005815982819e-03,1.606568912393413484e-05,1.606568912393413484e-05
2.541026353836059570e+00,2.686074995994567782e+00,2.541042327880859375e+00,2.686090970039367587e+00,8.489955663681030273e-01,8.033905208110809770e-01,9.337672591209411621e-01,9.232945978641510232e-01,4.865970909595489502e-01,6.686149239540100098e-01,2.687548398971557617e-01,2.882309228181839100e-01,2.911905059590935707e-03,2.544021210633218375e-03,1.604119825060479343e-05,1.604119825060479343e-05
2.382944583892822266e+00,2.697178077697754084e+00,2.382960557937622070e+00,2.697194051742553889e+00,7.455567717552185059e-01,8.006889104843140093e-01,8.830274343490600586e-01,9.227017462253570557e-01,4.842821657657623291e-01,6.800473511219025102e-01,2.672556042671203613e-01,2.911240071058273093e-01,2.822621492668986320e-03,2.615991886705160054e-03,1.603305281605571508e-05,1.603305281605571508e-05
2.684146165847778320e+00,2.690799355506896973e+00,2.684162139892578125e+00,2.690815329551696777e+00,7.715761661529541016e-01,8.052915334701538086e-01,8.923934698104858398e-01,9.225192606449127419e-01,6.723935604095458984e-01,6.673533439636230025e-01,3.454205989837646484e-01,2.932240366935729980e-01,2.362153958529233932e-03,2.411254844628274267e-03,1.600478208274580538e-05,1.600478208274580538e-05
2.494980335235595703e+00,2.696815514564514071e+00,2.494996309280395508e+00,2.696831488609313876e+00,8.211267590522766113e-01,8.036966323852539062e-01,9.290007948875427246e-01,9.279588580131530318e-01,4.769858419895172119e-01,6.640970408916473389e-01,2.533293366432189941e-01,2.876432180404663308e-01,1.453764084726572037e-02,1.341969408094883034e-02,1.597787195350974798e-05,1.597787195350974798e-05
2.542232990264892578e+00,2.685764217376708896e+00,2.542248964309692383e+00,2.685780191421508700e+00,8.476732969284057617e-01,8.107679545879363792e-01,9.608472585678100586e-01,9.232391297817230669e-01,4.854513704776763916e-01,6.537676990032196267e-01,2.467291951179504395e-01,2.959231734275817871e-01,1.531801419332623482e-03,2.066313300747424538e-03,1.596214860910549760e-05,1.596214860910549760e-05
2.458718061447143555e+00,2.672400307655334650e+00,2.458734035491943359e+00,2.672416281700134455e+00,7.377532720565795898e-01,8.041059255599976030e-01,8.832848072052001953e-01,9.236188948154449019e-01,5.446745753288269043e-01,6.521177351474761741e-01,2.898485660552978516e-01,2.903015613555908203e-01,3.157005412504076958e-03,2.256192499771714211e-03,1.594089917489327490e-05,1.594089917489327490e-05
2.507356166839599609e+00,2.670921850204467596e+00,2.507372140884399414e+00,2.670937824249267400e+00,8.163461685180664062e-01,8.038028299808501753e-01,9.372934103012084961e-01,9.205362737178802712e-01,4.748560488224029541e-01,6.592048048973083718e-01,2.770872414112091064e-01,2.854406833648681641e-01,1.773271244019269943e-03,1.937286427710205230e-03,1.591166801517829299e-05,1.591166801517829299e-05
2.675958156585693359e+00,2.683655357360839933e+00,2.675974130630493164e+00,2.683671331405639737e+00,7.919520735740661621e-01,8.044560968875884566e-01,9.100441932678222656e-01,9.226789057254791704e-01,6.414256095886230469e-01,6.679902493953704390e-01,3.292234838008880615e-01,2.849295139312744141e-01,3.312780288979411125e-03,3.600580990314483556e-03,1.588316627021413296e-05,1.588316627021413296e-05
3.364842653274536133e+00,2.680160331726074041e+00,3.364858627319335938e+00,2.680176305770873846e+00,8.043104410171508789e-01,8.017238259315491167e-01,8.993734121322631836e-01,9.219998896121979204e-01,1.342340230941772461e+00,6.714085042476654053e-01,3.151597678661346436e-01,2.824834883213043213e-01,3.658812725916504860e-03,2.544610551558434876e-03,1.585615427757147700e-05,1.585615427757147700e-05
2.401284694671630859e+00,2.672387504577636630e+00,2.401300430297851562e+00,2.672403240203857333e+00,7.456254363059997559e-01,8.079203665256500244e-01,9.170522093772888184e-01,9.220075309276580811e-01,4.789713323116302490e-01,6.549775063991546409e-01,2.561548650264739990e-01,2.850876718759536854e-01,3.480806015431880951e-03,2.394442446529865265e-03,1.582939694344531745e-05,1.582939694344531745e-05
2.485450029373168945e+00,2.672982954978942782e+00,2.485465764999389648e+00,2.672998690605163485e+00,7.975543141365051270e-01,8.049487173557281494e-01,9.487399458885192871e-01,9.213210940361022949e-01,4.627684056758880615e-01,6.569069623947143555e-01,2.738908529281616211e-01,2.868751227855682595e-01,2.496460685506463051e-03,2.930990094318985852e-03,1.580747266416437924e-05,1.580747266416437924e-05
3.879775762557983398e+00,2.674033045768737793e+00,3.879791498184204102e+00,2.674048781394958496e+00,8.545119166374206543e-01,8.034870743751525435e-01,9.261554479598999023e-01,9.210777997970580611e-01,1.806461095809936523e+00,6.618452727794646995e-01,2.915979325771331787e-01,2.863143980503082275e-01,1.049585524015128613e-03,1.308540813624858856e-03,1.579793206474278122e-05,1.579793206474278122e-05
2.383085012435913086e+00,2.675138258934020907e+00,2.383100748062133789e+00,2.675153994560241610e+00,7.314648628234863281e-01,8.027111291885375977e-01,8.780032396316528320e-01,9.281072556972503884e-01,4.936895668506622314e-01,6.472912371158600076e-01,2.755213975906372070e-01,2.943399429321288951e-01,4.405634477734565735e-03,2.688631694763898676e-03,1.577297734911553562e-05,1.577297734911553562e-05
2.755140781402587891e+00,2.684325957298278720e+00,2.755156517028808594e+00,2.684341692924499423e+00,7.920514345169067383e-01,8.051401913166046365e-01,9.191058278083801270e-01,9.248866558074950728e-01,7.785040736198425293e-01,6.601001441478728804e-01,2.629452645778656006e-01,2.914770096540451050e-01,2.534240484237670898e-03,2.721900912001729098e-03,1.576638533151708543e-05,1.576638533151708543e-05
2.529570579528808594e+00,2.666690731048583896e+00,2.529586315155029297e+00,2.666706466674804599e+00,8.077778816223144531e-01,8.073498666286468284e-01,8.996235132217407227e-01,9.244270324707031250e-01,4.836745262145996094e-01,6.440478444099426714e-01,3.352376818656921387e-01,2.877701103687286266e-01,3.257039934396743774e-03,3.095920733176171953e-03,1.574470843479502946e-05,1.574470843479502946e-05
2.977127313613891602e+00,2.700601315498352140e+00,2.977143049240112305e+00,2.700617051124572843e+00,7.929754853248596191e-01,8.041581451892853005e-01,8.783357739448547363e-01,9.230632185935974121e-01,9.430457353591918945e-01,6.868831455707550271e-01,3.616669476032257080e-01,2.851057231426238903e-01,1.103376969695091248e-03,1.391041977331042246e-03,1.571649954712484032e-05,1.571649954712484032e-05
2.933073997497558594e+00,2.709909248352050604e+00,2.933089733123779297e+00,2.709924983978271307e+00,7.920432090759277344e-01,8.057003974914550559e-01,8.891233205795288086e-01,9.225508153438568559e-01,9.714865088462829590e-01,6.912235081195831077e-01,2.726100981235504150e-01,2.862907499074935913e-01,7.810906041413545609e-03,4.143845033831894051e-03,1.569546475366223603e-05,1.569546475366223603e-05
2.649251937866210938e+00,2.679996013641357422e+00,2.649267673492431641e+00,2.680011749267578125e+00,7.872638106346130371e-01,8.083515107631683572e-01,9.133963584899902344e-01,9.225743889808655229e-01,5.853570699691772461e-01,6.613316595554351585e-01,3.617566525936126709e-01,2.853575885295868142e-01,1.477902987971901894e-03,2.380816428922116583e-03,1.566598075442016125e-05,1.566598075442016125e-05
2.681113958358764648e+00,2.663673043251037598e+00,2.681129693984985352e+00,2.663688778877258301e+00,7.866469621658325195e-01,8.068426430225372759e-01,9.331408739089965820e-01,9.260023176670074685e-01,7.061741352081298828e-01,6.416093468666076438e-01,2.514159679412841797e-01,2.865462154150009155e-01,3.735980950295925140e-03,2.672521513886749744e-03,1.564027661515865475e-05,1.564027661515865475e-05
2.514338254928588867e+00,2.682009172439575373e+00,2.514353752136230469e+00,2.682024669647216975e+00,8.198735713958740234e-01,8.070610404014587624e-01,9.277338981628417969e-01,9.236032783985137495e-01,4.882702231407165527e-01,6.584996104240417036e-01,2.748873233795166016e-01,2.891630977392196655e-01,3.573165275156497955e-03,3.682087757624685764e-03,1.561308999953325838e-05,1.561308999953325838e-05
2.604471206665039062e+00,2.693766307830810725e+00,2.604486703872680664e+00,2.693781805038452326e+00,8.369832038879394531e-01,8.085628628730774370e-01,9.277539253234863281e-01,9.234622240066527876e-01,5.750364661216735840e-01,6.679728567600250466e-01,2.628568708896636963e-01,2.909722745418548695e-01,1.840540440753102303e-03,2.796099963597953406e-03,1.558609801577404141e-05,1.558609801577404141e-05
2.521851301193237305e+00,2.712316012382507413e+00,2.521866798400878906e+00,2.712331509590149015e+00,8.095312118530273438e-01,8.085142314434051736e-01,9.282245039939880371e-01,9.275513648986816184e-01,4.783953130245208740e-01,6.829669713973999245e-01,3.038113117218017578e-01,2.895769387483596580e-01,1.889053964987397194e-03,3.706497000530362216e-03,1.557949144626036286e-05,1.557949144626036286e-05
2.473809242248535156e+00,2.673878479003906072e+00,2.473824739456176758e+00,2.673893976211547674e+00,8.171765208244323730e-01,8.099763989448547363e-01,9.327610731124877930e-01,9.219554066658020020e-01,4.876754283905029297e-01,6.473289072513580544e-01,2.284295707941055298e-01,2.893944621086120828e-01,7.766694296151399612e-03,5.223289784044027502e-03,1.555070775793865323e-05,1.555070775793865323e-05
2.480054616928100586e+00,2.661819624900817693e+00,2.480070114135742188e+00,2.661835122108459295e+00,8.216910362243652344e-01,7.997996687889099565e-01,9.538181424140930176e-01,9.222815096378326194e-01,4.653939008712768555e-01,6.495766520500183550e-01,2.381379306316375732e-01,2.892239779233932717e-01,1.013760222122073174e-03,9.378718095831573009e-04,1.552440517116338015e-05,1.552440517116338015e-05
2.946333408355712891e+00,2.668246555328368963e+00,2.946348905563354492e+00,2.668262052536010565e+00,8.503292202949523926e-01,8.042885780334472212e-01,9.593445658683776855e-01,9.210018277168273704e-01,8.334071636199951172e-01,6.502322733402252641e-01,3.023238480091094971e-01,2.909118980169296265e-01,9.285605046898126602e-04,1.812027988489717288e-03,1.549423177493736148e-05,1.549423177493736148e-05
3.146750450134277344e+00,2.655317950248718084e+00,3.146765947341918945e+00,2.655333447456359686e+00,7.535707950592041016e-01,8.087538123130798562e-01,9.346872568130493164e-01,9.211205363273620161e-01,1.119428753852844238e+00,6.257425844669342041e-01,3.364985883235931396e-01,2.963656276464462502e-01,2.565119415521621704e-03,3.335405280813574704e-03,1.547380452393554151e-05,1.547380452393554151e-05
2.709031820297241211e+00,2.669907212257385254e+00,2.709047317504882812e+00,2.669922709465026855e+00,7.551186680793762207e-01,8.007996320724487527e-01,8.906372189521789551e-01,9.211270391941071001e-01,6.756244301795959473e-01,6.515703558921813743e-01,3.862945437431335449e-01,2.951509624719619862e-01,1.356865162961184978e-03,1.259182067587971644e-03,1.543821963423397392e-05,1.543821963423397392e-05
2.489608764648437500e+00,2.681671571731567560e+00,2.489624261856079102e+00,2.681687068939209162e+00,7.858596444129943848e-01,8.032396078109741433e-01,9.328481554985046387e-01,9.211998403072356734e-01,4.951282739639282227e-01,6.605038464069366011e-01,2.739059329032897949e-01,2.952763170003890880e-01,1.866562524810433388e-03,1.451989950146526012e-03,1.541227538837119937e-05,1.541227538837119937e-05
2.519243478775024414e+00,2.680509662628173917e+00,2.519258975982666016e+00,2.680525159835815519e+00,7.823095917701721191e-01,8.011813282966613325e-01,8.887906670570373535e-01,9.201236546039581743e-01,5.399266481399536133e-01,6.606822550296783669e-01,3.025216162204742432e-01,2.951387315988540649e-01,5.694909486919641495e-03,3.383692260831594380e-03,1.538621654617600143e-05,1.538621654617600143e-05
2.466692924499511719e+00,2.664722013473510565e+00,2.466708183288574219e+00,2.664737272262573065e+00,7.799827456474304199e-01,8.036591112613677979e-01,8.784045577049255371e-01,9.202101111412048784e-01,4.481496810913085938e-01,6.411423742771148460e-01,3.551848232746124268e-01,2.947410523891448864e-01,4.971308633685112000e-03,4.969405336305498730e-03,1.535488263471052051e-05,1.535488263471052051e-05
2.432439327239990234e+00,2.680519771575927912e+00,2.432454586029052734e+00,2.680535030364990412e+00,7.665965557098388672e-01,8.051680147647857222e-01,8.722016811370849609e-01,9.205466568470000999e-01,4.525163471698760986e-01,6.605775952339172363e-01,3.391841948032379150e-01,2.923567324876785167e-01,1.940472749993205070e-03,1.870759192388504700e-03,1.533597423986066133e-05,1.533597423986066133e-05
2.390254020690917969e+00,2.698937368392944514e+00,2.390269279479980469e+00,2.698952627182007014e+00,7.712178230285644531e-01,8.105634868144988570e-01,9.334710836410522461e-01,9.233556985855102539e-01,4.548740684986114502e-01,6.663866043090820312e-01,2.238604575395584106e-01,2.930711984634399303e-01,6.830341182649135590e-03,5.560375191271305431e-03,1.532371970824897289e-05,1.532371970824897289e-05
2.396358966827392578e+00,2.692162275314331055e+00,2.396374225616455078e+00,2.692177534103393555e+00,7.834470272064208984e-01,8.049056172370910867e-01,9.007323980331420898e-01,9.227704286575317827e-01,4.734714329242706299e-01,6.707982063293457253e-01,2.310492694377899170e-01,2.882197916507721058e-01,7.658726070076227188e-03,5.468170018866657864e-03,1.529113069409504533e-05,1.529113069409504533e-05
2.445838212966918945e+00,2.695145964622497559e+00,2.445853471755981445e+00,2.695161223411560059e+00,8.107800483703613281e-01,8.076354026794433372e-01,8.927092552185058594e-01,9.255681991577148215e-01,4.859470725059509277e-01,6.629795372486114724e-01,2.505545616149902344e-01,2.950872749090194813e-01,5.847245454788208008e-03,3.875546227209270174e-03,1.527006315882317722e-05,1.527006315882317722e-05
2.526832103729248047e+00,2.668379068374633789e+00,2.526847362518310547e+00,2.668394327163696289e+00,7.619944810867309570e-01,8.063019394874573198e-01,8.863664865493774414e-01,9.186737775802612527e-01,5.534930825233459473e-01,6.412082076072692649e-01,3.205291628837585449e-01,2.981061011552810780e-01,4.448949825018644333e-03,4.088981612585485155e-03,1.525760126241948456e-05,1.525760126241948456e-05
2.554088830947875977e+00,2.674331998825073331e+00,2.554104089736938477e+00,2.674347257614135831e+00,7.085064053535461426e-01,7.996806561946868674e-01,8.514361381530761719e-01,9.208485901355742964e-01,5.535122156143188477e-01,6.524845302104950173e-01,4.384218156337738037e-01,2.990545749664306752e-01,2.212225692346692085e-03,2.263692370615899389e-03,1.523923492641188204e-05,1.523923492641188204e-05
2.759419202804565430e+00,2.662008786201476962e+00,2.759434461593627930e+00,2.662024044990539462e+00,8.268531560897827148e-01,8.014355063438415305e-01,9.072676301002502441e-01,9.222144126892090066e-01,6.402874588966369629e-01,6.395708799362183061e-01,3.829117119312286377e-01,2.959197729825973622e-01,2.099318429827690125e-03,2.868214901536702936e-03,1.521552076155785471e-05,1.521552076155785471e-05
2.771250486373901367e+00,2.671145343780517489e+00,2.771265745162963867e+00,2.671160602569579989e+00,7.587043642997741699e-01,8.010985791683197244e-01,8.967779278755187988e-01,9.228046655654906782e-01,7.358019948005676270e-01,6.442566633224486861e-01,3.746640682220458984e-01,2.956891119480132835e-01,5.302095320075750351e-03,7.296300958842039108e-03,1.518443968961946666e-05,1.518443968961946666e-05
2.620843648910522461e+00,2.703686594963073730e+00,2.620858907699584961e+00,2.703701853752136230e+00,7.878623008728027344e-01,8.213493704795837846e-01,8.882203698158264160e-01,9.208661437034606490e-01,6.240856647491455078e-01,6.378966391086577925e-01,3.012867867946624756e-01,2.947307765483856423e-01,1.938868686556816101e-02,2.884369883686304162e-02,1.516208067187108099e-05,1.516208067187108099e-05
2.478687286376953125e+00,2.666166853904724299e+00,2.478702306747436523e+00,2.666181874275207697e+00,7.899366021156311035e-01,8.060595989227294922e-01,8.986092209815979004e-01,9.192459583282470703e-01,4.936300814151763916e-01,6.423372685909271018e-01,2.942883968353271484e-01,2.962271898984908947e-01,2.223105402663350105e-03,2.296828594990074461e-03,1.513333518232684582e-05,1.513333518232684582e-05
2.443628549575805664e+00,2.687237977981567383e+00,2.443643569946289062e+00,2.687252998352050781e+00,8.351475000381469727e-01,8.043629825115203857e-01,9.587141275405883789e-01,9.203902900218963179e-01,4.615884423255920410e-01,6.600753068923950195e-01,1.844654828310012817e-01,2.972547352313995583e-01,3.713096724823117256e-03,5.154637573286891157e-03,1.510775109636597335e-05,1.510775109636597335e-05
2.493411540985107422e+00,2.704982185363769442e+00,2.493426561355590820e+00,2.704997205734252841e+00,8.010995388031005859e-01,8.083792984485625999e-01,9.078507423400878906e-01,9.248580515384674516e-01,5.157989263534545898e-01,6.617882311344146506e-01,2.531085908412933350e-01,2.983363479375839011e-01,1.555401179939508438e-02,1.162027586251497199e-02,1.510115544078871608e-05,1.510115544078871608e-05
2.451043605804443359e+00,2.660697817802429199e+00,2.451058626174926758e+00,2.660712838172912598e+00,7.825607657432556152e-01,8.039868593215941939e-01,9.090176224708557129e-01,9.175697803497314675e-01,4.981276988983154297e-01,6.313807487487792525e-01,2.587224841117858887e-01,3.053443998098373524e-01,2.614877885207533836e-03,2.416010200977325613e-03,1.507313754700589925e-05,1.507313754700589925e-05
2.507031202316284180e+00,2.663218212127685725e+00,2.507046222686767578e+00,2.663233232498169123e+00,7.864303588867187500e-01,7.998726189136504683e-01,9.345371127128601074e-01,9.214377820491790327e-01,4.838361144065856934e-01,6.276464641094208208e-01,2.999375164508819580e-01,3.113176554441451915e-01,2.290108706802129745e-03,2.943602856248617172e-03,1.504380816186312586e-05,1.504380816186312586e-05
2.661239147186279297e+00,2.661366844177246005e+00,2.661254167556762695e+00,2.661381864547729403e+00,8.461605906486511230e-01,8.014842391014098677e-01,9.223605990409851074e-01,9.192602574825287087e-01,5.706426501274108887e-01,6.191867589950561523e-01,3.193141818046569824e-01,3.191276490688323975e-01,2.761071780696511269e-03,2.307979017496109096e-03,1.502962004451546818e-05,1.502962004451546818e-05
2.558399200439453125e+00,2.685710692405700595e+00,2.558414220809936523e+00,2.685725712776183993e+00,8.344333171844482422e-01,8.070706605911255327e-01,9.414931535720825195e-01,9.179023027420043501e-01,4.724461734294891357e-01,6.301474869251251221e-01,3.062697052955627441e-01,3.249540925025939941e-01,3.756948048248887062e-03,5.636150529608130282e-03,1.500657344877254218e-05,1.500657344877254218e-05
3.574443817138671875e+00,2.690975427627563477e+00,3.574458837509155273e+00,2.690990447998046875e+00,8.379614353179931641e-01,8.055252850055694136e-01,9.574385285377502441e-01,9.207617163658141646e-01,1.510120868682861328e+00,6.293299138545990212e-01,2.661441266536712646e-01,3.297993361949920765e-01,2.778934547677636147e-03,5.559184541925788099e-03,1.497568337072152644e-05,1.497568337072152644e-05
2.603170633316040039e+00,2.682396459579467596e+00,2.603185653686523438e+00,2.682411479949950994e+00,8.313105106353759766e-01,8.017961621284485085e-01,9.309142827987670898e-01,9.172586441040039285e-01,5.592234134674072266e-01,6.234423279762267844e-01,2.786956429481506348e-01,3.364806383848190086e-01,3.026748308911919594e-03,3.418688033707440073e-03,1.495114884164649993e-05,1.495114884164649993e-05
2.498155832290649414e+00,2.690090441703796298e+00,2.498170852661132812e+00,2.690105462074279696e+00,7.973564267158508301e-01,7.985516965389252153e-01,9.256158471107482910e-01,9.184623897075653298e-01,4.661715328693389893e-01,6.244227111339568648e-01,3.049190342426300049e-01,3.460990309715271107e-01,4.092909395694732666e-03,2.554546319879591552e-03,1.493865784141235054e-05,1.493865784141235054e-05
2.523121595382690430e+00,2.693099141120910645e+00,2.523136615753173828e+00,2.693114161491394043e+00,7.927746772766113281e-01,7.995940148830413818e-01,9.147581458091735840e-01,9.151332139968871848e-01,5.107426047325134277e-01,6.333656251430511697e-01,3.029778599739074707e-01,3.436381399631500133e-01,1.868253108114004135e-03,1.368173083756119100e-03,1.492006776970811188e-05,1.492006776970811188e-05
2.958090782165527344e+00,2.666954779624938876e+00,2.958105564117431641e+00,2.666969561576843173e+00,8.100598454475402832e-01,8.057039260864258257e-01,9.064821004867553711e-01,9.144029557704925759e-01,9.409825205802917480e-01,6.051834523677825928e-01,2.964202165603637695e-01,3.387951701879501343e-01,4.146134946495294571e-03,2.869304060004651460e-03,1.489876558480318636e-05,1.489876558480318636e-05
2.419601917266845703e+00,2.668400359153747736e+00,2.419616699218750000e+00,2.668415141105652033e+00,7.374651432037353516e-01,7.979500949382781760e-01,8.977460265159606934e-01,9.217608213424682839e-01,4.440181255340576172e-01,6.092160463333129439e-01,3.374502658843994141e-01,3.376080900430679099e-01,2.922382438555359840e-03,1.865376776549965143e-03,1.489023452450055629e-05,1.489023452450055629e-05
2.486152648925781250e+00,2.681980443000793635e+00,2.486167430877685547e+00,2.681995224952697932e+00,7.411093711853027344e-01,8.059441268444060835e-01,8.800977468490600586e-01,9.198700606822967085e-01,4.820638597011566162e-01,6.126813769340515581e-01,3.715957701206207275e-01,3.338088810443878285e-01,1.128589734435081482e-02,9.676050953567027699e-03,1.486311884946189821e-05,1.486311884946189821e-05
2.484474658966064453e+00,2.691253519058227628e+00,2.484489440917968750e+00,2.691268301010131925e+00,7.875444889068603516e-01,7.995613873004913108e-01,9.058067798614501953e-01,9.201164484024048074e-01,4.786294400691986084e-01,6.185013115406036155e-01,3.004896044731140137e-01,3.371085882186889426e-01,1.200447045266628265e-02,1.596575286239385744e-02,1.483664345869328827e-05,1.483664345869328827e-05
2.589448213577270508e+00,2.674363303184509100e+00,2.589462995529174805e+00,2.674378085136413397e+00,7.687790989875793457e-01,8.028112173080443892e-01,8.975768089294433594e-01,9.171072006225585715e-01,5.592488646507263184e-01,6.156070411205292192e-01,3.602927029132843018e-01,3.366993069648742676e-01,3.550756489858031273e-03,2.138530905358493502e-03,1.481786785006988794e-05,1.481786785006988794e-05
2.816792726516723633e+00,2.676541066169738858e+00,2.816807508468627930e+00,2.676555848121643155e+00,8.209238052368164062e-01,7.992291092872619851e-01,9.242665767669677734e-01,9.173127949237823708e-01,7.369351983070373535e-01,6.193015396595000777e-01,3.300978839397430420e-01,3.354241430759429821e-01,4.569213837385177612e-03,5.273527139797807087e-03,1.479100228607421741e-05,1.479100228607421741e-05
2.550493955612182617e+00,2.702855515480041326e+00,2.550508737564086914e+00,2.702870297431945623e+00,8.255184888839721680e-01,8.057591557502746804e-01,8.995729684829711914e-01,9.166504621505737749e-01,4.535362422466278076e-01,6.313396751880645530e-01,3.629602193832397461e-01,3.424367785453796276e-01,8.906142786145210266e-03,6.669480446726083409e-03,1.476436864322749898e-05,1.476436864322749898e-05
2.651917695999145508e+00,2.733075881004333407e+00,2.651932477951049805e+00,2.733090662956237704e+00,8.564589023590087891e-01,8.087416112422942671e-01,9.536708593368530273e-01,9.359096646308898704e-01,5.109403133392333984e-01,6.256263852119445801e-01,3.289891481399536133e-01,3.583979010581970215e-01,1.858576433733105659e-03,4.400316393002867699e-03,1.473868087487062439e-05,1.473868087487062439e-05
2.567520856857299805e+00,2.712626624107360662e+00,2.567535638809204102e+00,2.712641406059264959e+00,7.856450080871582031e-01,8.039119541645050049e-01,9.148861169815063477e-01,9.181482255458831565e-01,5.110463500022888184e-01,6.284571051597594993e-01,3.539960086345672607e-01,3.601424425840377697e-01,1.947490149177610874e-03,1.966882578562945041e-03,1.471928408136591315e-05,1.471928408136591315e-05
2.557546854019165039e+00,2.706758928298950373e+00,2.557561635971069336e+00,2.706773710250854670e+00,7.940375208854675293e-01,8.001660704612731934e-01,8.931497335433959961e-01,9.138584613800049272e-01,4.861007928848266602e-01,6.275800406932831033e-01,3.814923167228698730e-01,3.629032313823700173e-01,2.766677876934409142e-03,2.251180727034807118e-03,1.469862399972043931e-05,1.469862399972043931e-05
2.939798355102539062e+00,2.707263302803039728e+00,2.939813137054443359e+00,2.707278084754944025e+00,7.753418684005737305e-01,7.987306654453277810e-01,8.969222307205200195e-01,9.159775674343109131e-01,9.095811247825622559e-01,6.199016153812408891e-01,3.542460203170776367e-01,3.702121227979660034e-01,3.706920892000198364e-03,2.441357960924506101e-03,1.467188849346712232e-05,1.467188849346712232e-05
2.630161523818969727e+00,2.713113141059875666e+00,2.630176305770874023e+00,2.713127923011779963e+00,8.662115931510925293e-01,8.033101439476013628e-01,9.339899420738220215e-01,9.174136698246002641e-01,4.964069128036499023e-01,6.184997320175170676e-01,3.269856274127960205e-01,3.686780542135238425e-01,6.567525677382946014e-03,5.211557960137724876e-03,1.466323192289564759e-05,1.466323192289564759e-05
2.601953506469726562e+00,2.715099072456359952e+00,2.601968050003051758e+00,2.715113615989685147e+00,8.185310959815979004e-01,8.000409424304961714e-01,9.311766028404235840e-01,9.176488697528839555e-01,5.315182209014892578e-01,6.295541465282440408e-01,3.181919753551483154e-01,3.641029387712478860e-01,2.535557607188820839e-03,3.752178745344281197e-03,1.463578519178554416e-05,1.463578519178554416e-05
2.617093086242675781e+00,2.714316344261169522e+00,2.617107629776000977e+00,2.714330887794494718e+00,8.322300910949707031e-01,8.010054707527161089e-01,9.558827877044677734e-01,9.188759565353393777e-01,4.891248345375061035e-01,6.268170535564422385e-01,3.367570638656616211e-01,3.628426164388656727e-01,3.098539309576153755e-03,4.775171494111418377e-03,1.461125611967872828e-05,1.461125611967872828e-05
3.029422044754028320e+00,2.693162965774535955e+00,3.029436588287353516e+00,2.693177509307861150e+00,7.961592674255371094e-01,7.974210619926452859e-01,8.802155852317810059e-01,9.154038846492766890e-01,8.467206954956054688e-01,6.170280516147613747e-01,5.050918459892272949e-01,3.614916563034057395e-01,1.234451308846473694e-03,1.818302448373287873e-03,1.459202030673623085e-05,1.459202030673623085e-05
2.468434810638427734e+00,2.701917457580566229e+00,2.468449354171752930e+00,2.701932001113891424e+00,8.390127420425415039e-01,8.011853516101836714e-01,9.240726232528686523e-01,9.162566661834716797e-01,4.544737637042999268e-01,6.235190689563750999e-01,2.444518357515335083e-01,3.565766721963882224e-01,6.423968821763992310e-03,4.379816679283976208e-03,1.456066820537671447e-05,1.456066820537671447e-05
2.905086517333984375e+00,2.666212224960327060e+00,2.905101060867309570e+00,2.666226768493652255e+00,7.720124721527099609e-01,7.978306651115417703e-01,9.166619777679443359e-01,9.143890202045440452e-01,9.235892295837402344e-01,6.027462720870971902e-01,2.907364368438720703e-01,3.484342187643051370e-01,2.086468273773789406e-03,2.812049444764852611e-03,1.453449112887028605e-05,1.453449112887028605e-05
2.964614868164062500e+00,2.704201889038086115e+00,2.964629411697387695e+00,2.704216432571411310e+00,7.780015468597412109e-01,8.102349877357483132e-01,9.298055768013000488e-01,9.218087136745453103e-01,9.386769533157348633e-01,6.146683156490325706e-01,3.077107369899749756e-01,3.391683757305145042e-01,1.042029634118080139e-02,1.832148004323243956e-02,1.451011303288396448e-05,1.451011303288396448e-05
2.479108333587646484e+00,2.679897952079772772e+00,2.479122877120971680e+00,2.679912495613097967e+00,7.903507351875305176e-01,8.032929182052612749e-01,9.375244975090026855e-01,9.293150365352630393e-01,4.893589615821838379e-01,6.105900704860687256e-01,2.572357952594757080e-01,3.329225808382034191e-01,4.638327751308679581e-03,3.777267946861684496e-03,1.448726106900721788e-05,1.448726106900721788e-05
2.663925170898437500e+00,2.663962411880492986e+00,2.663939714431762695e+00,2.663976955413818182e+00,8.050404787063598633e-01,7.994833171367645708e-01,9.395686984062194824e-01,9.216149032115936723e-01,5.513297319412231445e-01,6.170056581497191939e-01,3.642661869525909424e-01,3.228625714778899924e-01,3.720125649124383926e-03,2.995958575047552499e-03,1.446013175154803321e-05,1.446013175154803321e-05
2.577365636825561523e+00,2.687881875038146795e+00,2.577380180358886719e+00,2.687896418571471990e+00,8.063654899597167969e-01,8.116161644458770308e-01,9.284145832061767578e-01,9.255010843276977317e-01,5.330235362052917480e-01,6.122950732707976851e-01,2.964003980159759521e-01,3.190820246934890636e-01,1.316157169640064240e-02,1.938750687986612320e-02,1.442738175683189183e-05,1.442738175683189183e-05
2.520699262619018555e+00,2.665392899513244540e+00,2.520713567733764648e+00,2.665407204627990634e+00,7.950015068054199219e-01,8.086733102798462358e-01,9.183347225189208984e-01,9.193008363246917281e-01,4.505389332771301270e-01,6.059958696365356223e-01,3.434951305389404297e-01,3.190168321132659801e-01,1.332894247025251389e-02,1.240610387176275219e-02,1.441938729840330780e-05,1.441938729840330780e-05
2.584486007690429688e+00,2.675083279609680176e+00,2.584500312805175781e+00,2.675097584724426270e+00,8.308510780334472656e-01,8.083373665809631126e-01,9.509217143058776855e-01,9.215422153472900835e-01,4.405017495155334473e-01,6.287525057792663352e-01,3.594976961612701416e-01,3.135916590690612793e-01,2.713577356189489365e-03,2.859548805281519803e-03,1.439691368432249874e-05,1.439691368432249874e-05
2.359079122543334961e+00,2.653708791732788175e+00,2.359093427658081055e+00,2.653723096847534269e+00,7.929569482803344727e-01,8.016834080219268355e-01,9.332097768783569336e-01,9.178108632564544456e-01,4.332154691219329834e-01,6.203759551048279031e-01,1.977149546146392822e-01,3.123721778392791748e-01,1.981930341571569443e-03,1.466431980952620593e-03,1.437265927961561829e-05,1.437265927961561829e-05
3.439189434051513672e+00,2.652855610847473233e+00,3.439203739166259766e+00,2.652869915962219327e+00,8.001484870910644531e-01,8.019853353500365767e-01,9.368754625320434570e-01,9.242610812187195268e-01,1.402374863624572754e+00,6.096311628818511519e-01,2.927785813808441162e-01,3.092509955167770386e-01,7.012119982391595840e-03,7.727037277072667729e-03,1.434533623978495598e-05,1.434533623978495598e-05
2.751268148422241211e+00,2.652979803085327326e+00,2.751282453536987305e+00,2.652994108200073420e+00,8.166514635086059570e-01,8.048867166042328325e-01,9.198114871978759766e-01,9.223571717739105225e-01,7.556264996528625488e-01,6.245239317417144997e-01,2.567199170589447021e-01,2.992271035909652710e-01,2.458807313814759254e-03,1.984872366301715461e-03,1.431521559425164014e-05,1.431521559425164014e-05
2.681564569473266602e+00,2.656678414344787686e+00,2.681578874588012695e+00,2.656692719459533780e+00,7.316632866859436035e-01,8.043981790542602539e-01,8.733014464378356934e-01,9.246330976486205611e-01,7.944876551628112793e-01,6.301537215709686057e-01,2.783252596855163574e-01,2.951060593128204124e-01,3.786740126088261604e-03,2.387380879372358496e-03,1.429335952707333490e-05,1.429335952707333490e-05
2.579824924468994141e+00,2.665367889404296697e+00,2.579839229583740234e+00,2.665382194519042791e+00,7.898349165916442871e-01,8.055798828601836714e-01,8.959760069847106934e-01,9.212466657161713091e-01,5.401033163070678711e-01,6.369232296943664329e-01,3.416673243045806885e-01,2.932345837354660145e-01,1.224325411021709442e-02,8.383561670780182579e-03,1.426763810741249472e-05,1.426763810741249472e-05
2.940815687179565430e+00,2.648541855812072576e+00,2.940829992294311523e+00,2.648556160926818670e+00,8.200618624687194824e-01,8.041252434253692849e-01,9.477275609970092773e-01,9.281843245029449685e-01,8.666979670524597168e-01,6.253208458423614724e-01,3.042134940624237061e-01,2.880739867687225342e-01,2.114776289090514183e-03,2.837394573725760070e-03,1.424342735845129937e-05,1.424342735845129937e-05
2.526539325714111328e+00,2.649009346961975098e+00,2.526553630828857422e+00,2.649023652076721191e+00,8.044980168342590332e-01,8.089478075504302756e-01,9.395266771316528320e-01,9.201280415058136208e-01,5.491130948066711426e-01,6.280942201614380105e-01,2.306610196828842163e-01,2.890874832868576272e-01,2.740567782893776894e-03,2.751738368533551866e-03,1.422021614416735247e-05,1.422021614416735247e-05
2.541973114013671875e+00,2.659483122825622381e+00,2.541987419128417969e+00,2.659497427940368475e+00,8.023657798767089844e-01,8.100656867027282715e-01,8.953526020050048828e-01,9.221979260444641557e-01,4.723913371562957764e-01,6.299580216407776323e-01,3.663220107555389404e-01,2.916624039411545022e-01,5.541393067687749863e-03,5.599098233506083662e-03,1.419203545083291829e-05,1.419203545083291829e-05
2.401355743408203125e+00,2.658229207992553800e+00,2.401369810104370117e+00,2.658243274688720792e+00,7.891623377799987793e-01,8.015849709510802779e-01,8.732817173004150391e-01,9.235972166061401367e-01,4.584360122680664062e-01,6.383695662021636741e-01,2.734146416187286377e-01,2.916636228561401145e-01,7.060953415930271149e-03,3.013774426653981122e-03,1.418560714228078723e-05,1.418560714228078723e-05
2.445615053176879883e+00,2.654652667045593439e+00,2.445629119873046875e+00,2.654666733741760432e+00,7.991346716880798340e-01,8.045314192771911843e-01,9.232257008552551270e-01,9.206789016723633257e-01,4.814299643039703369e-01,6.332482516765594038e-01,2.398961037397384644e-01,2.946666657924651989e-01,1.928563811816275120e-03,1.527373015414923516e-03,1.416519626218359917e-05,1.416519626218359917e-05
2.995149135589599609e+00,2.654896187782287420e+00,2.995163202285766602e+00,2.654910254478454412e+00,7.631669044494628906e-01,8.071891248226166216e-01,9.013755917549133301e-01,9.215293824672698975e-01,1.055701494216918945e+00,6.288783729076385942e-01,2.725352942943572998e-01,2.943331152200698853e-01,2.369764260947704315e-03,2.966195321641862479e-03,1.414722646586596966e-05,1.414722646586596966e-05
2.606153488159179688e+00,2.675883030891418546e+00,2.606167554855346680e+00,2.675897097587585538e+00,7.964387536048889160e-01,8.130133986473083718e-01,9.247712492942810059e-01,9.233046770095825195e-01,6.450798511505126953e-01,6.423732876777649148e-01,2.356825768947601318e-01,2.936321020126342884e-01,4.181234631687402725e-03,3.559629409573972312e-03,1.411567245668265969e-05,1.411567245668265969e-05
2.489359140396118164e+00,2.665034699440002264e+00,2.489373207092285156e+00,2.665048766136169256e+00,8.283588290214538574e-01,8.044237136840820535e-01,9.251476526260375977e-01,9.247224688529968040e-01,4.692185223102569580e-01,6.428422987461089866e-01,2.642069160938262939e-01,2.898702114820480569e-01,2.427277388051152229e-03,3.176046069711446762e-03,1.409085325576597825e-05,1.409085325576597825e-05
2.471704721450805664e+00,2.663170099258422852e+00,2.471718788146972656e+00,2.663184165954589844e+00,7.918299436569213867e-01,8.065962910652160200e-01,9.055107235908508301e-01,9.240270555019378662e-01,4.875991344451904297e-01,6.319844245910644087e-01,2.823899984359741211e-01,2.978380441665649525e-01,4.374826792627573013e-03,2.724308287724852562e-03,1.406919000146444887e-05,1.406919000146444887e-05
2.664007186889648438e+00,2.654139661788940341e+00,2.664021253585815430e+00,2.654153728485107333e+00,7.872635126113891602e-01,8.033641397953033003e-01,9.105985164642333984e-01,9.232645630836486816e-01,6.209098696708679199e-01,6.283550620079040305e-01,3.422587811946868896e-01,2.950530827045440563e-01,2.976600779220461845e-03,4.102787608280778278e-03,1.406916544510750100e-05,1.406916544510750100e-05
2.602318525314331055e+00,2.662321710586547763e+00,2.602332592010498047e+00,2.662335777282714755e+00,7.863705158233642578e-01,8.061311364173888716e-01,9.142158031463623047e-01,9.238631665706634744e-01,6.267935633659362793e-01,6.347093224525451882e-01,2.685959339141845703e-01,2.934415668249130138e-01,6.342704407870769501e-03,4.176609148271381682e-03,1.405995863024145365e-05,1.405995863024145365e-05
2.655381202697753906e+00,2.664249324798583896e+00,2.655395269393920898e+00,2.664263391494750888e+00,8.007471561431884766e-01,8.027427315711974654e-01,9.162161946296691895e-01,9.294937908649444358e-01,5.603593587875366211e-01,6.376250565052032915e-01,3.744995296001434326e-01,2.872701078653335793e-01,3.558966796845197678e-03,7.117639295756816864e-03,1.403216356266057119e-05,1.403216356266057119e-05
2.584532976150512695e+00,2.634417772293090820e+00,2.584547042846679688e+00,2.634431838989257812e+00,8.654664158821105957e-01,8.024599969387053999e-01,9.538824558258056641e-01,9.265697121620177779e-01,5.685028433799743652e-01,6.197579145431518777e-01,1.949772685766220093e-01,2.836489319801330788e-01,1.704026130028069019e-03,1.981232489924877882e-03,1.400622022629249841e-05,1.400622022629249841e-05
2.487953186035156250e+00,2.675494647026062101e+00,2.487967252731323242e+00,2.675508713722229093e+00,7.521799802780151367e-01,8.081991434097289817e-01,9.190741181373596191e-01,9.289792656898498979e-01,4.773707091808319092e-01,6.528328835964203325e-01,3.361860215663909912e-01,2.819704294204711803e-01,3.142457455396652222e-03,3.512915852479636496e-03,1.400029577780514956e-05,1.400029577780514956e-05
2.510938644409179688e+00,2.651028227806091486e+00,2.510952711105346680e+00,2.651042294502258478e+00,8.025793433189392090e-01,8.098084986209869163e-01,9.305969476699829102e-01,9.220371544361114502e-01,4.957486689090728760e-01,6.240332841873168501e-01,2.736483216285705566e-01,2.873285502195358498e-01,8.365374989807605743e-03,7.820700854063033711e-03,1.398122367390897125e-05,1.398122367390897125e-05
2.388535976409912109e+00,2.648181962966918768e+00,2.388550043106079102e+00,2.648196029663085760e+00,7.181744575500488281e-01,7.991840481758117898e-01,9.236437082290649414e-01,9.279029607772827370e-01,4.868122041225433350e-01,6.314826548099518044e-01,2.562290728092193604e-01,2.868077248334884866e-01,3.676469204947352409e-03,2.804559282958507625e-03,1.395919753122143447e-05,1.395919753122143447e-05
2.499796152114868164e+00,2.653839683532714933e+00,2.499809980392456055e+00,2.653853511810302823e+00,8.089389204978942871e-01,8.115720868110656294e-01,9.149143099784851074e-01,9.232613563537597212e-01,4.920590519905090332e-01,6.209746241569519265e-01,2.764495909214019775e-01,2.914219468832016102e-01,7.434102240949869156e-03,6.609573820605873715e-03,1.392785725329304114e-05,1.392785725329304114e-05
2.393706321716308594e+00,2.673766613006591797e+00,2.393720149993896484e+00,2.673780441284179688e+00,7.429408431053161621e-01,8.075463235378265159e-01,9.327585101127624512e-01,9.261685848236084206e-01,4.486225545406341553e-01,6.344210684299469438e-01,2.600312829017639160e-01,2.943058669567107932e-01,9.353080764412879944e-03,1.132478285580873489e-02,1.390195029671303928e-05,1.390195029671303928e-05
2.409901618957519531e+00,2.662742781639098943e+00,2.409915447235107422e+00,2.662756609916686834e+00,7.941189408302307129e-01,8.078879892826080766e-01,9.147921204566955566e-01,9.301489293575286865e-01,4.551384747028350830e-01,6.320629477500915305e-01,2.362261265516281128e-01,2.857626706361770519e-01,9.625887498259544373e-03,6.880266917869448315e-03,1.387359952786937356e-05,1.387359952786937356e-05
2.489187955856323242e+00,2.638629579544067294e+00,2.489201784133911133e+00,2.638643407821655185e+00,8.142076134681701660e-01,8.048837661743164507e-01,9.389839768409729004e-01,9.228198826313018799e-01,4.838103353977203369e-01,6.212779104709624800e-01,2.504489719867706299e-01,2.872856825590133778e-01,1.737020444124937057e-03,2.362290560267865484e-03,1.385237192152999341e-05,1.385237192152999341e-05
2.480599880218505859e+00,2.643967652320861728e+00,2.480613708496093750e+00,2.643981480598449618e+00,8.616796135902404785e-01,8.083281874656677024e-01,9.518829584121704102e-01,9.221394240856171098e-01,4.675720036029815674e-01,6.198828756809234841e-01,1.965898424386978149e-01,2.905862003564834706e-01,2.875239588320255280e-03,3.030981193296611222e-03,1.382383197778835893e-05,1.382383197778835893e-05
2.480365991592407227e+00,2.650037765502929688e+00,2.480379819869995117e+00,2.650051593780517578e+00,7.935036420822143555e-01,8.018731772899627686e-01,9.025622010231018066e-01,9.223933517932891846e-01,4.793060719966888428e-01,6.324968874454498513e-01,2.999923825263977051e-01,2.894476860761642234e-01,5.001747515052556992e-03,3.826635889708995819e-03,1.379850073135457933e-05,1.379850073135457933e-05
2.542608499526977539e+00,2.635281682014465332e+00,2.542622327804565430e+00,2.635295510292053223e+00,8.355765342712402344e-01,8.038496196269988570e-01,9.421102404594421387e-01,9.239533662796020064e-01,4.676893651485443115e-01,6.155070245265961137e-01,2.945929467678070068e-01,2.884515106678008922e-01,2.639551181346178055e-03,3.520126105286180973e-03,1.377817170578055084e-05,1.377817170578055084e-05
2.475746870040893555e+00,2.647104430198669256e+00,2.475760698318481445e+00,2.647118258476257147e+00,8.214405775070190430e-01,8.091395914554595503e-01,9.333381056785583496e-01,9.212762236595153365e-01,4.893365502357482910e-01,6.244314134120940718e-01,2.284800559282302856e-01,2.888465881347656028e-01,3.151623066514730453e-03,3.410613979212939739e-03,1.376914860884426162e-05,1.376914860884426162e-05
2.623895645141601562e+00,2.634477353096008390e+00,2.623909473419189453e+00,2.634491181373596280e+00,8.189119696617126465e-01,8.086828351020812766e-01,9.395509362220764160e-01,9.242587625980377419e-01,6.301972270011901855e-01,6.088343739509582964e-01,2.332776188850402832e-01,2.909112542867660633e-01,1.957793254405260086e-03,1.790027006063610359e-03,1.374059593217680231e-05,1.374059593217680231e-05
3.043767452239990234e+00,2.656161069869995117e+00,3.043781280517578125e+00,2.656174898147583008e+00,8.230696320533752441e-01,8.044786214828490989e-01,9.450529217720031738e-01,9.207964897155761497e-01,1.067871451377868652e+00,6.398316800594330278e-01,2.060087919235229492e-01,2.895510613918304554e-01,1.764703425578773022e-03,1.503257837612181902e-03,1.371245798509335145e-05,1.371245798509335145e-05
3.031301498413085938e+00,2.650242090225219727e+00,3.031315088272094727e+00,2.650255680084228516e+00,8.172421455383300781e-01,8.050164341926574485e-01,9.363294243812561035e-01,9.222387015819549783e-01,9.554313421249389648e-01,6.342887938022613303e-01,3.196037411689758301e-01,2.845100134611129872e-01,2.694858936592936516e-03,4.188115289434790438e-03,1.369460551359225065e-05,1.369460551359225065e-05
2.633820772171020508e+00,2.685753321647644132e+00,2.633834362030029297e+00,2.685766911506652921e+00,8.333499431610107422e-01,8.160548686981201616e-01,9.370184540748596191e-01,9.220091462135314719e-01,5.747941136360168457e-01,6.579320490360259788e-01,2.830254733562469482e-01,2.836625069379806741e-01,5.632886197417974472e-03,6.094658328220248049e-03,1.367031291010789573e-05,1.367031291010789573e-05
2.462761640548706055e+00,2.654081153869628729e+00,2.462775230407714844e+00,2.654094743728637518e+00,8.261958956718444824e-01,8.052804470062255859e-01,9.109293222427368164e-01,9.234194219112396018e-01,4.544544219970703125e-01,6.356048703193664107e-01,2.664737999439239502e-01,2.859062999486923218e-01,4.708367399871349335e-03,3.870156966149806890e-03,1.364818854199256748e-05,1.364818854199256748e-05
2.555748462677001953e+00,2.670393157005309881e+00,2.555762052536010742e+00,2.670406746864318670e+00,8.065595626831054688e-01,8.101566970348358376e-01,8.973704576492309570e-01,9.203800141811371294e-01,5.034748315811157227e-01,6.417168617248535378e-01,3.279641866683959961e-01,2.881779611110687478e-01,2.037945762276649475e-02,9.961582254618406296e-03,1.362315742881037295e-05,1.362315742881037295e-05
2.537855863571166992e+00,2.687530303001403720e+00,2.537869453430175781e+00,2.687543892860412509e+00,8.148644566535949707e-01,8.104288697242736372e-01,9.072950482368469238e-01,9.191865861415863259e-01,4.773419797420501709e-01,6.529142022132873313e-01,3.330208957195281982e-01,2.980350553989410400e-01,5.333361681550741196e-03,6.965629663318395962e-03,1.359913767373654991e-05,1.359913767373654991e-05
2.483050823211669922e+00,2.675394725799560725e+00,2.483064413070678711e+00,2.675408315658569514e+00,7.931654453277587891e-01,8.101670145988464355e-01,9.088630080223083496e-01,9.213337898254394531e-01,4.455975294113159180e-01,6.384813398122787254e-01,3.333665430545806885e-01,3.028967022895813210e-01,2.058188430964946747e-03,2.515875804238021547e-03,1.360081478196661919e-05,1.360081478196661919e-05
2.468242168426513672e+00,2.694412136077880771e+00,2.468255758285522461e+00,2.694425725936889560e+00,7.454388737678527832e-01,8.089114665985107644e-01,8.935734033584594727e-01,9.195534467697143999e-01,4.272246360778808594e-01,6.571021854877472368e-01,4.000147581100463867e-01,3.034421473741531483e-01,1.990275923162698746e-03,5.402913503348827536e-03,1.357764267595484853e-05,1.357764267595484853e-05
2.600154876708984375e+00,2.701633834838867099e+00,2.600168466567993164e+00,2.701647424697875888e+00,8.152096271514892578e-01,8.116776525974274126e-01,8.753721117973327637e-01,9.238615334033966064e-01,4.793860614299774170e-01,6.487425088882445845e-01,4.184376597404479980e-01,3.015454351902008279e-01,1.174921542406082153e-02,1.580670531839132448e-02,1.357041583105456084e-05,1.357041583105456084e-05
2.611476659774780273e+00,2.666497802734375089e+00,2.611490249633789062e+00,2.666511392593383878e+00,7.859296798706054688e-01,8.043882608413696067e-01,9.209693074226379395e-01,9.211262941360474077e-01,6.870741248130798340e-01,6.405552506446838823e-01,2.128157019615173340e-01,2.958152413368225209e-01,4.687715787440538406e-03,4.612763645127415657e-03,1.355176118522649631e-05,1.355176118522649631e-05
2.447289943695068359e+00,2.677258968353271484e+00,2.447303533554077148e+00,2.677272558212280273e+00,7.862766981124877930e-01,8.076638638973235862e-01,9.057705402374267578e-01,9.217420518398284912e-01,4.427136778831481934e-01,6.508708298206329346e-01,3.110816776752471924e-01,2.952938854694366344e-01,1.447449321858584881e-03,1.688325253780931234e-03,1.352227718598442152e-05,1.352227718598442152e-05
2.494528532028198242e+00,2.686179637908935547e+00,2.494542121887207031e+00,2.686193227767944336e+00,7.894942164421081543e-01,8.052149057388305886e-01,9.139901995658874512e-01,9.254465818405150923e-01,4.874559938907623291e-01,6.705864667892456055e-01,3.012590408325195312e-01,2.829779654741287342e-01,2.329215174540877342e-03,1.953779207542538816e-03,1.349637932435143739e-05,1.349637932435143739e-05
2.473754882812500000e+00,2.649007749557495295e+00,2.473768234252929688e+00,2.649021100997924982e+00,8.055375814437866211e-01,8.051619529724121094e-01,9.288201928138732910e-01,9.269399285316467507e-01,4.564891755580902100e-01,6.317679703235625777e-01,2.816506326198577881e-01,2.825746506452560536e-01,1.257337513379752636e-03,2.563307550735771569e-03,1.347051238553831354e-05,1.347051238553831354e-05
2.475082874298095703e+00,2.693570613861083984e+00,2.475096225738525391e+00,2.693583965301513672e+00,8.181399106979370117e-01,8.163895606994628906e-01,9.107998609542846680e-01,9.289432525634765403e-01,4.451725780963897705e-01,6.649267971515655518e-01,2.918774485588073730e-01,2.755628973245620728e-01,9.093129076063632965e-03,7.748141512274741780e-03,1.344632255495525897e-05,1.344632255495525897e-05
2.428076267242431641e+00,2.674313783645629883e+00,2.428089618682861328e+00,2.674327135086059570e+00,8.204745054244995117e-01,8.046960771083832009e-01,9.230406284332275391e-01,9.243495464324951172e-01,4.487934708595275879e-01,6.602157950401306152e-01,2.315928936004638672e-01,2.806648403406143411e-01,4.174734000116586685e-03,4.387435317039489573e-03,1.342865743936272338e-05,1.342865743936272338e-05
3.217198133468627930e+00,2.667915463447570801e+00,3.217211484909057617e+00,2.667928814888000488e+00,7.952109575271606445e-01,8.151925861835479514e-01,8.987771868705749512e-01,9.218957901000977007e-01,1.250140547752380371e+00,6.438604354858398215e-01,2.669369876384735107e-01,2.832993060350418313e-01,6.132700946182012558e-03,3.667272347956896002e-03,1.340470225841272622e-05,1.340470225841272622e-05
2.818797111511230469e+00,2.693266248703003019e+00,2.818810462951660156e+00,2.693279600143432706e+00,8.162579536437988281e-01,8.159370839595794234e-01,9.252784848213195801e-01,9.272396445274353471e-01,7.759701609611511230e-01,6.482718169689178911e-01,2.985488772392272949e-01,2.973196655511856079e-01,2.741683740168809891e-03,4.498010315001010721e-03,1.337784578936407343e-05,1.337784578936407343e-05
2.595047235488891602e+00,2.660272097587585538e+00,2.595060586929321289e+00,2.660285449028015226e+00,8.183726668357849121e-01,8.011582434177398904e-01,9.191344976425170898e-01,9.197448968887329546e-01,5.068122744560241699e-01,6.355170130729674849e-01,3.483228087425231934e-01,3.012070000171661599e-01,2.404901664704084396e-03,2.644931362010538405e-03,1.335590695816790685e-05,1.335590695816790685e-05
2.363796234130859375e+00,2.658071565628051580e+00,2.363809585571289062e+00,2.658084917068481268e+00,7.614694237709045410e-01,7.985942661762237549e-01,8.984199762344360352e-01,9.207748472690582275e-01,4.165723323822021484e-01,6.342593789100646751e-01,2.836285829544067383e-01,3.003307253122329823e-01,3.706026822328567505e-03,4.112290963530540293e-03,1.334671287622768432e-05,1.334671287622768432e-05
2.488211870193481445e+00,2.654444169998169123e+00,2.488225221633911133e+00,2.654457521438598810e+00,8.286631107330322266e-01,8.072036147117614968e-01,9.363408684730529785e-01,9.170813381671905073e-01,4.304766058921813965e-01,6.210687041282654253e-01,2.893851101398468018e-01,3.040900409221649059e-01,3.346225712448358536e-03,5.000442592427134167e-03,1.332365354755893350e-05,1.332365354755893350e-05
2.445003747940063477e+00,2.679604840278625666e+00,2.445017099380493164e+00,2.679618191719055353e+00,8.184714317321777344e-01,8.030693054199218306e-01,9.372575879096984863e-01,9.176664233207703081e-01,4.349294304847717285e-01,6.428975462913513184e-01,2.520897090435028076e-01,3.122697234153747337e-01,2.255790634080767632e-03,3.701783134602010250e-03,1.330230861640302464e-05,1.330230861640302464e-05
2.568614006042480469e+00,2.681420254707336248e+00,2.568627357482910156e+00,2.681433606147765936e+00,8.419457077980041504e-01,8.078219413757323775e-01,9.368447661399841309e-01,9.246321737766265425e-01,4.586941301822662354e-01,6.351135015487671120e-01,3.274531662464141846e-01,3.092805206775665061e-01,3.676095046103000641e-03,4.572233511134981762e-03,1.327964400843484327e-05,1.327964400843484327e-05
2.462056159973144531e+00,2.647936320304870694e+00,2.462069511413574219e+00,2.647949671745300382e+00,7.678828239440917969e-01,8.006411731243133767e-01,9.236009120941162109e-01,9.301801919937133789e-01,4.669342041015625000e-01,6.131060421466827393e-01,3.014124631881713867e-01,2.988995939493179210e-01,2.225773409008979797e-03,5.109243607148527926e-03,1.327760764979757369e-05,1.327760764979757369e-05
2.440130949020385742e+00,2.662234926223754794e+00,2.440144300460815430e+00,2.662248277664184481e+00,7.553253173828125000e-01,8.135984420776367632e-01,8.741253614425659180e-01,9.215210795402526411e-01,4.494868516921997070e-01,6.192429661750793457e-01,3.585403263568878174e-01,3.043263852596282959e-01,2.653147559612989426e-03,3.546077618375420657e-03,1.327315931121120229e-05,1.327315931121120229e-05
2.824817895889282227e+00,2.657709002494812012e+00,2.824831247329711914e+00,2.657722353935241699e+00,7.792342901229858398e-01,8.032159388065338579e-01,9.182962775230407715e-01,9.251508712768554688e-01,8.085780143737792969e-01,6.259321212768554910e-01,3.114366829395294189e-01,2.973537862300872914e-01,7.272776216268539429e-03,6.056322669610381300e-03,1.325698212895076722e-05,1.325698212895076722e-05
2.948822021484375000e+00,2.670793938636779608e+00,2.948835372924804688e+00,2.670807290077209295e+00,7.423966526985168457e-01,8.043964505195617676e-01,9.319883584976196289e-01,9.251923859119415283e-01,1.023189187049865723e+00,6.506299018859863503e-01,2.486619949340820312e-01,2.875497013330459706e-01,2.585938200354576111e-03,3.025625483132898808e-03,1.323795186181087047e-05,1.323795186181087047e-05
2.545332431793212891e+00,2.649001741409301669e+00,2.545345544815063477e+00,2.649014854431152255e+00,7.684592604637145996e-01,8.045680522918701172e-01,9.051597714424133301e-01,9.281834065914154053e-01,5.663354396820068359e-01,6.294000566005706343e-01,3.015501797199249268e-01,2.837709635496139526e-01,3.827848238870501518e-03,3.079177532345056707e-03,1.321845047641545534e-05,1.321845047641545534e-05
2.775694847106933594e+00,2.659861326217651367e+00,2.775707960128784180e+00,2.659874439239501953e+00,7.935174703598022461e-01,8.090526759624481201e-01,9.143128991127014160e-01,9.270726144313812256e-01,7.899461388587951660e-01,6.326271653175353782e-01,2.725875973701477051e-01,2.861339300870895386e-01,5.330814048647880554e-03,4.974909359589219093e-03,1.322266143688466400e-05,1.322266143688466400e-05
2.541133403778076172e+00,2.668594145774841220e+00,2.541146516799926758e+00,2.668607258796691806e+00,8.503015637397766113e-01,8.096254169940948486e-01,9.538246393203735352e-01,9.236238062381744163e-01,4.847276210784912109e-01,6.434134125709534135e-01,2.497482746839523315e-01,2.883343815803527943e-01,2.531200880184769630e-03,3.597145504318177874e-03,1.321910531260073185e-05,1.321910531260073185e-05
2.499087095260620117e+00,2.674418926239013672e+00,2.499100208282470703e+00,2.674432039260864258e+00,8.200113773345947266e-01,8.141543984413146529e-01,9.261823892593383789e-01,9.244468450546264870e-01,4.945078790187835693e-01,6.379869282245635986e-01,2.532289028167724609e-01,2.912172436714172141e-01,5.156493745744228363e-03,6.613488122820854014e-03,1.320158298767637461e-05,1.320158298767637461e-05
2.550151586532592773e+00,2.649563670158386230e+00,2.550164699554443359e+00,2.649576783180236816e+00,7.984580397605895996e-01,8.028489768505095991e-01,8.952757120132446289e-01,9.254190087318420188e-01,5.384734272956848145e-01,6.291312575340270996e-01,3.144664764404296875e-01,2.889468222856521606e-01,3.478022525086998940e-03,3.217572579160332680e-03,1.317967326031066477e-05,1.317967326031066477e-05
2.491584777832031250e+00,2.663690376281738104e+00,2.491597890853881836e+00,2.663703489303588690e+00,8.444007635116577148e-01,8.051732778549194336e-01,9.488127231597900391e-01,9.199213862419128862e-01,4.938593208789825439e-01,6.438132703304291216e-01,2.003145366907119751e-01,2.916079223155975120e-01,4.197360482066869736e-03,3.174504335038364107e-03,1.316014368057949468e-05,1.316014368057949468e-05
2.593731164932250977e+00,2.649724960327148438e+00,2.593744277954101562e+00,2.649738073348999023e+00,8.238648772239685059e-01,8.041231513023376909e-01,9.468539357185363770e-01,9.226811230182647705e-01,6.016294956207275391e-01,6.254101693630218506e-01,2.184791117906570435e-01,2.949043422937392966e-01,2.903617219999432564e-03,2.606202592141926375e-03,1.313166649197228253e-05,1.313166649197228253e-05
2.427648067474365234e+00,2.660916447639465332e+00,2.427661180496215820e+00,2.660929560661315918e+00,8.023526072502136230e-01,8.086682915687560813e-01,9.302390217781066895e-01,9.254442334175110307e-01,4.509827196598052979e-01,6.241959869861603005e-01,2.397971302270889282e-01,2.970043420791625977e-01,4.276474006474018097e-03,5.603585718199610363e-03,1.311066625930834562e-05,1.311066625930834562e-05
2.523916244506835938e+00,2.644978761672973633e+00,2.523929357528686523e+00,2.644991874694824219e+00,7.783557176589965820e-01,8.043509840965270552e-01,9.157690405845642090e-01,9.230688929557799849e-01,5.821647047996520996e-01,6.180825233459472656e-01,2.437240928411483765e-01,2.958718627691269143e-01,3.902789205312728882e-03,3.604518924839794723e-03,1.308814807998714969e-05,1.308814807998714969e-05
2.409098386764526367e+00,2.653792095184326350e+00,2.409111499786376953e+00,2.653805208206176935e+00,7.390536665916442871e-01,8.127287149429320845e-01,9.006687402725219727e-01,9.198695302009582964e-01,4.891279935836791992e-01,6.161343157291412354e-01,2.753740847110748291e-01,3.018416672945022361e-01,4.873763769865036011e-03,3.217788995243608952e-03,1.306490776187274605e-05,1.306490776187274605e-05
2.485382795333862305e+00,2.655204916000366122e+00,2.485395908355712891e+00,2.655218029022216708e+00,8.312077522277832031e-01,8.033779799938202126e-01,9.250569343566894531e-01,9.215223789215087891e-01,4.629775881767272949e-01,6.323324739933013916e-01,2.617284357547760010e-01,2.948944270610809326e-01,4.411982372403144836e-03,3.077628579922020349e-03,1.304237503063632175e-05,1.304237503063632175e-05
3.562589168548583984e+00,2.638203811645507990e+00,3.562602281570434570e+00,2.638216924667358576e+00,7.603189349174499512e-01,8.053739368915557861e-01,9.150041937828063965e-01,9.215776979923248069e-01,1.623637914657592773e+00,6.180534362792968750e-01,2.613774240016937256e-01,2.913362234830856323e-01,2.250661375001072884e-03,1.862512098159640984e-03,1.301798602071357891e-05,1.301798602071357891e-05
2.506605386734008789e+00,2.682612180709838867e+00,2.506618499755859375e+00,2.682625293731689453e+00,7.400396466255187988e-01,8.154549956321716087e-01,8.821508884429931641e-01,9.223966479301453081e-01,4.807367324829101562e-01,6.440514087677001731e-01,3.978913128376007080e-01,2.919681936502456776e-01,5.786966066807508469e-03,8.740869350731372833e-03,1.301221527683082968e-05,1.301221527683082968e-05
2.510660886764526367e+00,2.674822211265563965e+00,2.510673761367797852e+00,2.674835085868835449e+00,8.350797295570373535e-01,8.121209084987640603e-01,9.408165812492370605e-01,9.344839394092560036e-01,4.734643399715423584e-01,6.261242151260375532e-01,2.549731433391571045e-01,2.914972484111785778e-01,6.327177863568067551e-03,1.059590270742774044e-02,1.299321957048960030e-05,1.299321957048960030e-05
2.682822465896606445e+00,2.661089634895324796e+00,2.682835340499877930e+00,2.661102509498596280e+00,8.335099220275878906e-01,8.137129545211791992e-01,9.415793418884277344e-01,9.201830089092254417e-01,6.190534830093383789e-01,6.271690011024475542e-01,2.814128398895263672e-01,2.879731029272079579e-01,7.266946136951446533e-03,1.205155486240983009e-02,1.297132439503911883e-05,1.297132439503911883e-05
4.071371555328369141e+00,2.634212327003479182e+00,4.071384429931640625e+00,2.634225201606750666e+00,7.779394388198852539e-01,8.055439829826355203e-01,9.219742417335510254e-01,9.236191987991333452e-01,2.034800052642822266e+00,6.135844349861144797e-01,3.342247009277343750e-01,2.873183757066726796e-01,2.433521905913949013e-03,4.146311269141733820e-03,1.294652975047938526e-05,1.294652975047938526e-05
2.531118631362915039e+00,2.649606585502624512e+00,2.531131505966186523e+00,2.649619460105895996e+00,7.872775793075561523e-01,7.990246355533600076e-01,9.508023858070373535e-01,9.302711904048919234e-01,5.103760957717895508e-01,6.372746825218200684e-01,2.801886498928070068e-01,2.809661388397216575e-01,2.474108245223760605e-03,2.069942059461027210e-03,1.293492277909535915e-05,1.293492277909535915e-05
2.507074356079101562e+00,2.647269368171691895e+00,2.507087230682373047e+00,2.647282242774963379e+00,8.157240152359008789e-01,8.046856641769408736e-01,9.560227990150451660e-01,9.290106952190398948e-01,5.003308653831481934e-01,6.334859311580658403e-01,2.331419736146926880e-01,2.779110968112945557e-01,1.854731002822518349e-03,2.175959455780684774e-03,1.291836997552309185e-05,1.291836997552309185e-05
2.538510799407958984e+00,2.651683807373046875e+00,2.538523674011230469e+00,2.651696681976318359e+00,8.069372177124023438e-01,8.141075193881988081e-01,9.418234825134277344e-01,9.201651155948639138e-01,4.888052344322204590e-01,6.275677800178527388e-01,2.976434528827667236e-01,2.837560415267944558e-01,3.301274031400680542e-03,6.087379157543182026e-03,1.289635292778257281e-05,1.289635292778257281e-05
2.697676897048950195e+00,2.663368725776672274e+00,2.697689771652221680e+00,2.663381600379943759e+00,7.954385280609130859e-01,8.056404292583465576e-01,8.955789208412170410e-01,9.241520106792450173e-01,6.452229022979736328e-01,6.239248991012573686e-01,3.401348292827606201e-01,2.853300690650940052e-01,2.130179293453693390e-02,2.432137206196784834e-02,1.287596569454763085e-05,1.287596569454763085e-05
2.694352626800537109e+00,2.665514111518859863e+00,2.694365501403808594e+00,2.665526986122131348e+00,7.826769351959228516e-01,8.112208664417266402e-01,9.209480285644531250e-01,9.266247928142548052e-01,7.135362029075622559e-01,6.419991374015807661e-01,2.729405164718627930e-01,2.823070794343948142e-01,4.250936210155487061e-03,3.362245461903512651e-03,1.285311645915498957e-05,1.285311645915498957e-05
2.660441160202026367e+00,2.649261808395385831e+00,2.660454034805297852e+00,2.649274682998657315e+00,8.126238584518432617e-01,8.019588887691497803e-01,9.385959506034851074e-01,9.237603425979614702e-01,6.473860144615173340e-01,6.382109999656677690e-01,2.592746913433074951e-01,2.821378380060196034e-01,2.560662571340799332e-03,3.193778521381318743e-03,1.283427991438657045e-05,1.283427991438657045e-05
2.492124080657958984e+00,2.652622985839843572e+00,2.492136955261230469e+00,2.652635860443115057e+00,7.913380265235900879e-01,8.029814898967743142e-01,9.235250949859619141e-01,9.240111708641052246e-01,4.928381741046905518e-01,6.421261787414550559e-01,2.831189632415771484e-01,2.823154181241989136e-01,1.303911209106445312e-03,1.188757072668522596e-03,1.282734137930674478e-05,1.282734137930674478e-05
2.475307464599609375e+00,2.651010656356811435e+00,2.475320339202880859e+00,2.651023530960082919e+00,7.684441208839416504e-01,8.105288386344909890e-01,8.765695691108703613e-01,9.238069653511047363e-01,5.005338191986083984e-01,6.251584291458129883e-01,3.230190575122833252e-01,2.866538256406784280e-01,6.740952376276254654e-03,4.862573510035872286e-03,1.280698052141815424e-05,1.280698052141815424e-05
2.588575363159179688e+00,2.677339291572570890e+00,2.588588237762451172e+00,2.677352166175842374e+00,8.065189123153686523e-01,8.200619757175445779e-01,9.139510393142700195e-01,9.296698331832885520e-01,4.863790869712829590e-01,6.235178589820862260e-01,3.735671639442443848e-01,2.854315191507339478e-01,8.159136399626731873e-03,1.865810845047235350e-02,1.279383286600932479e-05,1.279383286600932479e-05
2.589535951614379883e+00,2.648273277282714666e+00,2.589548826217651367e+00,2.648286151885986150e+00,7.756394743919372559e-01,8.051269471645354781e-01,8.947367072105407715e-01,9.221657693386078325e-01,6.687527298927307129e-01,6.281065404415130393e-01,2.476137578487396240e-01,2.906626224517822044e-01,2.793418942019343376e-03,2.211425895802676764e-03,1.277039973501814529e-05,1.277039973501814529e-05
2.462578058242797852e+00,2.651322317123413264e+00,2.462590694427490234e+00,2.651334953308105646e+00,7.954007983207702637e-01,8.036618411540985552e-01,9.141145944595336914e-01,9.234456479549407737e-01,4.602399468421936035e-01,6.284377217292785867e-01,2.823524773120880127e-01,2.893880993127823098e-01,1.047038473188877106e-02,6.388971256092191089e-03,1.274727401323616505e-05,1.274727401323616505e-05
2.605786561965942383e+00,2.643018341064453214e+00,2.605799198150634766e+00,2.643030977249145597e+00,7.379123568534851074e-01,8.047587513923645242e-01,8.620538115501403809e-01,9.199090361595153587e-01,7.078301906585693359e-01,6.247374415397644043e-01,2.944586575031280518e-01,2.914294511079787986e-01,3.531374502927064896e-03,2.183617767877876845e-03,1.272299141419352964e-05,1.272299141419352964e-05
2.799971103668212891e+00,2.638462305068969727e+00,2.799983739852905273e+00,2.638474941253662109e+00,7.986558675765991211e-01,8.028912544250488281e-01,9.289137125015258789e-01,9.215966939926147905e-01,7.992733120918273926e-01,6.116993546485900435e-01,2.690167129039764404e-01,2.973290473222732766e-01,4.111522808670997620e-03,4.945939965546130787e-03,1.269996027986053377e-05,1.269996027986053377e-05
2.565684795379638672e+00,2.651041698455810725e+00,2.565697431564331055e+00,2.651054334640503107e+00,8.572627902030944824e-01,8.018050134181976540e-01,9.484556317329406738e-01,9.209545433521271196e-01,4.749954640865325928e-01,6.228496730327606201e-01,2.798960208892822266e-01,3.017997890710830688e-01,5.075032357126474380e-03,3.632605471648275679e-03,1.267722291231621057e-05,1.267722291231621057e-05
2.726958751678466797e+00,2.653925728797912775e+00,2.726971387863159180e+00,2.653938364982605158e+00,8.172845244407653809e-01,8.031143665313720259e-01,9.263889193534851074e-01,9.188990473747253862e-01,6.552475094795227051e-01,6.212169110774994341e-01,3.223040103912353516e-01,3.052635461091995350e-01,5.733758211135864258e-03,5.431800382211804390e-03,1.265787250304128975e-05,1.265787250304128975e-05
3.149880886077880859e+00,2.659318470954894931e+00,3.149893522262573242e+00,2.659331107139587314e+00,8.224393725395202637e-01,8.038168132305145708e-01,9.234408736228942871e-01,9.270054399967193604e-01,1.111026763916015625e+00,6.288693845272064209e-01,2.827703952789306641e-01,2.928179115056991355e-01,1.020364556461572647e-02,6.808954384177922856e-03,1.263590274902526289e-05,1.263590274902526289e-05
2.467950105667114258e+00,2.636384820938110440e+00,2.467962741851806641e+00,2.636397457122802823e+00,8.347398638725280762e-01,8.027653098106384277e-01,9.527994394302368164e-01,9.281401753425597700e-01,4.613315165042877197e-01,6.127593994140625444e-01,2.150477617979049683e-01,2.867867201566696167e-01,4.031484946608543396e-03,5.933214072138070713e-03,1.262794739886885509e-05,1.262794739886885509e-05
2.645615100860595703e+00,2.659367799758911133e+00,2.645627737045288086e+00,2.659380435943603516e+00,8.075503110885620117e-01,8.064193248748778853e-01,9.448538422584533691e-01,9.287547349929810014e-01,6.612102389335632324e-01,6.490205168724060281e-01,2.303565889596939087e-01,2.734918832778930886e-01,1.643930678255856037e-03,1.681367331184446855e-03,1.260552107851253822e-05,1.260552107851253822e-05
2.691698074340820312e+00,2.643062758445739568e+00,2.691710710525512695e+00,2.643075394630431951e+00,7.443733811378479004e-01,8.105744838714599165e-01,8.642978072166442871e-01,9.277005434036255105e-01,7.195770144462585449e-01,6.309461057186126487e-01,3.595417141914367676e-01,2.700335502624511830e-01,3.908146638423204422e-03,3.808037238195538608e-03,1.259542477782815695e-05,1.259542477782815695e-05
2.640845298767089844e+00,2.655852222442626864e+00,2.640857934951782227e+00,2.655864858627319247e+00,7.388135790824890137e-01,8.153448879718780962e-01,8.956190347671508789e-01,9.273799896240234597e-01,7.643138170242309570e-01,6.345653951168059859e-01,2.338626384735107422e-01,2.685354173183441273e-01,8.236231282353401184e-03,1.002650111913680996e-02,1.258412794413743541e-05,1.258412794413743541e-05
2.869695901870727539e+00,2.648912215232849032e+00,2.869708538055419922e+00,2.648924851417541415e+00,8.078457117080688477e-01,8.066146910190582497e-01,9.560924768447875977e-01,9.294202268123626931e-01,7.698699235916137695e-01,6.413863778114319292e-01,3.326747119426727295e-01,2.685191631317138672e-01,3.212889423593878746e-03,2.971749985590577126e-03,1.256742143596056849e-05,1.256742143596056849e-05
2.567291736602783203e+00,2.750504159927368075e+00,2.567304372787475586e+00,2.750516796112060458e+00,8.108367323875427246e-01,8.480584621429443359e-01,8.864909410476684570e-01,9.226863324642181619e-01,4.610624313354492188e-01,6.449202895164489746e-01,3.579141199588775635e-01,2.775222033262252919e-01,5.098751932382583618e-02,5.731688179075718204e-02,1.254903145309071988e-05,1.254903145309071988e-05
2.470570802688598633e+00,2.658006286621093839e+00,2.470583438873291016e+00,2.658018922805786222e+00,7.726917862892150879e-01,8.119854152202605757e-01,9.145472645759582520e-01,9.216231942176819070e-01,4.658389687538146973e-01,6.285246014595031738e-01,3.012787997722625732e-01,2.838285624980926292e-01,1.621383242309093475e-02,1.204452617093920708e-02,1.252795300388243049e-05,1.252795300388243049e-05
2.522057533264160156e+00,2.646006226539611816e+00,2.522069931030273438e+00,2.646018624305725098e+00,8.645060062408447266e-01,8.053048193454742654e-01,9.283787608146667480e-01,9.237323641777038796e-01,4.354492127895355225e-01,6.281068027019500732e-01,2.891713380813598633e-01,2.846384912729263417e-01,4.552315454930067062e-03,4.223723500035703356e-03,1.250549212272744626e-05,1.250549212272744626e-05
2.418459177017211914e+00,2.656170940399170011e+00,2.418471574783325195e+00,2.656183338165283292e+00,7.882814407348632812e-01,8.038391947746277300e-01,9.067820906639099121e-01,9.231276512145996094e-01,4.061022102832794189e-01,6.446952223777770996e-01,3.156325519084930420e-01,2.830577760934829823e-01,1.660870155319571495e-03,1.451051805634051518e-03,1.248376702278619632e-05,1.248376702278619632e-05
2.392476320266723633e+00,2.639566349983215154e+00,2.392488718032836914e+00,2.639578747749328436e+00,8.150625228881835938e-01,8.063350200653076616e-01,9.143681526184082031e-01,9.273637056350707564e-01,3.967556357383728027e-01,6.190292894840240256e-01,2.646686732769012451e-01,2.849381566047668457e-01,1.621308387257158756e-03,1.900173502508550839e-03,1.246343072125455365e-05,1.246343072125455365e-05
2.466012239456176758e+00,2.648552322387695224e+00,2.466024637222290039e+00,2.648564720153808505e+00,8.290038704872131348e-01,8.144358575344086137e-01,9.240812659263610840e-01,9.264939665794372781e-01,4.599694609642028809e-01,6.189725458621978538e-01,2.502999007701873779e-01,2.859090536832809559e-01,2.657764125615358353e-03,2.740912721492350101e-03,1.245776002178899944e-05,1.245776002178899944e-05
2.703560352325439453e+00,2.645877552032470881e+00,2.703572750091552734e+00,2.645889949798584162e+00,7.767528295516967773e-01,8.139697611331939697e-01,8.801792263984680176e-01,9.210788309574127197e-01,6.152569651603698730e-01,6.163242042064667192e-01,4.297789633274078369e-01,2.917760163545608521e-01,1.592106185853481293e-03,2.728749299421906471e-03,1.243441147380508482e-05,1.243441147380508482e-05
2.566997766494750977e+00,2.636564445495605646e+00,2.567010164260864258e+00,2.636576843261718928e+00,8.336830735206604004e-01,8.090973079204559770e-01,9.444900751113891602e-01,9.223319768905640093e-01,5.399372577667236328e-01,6.112356722354889138e-01,2.445198446512222290e-01,2.890543609857559315e-01,4.367274232208728790e-03,4.845146462321281780e-03,1.241525751538574696e-05,1.241525751538574696e-05
2.409953355789184570e+00,2.639532041549682795e+00,2.409965753555297852e+00,2.639544439315796076e+00,7.647793889045715332e-01,8.028389036655425581e-01,9.189001321792602539e-01,9.249762117862700972e-01,4.167580604553222656e-01,6.222941994667052779e-01,3.061526715755462646e-01,2.864694714546203724e-01,3.363184165209531784e-03,2.953246282413601702e-03,1.239508674188982695e-05,1.239508674188982695e-05
2.468507289886474609e+00,2.638571214675903498e+00,2.468519687652587891e+00,2.638583612442016779e+00,8.228114843368530273e-01,8.061290740966796653e-01,9.495677947998046875e-01,9.252690196037292036e-01,4.295251071453094482e-01,6.296656787395477073e-01,2.653837502002716064e-01,2.757109373807907216e-01,1.219322090037167072e-03,1.796435844153165861e-03,1.237248943652957678e-05,1.237248943652957678e-05
2.726337432861328125e+00,2.630842542648315519e+00,2.726349830627441406e+00,2.630854940414428800e+00,8.242223262786865234e-01,8.126160800457000732e-01,8.955769538879394531e-01,9.319506645202636497e-01,7.363798618316650391e-01,6.155463933944702593e-01,2.631906867027282715e-01,2.657162725925445446e-01,6.967511959373950958e-03,5.013084504753351212e-03,1.235358558915322646e-05,1.235358558915322646e-05
2.391218185424804688e+00,2.615814042091369807e+00,2.391230583190917969e+00,2.615826439857483088e+00,7.637110948562622070e-01,8.078516244888305220e-01,9.217583537101745605e-01,9.257558345794677512e-01,4.729315936565399170e-01,6.126232206821441428e-01,2.292619198560714722e-01,2.652333140373229758e-01,3.555410075932741165e-03,4.350028606131673206e-03,1.233519469678867608e-05,1.233519469678867608e-05
3.186364650726318359e+00,2.649488282203674494e+00,3.186377048492431641e+00,2.649500679969787775e+00,8.384062647819519043e-01,8.190814018249511497e-01,9.475889801979064941e-01,9.246643364429474321e-01,1.118664264678955078e+00,6.277254045009612593e-01,2.787445783615112305e-01,2.713497400283813588e-01,2.960589248687028885e-03,6.667438615113496954e-03,1.232735849043820053e-05,1.232735849043820053e-05
2.962587594985961914e+00,2.633392930030822754e+00,2.962599992752075195e+00,2.633405327796936035e+00,7.989273667335510254e-01,8.121098339557647483e-01,9.331234693527221680e-01,9.269589185714721680e-01,9.621003270149230957e-01,6.224421858787536621e-01,2.667626440525054932e-01,2.696343272924422996e-01,1.673765829764306545e-03,2.247596532106399449e-03,1.231082023878116161e-05,1.231082023878116161e-05
2.539597749710083008e+00,2.642297363281250089e+00,2.539610147476196289e+00,2.642309761047363370e+00,7.976057529449462891e-01,8.205092966556548628e-01,9.110977649688720703e-01,9.243054807186126265e-01,4.847075641155242920e-01,6.214072585105896440e-01,3.427596092224121094e-01,2.729485124349594338e-01,3.427102463319897652e-03,3.126783785410225305e-03,1.230018369824392721e-05,1.230018369824392721e-05
2.538082599639892578e+00,2.630122637748718351e+00,2.538094997406005859e+00,2.630135035514831632e+00,8.514756560325622559e-01,8.117860436439514604e-01,9.423642158508300781e-01,9.236596643924712691e-01,4.743766784667968750e-01,6.188772261142730935e-01,2.674807310104370117e-01,2.725492626428603904e-01,2.385046333074569702e-03,3.250405611470341856e-03,1.229871031682705507e-05,1.229871031682705507e-05
2.461431741714477539e+00,2.628270077705383123e+00,2.461444139480590820e+00,2.628282475471496404e+00,8.024098873138427734e-01,8.100333571434020774e-01,9.377967715263366699e-01,9.293700575828551802e-01,4.742038249969482422e-01,6.118442714214324951e-01,2.390332520008087158e-01,2.703827500343322643e-01,7.987909018993377686e-03,6.639647437259555210e-03,1.228302608069498092e-05,1.228302608069498092e-05
2.578698396682739258e+00,2.680133628845214666e+00,2.578710556030273438e+00,2.680145788192748846e+00,8.461854457855224609e-01,8.240003645420074241e-01,9.362420439720153809e-01,9.231681168079376443e-01,4.704411327838897705e-01,6.415416717529296431e-01,3.119505047798156738e-01,2.709301084280014149e-01,1.387926377356052399e-02,2.049332391470670700e-02,1.226758467964828014e-05,1.226758467964828014e-05
2.607187509536743164e+00,2.632084751129150302e+00,2.607199668884277344e+00,2.632096910476684481e+00,8.151351213455200195e-01,8.103515267372131126e-01,9.288229942321777344e-01,9.238067448139191118e-01,6.546068191528320312e-01,6.153762876987457497e-01,2.026211470365524292e-01,2.787817448377609142e-01,6.001357920467853546e-03,3.768379171378910715e-03,1.224688639922533184e-05,1.224688639922533184e-05
2.502074480056762695e+00,2.673301625251769842e+00,2.502086639404296875e+00,2.673313784599304022e+00,8.057881593704223633e-01,8.081738114356994407e-01,9.110082387924194336e-01,9.233624517917633501e-01,4.996576905250549316e-01,6.458023428916931374e-01,2.812538444995880127e-01,2.906760573387145996e-01,4.366744775325059891e-03,5.286990664899349213e-03,1.222346145368646830e-05,1.222346145368646830e-05
2.573687791824340820e+00,2.648673224449157537e+00,2.573699951171875000e+00,2.648685383796691717e+00,8.521768450736999512e-01,8.072733283042907715e-01,9.334427714347839355e-01,9.231261014938354492e-01,4.926092028617858887e-01,6.192335128784179910e-01,2.934001982212066650e-01,2.960488080978393444e-01,2.058823360130190849e-03,2.991479611955583009e-03,1.221243110194336623e-05,1.221243110194336623e-05
2.753242254257202148e+00,2.647298860549926580e+00,2.753254413604736328e+00,2.647311019897460760e+00,8.139726519584655762e-01,8.049599945545196089e-01,9.292541742324829102e-01,9.279613912105559859e-01,7.128291130065917969e-01,6.172734916210174116e-01,2.943628430366516113e-01,2.934940159320831299e-01,2.823480172082781792e-03,3.609886020421981898e-03,1.219814203068381175e-05,1.219814203068381175e-05
2.535569429397583008e+00,2.663485050201416016e+00,2.535581588745117188e+00,2.663497209548950195e+00,8.525616526603698730e-01,8.122324585914612038e-01,9.188646078109741211e-01,9.190926730632782427e-01,4.616071283817291260e-01,6.273516476154327171e-01,2.971074581146240234e-01,2.971056133508682140e-01,5.428596399724483490e-03,7.702687568962573832e-03,1.218583656736882403e-05,1.218583656736882403e-05
2.460256099700927734e+00,2.636145186424255549e+00,2.460268259048461914e+00,2.636157345771789728e+00,8.301889300346374512e-01,8.013664603233336958e-01,9.162720441818237305e-01,9.218936204910278542e-01,4.393222630023956299e-01,6.123301625251770242e-01,2.731630802154541016e-01,2.991912394762039074e-01,1.309850020334124565e-03,1.363697927445173264e-03,1.216187047248240560e-05,1.216187047248240560e-05
2.716359138488769531e+00,2.624834728240966975e+00,2.716371297836303711e+00,2.624846887588501154e+00,7.601487636566162109e-01,8.009720206260680930e-01,9.065769910812377930e-01,9.239681303501129372e-01,7.261306047439575195e-01,6.045030295848846658e-01,3.195418417453765869e-01,2.913381606340408325e-01,3.960903268307447433e-03,4.053410072810947722e-03,1.213839277625083923e-05,1.213839277625083923e-05
2.441473484039306641e+00,2.634891653060912997e+00,2.441485643386840820e+00,2.634903812408447177e+00,8.137485384941101074e-01,8.048301875591278298e-01,9.494560956954956055e-01,9.226395905017852339e-01,4.620622992515563965e-01,6.141700565814971480e-01,2.136922031641006470e-01,2.895659267902374046e-01,2.514350460842251778e-03,3.685855399817228404e-03,1.213417453982401639e-05,1.213417453982401639e-05
2.431266069412231445e+00,2.645942640304565607e+00,2.431278228759765625e+00,2.645954799652099787e+00,7.858540415763854980e-01,8.069388091564178023e-01,9.245837330818176270e-01,9.207971990108489990e-01,4.622591435909271240e-01,6.250831186771392822e-01,2.547265887260437012e-01,2.896636754274368175e-01,3.842680947855114937e-03,3.459893399849534035e-03,1.211237213283311576e-05,1.211237213283311576e-05
2.436863899230957031e+00,2.638564038276672186e+00,2.436876058578491211e+00,2.638576197624206365e+00,8.258106708526611328e-01,8.032284915447235329e-01,9.131847620010375977e-01,9.238546073436737505e-01,4.700207412242889404e-01,6.164705634117126909e-01,2.249146401882171631e-01,2.924743145704269409e-01,2.933337353169918060e-03,2.536066388711333101e-03,1.209363563248189166e-05,1.209363563248189166e-05
2.492882966995239258e+00,2.658315992355346769e+00,2.492895126342773438e+00,2.658328151702880948e+00,7.952452898025512695e-01,8.055502295494079146e-01,9.227120876312255859e-01,9.223232805728912576e-01,4.807904362678527832e-01,6.330148160457611528e-01,2.895403802394866943e-01,2.941182225942611805e-01,4.594793077558279037e-03,3.309439122676849539e-03,1.207699642691295594e-05,1.207699642691295594e-05
2.681434392929077148e+00,2.656927251815795810e+00,2.681446552276611328e+00,2.656939411163329989e+00,7.875749468803405762e-01,8.051999270915984885e-01,8.844094872474670410e-01,9.233385562896728738e-01,6.875630021095275879e-01,6.298764467239379439e-01,3.186338543891906738e-01,2.963816076517105103e-01,3.253125119954347610e-03,2.130758832208812237e-03,1.205361695610918105e-05,1.205361695610918105e-05
2.704223871231079102e+00,2.651404356956482022e+00,2.704236030578613281e+00,2.651416516304016202e+00,8.093267679214477539e-01,8.068993389606475830e-01,9.271787405014038086e-01,9.245050489902496560e-01,6.612436771392822266e-01,6.179646253585815430e-01,3.018181324005126953e-01,2.965437084436416404e-01,4.656530916690826416e-03,5.491622118279337536e-03,1.206257638841634616e-05,1.206257638841634616e-05
2.528422117233276367e+00,2.659378957748413264e+00,2.528434276580810547e+00,2.659391117095947443e+00,8.073886632919311523e-01,8.036925613880157027e-01,9.407861232757568359e-01,9.273476362228393333e-01,4.947577118873596191e-01,6.325304329395293745e-01,2.824490368366241455e-01,2.917968481779098511e-01,3.040534211322665215e-03,4.011483280919492245e-03,1.205348235089331865e-05,1.205348235089331865e-05
2.729041576385498047e+00,2.665487456321716131e+00,2.729053735733032227e+00,2.665499615669250311e+00,8.210296034812927246e-01,8.076435625553131104e-01,9.177265167236328125e-01,9.298119187355041726e-01,6.276142001152038574e-01,6.313674509525298850e-01,3.602303564548492432e-01,2.926054805517196433e-01,2.440725220367312431e-03,4.059019102714955980e-03,1.204124328069156036e-05,1.204124328069156036e-05
2.608238697052001953e+00,2.652686405181884588e+00,2.608250617980957031e+00,2.652698326110839666e+00,7.661213874816894531e-01,8.026266038417816384e-01,9.252507090568542480e-01,9.300593972206115945e-01,6.004661321640014648e-01,6.280657052993774414e-01,3.148532509803771973e-01,2.901882052421569935e-01,1.547397114336490631e-03,1.746502448804676619e-03,1.202562816615682095e-05,1.202562816615682095e-05
2.574566364288330078e+00,2.657020330429077148e+00,2.574578285217285156e+00,2.657032251358032227e+00,8.418977260589599609e-01,8.087155580520629661e-01,9.452044963836669922e-01,9.254238545894623025e-01,5.257946848869323730e-01,6.245557546615601030e-01,2.594735920429229736e-01,2.963464528322219960e-01,2.195724286139011383e-03,1.978711027186364022e-03,1.200980841531418264e-05,1.200980841531418264e-05
2.475882053375244141e+00,2.674105644226074219e+00,2.475893974304199219e+00,2.674117565155029297e+00,7.959513068199157715e-01,8.093180477619170698e-01,9.056602716445922852e-01,9.236736238002777322e-01,5.225917696952819824e-01,6.387010037899016890e-01,2.467131465673446655e-01,2.992914885282516591e-01,4.965496249496936798e-03,3.121461998671293085e-03,1.201503619085997343e-05,1.201503619085997343e-05
2.641161918640136719e+00,2.680118966102599920e+00,2.641173839569091797e+00,2.680130887031554998e+00,8.223704099655151367e-01,8.065145075321197288e-01,9.207442402839660645e-01,9.204434394836426003e-01,5.207117199897766113e-01,6.395897150039673296e-01,3.743967115879058838e-01,3.106950044631958119e-01,2.938805613666772842e-03,2.876321040093898947e-03,1.202165003633126616e-05,1.202165003633126616e-05
2.542519092559814453e+00,2.687712335586547763e+00,2.542531013488769531e+00,2.687724256515502841e+00,7.549046277999877930e-01,8.029416263103484885e-01,8.897516727447509766e-01,9.220139861106873003e-01,4.857359826564788818e-01,6.404644310474395530e-01,4.097165763378143311e-01,3.180987030267715676e-01,2.410086570307612419e-03,4.193585994653403586e-03,1.200949191115796566e-05,1.200949191115796566e-05
2.720442056655883789e+00,2.674487781524658381e+00,2.720453977584838867e+00,2.674499702453613459e+00,8.414785265922546387e-01,8.017564833164214644e-01,9.214259386062622070e-01,9.198708772659301980e-01,5.641543269157409668e-01,6.280730664730072021e-01,3.917056322097778320e-01,3.231486052274704091e-01,1.677678083069622517e-03,1.638746284879744096e-03,1.198753398057306185e-05,1.198753398057306185e-05
2.646362781524658203e+00,2.688932228088378729e+00,2.646374702453613281e+00,2.688944149017333807e+00,8.392064571380615234e-01,8.033116579055785689e-01,9.081910848617553711e-01,9.185057461261749712e-01,4.867444038391113281e-01,6.358257174491882546e-01,4.087515771389007568e-01,3.259028792381286621e-01,3.469469258561730385e-03,5.386239523068070759e-03,1.196861830976558849e-05,1.196861830976558849e-05
2.481571197509765625e+00,2.680688047409057528e+00,2.481583118438720703e+00,2.680699968338012606e+00,8.270360231399536133e-01,7.981167912483215776e-01,9.364047050476074219e-01,9.226123571395874468e-01,4.878063797950744629e-01,6.379100859165192094e-01,2.271133363246917725e-01,3.198663145303726196e-01,3.210859373211860657e-03,2.182533731684088707e-03,1.194591914099873975e-05,1.194591914099873975e-05
2.480216503143310547e+00,2.657595586776733576e+00,2.480228424072265625e+00,2.657607507705688654e+00,7.768507599830627441e-01,8.015806496143340620e-01,9.536679983139038086e-01,9.181975066661834939e-01,4.736783504486083984e-01,6.124064981937408225e-01,2.732121050357818604e-01,3.210520416498184315e-01,2.807169454172253609e-03,4.358919337391853333e-03,1.192658874060725793e-05,1.192658874060725793e-05
2.495640516281127930e+00,2.676437830924987882e+00,2.495652437210083008e+00,2.676449751853942960e+00,7.825962305068969727e-01,7.990456163883209451e-01,9.279664754867553711e-01,9.229283332824707031e-01,5.011475086212158203e-01,6.278083741664886031e-01,2.823245227336883545e-01,3.252353399991989025e-01,1.605640980415046215e-03,1.420105330180376811e-03,1.191145838674856350e-05,1.191145838674856350e-05
2.595597028732299805e+00,2.678234434127807706e+00,2.595608949661254883e+00,2.678246355056762784e+00,8.357471227645874023e-01,8.006853163242340088e-01,9.110001325607299805e-01,9.181852996349334495e-01,4.993636310100555420e-01,6.328303158283233865e-01,3.480757176876068115e-01,3.248935520648956188e-01,1.410467666573822498e-03,1.639998028986156074e-03,1.189494651043787599e-05,1.189494651043787599e-05
2.357550859451293945e+00,2.700555872917175471e+00,2.357562780380249023e+00,2.700567793846130549e+00,7.503855824470520020e-01,8.003045797348022905e-01,8.827214241027832031e-01,9.200725197792053445e-01,4.890768229961395264e-01,6.489743351936340110e-01,2.216549366712570190e-01,3.252547085285186768e-01,1.371216401457786560e-02,5.949655314907431602e-03,1.187790621770545840e-05,1.187790621770545840e-05
2.658618927001953125e+00,2.698500180244445712e+00,2.658630847930908203e+00,2.698512101173400790e+00,8.110969662666320801e-01,8.050249755382538064e-01,9.328322410583496094e-01,9.198383331298828347e-01,6.613711118698120117e-01,6.328978478908539040e-01,2.396033108234405518e-01,3.248379528522491455e-01,1.371559407562017441e-02,1.590110547840595245e-02,1.187419638881692663e-05,1.187419638881692663e-05
2.398443460464477539e+00,2.676347088813781916e+00,2.398455381393432617e+00,2.676359009742736994e+00,7.609769105911254883e-01,8.010209381580353227e-01,9.115331768989562988e-01,9.179398834705352339e-01,4.724922776222229004e-01,6.330994963645935059e-01,2.522975504398345947e-01,3.229656338691711537e-01,1.143544563092291355e-03,1.321112364530563441e-03,1.185600103781325743e-05,1.185600103781325743e-05
2.468626976013183594e+00,2.693043184280395685e+00,2.468638896942138672e+00,2.693055105209350764e+00,7.746122479438781738e-01,8.066856503486633523e-01,9.095982909202575684e-01,9.191643536090851052e-01,5.152094364166259766e-01,6.359063565731049028e-01,2.581216692924499512e-01,3.242416441440582053e-01,1.108518335968255997e-02,7.045111246407031666e-03,1.183383119496284053e-05,1.183383119496284053e-05
2.485817432403564453e+00,2.693357253074645907e+00,2.485829353332519531e+00,2.693369174003600985e+00,7.995454668998718262e-01,8.020202755928039773e-01,9.241774678230285645e-01,9.198284327983856645e-01,4.697307348251342773e-01,6.416282713413238303e-01,2.887727618217468262e-01,3.258180022239685059e-01,3.590805921703577042e-03,4.062277055345476021e-03,1.182783125841524452e-05,1.182783125841524452e-05
2.477651834487915039e+00,2.677050375938415439e+00,2.477663755416870117e+00,2.677062296867370517e+00,7.893814444541931152e-01,7.988726675510406938e-01,9.074593186378479004e-01,9.210185766220092551e-01,4.488614797592163086e-01,6.266515314579009788e-01,3.295073509216308594e-01,3.278600662946701272e-01,2.442097058519721031e-03,2.647556434385478670e-03,1.181385323434369639e-05,1.181385323434369639e-05
2.378407239913940430e+00,2.677517604827881037e+00,2.378418922424316406e+00,2.677529287338257014e+00,7.925883531570434570e-01,7.983087837696075661e-01,9.116620421409606934e-01,9.178801298141479048e-01,4.329742193222045898e-01,6.351010084152222124e-01,2.393429577350616455e-01,3.248314410448074341e-01,1.839745324105024338e-03,1.396249316167086450e-03,1.179696573672117665e-05,1.179696573672117665e-05
2.383809566497802734e+00,2.676474785804748624e+00,2.383821249008178711e+00,2.676486468315124601e+00,7.659462690353393555e-01,8.032618165016174316e-01,9.015879034996032715e-01,9.200357019901275191e-01,4.334651827812194824e-01,6.366659045219421609e-01,2.774464488029479980e-01,3.125505208969115989e-01,5.363588221371173859e-03,3.960869368165731083e-03,1.177679223474115133e-05,1.177679223474115133e-05
2.657970428466796875e+00,2.739159989356994451e+00,2.657982110977172852e+00,2.739171671867370428e+00,9.034872055053710938e-01,8.263979256153106689e-01,9.793279767036437988e-01,9.343833506107330766e-01,4.988572299480438232e-01,6.241081953048706055e-01,2.283989042043685913e-01,3.005622833967208640e-01,4.789935797452926636e-02,5.370829850435256819e-02,1.176057048724032938e-05,1.176057048724032938e-05
2.516033172607421875e+00,2.667323756217956365e+00,2.516044855117797852e+00,2.667335438728332342e+00,8.064117431640625000e-01,8.153195381164550781e-01,9.246127605438232422e-01,9.251603126525879128e-01,5.028957128524780273e-01,6.261152505874634233e-01,2.777013182640075684e-01,2.965707510709762462e-01,4.411810077726840973e-03,4.157940158620476723e-03,1.174972385342698544e-05,1.174972385342698544e-05
2.711104393005371094e+00,2.663189053535461426e+00,2.711116075515747070e+00,2.663200736045837402e+00,8.042831420898437500e-01,8.068051517009735552e-01,8.979208469390869141e-01,9.252017438411712646e-01,6.127874255180358887e-01,6.323233008384704368e-01,3.902832865715026855e-01,2.921794891357422097e-01,5.829504691064357758e-03,6.679356563836336136e-03,1.173785312857944518e-05,1.173785312857944518e-05
2.549054861068725586e+00,2.648893690109253019e+00,2.549066543579101562e+00,2.648905372619628995e+00,8.095017075538635254e-01,8.078897178173065630e-01,9.449474811553955078e-01,9.246307373046874778e-01,5.725459456443786621e-01,6.186725854873657005e-01,2.179803103208541870e-01,2.915714502334594838e-01,4.079341422766447067e-03,6.129149952903390278e-03,1.173450891656102613e-05,1.173450891656102613e-05
2.514852046966552734e+00,2.675312995910644531e+00,2.514863729476928711e+00,2.675324678421020508e+00,8.098570704460144043e-01,8.096456766128540261e-01,9.560265541076660156e-01,9.230622410774230735e-01,4.594996571540832520e-01,6.511476337909698486e-01,2.872176170349121094e-01,2.878853201866150013e-01,2.251189900562167168e-03,3.572067641653120344e-03,1.171996154880616814e-05,1.171996154880616814e-05
2.443902254104614258e+00,2.656452512741088956e+00,2.443913936614990234e+00,2.656464195251464933e+00,8.101298809051513672e-01,8.118408858776092751e-01,9.241316318511962891e-01,9.314464330673217773e-01,4.508267045021057129e-01,6.241545915603637917e-01,2.553423047065734863e-01,2.839256197214126698e-01,3.471733070909976959e-03,5.084984982386231249e-03,1.170176074083428830e-05,1.170176074083428830e-05
2.471798658370971680e+00,2.635238885879516602e+00,2.471810340881347656e+00,2.635250568389892578e+00,8.096175789833068848e-01,8.053930103778839111e-01,9.490127563476562500e-01,9.229404151439666304e-01,4.275070726871490479e-01,6.163954555988311323e-01,2.840758562088012695e-01,2.887951135635375977e-01,1.585202058777213097e-03,1.714828098192810926e-03,1.168616381619358435e-05,1.168616381619358435e-05
2.774935245513916016e+00,2.640668463706970392e+00,2.774946928024291992e+00,2.640680146217346369e+00,7.978563308715820312e-01,8.043207705020904985e-01,9.022138714790344238e-01,9.237890124320984331e-01,7.609365582466125488e-01,6.235622346401215044e-01,3.117178678512573242e-01,2.869546651840210183e-01,2.210668288171291351e-03,2.041770808864384803e-03,1.167003392765764147e-05,1.167003392765764147e-05
2.562234163284301758e+00,2.631890892982482910e+00,2.562245845794677734e+00,2.631902575492858887e+00,8.428106904029846191e-01,8.029681086540222390e-01,9.348891377449035645e-01,9.255696296691894309e-01,4.408996403217315674e-01,6.206696748733520064e-01,3.426104784011840820e-01,2.802285850048065186e-01,1.024016761220991611e-03,2.454873151145875541e-03,1.165327466878807172e-05,1.165327466878807172e-05
2.476490497589111328e+00,2.634326601028442294e+00,2.476502180099487305e+00,2.634338283538818271e+00,7.981110215187072754e-01,8.124833524227141890e-01,8.911538720130920410e-01,9.319617807865142600e-01,4.497471451759338379e-01,6.132462978363036887e-01,3.340755105018615723e-01,2.733757257461547630e-01,3.403066191822290421e-03,3.259491221979260271e-03,1.163656452263239771e-05,1.163656452263239771e-05
2.477178335189819336e+00,2.641786909103393644e+00,2.477190017700195312e+00,2.641798591613769620e+00,8.034240603446960449e-01,8.173099040985107866e-01,9.567847251892089844e-01,9.277021825313568337e-01,4.514831304550170898e-01,6.212492704391479048e-01,2.578392922878265381e-01,2.675493478775024525e-01,7.647367194294929504e-03,7.976278848946093819e-03,1.162281660072039813e-05,1.162281660072039813e-05
2.331563711166381836e+00,2.598877143859863459e+00,2.331575393676757812e+00,2.598888826370239435e+00,7.209155559539794922e-01,8.052334845066070335e-01,8.701773285865783691e-01,9.260316967964172807e-01,4.392026662826538086e-01,6.003738403320312278e-01,2.995353639125823975e-01,2.659674644470214622e-01,1.732953009195625782e-03,1.270567520987242504e-03,1.160961255664005876e-05,1.160961255664005876e-05
2.426005363464355469e+00,2.647964048385619940e+00,2.426017045974731445e+00,2.647975730895995916e+00,7.840021252632141113e-01,8.088750004768371360e-01,9.267770648002624512e-01,9.246603250503540039e-01,4.429813921451568604e-01,6.429359436035155806e-01,2.703462541103363037e-01,2.698202937841415183e-01,1.898439251817762852e-03,1.672442839480936484e-03,1.159546809503808618e-05,1.159546809503808618e-05
2.818022012710571289e+00,2.625939297676086248e+00,2.818033695220947266e+00,2.625950980186462225e+00,8.159549832344055176e-01,8.036713778972626177e-01,9.032301902770996094e-01,9.236482560634613481e-01,7.901123762130737305e-01,6.261706113815307395e-01,3.069242835044860840e-01,2.708629816770553589e-01,1.800409401766955853e-03,1.586109795607626482e-03,1.159058592747896910e-05,1.159058592747896910e-05
2.537387847900390625e+00,2.635952258110046298e+00,2.537399530410766602e+00,2.635963940620422274e+00,7.890266180038452148e-01,8.126235783100128618e-01,9.064546823501586914e-01,9.222763478755950928e-01,5.322420597076416016e-01,6.280746757984161377e-01,3.075394630432128906e-01,2.705735981464386097e-01,2.125056693330407143e-03,2.404062077403068542e-03,1.157795304607134312e-05,1.157795304607134312e-05
2.466010808944702148e+00,2.641061568260192782e+00,2.466022253036499023e+00,2.641073012351989657e+00,8.206278681755065918e-01,8.090566396713256836e-01,8.927095532417297363e-01,9.199357151985168013e-01,4.359542131423950195e-01,6.364631593227386697e-01,3.138671815395355225e-01,2.731768220663070568e-01,2.852304838597774506e-03,2.429228718392551032e-03,1.155900281446520239e-05,1.155900281446520239e-05
2.512660503387451172e+00,2.658507013320922763e+00,2.512671947479248047e+00,2.658518457412719638e+00,7.919154167175292969e-01,8.106002986431122270e-01,8.910884857177734375e-01,9.219576776027679221e-01,4.323216080665588379e-01,6.411514103412627730e-01,3.907584249973297119e-01,2.769276469945907704e-01,6.576586980372667313e-03,7.869976479560137142e-03,1.154524943558499217e-05,1.154524943558499217e-05
2.722555875778198242e+00,2.646980738639831632e+00,2.722567319869995117e+00,2.646992182731628507e+00,8.081250786781311035e-01,8.123812437057494895e-01,9.189714789390563965e-01,9.260661900043487549e-01,7.095988392829895020e-01,6.242314934730529563e-01,2.812038958072662354e-01,2.749473929405212291e-01,4.656529519706964493e-03,9.354381170123816230e-03,1.153687844634987414e-05,1.153687844634987414e-05
2.612174510955810547e+00,2.635826706886291504e+00,2.612185955047607422e+00,2.635838150978088379e+00,8.613858819007873535e-01,8.052908599376678023e-01,9.259567260742187500e-01,9.222299218177795188e-01,4.460876286029815674e-01,6.299580276012420876e-01,3.776667714118957520e-01,2.753614991903304832e-01,1.077664666809141636e-03,2.986361994408070954e-03,1.152324693975970149e-05,1.152324693975970149e-05
2.556893825531005859e+00,2.639730978012084783e+00,2.556905269622802734e+00,2.639742422103881658e+00,8.375598192214965820e-01,8.108428478240966575e-01,9.193528890609741211e-01,9.288286387920379195e-01,4.658467769622802734e-01,6.303078770637512429e-01,3.294841647148132324e-01,2.651361972093582153e-01,4.650131799280643463e-03,4.615335632115602840e-03,1.150805474026128650e-05,1.150805474026128650e-05
2.726850271224975586e+00,2.627431750297546387e+00,2.726861715316772461e+00,2.627443194389343262e+00,8.853985667228698730e-01,8.110618770122528520e-01,9.572286009788513184e-01,9.267970502376556841e-01,6.322855353355407715e-01,6.245045065879821777e-01,2.498589456081390381e-01,2.620084375143051370e-01,2.078757621347904205e-03,3.059867094270884904e-03,1.149678064393810928e-05,1.149678064393810928e-05
2.425768613815307617e+00,2.611551547050475985e+00,2.425780057907104492e+00,2.611562991142272860e+00,7.651935815811157227e-01,8.077762603759766069e-01,9.270359277725219727e-01,9.266348838806152122e-01,4.713441729545593262e-01,6.157899916172027144e-01,2.568093240261077881e-01,2.584057122468948475e-01,5.385596305131912231e-03,2.944687451235950167e-03,1.148897354141809046e-05,1.148897354141809046e-05
2.494103193283081055e+00,2.602557492256164728e+00,2.494114637374877930e+00,2.602568936347961603e+00,8.250303864479064941e-01,8.078993678092956099e-01,9.386382102966308594e-01,9.305188834667206255e-01,4.704763293266296387e-01,6.055527389049529807e-01,2.575538158416748047e-01,2.561461061239242443e-01,2.404425991699099541e-03,2.440435043536126440e-03,1.147676721302559599e-05,1.147676721302559599e-05
2.658289909362792969e+00,2.582302451133728027e+00,2.658301353454589844e+00,2.582313895225524902e+00,7.574922442436218262e-01,8.055706262588501199e-01,9.365938305854797363e-01,9.271279394626616988e-01,7.277756333351135254e-01,5.922225415706634521e-01,2.349805235862731934e-01,2.556385651230811962e-01,1.447655260562896729e-03,1.742732292041182561e-03,1.147355760622303933e-05,1.147355760622303933e-05
2.464918613433837891e+00,2.599272274971008212e+00,2.464930057525634766e+00,2.599283719062805087e+00,7.465797662734985352e-01,8.144850671291351540e-01,8.886530995368957520e-01,9.230464994907379150e-01,5.678690671920776367e-01,6.038105070590973344e-01,2.568393647670745850e-01,2.549001544713974110e-01,4.977148491889238358e-03,3.030089568346738729e-03,1.146114664152264595e-05,1.146114664152264595e-05
2.518225669860839844e+00,2.622771692276001154e+00,2.518237113952636719e+00,2.622783136367798029e+00,8.741106986999511719e-01,8.177713811397552268e-01,9.409713149070739746e-01,9.237960100173949751e-01,4.078069627285003662e-01,6.222244739532470925e-01,2.927176058292388916e-01,2.547968924045562744e-01,2.619126345962285995e-03,4.182949173264205109e-03,1.144755788118345663e-05,1.144755788118345663e-05
2.453901767730712891e+00,2.606588006019592285e+00,2.453913211822509766e+00,2.606599450111389160e+00,8.250378370285034180e-01,8.138264238834380659e-01,9.192730188369750977e-01,9.381973147392272949e-01,4.711424112319946289e-01,6.071524322032928467e-01,2.355827242136001587e-01,2.455104455351829473e-01,2.865691902115941048e-03,1.901385770179331346e-03,1.143133795267203823e-05,1.143133795267203823e-05
2.383458614349365234e+00,2.597327566146850675e+00,2.383470058441162109e+00,2.597339010238647550e+00,7.720459699630737305e-01,8.090560615062714067e-01,9.155422449111938477e-01,9.343178212642669900e-01,4.411890208721160889e-01,6.066621601581573264e-01,2.499664574861526489e-01,2.440216213464737049e-01,4.714955110102891922e-03,3.269826457835733717e-03,1.144060024671489373e-05,1.144060024671489373e-05
2.685885190963745117e+00,2.605872917175292791e+00,2.685896635055541992e+00,2.605884361267089666e+00,8.544721603393554688e-01,8.155879974365234375e-01,9.090268611907958984e-01,9.268640816211700661e-01,6.505519151687622070e-01,5.837991893291473167e-01,2.393178045749664307e-01,2.546681299805640952e-01,3.251634910702705383e-02,2.495343685150146554e-02,1.144239831774029881e-05,1.144239831774029881e-05
2.394745588302612305e+00,2.630029749870300471e+00,2.394757032394409180e+00,2.630041193962097346e+00,7.832321524620056152e-01,8.238665997982025369e-01,9.365030527114868164e-01,9.273435890674590620e-01,4.684174656867980957e-01,6.118774473667144553e-01,2.034914195537567139e-01,2.632242262363433949e-01,3.101591020822525024e-03,3.717875853180885141e-03,1.142760083894245327e-05,1.142760083894245327e-05
2.586959362030029297e+00,2.613770031929016024e+00,2.586970806121826172e+00,2.613781476020812899e+00,8.391636610031127930e-01,8.152112841606140581e-01,9.289828538894653320e-01,9.215857684612274170e-01,5.493363142013549805e-01,6.066174983978271928e-01,2.672730684280395508e-01,2.683608204126358143e-01,2.203574404120445251e-03,1.994645607192069379e-03,1.141041320806834847e-05,1.141041320806834847e-05
2.611138105392456055e+00,2.627098321914672852e+00,2.611149549484252930e+00,2.627109766006469727e+00,8.166039586067199707e-01,8.088482379913329856e-01,9.327989816665649414e-01,9.261321604251862016e-01,5.639979243278503418e-01,6.228608608245849165e-01,2.957412898540496826e-01,2.671006441116333119e-01,1.995742088183760643e-03,2.156416396610438910e-03,1.138993684435263276e-05,1.138993684435263276e-05
2.404425144195556641e+00,2.598952126502990900e+00,2.404436588287353516e+00,2.598963570594787775e+00,8.322568535804748535e-01,8.090544581413269265e-01,9.354119896888732910e-01,9.230672955513000710e-01,4.205162823200225830e-01,5.962034881114959273e-01,2.135925143957138062e-01,2.674479305744171254e-01,2.647373592481017113e-03,3.178970632143318740e-03,1.138071365858195350e-05,1.138071365858195350e-05
2.350428342819213867e+00,2.611873459815979182e+00,2.350439786911010742e+00,2.611884903907776057e+00,8.594751358032226562e-01,8.060974657535553423e-01,9.153109192848205566e-01,9.226629734039306641e-01,4.149125218391418457e-01,6.130054831504821999e-01,1.568052619695663452e-01,2.678261786699295266e-01,3.924685996025800705e-03,2.281359955668449489e-03,1.137844446930103004e-05,1.137844446930103004e-05
2.448022842407226562e+00,2.628696513175964533e+00,2.448034286499023438e+00,2.628707957267761408e+00,8.039054870605468750e-01,8.029266119003295454e-01,9.084673523902893066e-01,9.231687068939209428e-01,3.984751403331756592e-01,6.323403894901276079e-01,3.356767296791076660e-01,2.691245347261428944e-01,1.498193480074405670e-03,1.136259071063250260e-03,1.136458104156190529e-05,1.136458104156190529e-05
2.484140872955322266e+00,2.622868227958679022e+00,2.484152317047119141e+00,2.622879672050475897e+00,8.147109746932983398e-01,8.101154088973998579e-01,9.230161309242248535e-01,9.189986288547515869e-01,4.552568793296813965e-01,6.151686489582062212e-01,2.897204458713531494e-01,2.770007073879242054e-01,1.436208374798297882e-03,1.584810717031359716e-03,1.134386820922372863e-05,1.134386820922372863e-05
2.379242420196533203e+00,2.640742373466491877e+00,2.379253864288330078e+00,2.640753817558288752e+00,7.907490730285644531e-01,8.192512273788452593e-01,9.128295779228210449e-01,9.173982083797455056e-01,3.902125358581542969e-01,6.151109099388122337e-01,2.776850163936614990e-01,2.836776673793792725e-01,7.766327820718288422e-03,5.304335616528987885e-03,1.132534271164331585e-05,1.132534271164331585e-05
2.346827268600463867e+00,2.641544818878173828e+00,2.346838474273681641e+00,2.641556024551391602e+00,7.523550391197204590e-01,8.056876361370086670e-01,9.341547489166259766e-01,9.210320055484771951e-01,4.146034121513366699e-01,6.206321597099304643e-01,2.409391254186630249e-01,2.905259698629379383e-01,4.774721339344978333e-03,3.667017444968223572e-03,1.131398767029168084e-05,1.131398767029168084e-05
2.550398588180541992e+00,2.647296738624572932e+00,2.550409793853759766e+00,2.647307944297790705e+00,8.394957184791564941e-01,8.069623351097107156e-01,9.182321429252624512e-01,9.235217750072479692e-01,4.064404964447021484e-01,6.229605436325073020e-01,3.819505572319030762e-01,2.887236118316650613e-01,4.279731307178735733e-03,5.128448549658060247e-03,1.130205964727792889e-05,1.130205964727792889e-05
2.531215667724609375e+00,2.613340640068054110e+00,2.531226873397827148e+00,2.613351845741271884e+00,8.484383225440979004e-01,8.098803877830504927e-01,9.425765872001647949e-01,9.203559160232543945e-01,5.248637199401855469e-01,6.010445475578307661e-01,2.115335315465927124e-01,2.782035648822784313e-01,3.803545609116554260e-03,3.856184775941073895e-03,1.129083557316334918e-05,1.129083557316334918e-05
2.721501588821411133e+00,2.618840241432189853e+00,2.721512794494628906e+00,2.618851447105407626e+00,7.979556918144226074e-01,8.050806283950805442e-01,9.127295017242431641e-01,9.241840600967407005e-01,7.699509263038635254e-01,6.137030720710754395e-01,2.392198741436004639e-01,2.732487797737121471e-01,1.645461423322558403e-03,2.623629267327487555e-03,1.127531777456169948e-05,1.127531777456169948e-05
2.571621894836425781e+00,2.627155947685241522e+00,2.571633100509643555e+00,2.627167153358459295e+00,7.674760818481445312e-01,8.105738162994384766e-01,9.093284010887145996e-01,9.253890395164490190e-01,6.214432120323181152e-01,6.177539408206940141e-01,2.715698778629302979e-01,2.712871313095092662e-01,1.804219209589064121e-03,2.152063953690231020e-03,1.126005827245535329e-05,1.126005827245535329e-05
2.550756454467773438e+00,2.618489456176757990e+00,2.550767660140991211e+00,2.618500661849975764e+00,7.953443527221679688e-01,8.084433019161224587e-01,8.972249627113342285e-01,9.250425815582274947e-01,5.577026605606079102e-01,6.117078959941864014e-01,2.938829958438873291e-01,2.688090354204177856e-01,6.601513829082250595e-03,4.486648133024573326e-03,1.124960272136377171e-05,1.124960272136377171e-05
2.539414167404174805e+00,2.654135990142822088e+00,2.539425373077392578e+00,2.654147195816039861e+00,7.891707420349121094e-01,8.106738924980163574e-01,9.129352569580078125e-01,9.362402439117432085e-01,5.858892202377319336e-01,6.362145662307738814e-01,2.491935491561889648e-01,2.684493333101272694e-01,2.225267002359032631e-03,2.557959593832493002e-03,1.124588925449643284e-05,1.124588925449643284e-05
2.393894195556640625e+00,2.651156282424926847e+00,2.393905401229858398e+00,2.651167488098144620e+00,7.730302214622497559e-01,8.135257542133331743e-01,9.241569638252258301e-01,9.199408829212188943e-01,4.021916389465332031e-01,6.384105503559112105e-01,2.831270992755889893e-01,2.695790410041808971e-01,1.138837914913892746e-02,9.699984546750783573e-03,1.123494439525529742e-05,1.123494439525529742e-05
2.505543947219848633e+00,2.636253714561462402e+00,2.505555152893066406e+00,2.636264920234680176e+00,8.090638518333435059e-01,8.246652662754059282e-01,9.496084451675415039e-01,9.264720380306243896e-01,4.497833549976348877e-01,6.081611156463623269e-01,2.883880734443664551e-01,2.625156939029693604e-01,8.700431324541568756e-03,1.443963432684540818e-02,1.121802779380232096e-05,1.121802779380232096e-05
2.649628877639770508e+00,2.610420536994934260e+00,2.649640083312988281e+00,2.610431742668152033e+00,7.937660217285156250e-01,8.116985261440277100e-01,9.155671596527099609e-01,9.235426485538482666e-01,6.527149081230163574e-01,6.138814032077789529e-01,2.847015261650085449e-01,2.580244570970535167e-01,2.879260806366801262e-03,3.273555519990623084e-03,1.120736396842403337e-05,1.120736396842403337e-05
2.306033134460449219e+00,2.624850583076477228e+00,2.306044340133666992e+00,2.624861788749695002e+00,7.859685420989990234e-01,8.056395053863525391e-01,8.841651082038879395e-01,9.242323338985443115e-01,4.476475119590759277e-01,6.331611573696136475e-01,1.809939593076705933e-01,2.588151574134826549e-01,7.257906720042228699e-03,3.002428053878247911e-03,1.120215711125638336e-05,1.120215711125638336e-05
2.535285711288452148e+00,2.647089457511901944e+00,2.535296916961669922e+00,2.647100663185119718e+00,8.358770608901977539e-01,8.104993104934692383e-01,9.495551586151123047e-01,9.236482560634613481e-01,4.558875262737274170e-01,6.424355447292328103e-01,2.903623282909393311e-01,2.665113896131515725e-01,3.603810211643576622e-03,3.994957637041806828e-03,1.119312219088897109e-05,1.119312219088897109e-05
2.454392433166503906e+00,2.658339190483093084e+00,2.454403638839721680e+00,2.658350396156310858e+00,8.181774616241455078e-01,8.112949013710022417e-01,9.368295073509216309e-01,9.223903894424438921e-01,4.440456330776214600e-01,6.555245339870452437e-01,2.535900175571441650e-01,2.665675520896911843e-01,1.749746501445770264e-03,2.561843651346862143e-03,1.118695308832684532e-05,1.118695308832684532e-05
2.461743831634521484e+00,2.675038909912109464e+00,2.461755037307739258e+00,2.675050115585327237e+00,8.085890412330627441e-01,8.276462137699127641e-01,9.331485629081726074e-01,9.241385102272033913e-01,4.301988482475280762e-01,6.287456631660461870e-01,2.689406573772430420e-01,2.766827702522277610e-01,2.086653374135494232e-02,1.782579906284809113e-02,1.117669307859614491e-05,1.117669307859614491e-05
2.564529180526733398e+00,2.656145000457763583e+00,2.564540386199951172e+00,2.656156206130981356e+00,8.560411334037780762e-01,8.188042223453522173e-01,9.282286167144775391e-01,9.221668243408203125e-01,4.612929821014404297e-01,6.235484778881072998e-01,3.071909248828887939e-01,2.793667763471603394e-01,1.177550852298736572e-02,1.225870000198483502e-02,1.116383646149188280e-05,1.116383646149188280e-05
2.401119947433471680e+00,2.649066257476806463e+00,2.401131153106689453e+00,2.649077463150024236e+00,7.963315844535827637e-01,8.021532475948334184e-01,9.347057342529296875e-01,9.211066842079163042e-01,4.243899881839752197e-01,6.397645771503448486e-01,2.398106306791305542e-01,2.787345618009567372e-01,5.881849676370620728e-03,7.307157758623361934e-03,1.115174836741061881e-05,1.115174836741061881e-05
2.500158071517944336e+00,2.655967092514038175e+00,2.500169277191162109e+00,2.655978298187255948e+00,8.490608334541320801e-01,8.146516382694244385e-01,9.659464359283447266e-01,9.225447475910186768e-01,4.296883642673492432e-01,6.376156449317932351e-01,2.538016736507415771e-01,2.776044756174087524e-01,1.660937676206231117e-03,3.550586011260748083e-03,1.114727365347789600e-05,1.114727365347789600e-05
2.488115549087524414e+00,2.657279133796691895e+00,2.488126754760742188e+00,2.657290339469909668e+00,7.620562314987182617e-01,8.059035837650299072e-01,9.159793257713317871e-01,9.217022836208343950e-01,5.840229392051696777e-01,6.524357914924621138e-01,2.234252989292144775e-01,2.752741932868957297e-01,2.631624229252338409e-03,1.963272155262529677e-03,1.113330563384806737e-05,1.113330563384806737e-05
2.401367902755737305e+00,2.669415235519409180e+00,2.401379108428955078e+00,2.669426441192626953e+00,8.124806880950927734e-01,8.146866381168365034e-01,9.589169025421142578e-01,9.266661942005157693e-01,4.405956864356994629e-01,6.415141344070434126e-01,1.832741349935531616e-01,2.772260636091232189e-01,6.100753322243690491e-03,9.322215244174003948e-03,1.112088830268476158e-05,1.112088830268476158e-05
2.386697053909301758e+00,2.646764469146728693e+00,2.386708259582519531e+00,2.646775674819946467e+00,7.688437700271606445e-01,8.066690206527710183e-01,8.932069540023803711e-01,9.214092969894409624e-01,4.476779699325561523e-01,6.371803760528564897e-01,2.727599740028381348e-01,2.791703432798385842e-01,4.208331927657127380e-03,2.335381880402565176e-03,1.111168967327103019e-05,1.111168967327103019e-05
2.488398075103759766e+00,2.622357058525085272e+00,2.488409280776977539e+00,2.622368264198303045e+00,8.078404068946838379e-01,8.059939384460449441e-01,9.313137531280517578e-01,9.285472512245178667e-01,4.371606409549713135e-01,6.043299436569213867e-01,3.103562593460083008e-01,2.814792037010193093e-01,1.727092196233570576e-03,2.006683067884296266e-03,1.111108940676786005e-05,1.111108940676786005e-05
2.450127840042114258e+00,2.653752613067626775e+00,2.450139045715332031e+00,2.653763818740844549e+00,8.287577033042907715e-01,8.086013138294220193e-01,9.200170636177062988e-01,9.213496983051300271e-01,4.395219087600708008e-01,6.258278250694274680e-01,2.587435543537139893e-01,2.953134059906005748e-01,3.087470075115561485e-03,2.660341886803507892e-03,1.110215180233353749e-05,1.110215180233353749e-05
2.582989931106567383e+00,2.655451273918151944e+00,2.583000898361206055e+00,2.655462241172790616e+00,8.221122026443481445e-01,8.055421888828278032e-01,9.428817629814147949e-01,9.244711279869080034e-01,5.741320848464965820e-01,6.298076629638671431e-01,2.411109507083892822e-01,2.921576678752899059e-01,2.752663567662239075e-03,3.472608420997857961e-03,1.108308788388967514e-05,1.108308788388967514e-05
2.418384313583374023e+00,2.627837324142455966e+00,2.418395280838012695e+00,2.627848291397094638e+00,7.798141241073608398e-01,8.017804443836211714e-01,9.217278957366943359e-01,9.200987040996551070e-01,4.601766169071197510e-01,6.161045014858246294e-01,2.556343078613281250e-01,2.885646581649780051e-01,1.031476072967052460e-03,1.289016217924654484e-03,1.107148909795796499e-05,1.107148909795796499e-05
2.486594438552856445e+00,2.658459782600402832e+00,2.486605405807495117e+00,2.658470749855041504e+00,8.074834346771240234e-01,8.077577114105224387e-01,9.373828172683715820e-01,9.252053916454314741e-01,4.771539270877838135e-01,6.278455436229706255e-01,2.599480152130126953e-01,2.930021017789840587e-01,4.626349080353975296e-03,4.649034654721617872e-03,1.106816762330709025e-05,1.106816762330709025e-05
2.562023878097534180e+00,2.669317722320556641e+00,2.562034845352172852e+00,2.669328689575195312e+00,7.812165021896362305e-01,8.033042609691619651e-01,9.047880768775939941e-01,9.234913468360901323e-01,4.692442119121551514e-01,6.374785661697387473e-01,4.042465984821319580e-01,3.002434611320495828e-01,2.528521465137600899e-03,4.800047259777784348e-03,1.107590105675626546e-05,1.107590105675626546e-05
2.502896547317504883e+00,2.651462578773498446e+00,2.502907514572143555e+00,2.651473546028137118e+00,7.795579433441162109e-01,8.023336410522461382e-01,9.109219312667846680e-01,9.261979937553406206e-01,4.683225154876708984e-01,6.194135427474976030e-01,3.429911732673645020e-01,3.022300302982330322e-01,1.102885464206337929e-03,1.287401735316961917e-03,1.107381103793159127e-05,1.107381103793159127e-05
2.789303779602050781e+00,2.642772579193115146e+00,2.789314746856689453e+00,2.642783546447753817e+00,7.396368384361267090e-01,8.065833747386932373e-01,9.221934676170349121e-01,9.191874325275420921e-01,8.873657584190368652e-01,6.096416175365447776e-01,2.368238866329193115e-01,3.028931111097336037e-01,3.283998463302850723e-03,4.467049846425652504e-03,1.105728551920037717e-05,1.105728551920037717e-05
2.489957809448242188e+00,2.638483500480651944e+00,2.489968776702880859e+00,2.638494467735290616e+00,7.797406315803527832e-01,8.018173933029174583e-01,9.239163994789123535e-01,9.205859839916229470e-01,4.659307301044464111e-01,6.112458527088164839e-01,3.184108734130859375e-01,2.995199024677276389e-01,1.958969980478286743e-03,5.314392829313873898e-03,1.104528291762107983e-05,1.104528291762107983e-05
2.423695325851440430e+00,2.643831753730773837e+00,2.423706293106079102e+00,2.643842720985412509e+00,7.776503562927246094e-01,8.013406455516814964e-01,8.512409925460815430e-01,9.186607837677002175e-01,4.411580264568328857e-01,6.232636034488677756e-01,3.509514629840850830e-01,2.988488376140594482e-01,2.694665454328060150e-03,1.717875432223081545e-03,1.103254453482804820e-05,1.103254453482804820e-05
2.392315626144409180e+00,2.653659200668335050e+00,2.392326593399047852e+00,2.653670167922973722e+00,7.509242296218872070e-01,7.996958136558532937e-01,8.983625769615173340e-01,9.226939618587494119e-01,4.394631087779998779e-01,6.408361613750457320e-01,3.020657002925872803e-01,2.888315916061401367e-01,1.500016427598893642e-03,1.601617143023759127e-03,1.101743873732630163e-05,1.101743873732630163e-05
2.529695749282836914e+00,2.644794154167175115e+00,2.529706716537475586e+00,2.644805121421813787e+00,8.089098334312438965e-01,8.028797388076782671e-01,9.036420583724975586e-01,9.212699770927429421e-01,4.504658281803131104e-01,6.293178319931029829e-01,3.650006353855133057e-01,2.896320223808288574e-01,1.677266205660998821e-03,1.694552565459161910e-03,1.100463578040944412e-05,1.100463578040944412e-05
2.421540021896362305e+00,2.641679358482361017e+00,2.421550989151000977e+00,2.641690325736999689e+00,8.027030825614929199e-01,8.056926488876342551e-01,9.234783649444580078e-01,9.200314998626708540e-01,4.252988100051879883e-01,6.241186857223510742e-01,2.670159637928009033e-01,2.890790432691573986e-01,3.043789416551589966e-03,2.757443976588547056e-03,1.099635028367629275e-05,1.099635028367629275e-05
2.479269504547119141e+00,2.646382164955139338e+00,2.479280471801757812e+00,2.646393132209778010e+00,8.329713344573974609e-01,8.048211812973022905e-01,9.270823001861572266e-01,9.186791002750396284e-01,4.134500324726104736e-01,6.316628634929657427e-01,3.046980798244476318e-01,2.901114434003829734e-01,1.067892764694988728e-03,1.107582834083586888e-03,1.098290522349998355e-05,1.098290522349998355e-05
2.543053150177001953e+00,2.645138192176818670e+00,2.543064117431640625e+00,2.645149159431457342e+00,7.769326567649841309e-01,8.034606635570525901e-01,9.060949683189392090e-01,9.181348681449890137e-01,5.689012408256530762e-01,6.267722904682159202e-01,2.879080772399902344e-01,2.942916065454482810e-01,3.216153243556618690e-03,2.478771843016147614e-03,1.096638698072638363e-05,1.096638698072638363e-05
2.669811010360717773e+00,2.676064014434814453e+00,2.669821977615356445e+00,2.676074981689453125e+00,7.884944081306457520e-01,8.058408915996551070e-01,9.052503705024719238e-01,9.235191404819488303e-01,7.013730406761169434e-01,6.396789610385894553e-01,2.636170387268066406e-01,2.951940923929214367e-01,1.107622031122446060e-02,1.183099392801523209e-02,1.095190054911654443e-05,1.095190054911654443e-05
2.468607425689697266e+00,2.643756127357482999e+00,2.468618392944335938e+00,2.643767094612121671e+00,8.244245648384094238e-01,8.008655846118927224e-01,9.165416955947875977e-01,9.184072136878966841e-01,4.252224564552307129e-01,6.276693344116210938e-01,3.002915084362030029e-01,2.944087654352188221e-01,2.127120038494467735e-03,2.405199804343283176e-03,1.094910021492978558e-05,1.094910021492978558e-05
2.403775453567504883e+00,2.643090438842773615e+00,2.403786420822143555e+00,2.643101406097412287e+00,8.079670667648315430e-01,8.068419039249420388e-01,9.205352067947387695e-01,9.208142340183258501e-01,4.274106919765472412e-01,6.208860158920288530e-01,2.464867830276489258e-01,2.925746530294418557e-01,1.375992316752672195e-03,1.973662874661386013e-03,1.094207254936918616e-05,1.094207254936918616e-05
2.537763118743896484e+00,2.652132010459899991e+00,2.537774085998535156e+00,2.652142977714538663e+00,8.529052138328552246e-01,8.036259829998015913e-01,9.461926817893981934e-01,9.210849285125732866e-01,4.257819354534149170e-01,6.333241343498230425e-01,3.115066587924957275e-01,2.919051021337509266e-01,1.376635045744478703e-03,2.191849029622972098e-03,1.092629099730402231e-05,1.092629099730402231e-05
3.171736240386962891e+00,2.661450195312499822e+00,3.171747207641601562e+00,2.661461162567138494e+00,7.685233950614929199e-01,8.068237066268920676e-01,9.171407818794250488e-01,9.212806761264801247e-01,1.224406957626342773e+00,6.368087708950043169e-01,2.597411572933197021e-01,2.943905085325241311e-01,1.924029435031116009e-03,2.146490360610187140e-03,1.093236460292246193e-05,1.093236460292246193e-05
2.449516057968139648e+00,2.634124755859375000e+00,2.449527025222778320e+00,2.634135723114013672e+00,7.728958129882812500e-01,8.010685563087462935e-01,9.268749356269836426e-01,9.223979413509368896e-01,4.257073104381561279e-01,6.117156744003295898e-01,3.230766654014587402e-01,2.967756479978561623e-01,9.612677968107163906e-04,2.167029166594147769e-03,1.092271759262075648e-05,1.092271759262075648e-05
2.468152046203613281e+00,2.653022289276123047e+00,2.468163013458251953e+00,2.653033256530761719e+00,7.485518455505371094e-01,8.053608596324920432e-01,8.636351823806762695e-01,9.160426616668700950e-01,4.500541687011718750e-01,6.245963275432586670e-01,4.006890356540679932e-01,3.031596392393112183e-01,5.221770610660314560e-03,3.862808924168348312e-03,1.090786008717259392e-05,1.090786008717259392e-05
2.439479112625122070e+00,2.643773198127746582e+00,2.439490079879760742e+00,2.643784165382385254e+00,7.943552136421203613e-01,8.033115267753601074e-01,9.322406649589538574e-01,9.194419622421264870e-01,4.613918066024780273e-01,6.072939634323120117e-01,2.499242275953292847e-01,3.122399747371673584e-01,1.567150931805372238e-03,1.485770090948790355e-03,1.090156547434162349e-05,1.090156547434162349e-05
2.660701751708984375e+00,2.649186229705810636e+00,2.660712718963623047e+00,2.649197196960449308e+00,7.399094700813293457e-01,8.050102353096008079e-01,8.307862281799316406e-01,9.205422282218933550e-01,6.716924905776977539e-01,6.078342199325561523e-01,4.158200323581695557e-01,3.133320689201354869e-01,2.493266714736819267e-03,2.467506029643118208e-03,1.088294902729103342e-05,1.088294902729103342e-05
2.441675662994384766e+00,2.666446137428283514e+00,2.441686630249023438e+00,2.666457104682922186e+00,7.576367259025573730e-01,8.092639744281768799e-01,8.998563885688781738e-01,9.195790112018584761e-01,4.554500579833984375e-01,6.200449407100677712e-01,3.254034519195556641e-01,3.125980168581009022e-01,3.329154103994369507e-03,4.960211366415024151e-03,1.088660974346566945e-05,1.088660974346566945e-05
2.573316097259521484e+00,2.653631973266601385e+00,2.573327064514160156e+00,2.653642940521240057e+00,8.415439128875732422e-01,8.008142232894897017e-01,9.422842264175415039e-01,9.181664168834686723e-01,4.590066373348236084e-01,6.218943774700165239e-01,3.288752734661102295e-01,3.098981976509094238e-01,1.605933066457509995e-03,2.858799695968627756e-03,1.087417513190302998e-05,1.087417513190302998e-05
2.414320707321166992e+00,2.644733309745788574e+00,2.414331674575805664e+00,2.644744277000427246e+00,7.848742604255676270e-01,8.024045467376709206e-01,9.211618304252624512e-01,9.188572168350219727e-01,4.430549442768096924e-01,6.111377000808715376e-01,2.625379264354705811e-01,3.101401478052139282e-01,2.691699657589197159e-03,2.193780196830630129e-03,1.086985321308020502e-05,1.086985321308020502e-05
2.587534904479980469e+00,2.653785991668700994e+00,2.587545871734619141e+00,2.653796958923339666e+00,8.114240765571594238e-01,8.041087627410888894e-01,9.163493514060974121e-01,9.168037772178649902e-01,4.480236768722534180e-01,6.230023622512816939e-01,4.079728126525878906e-01,3.065794885158538707e-01,3.765146713703870773e-03,3.291637171059846878e-03,1.085565872926963493e-05,1.085565872926963493e-05
2.392789125442504883e+00,2.661723494529724121e+00,2.392799854278564453e+00,2.661734223365783691e+00,7.480347752571105957e-01,8.044137179851531538e-01,8.686164617538452148e-01,9.160387754440307839e-01,4.112513661384582520e-01,6.257615029811859353e-01,3.584508597850799561e-01,3.102277636528015248e-01,6.435658782720565796e-03,5.281681939959525889e-03,1.083973984350450337e-05,1.083973984350450337e-05
2.442486763000488281e+00,2.660081338882446467e+00,2.442497491836547852e+00,2.660092067718506037e+00,8.106807470321655273e-01,8.166333615779877153e-01,8.823754787445068359e-01,9.161156594753265825e-01,4.166918992996215820e-01,6.109932541847229448e-01,3.285353779792785645e-01,3.121457397937774658e-01,4.203361459076404572e-03,4.193332511931657791e-03,1.083068855223245919e-05,1.083068855223245919e-05
2.736719608306884766e+00,2.649955821037292658e+00,2.736730337142944336e+00,2.649966549873352228e+00,7.937462925910949707e-01,8.030489623546600564e-01,9.015641808509826660e-01,9.184936583042144775e-01,7.053598761558532715e-01,6.200750470161437988e-01,3.337351083755493164e-01,3.057954549789428933e-01,2.314124256372451782e-03,2.542719198390841658e-03,1.081967093341518193e-05,1.081967093341518193e-05
2.641764640808105469e+00,2.656800508499145508e+00,2.641775369644165039e+00,2.656811237335205078e+00,8.337620496749877930e-01,8.040339946746826172e-01,9.459064006805419922e-01,9.195432126522063987e-01,5.779243707656860352e-01,6.278714895248412864e-01,2.810639142990112305e-01,3.017784267663955466e-01,3.108012024313211441e-03,3.573377477005124179e-03,1.081502250599442050e-05,1.081502250599442050e-05
2.526444673538208008e+00,2.656763339042663485e+00,2.526455402374267578e+00,2.656774067878723056e+00,8.152717947959899902e-01,8.068412482738495095e-01,9.338432550430297852e-01,9.193958401679992454e-01,4.552968442440032959e-01,6.216826438903808594e-01,3.138655722141265869e-01,2.994943261146545410e-01,8.167363703250885010e-03,9.349297638982534756e-03,1.080830406863242388e-05,1.080830406863242388e-05
2.481195688247680664e+00,2.650365686416626065e+00,2.481206417083740234e+00,2.650376415252685636e+00,8.175850510597229004e-01,8.002812623977660911e-01,9.395993947982788086e-01,9.223193109035492387e-01,4.258919358253479004e-01,6.271015465259551780e-01,2.958430945873260498e-01,2.984904289245605691e-01,2.276121871545910835e-03,2.173148142173886126e-03,1.079766843758989125e-05,1.079766843758989125e-05
2.552014112472534180e+00,2.680098891258239746e+00,2.552024841308593750e+00,2.680109620094299316e+00,8.022183179855346680e-01,8.086712121963500755e-01,9.344007372856140137e-01,9.230039536952971968e-01,5.167356729507446289e-01,6.512022018432617188e-01,2.965056896209716797e-01,2.944950550794601662e-01,2.153983339667320251e-03,2.726479037664830858e-03,1.079135927284369245e-05,1.079135927284369245e-05
2.448589801788330078e+00,2.646664381027221680e+00,2.448600530624389648e+00,2.646675109863281250e+00,7.729351520538330078e-01,8.077991545200348122e-01,9.149452447891235352e-01,9.212756395339966042e-01,4.207189977169036865e-01,6.240317881107330100e-01,3.382106721401214600e-01,2.914063185453414917e-01,1.779808662831783295e-03,2.151480689644813364e-03,1.077802244253689423e-05,1.077802244253689423e-05
2.872650146484375000e+00,2.651404070854186834e+00,2.872660875320434570e+00,2.651414799690246404e+00,7.726055383682250977e-01,8.028976380825042503e-01,8.986124992370605469e-01,9.182038664817809837e-01,8.559518456459045410e-01,6.358436226844788042e-01,3.405716121196746826e-01,2.907995969057083352e-01,4.908641800284385681e-03,3.659306582994758996e-03,1.077582237485330552e-05,1.077582237485330552e-05
2.494485616683959961e+00,2.711040925979614435e+00,2.494496345520019531e+00,2.711051654815674006e+00,8.444970250129699707e-01,8.405629694461822510e-01,9.315261840820312500e-01,9.211868584156036599e-01,4.370718598365783691e-01,6.214075207710265669e-01,2.524859905242919922e-01,3.052923053503036610e-01,2.890463918447494507e-02,2.259120829403400352e-02,1.080283891496947035e-05,1.080283891496947035e-05
2.466263532638549805e+00,2.684770321846008390e+00,2.466274261474609375e+00,2.684781050682067960e+00,7.901527285575866699e-01,8.066204130649566872e-01,9.374256730079650879e-01,9.328225076198577437e-01,4.241881370544433594e-01,6.278370857238769753e-01,3.110395073890686035e-01,3.113776773214340099e-01,3.457498969510197639e-03,6.112707499414682562e-03,1.081475056707859039e-05,1.081475056707859039e-05
2.547850847244262695e+00,2.680282354354858398e+00,2.547861576080322266e+00,2.680293083190917969e+00,8.332157731056213379e-01,8.127029597759246604e-01,9.365871548652648926e-01,9.178911387920379861e-01,4.703015387058258057e-01,6.228445470333099365e-01,3.000938296318054199e-01,3.182134628295898438e-01,7.652426604181528091e-03,8.630235213786363602e-03,1.081585378415184096e-05,1.081585378415184096e-05
2.487349987030029297e+00,2.677102637290954767e+00,2.487360715866088867e+00,2.677113366127014338e+00,8.248353004455566406e-01,8.027420639991760254e-01,9.383203387260437012e-01,9.182305216789246050e-01,4.746249914169311523e-01,6.308687806129456010e-01,2.431548982858657837e-01,3.199165016412734985e-01,6.414514966309070587e-03,5.344739183783531189e-03,1.081735717889387161e-05,1.081735717889387161e-05
2.476419925689697266e+00,2.662567257881164551e+00,2.476430654525756836e+00,2.662577986717224121e+00,7.505409121513366699e-01,8.021864771842956987e-01,9.236580133438110352e-01,9.212617337703704612e-01,4.661906361579895020e-01,6.184630453586578147e-01,3.308502137660980225e-01,3.128842502832412942e-01,5.180387292057275772e-03,7.771779410541057240e-03,1.082000471797073260e-05,1.082000471797073260e-05
2.606000423431396484e+00,2.672271752357482821e+00,2.606011152267456055e+00,2.672282481193542392e+00,8.664785623550415039e-01,8.062928378582000510e-01,9.314054250717163086e-01,9.216693282127380593e-01,4.638012647628784180e-01,6.200309574604034868e-01,3.274842798709869385e-01,3.068542510271072277e-01,1.683079637587070465e-02,1.742438413202762604e-02,1.081929531210334972e-05,1.081929531210334972e-05
2.988637447357177734e+00,2.663310408592224121e+00,2.988648176193237305e+00,2.663321137428283691e+00,8.372894525527954102e-01,8.012962818145752397e-01,9.304098486900329590e-01,9.258936941623687744e-01,8.708872795104980469e-01,6.240751326084137407e-01,3.445211946964263916e-01,3.069416821002960427e-01,5.529630463570356369e-03,5.103652458637952458e-03,1.081862228602403775e-05,1.081862228602403775e-05
2.541667461395263672e+00,2.705028939247131170e+00,2.541678190231323242e+00,2.705039668083190740e+00,8.403680920600891113e-01,8.288984119892119917e-01,9.602032303810119629e-01,9.253918886184692161e-01,4.811337292194366455e-01,6.160034894943237083e-01,2.384633570909500122e-01,3.029959261417388694e-01,2.149889059364795685e-02,3.173926565796136856e-02,1.081332720787031576e-05,1.081332720787031576e-05
2.751532554626464844e+00,2.665971302986144931e+00,2.751543283462524414e+00,2.665982031822204501e+00,7.837831974029541016e-01,7.968384861946106179e-01,9.346675276756286621e-01,9.356787800788879395e-01,7.073338627815246582e-01,6.304347753524780495e-01,3.234048783779144287e-01,3.003179758787155040e-01,2.343270694836974144e-03,2.701325016096234235e-03,1.080747460946440697e-05,1.080747460946440697e-05
2.533608198165893555e+00,2.664926290512084961e+00,2.533618927001953125e+00,2.664937019348144531e+00,8.702128529548645020e-01,8.064416050910949707e-01,9.558560252189636230e-01,9.280939519405364546e-01,4.653895199298858643e-01,6.251465618610382302e-01,2.365505397319793701e-01,2.966453462839126476e-01,5.599346011877059937e-03,8.598896581679582943e-03,1.080706260836450383e-05,1.080706260836450383e-05
2.542090177536010742e+00,2.676152348518371582e+00,2.542100906372070312e+00,2.676163077354431152e+00,8.208517432212829590e-01,8.099332451820373535e-01,9.562702775001525879e-01,9.309580326080322266e-01,4.656530618667602539e-01,6.326479256153106911e-01,2.923056185245513916e-01,2.953550696372985729e-01,7.009451277554035187e-03,7.258020061999559576e-03,1.080303536582505330e-05,1.080303536582505330e-05
2.567680835723876953e+00,2.653233742713928311e+00,2.567691564559936523e+00,2.653244471549987882e+00,7.610247731208801270e-01,8.077794730663299116e-01,9.102278351783752441e-01,9.272534191608429177e-01,6.017040610313415527e-01,6.099097192287444846e-01,2.841179668903350830e-01,2.977144747972488292e-01,1.060639787465333939e-02,1.057668672874569928e-02,1.080078163795405999e-05,1.080078163795405999e-05
3.079502105712890625e+00,2.666857814788818448e+00,3.079512834548950195e+00,2.666868543624878019e+00,7.939233183860778809e-01,8.097975969314574751e-01,9.352964758872985840e-01,9.189563393592834473e-01,1.040094137191772461e+00,6.291140854358673318e-01,3.053286373615264893e-01,3.043943792581558228e-01,4.859673790633678436e-03,4.595441976562142372e-03,1.081288246496114880e-05,1.081288246496114880e-05
2.683792352676391602e+00,2.681787657737731756e+00,2.683803081512451172e+00,2.681798386573791326e+00,7.733181118965148926e-01,8.059825718402862105e-01,9.108140468597412109e-01,9.225744783878326860e-01,6.794720292091369629e-01,6.412209868431091309e-01,3.143402040004730225e-01,3.072484970092773660e-01,5.848181433975696564e-03,4.761120257899165327e-03,1.081705431715818122e-05,1.081705431715818122e-05
2.529235601425170898e+00,2.663820052146911532e+00,2.529246330261230469e+00,2.663830780982971103e+00,7.645018100738525391e-01,8.012644946575164795e-01,9.057449102401733398e-01,9.230139136314392534e-01,6.232783198356628418e-01,6.307445704936981423e-01,2.309191823005676270e-01,3.057870447635650524e-01,4.791539628058671951e-03,3.010024921968579206e-03,1.081851951312273741e-05,1.081851951312273741e-05
2.630934715270996094e+00,2.676802515983581543e+00,2.630945444107055664e+00,2.676813244819641113e+00,7.912659049034118652e-01,8.105852782726288286e-01,9.283334612846374512e-01,9.224894046783447266e-01,5.722920894622802734e-01,6.189197778701782671e-01,3.275428414344787598e-01,3.114868402481079102e-01,1.150036603212356567e-02,1.332114804536104272e-02,1.081304981198627502e-05,1.081304981198627502e-05
2.420932531356811523e+00,2.675853848457336426e+00,2.420943260192871094e+00,2.675864577293395996e+00,7.533708214759826660e-01,7.990403294563293013e-01,9.508631825447082520e-01,9.248732388019561546e-01,4.949519336223602295e-01,6.409380495548248069e-01,2.183151841163635254e-01,3.081714272499084251e-01,3.431527409702539444e-03,2.830819017253816041e-03,1.081140635506017134e-05,1.081140635506017134e-05
2.541104316711425781e+00,2.665695953369140447e+00,2.541115045547485352e+00,2.665706682205200018e+00,8.076093792915344238e-01,8.043233036994934526e-01,9.285436272621154785e-01,9.197821080684661643e-01,4.997588992118835449e-01,6.280352056026459184e-01,3.037269413471221924e-01,3.118451654911041371e-01,1.465589855797588825e-03,1.710169634316116658e-03,1.084221185010392219e-05,1.084221185010392219e-05
2.564201831817626953e+00,2.669136261940002530e+00,2.564212560653686523e+00,2.669146990776062101e+00,7.985908389091491699e-01,8.015558004379272905e-01,9.292169213294982910e-01,9.213514447212218794e-01,4.839344620704650879e-01,6.247897744178771973e-01,3.502906262874603271e-01,3.187160819768905529e-01,2.169227227568626404e-03,2.723136893473565665e-03,1.084414088836638257e-05,1.084414088836638257e-05
2.566915988922119141e+00,2.682970666885375888e+00,2.566926717758178711e+00,2.682981395721435458e+00,8.726035952568054199e-01,8.051771163940429910e-01,9.448375105857849121e-01,9.211568415164947954e-01,4.972679018974304199e-01,6.361992835998535600e-01,2.494926899671554565e-01,3.172232806682586670e-01,2.714284462854266167e-03,3.214066475629806605e-03,1.084540144802303985e-05,1.084540144802303985e-05
2.624085187911987305e+00,2.693925976753234863e+00,2.624095916748046875e+00,2.693936705589294434e+00,8.468095660209655762e-01,8.129099786281586137e-01,9.604641795158386230e-01,9.254123330116271751e-01,5.206875205039978027e-01,6.336708188056945357e-01,2.906360328197479248e-01,3.118095815181732289e-01,5.488036200404167175e-03,1.012326749041676452e-02,1.084314135368913412e-05,1.084314135368913412e-05
2.637362480163574219e+00,2.679708456993103116e+00,2.637373447418212891e+00,2.679719424247741788e+00,8.076200485229492188e-01,8.058577835559844749e-01,9.288417696952819824e-01,9.211848556995392290e-01,5.527159571647644043e-01,6.351509690284729004e-01,3.459893465042114258e-01,3.150932848453521506e-01,2.195348730310797691e-03,2.421589707955717954e-03,1.084838186216074973e-05,1.084838186216074973e-05
2.669443130493164062e+00,2.665377140045166016e+00,2.669454097747802734e+00,2.665388107299804688e+00,8.524372577667236328e-01,8.022777438163757324e-01,9.435203671455383301e-01,9.226063966751099077e-01,5.027727484703063965e-01,6.211345016956328902e-01,3.691425621509552002e-01,3.172191023826599343e-01,1.570310094393789768e-03,2.139356778934598056e-03,1.085421263269381598e-05,1.085421263269381598e-05
2.721122503280639648e+00,2.681186127662658514e+00,2.721133232116699219e+00,2.681196856498718084e+00,7.847386598587036133e-01,8.039318084716796653e-01,9.418942332267761230e-01,9.198303937911986861e-01,7.319044470787048340e-01,6.306467890739441140e-01,2.593675553798675537e-01,3.235010951757431030e-01,3.217771882191300392e-03,3.276043199002742854e-03,1.084301311493618414e-05,1.084301311493618414e-05
2.729638576507568359e+00,2.688310551643371404e+00,2.729649305343627930e+00,2.688321280479430975e+00,8.459439873695373535e-01,7.988651335239410622e-01,9.483397006988525391e-01,9.205293118953704612e-01,5.752255320549011230e-01,6.426517844200134721e-01,3.584992885589599609e-01,3.244010955095291138e-01,1.630042213946580887e-03,1.863240299280732957e-03,1.083759798348182812e-05,1.083759798348182812e-05
2.559312105178833008e+00,2.672946524620056330e+00,2.559322834014892578e+00,2.672957253456115900e+00,7.939613461494445801e-01,7.991357862949370894e-01,9.239727258682250977e-01,9.244616925716400146e-01,5.013282299041748047e-01,6.286084651947021484e-01,3.377977609634399414e-01,3.177365988492965587e-01,2.251982456073164940e-03,3.003976098261773500e-03,1.083341521734837443e-05,1.083341521734837443e-05
2.537355661392211914e+00,2.671730279922485352e+00,2.537366390228271484e+00,2.671741008758544922e+00,7.879564762115478516e-01,8.025243699550628218e-01,9.211256504058837891e-01,9.238562524318695290e-01,5.047286748886108398e-01,6.244682729244231956e-01,3.173538148403167725e-01,3.149368375539779441e-01,6.191103253513574600e-03,5.944583006203174938e-03,1.083361621567746624e-05,1.083361621567746624e-05
2.692588090896606445e+00,2.688688826560974299e+00,2.692598819732666016e+00,2.688699555397033869e+00,7.900924682617187500e-01,8.054778456687927690e-01,9.206460714340209961e-01,9.219377875328064187e-01,6.498154997825622559e-01,6.355809152126312700e-01,3.296748399734497070e-01,3.211881697177886852e-01,2.359153935685753822e-03,4.504132596775889223e-03,1.082934977603144944e-05,1.082934977603144944e-05
2.672136306762695312e+00,2.674167013168335050e+00,2.672147035598754883e+00,2.674177742004394620e+00,7.522906064987182617e-01,8.013159990310668723e-01,8.866007328033447266e-01,9.202341735363006592e-01,6.592316031455993652e-01,6.314356267452240212e-01,3.716465830802917480e-01,3.190458297729492076e-01,2.366856671869754791e-03,2.135435515083372419e-03,1.082684684661217034e-05,1.082684684661217034e-05
2.649401426315307617e+00,2.670022082328796564e+00,2.649412155151367188e+00,2.670032811164856135e+00,8.028212189674377441e-01,8.005690693855285200e-01,9.084349274635314941e-01,9.208955645561218706e-01,4.955019354820251465e-01,6.280103921890258789e-01,4.415808320045471191e-01,3.188431948423385842e-01,1.062621129676699638e-03,1.703890110366046385e-03,1.082571725419256836e-05,1.082571725419256836e-05
2.419067859649658203e+00,2.657434463500976562e+00,2.419078588485717773e+00,2.657445192337036133e+00,8.081043362617492676e-01,7.999782085418700728e-01,9.368382096290588379e-01,9.196268200874329057e-01,4.712560176849365234e-01,6.172343194484710693e-01,2.001215219497680664e-01,3.182693749666213878e-01,2.748009283095598221e-03,2.325781504623591900e-03,1.082033850252628326e-05,1.082033850252628326e-05
2.790149211883544922e+00,2.692604994773864835e+00,2.790159940719604492e+00,2.692615723609924405e+00,7.752447128295898438e-01,8.094158709049225076e-01,8.963937163352966309e-01,9.197115421295165572e-01,7.225925922393798828e-01,6.345048666000365767e-01,3.913355171680450439e-01,3.229753226041793823e-01,4.582661669701337814e-03,5.997400311753153627e-03,1.081918708223383874e-05,1.081918708223383874e-05
2.630932569503784180e+00,2.691165351867675692e+00,2.630943298339843750e+00,2.691176080703735263e+00,8.441240191459655762e-01,8.040992975234985130e-01,9.703053236007690430e-01,9.201575577259063499e-01,4.631161093711853027e-01,6.391894221305847168e-01,3.515653312206268311e-01,3.213605135679244995e-01,1.821872545406222343e-03,6.358510721474886287e-03,1.081633490684907883e-05,1.081633490684907883e-05
2.489768505096435547e+00,2.692626857757568271e+00,2.489779233932495117e+00,2.692637586593627841e+00,7.785816788673400879e-01,8.016979098320007324e-01,9.065389037132263184e-01,9.176690042018890159e-01,4.922266304492950439e-01,6.477987468242645264e-01,3.101077079772949219e-01,3.239773958921432495e-01,2.313702367246150970e-03,1.483766245655715466e-03,1.081851860362803563e-05,1.081851860362803563e-05
2.456676483154296875e+00,2.686346030235290616e+00,2.456687211990356445e+00,2.686356759071350186e+00,7.783002853393554688e-01,8.085755467414855735e-01,8.959742188453674316e-01,9.236173152923583540e-01,4.308933913707733154e-01,6.289468765258788840e-01,3.495326638221740723e-01,3.231325238943100198e-01,1.975982915610074997e-03,2.073802822269499475e-03,1.081227037502685562e-05,1.081227037502685562e-05
2.649894952774047852e+00,2.669216275215148926e+00,2.649905681610107422e+00,2.669227004051208496e+00,8.215181231498718262e-01,7.995687067508697732e-01,9.168546795845031738e-01,9.257213532924651878e-01,6.527301669120788574e-01,6.206439018249512163e-01,2.548791766166687012e-01,3.200418502092361450e-01,3.912719897925853729e-03,3.240470052696764556e-03,1.080496258509811014e-05,1.080496258509811014e-05
2.783026695251464844e+00,2.672379398345947177e+00,2.783037424087524414e+00,2.672390127182006747e+00,7.980610132217407227e-01,8.039915442466736284e-01,9.346359968185424805e-01,9.249431431293487771e-01,7.931587100028991699e-01,6.192408502101898193e-01,2.536414563655853271e-01,3.206588029861450195e-01,3.529503243044018745e-03,3.545056981965899641e-03,1.079976300388807431e-05,1.079976300388807431e-05
3.553153276443481445e+00,2.684872961044311612e+00,3.553164005279541016e+00,2.684883689880371183e+00,8.397194147109985352e-01,8.048430323600769265e-01,9.472544789314270020e-01,9.238879740238189475e-01,1.396042704582214355e+00,6.276417315006256326e-01,3.639711141586303711e-01,3.191147059202193992e-01,6.165380124002695084e-03,9.385518264025449753e-03,1.080444326362339780e-05,1.080444326362339780e-05
2.520192623138427734e+00,2.721719026565551758e+00,2.520203351974487305e+00,2.721729755401611328e+00,8.490756750106811523e-01,8.409222781658172163e-01,9.124624729156494141e-01,9.191731214523315430e-01,4.436651468276977539e-01,6.134503006935119185e-01,3.051956892013549805e-01,3.357862204313278309e-01,9.793771430850028992e-03,1.238723639398813317e-02,1.080358561011962593e-05,1.080358561011962593e-05
2.444596290588378906e+00,2.701867151260375799e+00,2.444607019424438477e+00,2.701877880096435369e+00,7.826374769210815430e-01,8.148025035858154075e-01,8.932369351387023926e-01,9.138093888759613037e-01,4.538225531578063965e-01,6.212023437023163064e-01,2.991079390048980713e-01,3.392060786485672219e-01,1.579122804105281830e-02,1.284681353718042374e-02,1.080172205547569320e-05,1.080172205547569320e-05
2.694035768508911133e+00,2.725611734390258611e+00,2.694046497344970703e+00,2.725622463226318182e+00,7.677586078643798828e-01,8.126288831233978716e-01,8.949435353279113770e-01,9.095973789691924605e-01,6.996122002601623535e-01,6.373723685741424783e-01,3.202489316463470459e-01,3.568831413984298595e-01,1.147281657904386520e-02,9.129931312054395329e-03,1.079591766028897837e-05,1.079591766028897837e-05
2.585659503936767578e+00,2.761762666702270330e+00,2.585670232772827148e+00,2.761773395538329900e+00,7.693865895271301270e-01,8.031773447990417925e-01,9.350078105926513672e-01,9.152675509452820046e-01,5.038300752639770508e-01,6.583735883235931619e-01,3.740831613540649414e-01,3.818301111459732056e-01,3.352124709635972977e-03,3.114070021547377196e-03,1.079929006664315239e-05,1.079929006664315239e-05
2.585141181945800781e+00,2.745858287811279386e+00,2.585151910781860352e+00,2.745869016647338956e+00,7.308393120765686035e-01,7.976873278617858665e-01,8.268339633941650391e-01,9.177238821983337846e-01,5.522648692131042480e-01,6.471932411193848100e-01,4.634817242622375488e-01,3.772593230009079202e-01,1.172140892595052719e-02,5.994561268016696323e-03,1.082005474017933011e-05,1.082005474017933011e-05
2.465344905853271484e+00,2.716704893112182440e+00,2.465355634689331055e+00,2.716715621948242010e+00,8.481492996215820312e-01,8.095867633819580078e-01,9.682156443595886230e-01,9.231921255588531050e-01,4.198209941387176514e-01,6.091819107532501221e-01,2.243349105119705200e-01,3.677332401275634766e-01,4.823850933462381363e-03,7.010894687846302639e-03,1.082789731299271807e-05,1.082789731299271807e-05
2.482412099838256836e+00,2.678619503974914551e+00,2.482422828674316406e+00,2.678630232810974121e+00,8.092179894447326660e-01,7.994317352771759255e-01,9.367468953132629395e-01,9.239664733409881370e-01,4.044576883316040039e-01,5.785949766635894997e-01,3.264312446117401123e-01,3.698865681886672752e-01,5.558367352932691574e-03,6.739771831780672420e-03,1.083098959497874603e-05,1.083098959497874603e-05
4.769524574279785156e+00,2.702082633972167969e+00,4.769535541534423828e+00,2.702093362808227539e+00,7.863808274269104004e-01,8.034155130386352317e-01,9.191358685493469238e-01,9.172565519809723344e-01,2.635392904281616211e+00,6.123094677925109419e-01,4.266327917575836182e-01,3.659521907567978016e-01,1.982225105166435242e-03,3.148955409415066242e-03,1.083215192920761183e-05,1.083215192920761183e-05
2.575083494186401367e+00,2.684513831138610751e+00,2.575094223022460938e+00,2.684524559974670321e+00,8.677209615707397461e-01,7.963480174541472945e-01,9.425556063652038574e-01,9.271151006221771684e-01,4.386126995086669922e-01,5.928559482097626177e-01,3.183825612068176270e-01,3.572697550058364646e-01,7.811701390892267227e-03,1.092502605170011555e-02,1.082979269995121285e-05,1.082979269995121285e-05
2.438386917114257812e+00,2.669038033485412686e+00,2.438397645950317383e+00,2.669048762321472257e+00,8.050581812858581543e-01,7.977870881557465044e-01,9.103848338127136230e-01,9.170857548713684526e-01,4.780357778072357178e-01,6.120714545249938965e-01,2.425402700901031494e-01,3.402767449617385975e-01,2.367731416597962379e-03,1.816930307541042566e-03,1.082912604033481330e-05,1.082912604033481330e-05
2.524353504180908203e+00,2.680882692337036133e+00,2.524364233016967773e+00,2.680893421173095703e+00,7.988090515136718750e-01,8.016862034797668235e-01,9.267925024032592773e-01,9.231051266193389671e-01,4.464087486267089844e-01,6.102477848529815896e-01,3.468865752220153809e-01,3.362187623977661022e-01,5.456451792269945145e-03,9.624844230711460807e-03,1.082297330867731944e-05,1.082297330867731944e-05
2.721630811691284180e+00,2.677954316139221191e+00,2.721641540527343750e+00,2.677965044975280762e+00,7.885563969612121582e-01,8.046651959419250932e-01,9.220975637435913086e-01,9.232919991016388384e-01,6.110710501670837402e-01,6.043872117996216264e-01,3.958137333393096924e-01,3.394896298646926658e-01,4.092026036232709885e-03,6.120354635640978813e-03,1.082415201381081715e-05,1.082415201381081715e-05
2.801638364791870117e+00,2.684317755699157537e+00,2.801649093627929688e+00,2.684328484535217108e+00,8.102590441703796387e-01,7.990221977233886719e-01,9.345228672027587891e-01,9.157684981822967751e-01,7.129465937614440918e-01,6.226846992969512495e-01,3.393601477146148682e-01,3.419881194829940685e-01,4.549403209239244461e-03,4.854257358238101352e-03,1.082407743524527177e-05,1.082407743524527177e-05
2.907730817794799805e+00,2.685395383834838778e+00,2.907741546630859375e+00,2.685406112670898349e+00,8.301225304603576660e-01,7.977268278598785844e-01,9.288159012794494629e-01,9.211688518524170366e-01,7.695081233978271484e-01,6.140011012554168479e-01,3.772694766521453857e-01,3.482817381620407216e-01,2.014753641560673714e-03,4.216911294497549881e-03,1.082011112885084003e-05,1.082011112885084003e-05
2.459905385971069336e+00,2.685481834411620916e+00,2.459916114807128906e+00,2.685492563247680486e+00,8.062265515327453613e-01,7.983238995075225830e-01,8.931941986083984375e-01,9.157106101512908491e-01,4.269668459892272949e-01,6.204661250114440474e-01,3.308517932891845703e-01,3.493092894554138406e-01,2.666057553142309189e-03,1.671962987165897998e-03,1.082055587176000699e-05,1.082055587176000699e-05
2.826621055603027344e+00,2.671348524093628107e+00,2.826631784439086914e+00,2.671359252929687678e+00,8.189054131507873535e-01,7.994124174118042436e-01,9.265965223312377930e-01,9.162462055683135986e-01,7.551817297935485840e-01,6.031658351421356201e-01,3.234091401100158691e-01,3.502979636192321555e-01,2.528150333091616631e-03,2.226096764206886465e-03,1.081555001292144880e-05,1.081555001292144880e-05
2.526721954345703125e+00,2.678367877006530673e+00,2.526732683181762695e+00,2.678378605842590243e+00,7.770454287528991699e-01,8.023763835430145486e-01,8.971254825592041016e-01,9.120930492877959983e-01,4.215863049030303955e-01,6.000704586505889448e-01,4.245847761631011963e-01,3.579085260629654153e-01,6.379873026162385941e-03,5.919440789148211826e-03,1.081411301129264757e-05,1.081411301129264757e-05
2.581337928771972656e+00,2.685296559333801181e+00,2.581348657608032227e+00,2.685307288169860751e+00,8.152107000350952148e-01,7.983253121376037154e-01,9.321427941322326660e-01,9.137894690036774126e-01,5.176533460617065430e-01,6.192655622959136741e-01,3.136015534400939941e-01,3.516830861568450706e-01,2.729339525103569031e-03,2.233113208785652941e-03,1.081176105799386278e-05,1.081176105799386278e-05
2.439068794250488281e+00,2.670992565155029475e+00,2.439079523086547852e+00,2.671003293991089045e+00,7.382102608680725098e-01,7.982527077198028342e-01,8.922746777534484863e-01,9.154448091983795610e-01,4.648337364196777344e-01,6.065176606178284135e-01,3.419328927993774414e-01,3.486056596040725819e-01,1.817309064790606499e-03,2.171701216138899153e-03,1.081284608517307788e-05,1.081284608517307788e-05
2.438179731369018555e+00,2.682840347290039062e+00,2.438190460205078125e+00,2.682851076126098633e+00,7.502980232238769531e-01,8.035329222679138406e-01,9.378754496574401855e-01,9.203643262386321799e-01,4.284683763980865479e-01,5.997894287109375444e-01,3.173568248748779297e-01,3.548794537782669067e-01,4.180841147899627686e-03,4.274218669161200176e-03,1.081001937563996762e-05,1.081001937563996762e-05
2.495862007141113281e+00,2.693212080001830877e+00,2.495872735977172852e+00,2.693222808837890447e+00,7.889500260353088379e-01,8.004615902900695801e-01,8.964816331863403320e-01,9.213357031345367210e-01,4.270819425582885742e-01,6.136537253856658714e-01,3.775900006294250488e-01,3.501227974891662487e-01,5.758583080023527145e-03,7.638282375410199165e-03,1.081265691027510911e-05,1.081265691027510911e-05
2.769822120666503906e+00,2.695824003219604581e+00,2.769832849502563477e+00,2.695834732055664151e+00,7.874917984008789062e-01,8.016209363937377708e-01,9.395134449005126953e-01,9.195466458797454390e-01,7.451616525650024414e-01,6.185177206993103249e-01,2.931756377220153809e-01,3.491671413183212169e-01,4.479461815208196640e-03,6.971403909847140486e-03,1.081314803741406649e-05,1.081314803741406649e-05
2.512094497680664062e+00,2.708183431625366122e+00,2.512105226516723633e+00,2.708194160461425692e+00,8.127849698066711426e-01,7.981677114963531272e-01,9.132267832756042480e-01,9.158030450344085693e-01,4.005808234214782715e-01,6.468520522117614524e-01,3.829507231712341309e-01,3.449778109788894653e-01,2.551106037572026253e-03,2.382795093581080437e-03,1.081401751434896141e-05,1.081401751434896141e-05
2.446135282516479492e+00,2.705314397811889648e+00,2.446146011352539062e+00,2.705325126647949219e+00,7.538478374481201172e-01,8.059287488460540327e-01,8.852238655090332031e-01,9.130554914474486861e-01,4.110309481620788574e-01,6.304731070995330811e-01,3.875870704650878906e-01,3.452050387859344482e-01,8.445528335869312286e-03,1.065199719741940533e-02,1.081194568541832268e-05,1.081194568541832268e-05
2.527472257614135742e+00,2.677353429794311346e+00,2.527482986450195312e+00,2.677364158630370916e+00,8.031907677650451660e-01,8.011702358722686546e-01,8.935336470603942871e-01,9.151561498641967995e-01,4.531225562095642090e-01,6.083149135112762007e-01,3.740230500698089600e-01,3.493251174688339344e-01,3.602358978241682053e-03,3.387054824270307844e-03,1.080824586097151041e-05,1.080824586097151041e-05
2.879151344299316406e+00,2.703690814971923650e+00,2.879162073135375977e+00,2.703701543807983221e+00,7.612806558609008789e-01,8.032489478588104026e-01,8.972469568252563477e-01,9.148122012615204079e-01,8.790397644042968750e-01,6.216501832008362038e-01,3.327813148498535156e-01,3.551384150981903298e-01,8.802554570138454437e-03,8.841018751263618122e-03,1.080750644177896902e-05,1.080750644177896902e-05
2.784996747970581055e+00,2.696872138977050692e+00,2.785007476806640625e+00,2.696882867813110263e+00,7.708506584167480469e-01,7.964729666709899902e-01,8.804298639297485352e-01,9.140677273273467573e-01,7.408803105354309082e-01,6.241157948970794678e-01,3.881787955760955811e-01,3.582043945789337158e-01,4.657142795622348785e-03,4.011370497755706657e-03,1.080888705473626032e-05,1.080888705473626032e-05
2.554453849792480469e+00,2.685116791725158603e+00,2.554464578628540039e+00,2.685127520561218173e+00,7.776901125907897949e-01,7.969861090183257835e-01,9.054157137870788574e-01,9.147185802459716353e-01,5.162667632102966309e-01,6.125231385231018066e-01,3.488423824310302734e-01,3.555985122919082531e-01,6.239045877009630203e-03,5.290462356060743505e-03,1.081237405742285773e-05,1.081237405742285773e-05
2.700669050216674805e+00,2.676722025871276944e+00,2.700679779052734375e+00,2.676732754707336515e+00,7.709532380104064941e-01,8.004285812377929243e-01,8.841800093650817871e-01,9.119682252407074197e-01,5.806991457939147949e-01,6.042913913726806197e-01,4.638268947601318359e-01,3.572701156139374001e-01,1.009665429592132568e-03,2.763718622736632737e-03,1.081199025065870956e-05,1.081199025065870956e-05
3.053560495376586914e+00,2.677480912208557218e+00,3.053571224212646484e+00,2.677491641044616788e+00,7.927119731903076172e-01,8.044758796691894309e-01,9.027794003486633301e-01,9.099761128425598589e-01,9.974265098571777344e-01,5.950146913528442383e-01,3.579303622245788574e-01,3.652381628751754650e-01,2.712259069085121155e-03,2.776099368929862976e-03,1.080856236512772739e-05,1.080856236512772739e-05
2.514073610305786133e+00,2.683165478706359686e+00,2.514084339141845703e+00,2.683176207542419256e+00,8.253248333930969238e-01,8.055708050727844460e-01,9.343967437744140625e-01,9.157086610794067383e-01,4.185259938240051270e-01,6.016930460929870161e-01,3.338488340377807617e-01,3.578368306159973034e-01,1.977135660126805305e-03,2.356138080358505249e-03,1.080372567230369896e-05,1.080372567230369896e-05
2.561683177947998047e+00,2.670542573928833097e+00,2.561693906784057617e+00,2.670553302764892667e+00,8.493043780326843262e-01,7.991530537605285867e-01,9.118899703025817871e-01,9.111363232135772927e-01,4.166407287120819092e-01,5.950607657432556152e-01,3.749461770057678223e-01,3.574128687381744607e-01,8.902110159397125244e-03,7.779584731906652451e-03,1.080420770449563861e-05,1.080420770449563861e-05
2.485065698623657227e+00,2.692273497581481934e+00,2.485076427459716797e+00,2.692284226417541504e+00,8.347502350807189941e-01,8.019138991832732710e-01,8.931787014007568359e-01,9.111337304115295632e-01,3.909862041473388672e-01,6.145994186401366743e-01,3.607416749000549316e-01,3.609858840703964455e-01,5.408911500126123428e-03,3.640568931587040424e-03,1.079989669960923493e-05,1.079989669960923493e-05
2.581836938858032227e+00,2.683568572998046964e+00,2.581847667694091797e+00,2.683579301834106534e+00,8.524117469787597656e-01,8.014308154582977517e-01,9.228098392486572266e-01,9.107991993427276833e-01,4.447755813598632812e-01,6.006960809230804665e-01,3.549297153949737549e-01,3.631346523761749268e-01,6.910061929374933243e-03,7.507769763469696392e-03,1.079953744920203462e-05,1.079953744920203462e-05
2.901519298553466797e+00,2.675458168983459561e+00,2.901530027389526367e+00,2.675468897819519132e+00,8.209263086318969727e-01,7.998299062252044456e-01,9.261547923088073730e-01,9.127728760242461714e-01,8.015538454055786133e-01,5.941793143749236616e-01,3.502432405948638916e-01,3.663006514310837014e-01,2.640961902216076851e-03,2.375352126546203917e-03,1.079767753253690898e-05,1.079767753253690898e-05
2.359607696533203125e+00,2.666784715652465998e+00,2.359618425369262695e+00,2.666795444488525568e+00,7.316952347755432129e-01,7.972084045410156028e-01,8.906961679458618164e-01,9.136672198772430864e-01,4.187200963497161865e-01,5.918491065502167192e-01,3.161970078945159912e-01,3.624095410108566506e-01,2.299278741702437401e-03,1.650436292402446357e-03,1.079609410226112232e-05,1.079609410226112232e-05
2.515934944152832031e+00,2.675091624259948730e+00,2.515945672988891602e+00,2.675102353096008301e+00,8.308545351028442383e-01,8.049925148487091509e-01,9.212107658386230469e-01,9.091668605804443803e-01,3.932566642761230469e-01,5.939729154109955056e-01,3.649286031723022461e-01,3.615063905715942272e-01,5.684315692633390427e-03,5.452944990247487675e-03,1.079204776033293456e-05,1.079204776033293456e-05
2.434472799301147461e+00,2.687418580055236816e+00,2.434483528137207031e+00,2.687429308891296387e+00,8.033804297447204590e-01,7.988317131996154341e-01,9.085704684257507324e-01,9.109571635723113792e-01,3.718512356281280518e-01,6.103169739246367964e-01,3.483608067035675049e-01,3.631335526704788097e-01,2.309856237843632698e-03,4.179175151512027134e-03,1.079056710295844823e-05,1.079056710295844823e-05
2.473289012908935547e+00,2.681273007392883212e+00,2.473299741744995117e+00,2.681283736228942782e+00,8.419134616851806641e-01,8.018109381198883501e-01,9.423527717590332031e-01,9.125514507293701616e-01,4.024344682693481445e-01,6.100867241621017456e-01,2.831169962882995605e-01,3.525628089904785378e-01,3.471203614026308060e-03,4.261013586074113846e-03,1.078736204362940043e-05,1.078736204362940043e-05
2.614714622497558594e+00,2.675057005882263361e+00,2.614725351333618164e+00,2.675067734718322932e+00,8.151212334632873535e-01,8.021891713142395020e-01,9.199870824813842773e-01,9.144853293895721658e-01,4.133106172084808350e-01,6.080302178859711137e-01,4.620324075222015381e-01,3.461419552564620750e-01,4.263317678123712540e-03,4.210353875532746142e-03,1.078501645679352805e-05,1.078501645679352805e-05
2.457399368286132812e+00,2.692117166519165217e+00,2.457410097122192383e+00,2.692127895355224787e+00,7.964699864387512207e-01,7.987081587314606157e-01,9.061017036437988281e-01,9.159226357936859353e-01,3.918012976646423340e-01,6.334883391857146773e-01,3.611615598201751709e-01,3.418888986110687478e-01,1.864965306594967842e-03,2.109151962213218039e-03,1.078493914974387735e-05,1.078493914974387735e-05
2.643898963928222656e+00,2.691840052604675293e+00,2.643909692764282227e+00,2.691850781440734863e+00,7.836922407150268555e-01,8.012393414974212646e-01,9.046232104301452637e-01,9.132004022598266824e-01,5.778062939643859863e-01,6.328231155872344749e-01,3.757579028606414795e-01,3.417649447917938121e-01,2.019335981458425522e-03,2.812183764763176615e-03,1.078351033356739208e-05,1.078351033356739208e-05
2.833052873611450195e+00,2.679872155189514160e+00,2.833063602447509766e+00,2.679882884025573730e+00,7.902731895446777344e-01,7.991860926151275191e-01,9.297093152999877930e-01,9.194774389266967551e-01,7.460427880287170410e-01,6.112506926059723122e-01,3.649386167526245117e-01,3.470220863819122314e-01,2.088878303766250610e-03,2.935914881527423945e-03,1.078529476217227057e-05,1.078529476217227057e-05
2.676681041717529297e+00,2.694670104980468661e+00,2.676691770553588867e+00,2.694680833816528231e+00,8.013039231300354004e-01,8.049382507801056130e-01,9.388594031333923340e-01,9.163667678833007368e-01,5.656430125236511230e-01,6.159343421459197998e-01,3.647369444370269775e-01,3.506125897169113381e-01,6.137725897133350372e-03,6.818157713860273014e-03,1.078893546946346760e-05,1.078893546946346760e-05
2.556231498718261719e+00,2.676139307022094904e+00,2.556242227554321289e+00,2.676150035858154475e+00,8.246605992317199707e-01,7.988152205944061279e-01,9.013058543205261230e-01,9.148518979549408181e-01,4.365015625953674316e-01,6.204313457012176070e-01,3.905218839645385742e-01,3.391532510519027488e-01,3.241573460400104523e-03,2.887571509927511042e-03,1.078905097529059276e-05,1.078905097529059276e-05
2.499637603759765625e+00,2.655307722091674982e+00,2.499648332595825195e+00,2.655318450927734553e+00,7.926126122474670410e-01,7.984311699867248091e-01,9.155613780021667480e-01,9.170447528362274392e-01,4.383481740951538086e-01,6.023537814617156982e-01,3.502988517284393311e-01,3.335517317056655995e-01,2.816689433529973030e-03,3.926343983039259911e-03,1.078829791367752478e-05,1.078829791367752478e-05
2.722621679306030273e+00,2.645488071441650213e+00,2.722632408142089844e+00,2.645498800277709783e+00,7.663472294807434082e-01,7.961599111557007280e-01,8.911167979240417480e-01,9.263584554195404275e-01,7.082312107086181641e-01,5.984181225299834983e-01,3.484375476837158203e-01,3.171177238225936779e-01,8.488967083394527435e-03,7.433887291699648077e-03,1.078761397366179153e-05,1.078761397366179153e-05
2.961779117584228516e+00,2.671070361137390048e+00,2.961789846420288086e+00,2.671081089973449618e+00,7.795926928520202637e-01,8.067016065120696799e-01,9.210006594657897949e-01,9.225670874118805376e-01,9.929764270782470703e-01,6.300545334815979004e-01,2.647913098335266113e-01,3.090749174356460793e-01,3.418101929128170013e-03,2.672246983274817553e-03,1.078805416909744963e-05,1.078805416909744963e-05
2.551194667816162109e+00,2.655498623847961426e+00,2.551205396652221680e+00,2.655509352684020996e+00,8.544507026672363281e-01,8.112063467502593772e-01,9.120805263519287109e-01,9.217369437217712846e-01,4.756848812103271484e-01,6.119116723537445512e-01,3.041128516197204590e-01,3.057996034622192383e-01,4.865694791078567505e-03,4.844077350571751768e-03,1.079074991139350459e-05,1.079074991139350459e-05
2.420631647109985352e+00,2.664598917961120694e+00,2.420642375946044922e+00,2.664609646797180265e+00,7.503234148025512695e-01,8.096424043178558350e-01,8.877043724060058594e-01,9.235493540763854980e-01,4.718884825706481934e-01,6.119068801403045876e-01,2.899211049079895020e-01,3.064210921525954978e-01,2.079432643949985504e-02,1.307922136038541794e-02,1.078979221347253770e-05,1.078979221347253770e-05
2.520626068115234375e+00,2.664856004714965643e+00,2.520636796951293945e+00,2.664866733551025213e+00,8.240803480148315430e-01,8.110678315162658247e-01,9.043298363685607910e-01,9.226068913936614768e-01,4.738099277019500732e-01,6.245339691638946977e-01,3.081220984458923340e-01,2.984092861413955577e-01,1.028368622064590454e-02,8.238028408959508289e-03,1.079023240890819579e-05,1.079023240890819579e-05
2.461665868759155273e+00,2.640825438499450506e+00,2.461676597595214844e+00,2.640836167335510076e+00,7.795832157135009766e-01,8.054221570491790771e-01,9.173400998115539551e-01,9.213684499263763428e-01,4.710290431976318359e-01,6.131388485431671365e-01,2.905738949775695801e-01,2.970101088285446167e-01,3.139848588034510612e-03,3.885893546976148909e-03,1.079112280422123149e-05,1.079112280422123149e-05
3.068014383316040039e+00,2.655714726448059171e+00,3.068025112152099609e+00,2.655725455284118741e+00,8.477174639701843262e-01,8.169576883316039817e-01,8.951864838600158691e-01,9.233828246593475120e-01,9.329423904418945312e-01,6.145649790763855203e-01,3.884905576705932617e-01,2.975327372550964355e-01,3.677720436826348305e-03,3.276505018584430304e-03,1.078983677871292457e-05,1.078983677871292457e-05
2.577376365661621094e+00,2.661844110488891690e+00,2.577387094497680664e+00,2.661854839324951261e+00,8.524537086486816406e-01,8.166489422321319136e-01,9.240971207618713379e-01,9.201372146606445757e-01,4.215101003646850586e-01,6.241089761257171409e-01,3.726446926593780518e-01,2.953849852085113636e-01,6.670816801488399506e-03,5.563962971791625023e-03,1.078942932508653030e-05,1.078942932508653030e-05
2.535776138305664062e+00,2.657114410400390536e+00,2.535786867141723633e+00,2.657125139236450106e+00,7.941211462020874023e-01,8.126045584678649458e-01,9.079077243804931641e-01,9.216889441013336182e-01,4.801203012466430664e-01,6.195727884769439697e-01,3.439548313617706299e-01,2.913771331310271995e-01,9.672188200056552887e-03,1.187098622322082554e-02,1.078921104635810480e-05,1.078921104635810480e-05
2.475639343261718750e+00,2.693409466743469149e+00,2.475650072097778320e+00,2.693420195579528720e+00,8.497647047042846680e-01,8.211757063865661177e-01,9.442320466041564941e-01,9.220251977443695290e-01,4.156043827533721924e-01,6.453675329685211182e-01,2.528830468654632568e-01,2.858880341053008922e-01,1.315525267273187637e-02,1.895303595811128478e-02,1.078386048902757466e-05,1.078386048902757466e-05
2.373635053634643555e+00,2.675710272789001642e+00,2.373645782470703125e+00,2.675721001625061213e+00,7.808957099914550781e-01,8.121265470981597900e-01,9.235114455223083496e-01,9.248790144920349121e-01,4.442047774791717529e-01,6.528749883174895796e-01,2.171028852462768555e-01,2.777444809675216897e-01,7.920078933238983154e-03,8.085232041776180961e-03,1.078371496987529099e-05,1.078371496987529099e-05
2.501836538314819336e+00,2.664415264129638583e+00,2.501847267150878906e+00,2.664425992965698153e+00,7.843097448348999023e-01,8.047117054462432639e-01,8.576421141624450684e-01,9.206358432769775613e-01,5.544714927673339844e-01,6.588638424873352051e-01,3.017435967922210693e-01,2.783459872007369995e-01,3.669641213491559029e-03,1.857850106898695274e-03,1.078129480447387323e-05,1.078129480447387323e-05
2.470476150512695312e+00,2.687084364891052068e+00,2.470486879348754883e+00,2.687095093727111639e+00,8.444496393203735352e-01,8.325761973857879195e-01,9.496719241142272949e-01,9.209543168544769287e-01,4.087363779544830322e-01,6.313047647476196511e-01,2.549138069152832031e-01,2.801928430795669334e-01,1.270428393036127090e-02,2.205619011074304650e-02,1.078000332199735567e-05,1.078000332199735567e-05
2.423243284225463867e+00,2.677747011184692383e+00,2.423254013061523438e+00,2.677757740020751953e+00,8.007424473762512207e-01,8.171640932559967041e-01,9.050930142402648926e-01,9.318709433078765647e-01,4.094297289848327637e-01,6.504251122474670188e-01,3.058387339115142822e-01,2.728644609451293945e-01,2.139424905180931091e-03,5.422367574647068630e-03,1.078009790944634005e-05,1.078009790944634005e-05
2.739346504211425781e+00,2.685478019714355291e+00,2.739357233047485352e+00,2.685488748550414861e+00,8.317636251449584961e-01,8.221306204795837402e-01,9.420111775398254395e-01,9.345672547817229781e-01,6.211634278297424316e-01,6.372243523597717063e-01,3.368656337261199951e-01,2.795187383890151978e-01,7.542543578892946243e-03,1.203705258667469094e-02,1.077632259693928063e-05,1.077632259693928063e-05
2.400955677032470703e+00,2.627327060699462979e+00,2.400966405868530273e+00,2.627337789535522550e+00,8.091868758201599121e-01,8.064464569091797097e-01,9.014856815338134766e-01,9.235334515571593794e-01,4.509187936782836914e-01,6.094078361988067849e-01,2.306635677814483643e-01,2.835711091756820679e-01,8.700549602508544922e-03,4.368215054273605520e-03,1.078195509762736037e-05,1.078195509762736037e-05
2.579643011093139648e+00,2.649385118484496981e+00,2.579653739929199219e+00,2.649395847320556552e+00,8.201819062232971191e-01,8.048524439334869829e-01,9.228044748306274414e-01,9.193708837032318337e-01,5.507591366767883301e-01,6.282907783985137717e-01,2.842977643013000488e-01,2.956250190734863170e-01,1.599884242750704288e-03,1.246007555164396806e-03,1.080821857613045722e-05,1.080821857613045722e-05
2.397705793380737305e+00,2.644257020950317560e+00,2.397716522216796875e+00,2.644267749786377131e+00,8.019593954086303711e-01,8.042335987091064897e-01,9.175621271133422852e-01,9.219736576080321822e-01,4.302206635475158691e-01,6.170845091342925803e-01,2.452404201030731201e-01,2.981312572956085205e-01,2.723323879763484001e-03,2.833987399935722178e-03,1.081218215404078364e-05,1.081218215404078364e-05
2.578482866287231445e+00,2.690717649459839045e+00,2.578493595123291016e+00,2.690728378295898615e+00,8.650297522544860840e-01,8.294377386569976585e-01,9.488449096679687500e-01,9.234357118606567605e-01,4.464535415172576904e-01,6.133528411388396995e-01,2.956686913967132568e-01,2.949634313583374134e-01,2.248607575893402100e-02,2.952795550227165292e-02,1.080870879377471283e-05,1.080870879377471283e-05
2.922350168228149414e+00,2.667510867118835449e+00,2.922360897064208984e+00,2.667521595954895020e+00,8.526482582092285156e-01,8.189611136913299561e-01,9.366304278373718262e-01,9.210986554622649924e-01,7.919512987136840820e-01,6.239858150482178178e-01,3.343652188777923584e-01,2.942729204893111961e-01,6.754808127880096436e-03,9.192481357604264519e-03,1.080860420188400894e-05,1.080860420188400894e-05
2.436166763305664062e+00,2.645945644378662198e+00,2.436177492141723633e+00,2.645956373214721769e+00,7.600893378257751465e-01,8.023057520389557107e-01,8.873596191406250000e-01,9.217981696128845215e-01,4.301349520683288574e-01,6.259821951389312744e-01,3.501461148262023926e-01,2.893586963415145652e-01,8.436573669314384460e-03,6.500878650695085352e-03,1.080472338799154386e-05,1.080472338799154386e-05
2.447523355484008789e+00,2.660486340522766113e+00,2.447534084320068359e+00,2.660497069358825684e+00,8.434841632843017578e-01,8.137618899345397949e-01,9.489690661430358887e-01,9.189669787883758545e-01,4.313702285289764404e-01,6.370611429214477761e-01,2.210303843021392822e-01,2.847081065177917703e-01,2.669380046427249908e-03,5.988126853480935097e-03,1.080399488273542374e-05,1.080399488273542374e-05
4.240774631500244141e+00,2.638726949691772461e+00,4.240785598754882812e+00,2.638737678527832031e+00,7.999818325042724609e-01,8.015968739986419900e-01,9.109739661216735840e-01,9.265408754348755105e-01,2.188293218612670898e+00,6.123656511306763139e-01,3.366038799285888672e-01,2.884975224733352661e-01,4.921672400087118149e-03,9.726077038794755242e-03,1.080126730812480673e-05,1.080126730812480673e-05
2.412712097167968750e+00,2.671569967269897372e+00,2.412722826004028320e+00,2.671580696105956942e+00,8.034008145332336426e-01,8.065695643424988237e-01,8.967727422714233398e-01,9.208631515502929688e-01,4.340943396091461182e-01,6.542267501354217529e-01,2.758785486221313477e-01,2.868460029363631980e-01,2.565389266237616539e-03,3.064519539475440806e-03,1.079990215657744557e-05,1.079990215657744557e-05
2.605864524841308594e+00,2.648446440696716309e+00,2.605875253677368164e+00,2.648457169532775879e+00,8.144471645355224609e-01,8.110067367553710493e-01,8.849712610244750977e-01,9.243251860141754594e-01,5.887309312820434570e-01,6.243851780891418457e-01,3.164910972118377686e-01,2.869083374738693459e-01,1.224041450768709183e-03,1.820994226727634755e-03,1.079636967915575951e-05,1.079636967915575951e-05
3.397598743438720703e+00,2.628192329406738192e+00,3.397609472274780273e+00,2.628203058242797763e+00,7.586362957954406738e-01,8.124560475349426047e-01,8.972039818763732910e-01,9.190374612808227539e-01,1.285322546958923340e+00,6.058756530284881148e-01,4.543225169181823730e-01,2.875452607870102040e-01,2.113406546413898468e-03,3.277948056347667997e-03,1.079462617781246081e-05,1.079462617781246081e-05
2.727509975433349609e+00,2.629225611686706543e+00,2.727520704269409180e+00,2.629236340522766113e+00,7.639399766921997070e-01,8.125106334686279519e-01,8.555783033370971680e-01,9.217203080654143843e-01,6.578140854835510254e-01,6.023143708705902544e-01,4.456658959388732910e-01,2.890345245599746926e-01,4.511783830821514130e-03,3.645664127543568438e-03,1.079418325389269739e-05,1.079418325389269739e-05
2.620921373367309570e+00,2.619337773323059171e+00,2.620932102203369141e+00,2.619348502159118741e+00,7.465037107467651367e-01,8.030136942863463911e-01,8.955523967742919922e-01,9.210636854171753152e-01,6.760427951812744141e-01,6.024732053279876487e-01,2.994754910469055176e-01,2.902977526187896506e-01,3.346952144056558609e-03,2.489406848326325417e-03,1.078921286534750834e-05,1.078921286534750834e-05
2.420208215713500977e+00,2.658022642135620117e+00,2.420218944549560547e+00,2.658033370971679688e+00,8.124762177467346191e-01,8.042492151260376421e-01,8.909617066383361816e-01,9.176029860973358154e-01,3.997510075569152832e-01,6.385804712772369385e-01,3.128194510936737061e-01,2.944678336381912342e-01,4.199782852083444595e-03,3.122140862978994933e-03,1.078563582268543541e-05,1.078563582268543541e-05
2.402096748352050781e+00,2.665060687065124334e+00,2.402107477188110352e+00,2.665071415901183904e+00,8.210294842720031738e-01,8.056239366531372514e-01,8.873140215873718262e-01,9.159167051315307839e-01,3.747335374355316162e-01,6.443798482418060525e-01,3.171166181564331055e-01,2.973586648702621349e-01,1.902958378195762634e-03,1.781580271199345589e-03,1.078258355846628547e-05,1.078258355846628547e-05
2.322757959365844727e+00,2.642313408851623358e+00,2.322768688201904297e+00,2.642324137687682928e+00,7.377235293388366699e-01,8.024344980716705544e-01,8.918972611427307129e-01,9.221986770629883035e-01,3.785335421562194824e-01,6.211213588714599165e-01,3.039719164371490479e-01,2.881536841392516868e-01,1.063144952058792114e-02,8.405115455389022827e-03,1.078069635696010664e-05,1.078069635696010664e-05
2.378609657287597656e+00,2.664964103698730380e+00,2.378620386123657227e+00,2.664974832534789950e+00,7.408517599105834961e-01,8.179253697395324485e-01,8.966350555419921875e-01,9.161866426467895064e-01,3.845827281475067139e-01,6.239136338233948198e-01,3.459113240242004395e-01,2.881985634565353283e-01,1.062894798815250397e-02,1.873996909707784791e-02,1.077797332982299849e-05,1.077797332982299849e-05
2.671685934066772461e+00,2.650138401985168368e+00,2.671696662902832031e+00,2.650149130821227939e+00,7.973923683166503906e-01,8.078510880470275435e-01,9.241472482681274414e-01,9.152947962284088135e-01,5.812429189682006836e-01,6.307291507720946822e-01,3.656303286552429199e-01,2.920467346906662209e-01,3.272898728027939796e-03,4.216614714823663408e-03,1.077707838703645393e-05,1.077707838703645393e-05
2.431131124496459961e+00,2.671656346321106046e+00,2.431141853332519531e+00,2.671667075157165616e+00,8.279139399528503418e-01,8.196021854877472146e-01,9.582319855690002441e-01,9.228078544139861616e-01,3.858100771903991699e-01,6.194489300251007080e-01,2.445027828216552734e-01,2.864225924015045277e-01,1.467235852032899857e-02,2.337476499378681252e-02,1.077385877579217777e-05,1.077385877579217777e-05
2.287707805633544922e+00,2.678347682952880948e+00,2.287718534469604492e+00,2.678358411788940519e+00,7.709826231002807617e-01,8.137558162212371604e-01,9.192475080490112305e-01,9.308426976203918457e-01,3.884226083755493164e-01,6.490280121564865334e-01,2.039835005998611450e-01,2.795166373252868652e-01,5.071506835520267487e-03,5.204560095444321285e-03,1.077496017387602478e-05,1.077496017387602478e-05
2.549084901809692383e+00,2.647428631782531738e+00,2.549095630645751953e+00,2.647439360618591309e+00,7.996934652328491211e-01,8.212620317935943604e-01,9.131362438201904297e-01,9.236162483692169634e-01,5.620269179344177246e-01,6.092739015817641990e-01,2.669561207294464111e-01,2.850354522466659324e-01,7.272292394191026688e-03,8.241042681038378975e-03,1.077691104001132771e-05,1.077691104001132771e-05
2.502807140350341797e+00,2.621976923942566096e+00,2.502817869186401367e+00,2.621987652778625666e+00,8.520283699035644531e-01,8.036843895912170188e-01,9.423034191131591797e-01,9.163865804672240989e-01,4.276324808597564697e-01,6.071482002735137939e-01,2.777741849422454834e-01,2.917088449001312145e-01,3.068603109568357468e-03,3.048916882835328752e-03,1.077995511877816170e-05,1.077995511877816170e-05
2.462826728820800781e+00,2.620995640754699707e+00,2.462837457656860352e+00,2.621006369590759277e+00,8.001318573951721191e-01,8.026495456695557085e-01,9.207763075828552246e-01,9.184297204017639604e-01,4.139975607395172119e-01,6.046872675418853982e-01,3.259846866130828857e-01,2.932785928249359020e-01,1.936250366270542145e-03,1.950503245461732236e-03,1.078041259461315349e-05,1.078041259461315349e-05
2.385166883468627930e+00,2.631593155860900701e+00,2.385177612304687500e+00,2.631603884696960272e+00,8.063389658927917480e-01,8.013669729232788530e-01,9.433612227439880371e-01,9.172447562217712624e-01,4.074087440967559814e-01,6.174978613853454590e-01,2.255701422691345215e-01,2.931329131126403920e-01,2.487729303538799286e-03,2.350662928074598399e-03,1.077847991837188601e-05,1.077847991837188601e-05
2.507055997848510742e+00,2.638680076599121183e+00,2.507066726684570312e+00,2.638690805435180753e+00,7.851349115371704102e-01,8.043904721736907515e-01,9.229515194892883301e-01,9.239427328109741655e-01,5.168377757072448730e-01,6.168268680572509544e-01,2.737799584865570068e-01,2.863822311162948497e-01,8.351900614798069000e-03,7.137790042906999761e-03,1.078092373063554987e-05,1.078092373063554987e-05
2.565622806549072266e+00,2.622418737411499112e+00,2.565633535385131836e+00,2.622429466247558683e+00,8.162862658500671387e-01,8.016973972320556863e-01,8.976497650146484375e-01,9.197871804237365279e-01,5.487834215164184570e-01,6.183707892894745317e-01,3.009135425090789795e-01,2.808945119380951150e-01,1.989571144804358482e-03,1.668859552592039152e-03,1.078434979717712849e-05,1.078434979717712849e-05
2.612960577011108398e+00,2.632376885414123624e+00,2.612971305847167969e+00,2.632387614250183194e+00,7.935069799423217773e-01,8.043725013732909712e-01,8.939903378486633301e-01,9.234529078006744607e-01,6.336084008216857910e-01,6.240295529365539329e-01,2.904369533061981201e-01,2.790784865617751964e-01,1.417968887835741043e-03,1.443364913575351152e-03,1.078481000149622560e-05,1.078481000149622560e-05
2.421016693115234375e+00,2.639839529991149902e+00,2.421027421951293945e+00,2.639850258827209473e+00,7.434445023536682129e-01,8.038631618022918923e-01,8.715664148330688477e-01,9.217504382133483443e-01,4.509610533714294434e-01,6.282903790473938210e-01,3.523672819137573242e-01,2.825569540262222179e-01,2.677467418834567070e-03,3.378620627336203965e-03,1.079101093637291342e-05,1.079101093637291342e-05
2.623529911041259766e+00,2.618592977523803711e+00,2.623540639877319336e+00,2.618603706359863281e+00,8.052619695663452148e-01,8.017163753509521928e-01,9.280130267143249512e-01,9.191987216472625732e-01,5.711570382118225098e-01,6.136827290058135542e-01,3.177484273910522461e-01,2.824444413185119851e-01,1.349363010376691818e-03,1.550645672250539108e-03,1.079390131053514779e-05,1.079390131053514779e-05
2.374590396881103516e+00,2.633774518966674805e+00,2.374601125717163086e+00,2.633785247802734375e+00,7.637673020362854004e-01,8.088370323181152122e-01,9.078312516212463379e-01,9.250194191932678001e-01,4.437976479530334473e-01,6.092018723487854226e-01,2.525241374969482422e-01,2.816217273473739513e-01,6.669963244348764420e-03,9.094495512545108101e-03,1.079752200894290581e-05,1.079752200894290581e-05
2.510617971420288086e+00,2.608721899986266912e+00,2.510628700256347656e+00,2.608732628822326483e+00,7.782326340675354004e-01,8.019920229911804421e-01,9.134112596511840820e-01,9.215507209300994873e-01,6.165347695350646973e-01,6.013786554336547630e-01,2.001619189977645874e-01,2.818015903234482034e-01,2.277323044836521149e-03,1.998962508514523419e-03,1.079623780242400244e-05,1.079623780242400244e-05
2.482294797897338867e+00,2.650579643249511896e+00,2.482305526733398438e+00,2.650590372085571467e+00,8.444027900695800781e-01,8.113791346549987793e-01,9.405330419540405273e-01,9.212787806987762229e-01,4.274669587612152100e-01,6.321224927902221458e-01,2.643785476684570312e-01,2.814106971025466808e-01,5.513415671885013580e-03,4.388462891802192081e-03,1.079124194802716374e-05,1.079124194802716374e-05
2.536650896072387695e+00,2.661106872558593572e+00,2.536661624908447266e+00,2.661117601394653143e+00,8.617398142814636230e-01,8.134590387344360352e-01,9.477963447570800781e-01,9.290424585342407227e-01,4.083375334739685059e-01,6.337350189685821977e-01,3.111004233360290527e-01,2.737956076860427745e-01,7.676497567445039749e-03,1.107474043965339661e-02,1.078575860447017476e-05,1.078575860447017476e-05
4.151967525482177734e+00,2.649097514152527033e+00,4.151978492736816406e+00,2.649108242988586603e+00,7.976015806198120117e-01,8.091433763504027876e-01,9.219085574150085449e-01,9.236459016799927202e-01,2.195981264114379883e+00,6.336682438850402832e-01,2.241610139608383179e-01,2.742941468954086526e-01,1.231529191136360168e-02,8.345908531919122436e-03,1.078573586710263044e-05,1.078573586710263044e-05
2.511379241943359375e+00,2.598241949081420810e+00,2.511389970779418945e+00,2.598252677917480380e+00,8.158408403396606445e-01,8.064708292484283891e-01,9.256497025489807129e-01,9.196345388889313188e-01,4.219411611557006836e-01,5.931845009326934814e-01,3.456882536411285400e-01,2.764884740114211814e-01,2.259247703477740288e-03,2.463561017066240311e-03,1.078570949175627902e-05,1.078570949175627902e-05
3.030082464218139648e+00,2.641272854804992853e+00,3.030093193054199219e+00,2.641283583641052424e+00,8.378443121910095215e-01,8.142075836658477783e-01,9.344635605812072754e-01,9.256121575832366721e-01,9.835165739059448242e-01,6.234031736850738081e-01,2.719962894916534424e-01,2.734565764665603527e-01,2.261639339849352837e-03,4.593388782814145435e-03,1.078132027032552287e-05,1.078132027032552287e-05
2.379080533981323242e+00,2.646824097633361905e+00,2.379091262817382812e+00,2.646834826469421476e+00,7.960064411163330078e-01,8.067893743515014426e-01,9.114414453506469727e-01,9.293449163436889870e-01,3.839266896247863770e-01,6.350507020950317827e-01,2.849457859992980957e-01,2.733152389526367076e-01,2.760103438049554825e-03,2.323855296708643436e-03,1.077822616935009137e-05,1.077822616935009137e-05
4.009511947631835938e+00,2.637401127815246493e+00,4.009522914886474609e+00,2.637411856651306064e+00,8.208442330360412598e-01,8.125157475471496138e-01,9.213889837265014648e-01,9.242186069488524947e-01,1.961842656135559082e+00,6.312703549861907737e-01,2.991977035999298096e-01,2.617545872926712036e-01,6.238659378141164780e-03,7.641851669177412987e-03,1.077464548870921135e-05,1.077464548870921135e-05
2.493887186050415039e+00,2.634714221954345792e+00,2.493897914886474609e+00,2.634724950790405362e+00,8.283518552780151367e-01,8.312408506870270219e-01,9.307150840759277344e-01,9.256015121936798096e-01,4.209650456905364990e-01,6.172377824783324973e-01,3.107275068759918213e-01,2.550159022212028503e-01,3.127510659396648407e-03,5.618099356070160866e-03,1.077425167750334367e-05,1.077425167750334367e-05
2.359630107879638672e+00,2.617543363571166903e+00,2.359640836715698242e+00,2.617554092407226474e+00,8.022305965423583984e-01,8.098823130130767822e-01,9.296210408210754395e-01,9.253932118415832964e-01,4.431442022323608398e-01,6.247087597846985307e-01,1.793738007545471191e-01,2.535594820976257435e-01,5.260527133941650391e-03,3.999530640430748636e-03,1.077720298781059682e-05,1.077720298781059682e-05
2.476320981979370117e+00,2.651142477989196777e+00,2.476331710815429688e+00,2.651153206825256348e+00,8.528965711593627930e-01,8.127980887889861839e-01,9.663189053535461426e-01,9.287539780139922874e-01,4.336106777191162109e-01,6.530355930328368697e-01,2.211669981479644775e-01,2.538719400763511658e-01,2.327720401808619499e-03,2.682912652380764398e-03,1.077911656466312706e-05,1.077911656466312706e-05
2.495705842971801758e+00,2.623412704467773526e+00,2.495716571807861328e+00,2.623423433303833097e+00,8.498250842094421387e-01,8.104466378688812700e-01,9.093309640884399414e-01,9.221731424331665039e-01,4.845398664474487305e-01,6.339537143707275613e-01,2.479592114686965942e-01,2.538257852196693642e-01,4.050950519740581512e-03,3.013339661993086512e-03,1.077494835044490173e-05,1.077494835044490173e-05
2.525458812713623047e+00,2.646411585807800115e+00,2.525469541549682617e+00,2.646422314643859686e+00,8.870682716369628906e-01,8.221004128456115279e-01,9.537824392318725586e-01,9.355665683746338113e-01,4.614496529102325439e-01,6.235445916652679887e-01,2.174101769924163818e-01,2.544387280941009521e-01,5.748281721025705338e-03,1.076127998530864750e-02,1.077588422049302608e-05,1.077588422049302608e-05
2.408821821212768555e+00,2.642399072647094727e+00,2.408832550048828125e+00,2.642409801483154297e+00,8.280132412910461426e-01,8.120184421539307085e-01,9.344392418861389160e-01,9.272320568561553955e-01,4.337541162967681885e-01,6.473905742168426514e-01,2.091599702835083008e-01,2.533657640218734963e-01,3.455509431660175323e-03,2.392243663780391390e-03,1.078630339179653674e-05,1.078630339179653674e-05
2.638327836990356445e+00,2.589403510093688965e+00,2.638338565826416016e+00,2.589414238929748535e+00,8.643705248832702637e-01,8.133202910423278365e-01,9.514179825782775879e-01,9.270944356918334739e-01,6.383420825004577637e-01,5.958079397678375244e-01,1.824490278959274292e-01,2.504902973771095387e-01,1.747994334436953068e-03,2.690525236539542762e-03,1.078893910744227469e-05,1.078893910744227469e-05
2.921087265014648438e+00,2.656330680847168058e+00,2.921097993850708008e+00,2.656341409683227628e+00,8.523439764976501465e-01,8.286041438579558882e-01,9.319244623184204102e-01,9.254581868648529275e-01,8.614332675933837891e-01,6.442492008209228516e-01,2.716454267501831055e-01,2.519020602107048257e-01,3.740428481251001358e-03,6.117102410644293005e-03,1.078925379260908812e-05,1.078925379260908812e-05
2.425999402999877930e+00,2.625914216041564941e+00,2.426010131835937500e+00,2.625924944877624512e+00,7.531474232673645020e-01,8.155217170715332031e-01,9.313683509826660156e-01,9.251692891120910645e-01,4.665088653564453125e-01,6.232695102691649947e-01,2.666967213153839111e-01,2.541454911231994518e-01,8.278016000986099243e-03,7.808186253532767643e-03,1.078591594705358148e-05,1.078591594705358148e-05
2.541198492050170898e+00,2.614008808135986239e+00,2.541209220886230469e+00,2.614019536972045810e+00,8.046035766601562500e-01,8.107095718383788840e-01,9.159914255142211914e-01,9.236257493495940718e-01,5.376712083816528320e-01,6.234788835048675759e-01,2.807905077934265137e-01,2.543145120143890381e-01,2.141810720786452293e-03,1.880104991141706748e-03,1.078773584595182911e-05,1.078773584595182911e-05
2.486217498779296875e+00,2.625101017951965154e+00,2.486228227615356445e+00,2.625111746788024725e+00,8.141925930976867676e-01,8.111879467964172585e-01,9.277399182319641113e-01,9.271892845630645974e-01,4.397344589233398438e-01,6.289882361888885498e-01,3.033432960510253906e-01,2.550367549061774985e-01,1.207269611768424511e-03,2.698851260356605140e-03,1.078872173820855096e-05,1.078872173820855096e-05
2.583333492279052734e+00,2.658947849273681552e+00,2.583344221115112305e+00,2.658958578109741122e+00,8.157474398612976074e-01,8.173009991645813210e-01,9.509053230285644531e-01,9.236748576164245383e-01,5.931661725044250488e-01,6.579319417476654497e-01,2.209758311510086060e-01,2.582896053791046143e-01,2.538769505918025970e-03,1.750495494343340484e-03,1.078689911082619801e-05,1.078689911082619801e-05
3.172836542129516602e+00,2.643808078765869318e+00,3.172847270965576172e+00,2.643818807601928889e+00,7.856633663177490234e-01,8.167404472827911599e-01,9.207984805107116699e-01,9.232259869575500932e-01,1.230693459510803223e+00,6.411081135272980180e-01,2.306318283081054688e-01,2.572785854339599831e-01,5.049546714872121811e-03,5.454962281510234226e-03,1.078681816579774022e-05,1.078681816579774022e-05
2.445148229598999023e+00,2.602073812484741122e+00,2.445158958435058594e+00,2.602084541320800692e+00,8.210248947143554688e-01,8.061600923538208008e-01,9.528647065162658691e-01,9.261242210865020530e-01,4.746221005916595459e-01,6.155700445175170676e-01,1.941999942064285278e-01,2.520369142293930054e-01,2.436641138046979904e-03,2.182582858949899673e-03,1.078783770935842767e-05,1.078783770935842767e-05
2.464246511459350586e+00,2.604189229011535822e+00,2.464257240295410156e+00,2.604199957847595392e+00,8.368257284164428711e-01,8.152799487113953081e-01,9.371699690818786621e-01,9.258720159530640093e-01,4.563710689544677734e-01,6.090680599212646706e-01,2.323093414306640625e-01,2.518869861960411072e-01,1.570560736581683159e-03,2.082252735272049991e-03,1.079057710740016773e-05,1.079057710740016773e-05
2.654808282852172852e+00,2.613323831558227450e+00,2.654819011688232422e+00,2.613334560394287021e+00,8.231747746467590332e-01,8.139690935611725298e-01,9.590786099433898926e-01,9.238018453121185081e-01,6.002073287963867188e-01,6.184218049049376997e-01,2.689038217067718506e-01,2.529739007353782876e-01,3.443878376856446266e-03,4.157185647636651646e-03,1.079146386473439634e-05,1.079146386473439634e-05
2.467393159866333008e+00,2.635525965690612704e+00,2.467403888702392578e+00,2.635536694526672274e+00,7.744427323341369629e-01,8.139516592025757280e-01,9.030165672302246094e-01,9.285012841224670188e-01,4.923966825008392334e-01,6.361468017101288286e-01,2.944644987583160400e-01,2.532162949442863242e-01,3.072770312428474426e-03,3.709957376122474584e-03,1.079278627003077418e-05,1.079278627003077418e-05
2.399706602096557617e+00,2.619246768951415838e+00,2.399717330932617188e+00,2.619257497787475408e+00,8.016174435615539551e-01,8.091604828834533247e-01,9.133164286613464355e-01,9.240065395832062212e-01,4.428375959396362305e-01,6.332796990871429887e-01,2.386427521705627441e-01,2.503432571887970193e-01,3.292324021458625793e-03,2.456776238977909001e-03,1.078953664546133950e-05,1.078953664546133950e-05
2.445150375366210938e+00,2.617572855949402033e+00,2.445161104202270508e+00,2.617583584785461603e+00,8.381968736648559570e-01,8.063553631305694358e-01,9.332512617111206055e-01,9.244447290897369607e-01,4.441062510013580322e-01,6.329223275184631126e-01,2.277793437242507935e-01,2.522096380591392628e-01,1.816569245420396328e-03,1.640711410436779174e-03,1.078368768503423780e-05,1.078368768503423780e-05
2.529245376586914062e+00,2.622976684570312411e+00,2.529256105422973633e+00,2.622987413406371981e+00,8.382347226142883301e-01,8.239397883415222612e-01,9.152684807777404785e-01,9.286808192729949507e-01,4.673010110855102539e-01,6.126387476921081321e-01,3.003453910350799561e-01,2.503739520907402039e-01,8.095792494714260101e-03,7.343391934409737414e-03,1.078060086001642048e-05,1.078060086001642048e-05
2.465962171554565430e+00,2.627765655517578125e+00,2.465972900390625000e+00,2.627776384353637695e+00,8.419162631034851074e-01,8.189725458621979204e-01,9.623260498046875000e-01,9.277778267860412598e-01,4.509818255901336670e-01,6.287029147148132102e-01,2.071414291858673096e-01,2.471060171723365728e-01,3.596565686166286469e-03,5.206368351355195219e-03,1.078208970284322277e-05,1.078208970284322277e-05
2.491134166717529297e+00,2.620182323455810369e+00,2.491144895553588867e+00,2.620193052291869940e+00,8.254173994064331055e-01,8.103629171848296675e-01,9.167689681053161621e-01,9.263381779193877730e-01,4.679867327213287354e-01,6.268796980381011741e-01,2.791089713573455811e-01,2.547677546739578469e-01,1.852123765274882317e-03,1.833780307788401885e-03,1.078725017578108236e-05,1.078725017578108236e-05
2.462015151977539062e+00,2.646736097335815607e+00,2.462025880813598633e+00,2.646746826171875178e+00,7.769286036491394043e-01,8.097382366657257524e-01,9.692692756652832031e-01,9.274956285953521729e-01,4.569966793060302734e-01,6.485824525356292947e-01,2.563964724540710449e-01,2.566041782498359458e-01,2.423966536298394203e-03,4.315596539527177811e-03,1.078932473319582641e-05,1.078932473319582641e-05
2.513044595718383789e+00,2.646508955955505282e+00,2.513055324554443359e+00,2.646519684791564853e+00,7.889669537544250488e-01,8.093136548995971680e-01,9.120900034904479980e-01,9.278613567352295144e-01,5.668700337409973145e-01,6.498899936676025835e-01,2.430076152086257935e-01,2.575872063636779896e-01,2.110106172040104866e-03,1.856740249786526051e-03,1.080437232303665951e-05,1.080437232303665951e-05
2.305063009262084961e+00,2.646443724632263184e+00,2.305073738098144531e+00,2.646454453468322754e+00,7.562657594680786133e-01,8.047669649124145064e-01,9.377843737602233887e-01,9.262417435646057573e-01,4.343188405036926270e-01,6.580851256847382036e-01,1.748493164777755737e-01,2.559506863355636708e-01,1.844801707193255424e-03,1.399190328083932443e-03,1.079999219655292109e-05,1.079999219655292109e-05
2.489810943603515625e+00,2.636984586715698242e+00,2.489821672439575195e+00,2.636995315551757812e+00,8.504477143287658691e-01,8.201859891414642334e-01,9.661500453948974609e-01,9.276353001594543901e-01,4.422144889831542969e-01,6.299458980560302956e-01,2.295243442058563232e-01,2.552900314331054688e-01,1.474304823204874992e-03,3.927306621335446835e-03,1.079850244423141703e-05,1.079850244423141703e-05
2.512612819671630859e+00,2.631654143333435059e+00,2.512623548507690430e+00,2.631664872169494629e+00,8.048394918441772461e-01,8.156284689903259277e-01,9.337212443351745605e-01,9.262982010841369629e-01,5.329639315605163574e-01,6.299278914928436723e-01,2.372199594974517822e-01,2.539100721478462219e-01,3.868188709020614624e-03,5.889537883922458042e-03,1.079331013897899538e-05,1.079331013897899538e-05
2.435158729553222656e+00,2.628147792816162287e+00,2.435169458389282227e+00,2.628158521652221857e+00,7.642413973808288574e-01,8.092633008956908736e-01,8.889608979225158691e-01,9.256552338600159135e-01,4.238682091236114502e-01,6.361590445041656050e-01,3.556161820888519287e-01,2.543732866644859425e-01,2.472210442647337914e-03,2.697009523399174040e-03,1.079035064321942627e-05,1.079035064321942627e-05
2.685077428817749023e+00,2.642886304855346591e+00,2.685088157653808594e+00,2.642897033691406161e+00,8.566638827323913574e-01,8.112681806087493896e-01,9.124546051025390625e-01,9.240394413471222368e-01,6.015334725379943848e-01,6.511238396167755571e-01,3.127230405807495117e-01,2.548826202750206216e-01,1.702620997093617916e-03,1.572230749297887174e-03,1.079045432561542839e-05,1.079045432561542839e-05
2.475565910339355469e+00,2.669406485557556330e+00,2.475576639175415039e+00,2.669417214393615900e+00,8.502972722053527832e-01,8.324254453182220459e-01,9.235413074493408203e-01,9.236190378665923850e-01,4.912919104099273682e-01,6.380861639976501687e-01,1.915475428104400635e-01,2.616031646728515514e-01,1.888781413435935974e-02,1.367272837087512086e-02,1.078541845345171168e-05,1.078541845345171168e-05
2.541991949081420898e+00,2.650675678253173739e+00,2.542002677917480469e+00,2.650686407089233310e+00,7.891746163368225098e-01,8.175958573818207231e-01,9.213512539863586426e-01,9.228384912014007124e-01,6.150696277618408203e-01,6.408405423164367232e-01,2.093986272811889648e-01,2.602054983377456443e-01,6.997879128903150558e-03,9.195268061012029995e-03,1.078376044461037964e-05,1.078376044461037964e-05
2.500334978103637695e+00,2.648683834075927557e+00,2.500345706939697266e+00,2.648694562911987127e+00,8.383449316024780273e-01,8.131347119808196577e-01,9.364127516746520996e-01,9.278509736061095747e-01,4.494789838790893555e-01,6.440939545631408913e-01,2.706677317619323730e-01,2.582491070032119640e-01,5.430753808468580246e-03,5.355141544714570219e-03,1.077901106327772141e-05,1.077901106327772141e-05
2.483308315277099609e+00,2.630718779563903986e+00,2.483319044113159180e+00,2.630729508399963557e+00,7.933461666107177734e-01,8.114975750446319358e-01,9.163388609886169434e-01,9.233604431152343528e-01,4.381935000419616699e-01,6.306828081607818159e-01,3.305024206638336182e-01,2.580395072698593029e-01,4.927210975438356400e-03,7.138369651511311358e-03,1.077758679457474500e-05,1.077758679457474500e-05
2.360489368438720703e+00,2.638145112991332919e+00,2.360500097274780273e+00,2.638155841827392489e+00,7.721407413482666016e-01,8.058499634265899880e-01,8.859553337097167969e-01,9.216934680938720925e-01,4.243280589580535889e-01,6.511152029037475808e-01,2.770637571811676025e-01,2.584188997745514027e-01,1.001368160359561443e-03,1.067585707642138048e-03,1.077768683899194002e-05,1.077768683899194002e-05
2.804848909378051758e+00,2.649104356765747070e+00,2.804859638214111328e+00,2.649115085601806641e+00,8.310832381248474121e-01,8.096291124820709229e-01,9.080169796943664551e-01,9.241666734218597634e-01,7.933318018913269043e-01,6.557538568973541038e-01,2.692856192588806152e-01,2.568064540624618308e-01,3.131207777187228203e-03,2.748271753080189402e-03,1.077579418051755056e-05,1.077579418051755056e-05
2.723196983337402344e+00,2.679955339431762784e+00,2.723207712173461914e+00,2.679966068267822354e+00,7.680959701538085938e-01,8.103496968746185525e-01,8.707921504974365234e-01,9.238314867019653542e-01,7.923043370246887207e-01,6.875694334506988747e-01,2.884079515933990479e-01,2.557315140962600486e-01,3.596593160182237625e-03,2.473199367523193446e-03,1.078019613487413153e-05,1.078019613487413153e-05
2.492003679275512695e+00,2.678706479072570978e+00,2.492014408111572266e+00,2.678717207908630549e+00,7.293527126312255859e-01,8.296337187290191428e-01,8.960290551185607910e-01,9.330655753612517866e-01,5.315690636634826660e-01,6.513926625251770242e-01,3.292755186557769775e-01,2.569689661264419334e-01,5.777327343821525574e-03,7.645557727664708744e-03,1.077447177522117272e-05,1.077447177522117272e-05
2.373250722885131836e+00,2.626465415954589933e+00,2.373261451721191406e+00,2.626476144790649503e+00,7.978873252868652344e-01,8.091350376605987993e-01,9.204350113868713379e-01,9.217053413391113059e-01,4.354517161846160889e-01,6.310239315032959428e-01,2.160231322050094604e-01,2.621655941009521373e-01,3.453607670962810516e-03,2.435425668954849156e-03,1.077362776413792744e-05,1.077362776413792744e-05
2.425600051879882812e+00,2.640161871910095215e+00,2.425610780715942383e+00,2.640172600746154785e+00,8.377382159233093262e-01,8.069512963294982466e-01,9.054173231124877930e-01,9.201573014259338823e-01,4.030448794364929199e-01,6.485654532909392866e-01,2.783432602882385254e-01,2.637454897165298351e-01,1.056372071616351604e-03,7.423090923111885569e-04,1.076793887477833778e-05,1.076793887477833778e-05
2.754953861236572266e+00,2.693990254402160556e+00,2.754964590072631836e+00,2.694000983238220126e+00,8.079587221145629883e-01,8.173765122890472856e-01,8.884267210960388184e-01,9.276769399642944558e-01,7.382142543792724609e-01,6.862569212913512962e-01,3.137508332729339600e-01,2.553332731127738731e-01,6.603507325053215027e-03,7.346622506156563412e-03,1.076948137779254466e-05,1.076948137779254466e-05
2.310876846313476562e+00,2.626824545860290350e+00,2.310887575149536133e+00,2.626835274696349920e+00,7.269406914710998535e-01,8.092161178588866965e-01,8.864684104919433594e-01,9.361007452011108620e-01,4.769862592220306396e-01,6.240850031375885232e-01,2.148479819297790527e-01,2.536768466234207153e-01,5.633691325783729553e-03,3.745797276496887381e-03,1.077018077921820804e-05,1.077018077921820804e-05
2.397442579269409180e+00,2.649626302719116033e+00,2.397453308105468750e+00,2.649637031555175604e+00,8.091224431991577148e-01,8.235040903091430664e-01,9.239567518234252930e-01,9.286292493343353271e-01,4.427072405815124512e-01,6.389712989330291748e-01,2.153506875038146973e-01,2.519609391689300315e-01,6.305498071014881134e-03,6.560732563957572157e-03,1.078256718756165355e-05,1.078256718756165355e-05
2.478888750076293945e+00,2.622613096237182528e+00,2.478899478912353516e+00,2.622623825073242099e+00,8.246293067932128906e-01,8.126620113849639671e-01,9.216335415840148926e-01,9.280885696411133035e-01,4.452776312828063965e-01,6.280319690704345703e-01,2.863997817039489746e-01,2.521438375115394592e-01,9.483814937993884087e-04,1.686708780471235470e-03,1.078385321306996047e-05,1.078385321306996047e-05
2.443804264068603516e+00,2.649349832534789950e+00,2.443814992904663086e+00,2.649360561370849521e+00,7.985639572143554688e-01,8.131601512432098389e-01,9.318097829818725586e-01,9.244195342063903365e-01,4.370408058166503906e-01,6.523832499980926070e-01,2.729341983795166016e-01,2.544326484203338623e-01,3.455429337918758392e-03,4.954297700896859516e-03,1.078068453352898359e-05,1.078068453352898359e-05
2.413760423660278320e+00,2.641786575317382812e+00,2.413771152496337891e+00,2.641797304153442383e+00,8.020498752593994141e-01,8.068056702613830566e-01,9.263665080070495605e-01,9.272455394268035445e-01,4.262282550334930420e-01,6.529926538467407671e-01,2.568709552288055420e-01,2.531012162566185220e-01,2.244608709588646889e-03,1.641457655932754322e-03,1.077730212273309007e-05,1.077730212273309007e-05
2.269500732421875000e+00,2.589881467819213690e+00,2.269511461257934570e+00,2.589892196655273260e+00,7.284572720527648926e-01,8.079093337059021218e-01,9.118347167968750000e-01,9.302246868610382080e-01,3.900457918643951416e-01,5.975288629531860796e-01,2.365480810403823853e-01,2.519603028893470653e-01,2.614670200273394585e-03,2.258326159790158272e-03,1.077503929991507903e-05,1.077503929991507903e-05
2.641379833221435547e+00,2.673391723632812411e+00,2.641390562057495117e+00,2.673402452468871981e+00,8.638740777969360352e-01,8.210344910621643066e-01,9.095401763916015625e-01,9.279956996440887895e-01,5.680357813835144043e-01,6.667835295200348344e-01,2.950236797332763672e-01,2.523313328623771890e-01,4.906216170638799667e-03,5.246747098863124674e-03,1.076740772987250239e-05,1.076740772987250239e-05
2.457291603088378906e+00,2.620272755622863770e+00,2.457302331924438477e+00,2.620283484458923340e+00,8.304889798164367676e-01,8.113141715526580589e-01,9.253095388412475586e-01,9.258486390113830344e-01,4.575535953044891357e-01,6.177721083164214866e-01,2.408865392208099365e-01,2.630494266748428234e-01,3.052843734622001648e-03,2.288448484614491549e-03,1.076712123904144391e-05,1.076712123904144391e-05
2.391696691513061523e+00,2.622235584259033025e+00,2.391707420349121094e+00,2.622246313095092596e+00,8.025415539741516113e-01,8.022686600685119407e-01,9.277505278587341309e-01,9.258203446865082009e-01,4.717468917369842529e-01,6.222154438495636208e-01,1.862219125032424927e-01,2.697457879781722800e-01,3.435751423239707947e-03,2.185393264517187985e-03,1.077711021935101599e-05,1.077711021935101599e-05
2.500222206115722656e+00,2.640370035171508700e+00,2.500232934951782227e+00,2.640380764007568271e+00,8.248599171638488770e-01,8.086308717727661577e-01,9.411174058914184570e-01,9.255669176578521506e-01,4.710452258586883545e-01,6.316301107406616655e-01,2.600606679916381836e-01,2.704715192317962424e-01,3.139076288789510727e-03,4.070634185336530035e-03,1.078908189811045304e-05,1.078908189811045304e-05
2.570989370346069336e+00,2.614929628372192560e+00,2.571000099182128906e+00,2.614940357208252131e+00,8.000799417495727539e-01,8.061400294303894265e-01,9.083088040351867676e-01,9.258979439735413042e-01,6.406198143959045410e-01,6.118559002876281516e-01,2.201882153749465942e-01,2.696693152189254539e-01,1.792778377421200275e-03,1.366370148025453004e-03,1.078358855011174455e-05,1.078358855011174455e-05
2.496916770935058594e+00,2.639134407043457031e+00,2.496927499771118164e+00,2.639145135879516602e+00,7.470557093620300293e-01,8.049612402915954368e-01,8.989835977554321289e-01,9.244361817836761475e-01,5.807288885116577148e-01,6.402050912380218284e-01,2.676662802696228027e-01,2.670907944440841786e-01,2.482369774952530861e-03,2.441102475859224970e-03,1.077394426829414442e-05,1.077394426829414442e-05
2.393809556961059570e+00,2.627349090576172053e+00,2.393820285797119141e+00,2.627359819412231623e+00,7.429356575012207031e-01,8.050897359848022683e-01,9.053088426589965820e-01,9.223164796829224077e-01,4.813239872455596924e-01,6.316681742668152078e-01,2.622989714145660400e-01,2.665399879217147938e-01,1.941891619935631752e-03,1.734708913136273579e-03,1.077396609616698697e-05,1.077396609616698697e-05
3.236038684844970703e+00,2.631460452079772860e+00,3.236049413681030273e+00,2.631471180915832431e+00,8.338153362274169922e-01,8.118243038654326948e-01,9.196927547454833984e-01,9.298572838306427002e-01,1.149374604225158691e+00,6.227249562740325706e-01,3.306338787078857422e-01,2.626477450132370106e-01,2.522178227081894875e-03,4.406096739694475781e-03,1.077609704225324094e-05,1.077609704225324094e-05
2.396235227584838867e+00,2.668865537643432706e+00,2.396245956420898438e+00,2.668876266479492276e+00,7.800588607788085938e-01,8.217766702175139937e-01,9.031292796134948730e-01,9.251273989677428755e-01,4.323016703128814697e-01,6.417394995689391646e-01,2.709130644798278809e-01,2.655953258275985940e-01,9.832027368247509003e-03,1.462664650753140415e-02,1.076942407962633297e-05,1.076942407962633297e-05
2.557237625122070312e+00,2.659396100044250311e+00,2.557248353958129883e+00,2.659406828880309881e+00,8.314725756645202637e-01,8.181283891201018843e-01,9.495313763618469238e-01,9.248280107975006548e-01,4.443778991699218750e-01,6.377538561820983443e-01,3.254236578941345215e-01,2.681616246700286865e-01,6.432104390114545822e-03,1.052423072978854110e-02,1.076618264050921425e-05,1.076618264050921425e-05
2.489320039749145508e+00,2.616260623931884854e+00,2.489330768585205078e+00,2.616271352767944425e+00,8.093997836112976074e-01,8.083298265933990256e-01,9.408470988273620605e-01,9.229974985122680886e-01,4.661688208580017090e-01,6.180191636085510254e-01,2.706274986267089844e-01,2.647888123989105003e-01,2.277013380080461502e-03,2.125366381369531068e-03,1.076003536581993103e-05,1.076003536581993103e-05
2.358983516693115234e+00,2.649506711959838778e+00,2.358994245529174805e+00,2.649517440795898349e+00,7.691950798034667969e-01,8.008369266986846702e-01,9.420456886291503906e-01,9.276162624359131081e-01,4.133654236793518066e-01,6.561828434467316118e-01,2.327303737401962280e-01,2.637355446815490834e-01,1.646910328418016434e-03,1.135227712802589026e-03,1.076109310815809295e-05,1.076109310815809295e-05
2.411864757537841797e+00,2.682189965248107821e+00,2.411875486373901367e+00,2.682200694084167392e+00,7.811041474342346191e-01,8.295606791973113570e-01,9.082134962081909180e-01,9.226118981838226096e-01,4.075516164302825928e-01,6.611892998218535933e-01,3.055919110774993896e-01,2.609994083642959706e-01,9.403740055859088898e-03,7.828661706298589706e-03,1.075870386557653546e-05,1.075870386557653546e-05
2.426828384399414062e+00,2.643358683586120694e+00,2.426839113235473633e+00,2.643369412422180265e+00,8.140284419059753418e-01,8.140997111797332320e-01,9.314397573471069336e-01,9.263183772563934326e-01,4.554133415222167969e-01,6.401476860046386719e-01,2.203340083360671997e-01,2.565315186977386586e-01,5.612802226096391678e-03,6.261345511302351778e-03,1.075353975465986878e-05,1.075353975465986878e-05
2.513167858123779297e+00,2.634354233741760254e+00,2.513178586959838867e+00,2.634364962577819824e+00,8.147394657135009766e-01,8.090105295181274636e-01,9.135417342185974121e-01,9.293545842170715110e-01,4.610646963119506836e-01,6.348182260990142822e-01,3.198735117912292480e-01,2.557990759611129539e-01,3.948472905904054642e-03,5.371841788291931326e-03,1.076565877156099305e-05,1.076565877156099305e-05
2.503351926803588867e+00,2.614299774169921875e+00,2.503362655639648438e+00,2.614310503005981445e+00,8.050847649574279785e-01,8.065690279006958452e-01,9.239951968193054199e-01,9.240295767784119096e-01,4.373865127563476562e-01,6.267607688903809038e-01,3.351733982563018799e-01,2.549533560872078164e-01,1.712144934572279453e-03,1.986992824822664087e-03,1.076828903023852035e-05,1.076828903023852035e-05
2.437407970428466797e+00,2.629139828681945623e+00,2.437418699264526367e+00,2.629150557518005193e+00,8.213717937469482422e-01,8.087488412857055664e-01,9.664504528045654297e-01,9.271272599697113481e-01,4.513135850429534912e-01,6.357239365577698198e-01,1.970588862895965576e-01,2.556164920330047385e-01,1.213409472256898880e-03,1.923309871926903725e-03,1.077015986084006727e-05,1.077015986084006727e-05
2.353944063186645508e+00,2.608452153205871760e+00,2.353954792022705078e+00,2.608462882041931330e+00,7.531168460845947266e-01,8.042176365852355957e-01,9.222219586372375488e-01,9.267133533954620139e-01,4.461866617202758789e-01,6.193925380706787331e-01,2.304270565509796143e-01,2.567923069000244141e-01,1.991649158298969269e-03,1.336253306362777948e-03,1.077019805961754173e-05,1.077019805961754173e-05
2.396666526794433594e+00,2.637914872169494718e+00,2.396677255630493164e+00,2.637925601005554288e+00,8.257469534873962402e-01,8.107586562633514182e-01,9.305967688560485840e-01,9.229084372520446333e-01,4.368025362491607666e-01,6.433143436908721480e-01,2.004978209733963013e-01,2.584475845098495594e-01,3.022459568455815315e-03,2.485899068415164774e-03,1.076638818631181493e-05,1.076638818631181493e-05
2.612343072891235352e+00,2.626040458679199219e+00,2.612353801727294922e+00,2.626051187515258789e+00,8.039509057998657227e-01,8.144721388816833496e-01,9.217648506164550781e-01,9.228665709495544878e-01,6.614176034927368164e-01,6.230206131935119851e-01,2.215594798326492310e-01,2.622264653444290050e-01,3.650228725746273994e-03,3.454740811139345343e-03,1.076379430742235854e-05,1.076379430742235854e-05
2.400143623352050781e+00,2.631616854667663485e+00,2.400154352188110352e+00,2.631627583503723056e+00,7.931351065635681152e-01,8.065025031566619429e-01,9.246404767036437988e-01,9.239055216312408447e-01,4.479686021804809570e-01,6.404166221618652344e-01,2.328376322984695435e-01,2.592353224754333496e-01,1.561697456054389477e-03,1.556875102687627164e-03,1.076135595212690532e-05,1.076135595212690532e-05
2.481897354125976562e+00,2.642167639732361017e+00,2.481908082962036133e+00,2.642178368568420588e+00,8.201496005058288574e-01,8.139523744583130327e-01,9.156440496444702148e-01,9.250907838344574197e-01,4.424759447574615479e-01,6.345932781696319580e-01,2.967683374881744385e-01,2.573205322027206643e-01,6.859326269477605820e-03,1.121066501364111935e-02,1.075943055184325203e-05,1.075943055184325203e-05
2.737642049789428711e+00,2.624347066879272550e+00,2.737652778625488281e+00,2.624357795715332120e+00,8.170077204704284668e-01,8.057018935680388960e-01,9.325830936431884766e-01,9.297612786293030229e-01,7.305868268013000488e-01,6.299805879592895730e-01,2.544483840465545654e-01,2.560599043965339772e-01,3.016049042344093323e-03,2.843405422754585916e-03,1.075866020983085036e-05,1.075866020983085036e-05
2.772495985031127930e+00,2.613164401054382413e+00,2.772506713867187500e+00,2.613175129890441983e+00,8.639687895774841309e-01,8.104939460754394531e-01,9.558306932449340820e-01,9.240664184093475564e-01,7.342657446861267090e-01,6.231602728366851807e-01,2.155097723007202148e-01,2.515499606728553994e-01,2.920946339145302773e-03,3.893773979507386771e-03,1.075719774235039949e-05,1.075719774235039949e-05
2.322019815444946289e+00,2.611634731292724609e+00,2.322030544281005859e+00,2.611645460128784180e+00,7.966435551643371582e-01,8.144747376441955344e-01,9.182237386703491211e-01,9.232223689556121604e-01,4.227033853530883789e-01,6.195216774940490723e-01,1.805616021156311035e-01,2.517624378204345592e-01,3.887450555339455605e-03,2.653484418988228018e-03,1.075645923265255988e-05,1.075645923265255988e-05
2.404309272766113281e+00,2.614300632476806552e+00,2.404320001602172852e+00,2.614311361312866122e+00,8.308254480361938477e-01,8.069640696048736572e-01,9.472347497940063477e-01,9.279076635837555376e-01,4.370876848697662354e-01,6.253018796443938765e-01,1.828504204750061035e-01,2.500814512372017129e-01,6.310847587883472443e-03,4.045547428540885102e-03,1.075637646863469854e-05,1.075637646863469854e-05
2.453091859817504883e+00,2.622602272033691229e+00,2.453102588653564453e+00,2.622613000869750799e+00,7.946376204490661621e-01,8.213656306266784446e-01,9.095805287361145020e-01,9.267194211483001931e-01,4.679541587829589844e-01,6.130294859409332053e-01,2.678398191928863525e-01,2.496494069695472662e-01,1.307957060635089874e-02,1.183831524103879859e-02,1.075646650861017406e-05,1.075646650861017406e-05
2.338979959487915039e+00,2.610036396980285556e+00,2.338990688323974609e+00,2.610047125816345126e+00,7.267103195190429688e-01,8.203349769115447776e-01,8.863900899887084961e-01,9.278294146060943604e-01,4.438328444957733154e-01,6.061643540859222856e-01,2.772023677825927734e-01,2.496700361371040344e-01,4.844321403652429581e-03,6.037604622542857777e-03,1.076405715139117092e-05,1.076405715139117092e-05
3.061304807662963867e+00,2.616306543350219727e+00,3.061315536499023438e+00,2.616317272186279297e+00,7.993663549423217773e-01,8.176476836204529253e-01,8.876577019691467285e-01,9.242447912693023682e-01,1.034182071685791016e+00,6.209948658943176270e-01,3.362881541252136230e-01,2.494286432862281855e-01,3.810337744653224945e-03,3.990575508214533502e-03,1.075941418093862012e-05,1.075941418093862012e-05
2.417404890060424805e+00,2.639729833602905362e+00,2.417415618896484375e+00,2.639740562438964933e+00,8.087855577468872070e-01,8.091540277004242165e-01,9.366120696067810059e-01,9.243391394615173562e-01,4.453730583190917969e-01,6.382111430168151411e-01,2.186910659074783325e-01,2.596901476383209340e-01,7.943224161863327026e-03,8.335409080609678875e-03,1.076133594324346632e-05,1.076133594324346632e-05
2.487961530685424805e+00,2.620400977134704767e+00,2.487972259521484375e+00,2.620411705970764338e+00,7.906751632690429688e-01,8.084546983242034690e-01,9.321245551109313965e-01,9.246384620666503462e-01,4.675928354263305664e-01,6.144287288188934326e-01,2.904727756977081299e-01,2.669831216335296631e-01,7.096356712281703949e-03,5.895977560430765325e-03,1.076237640518229455e-05,1.076237640518229455e-05
2.415049076080322266e+00,2.668675374984741389e+00,2.415059804916381836e+00,2.668686103820800959e+00,7.881919741630554199e-01,8.037145674228668435e-01,9.154764413833618164e-01,9.307173967361450639e-01,4.019429981708526611e-01,6.670583426952362283e-01,3.080597817897796631e-01,2.658994346857070923e-01,1.378178247250616550e-03,1.285595272202044812e-03,1.078496643458493054e-05,1.078496643458493054e-05
2.749369621276855469e+00,2.650576090812683194e+00,2.749380350112915039e+00,2.650586819648742765e+00,8.079569935798645020e-01,8.066144645214080589e-01,9.454846382141113281e-01,9.264161407947539839e-01,7.843225598335266113e-01,6.509633004665374978e-01,2.094485759735107422e-01,2.641994267702102439e-01,2.157044364139437675e-03,2.382773277349770243e-03,1.078500736184651032e-05,1.078500736184651032e-05
2.391001462936401367e+00,2.648829960823058993e+00,2.391012191772460938e+00,2.648840689659118564e+00,8.310766220092773438e-01,8.082249104976654275e-01,9.171780347824096680e-01,9.237051308155059814e-01,3.843543529510498047e-01,6.549847602844238725e-01,2.572108209133148193e-01,2.608739703893661610e-01,1.181786297820508480e-03,1.041141618043184324e-03,1.078178502211812884e-05,1.078178502211812884e-05
2.331436872482299805e+00,2.659283447265624822e+00,2.331447601318359375e+00,2.659294176101684393e+00,8.005593419075012207e-01,8.086096823215485063e-01,9.167512655258178711e-01,9.244041025638580766e-01,3.510267138481140137e-01,6.644839823246002641e-01,2.619368731975555420e-01,2.605688512325287087e-01,1.162505592219531536e-03,1.216895179823040962e-03,1.078487275663064793e-05,1.078487275663064793e-05
2.510774612426757812e+00,2.681104254722595392e+00,2.510785341262817383e+00,2.681114983558654963e+00,8.580512404441833496e-01,8.109730482101440430e-01,9.529827237129211426e-01,9.341128230094909446e-01,3.837484419345855713e-01,6.609772980213165505e-01,3.104640841484069824e-01,2.651105791330337635e-01,5.528073292225599289e-03,9.930461086332798351e-03,1.078210971172666177e-05,1.078210971172666177e-05
2.321665763854980469e+00,2.653945827484130771e+00,2.321676492691040039e+00,2.653956556320190341e+00,7.859376072883605957e-01,8.043635010719298872e-01,8.977223038673400879e-01,9.253162086009979470e-01,3.795484900474548340e-01,6.552715539932251199e-01,2.536166608333587646e-01,2.656038016080856101e-01,4.840898327529430389e-03,3.390770894475281152e-03,1.077961951523320749e-05,1.077961951523320749e-05
2.549901247024536133e+00,2.711059474945068271e+00,2.549911975860595703e+00,2.711070203781127841e+00,8.226053714752197266e-01,8.415516197681427446e-01,9.285036325454711914e-01,9.309746503829956499e-01,5.348777770996093750e-01,6.458307743072509988e-01,2.460956573486328125e-01,2.650517731904983298e-01,1.781878620386123657e-02,2.765067871659994056e-02,1.077161141438409686e-05,1.077161141438409686e-05
2.621817588806152344e+00,2.682535147666931241e+00,2.621828317642211914e+00,2.682545876502990811e+00,8.095490932464599609e-01,8.074580252170562300e-01,9.177835583686828613e-01,9.290300011634826660e-01,5.833361744880676270e-01,6.850003242492676003e-01,3.057823479175567627e-01,2.554910510778427013e-01,5.366641096770763397e-03,5.555761512368917465e-03,1.077067645383067429e-05,1.077067645383067429e-05
2.480115652084350586e+00,2.672510886192321689e+00,2.480126380920410156e+00,2.672521615028381259e+00,8.230454921722412109e-01,8.083725333213805930e-01,9.088502526283264160e-01,9.231844723224640337e-01,4.607204198837280273e-01,6.840968370437622292e-01,2.863998711109161377e-01,2.557762712240219116e-01,1.099898247048258781e-03,1.080796192400157408e-03,1.077076922229025513e-05,1.077076922229025513e-05
2.399273872375488281e+00,2.663248300552368164e+00,2.399284601211547852e+00,2.663259029388427734e+00,8.085926771163940430e-01,8.095841348171234353e-01,9.286209344863891602e-01,9.223145604133605735e-01,3.703700602054595947e-01,6.709610164165497048e-01,2.889047563076019287e-01,2.570538252592086681e-01,2.785452175885438919e-03,3.334788675419986421e-03,1.076809530786704272e-05,1.076809530786704272e-05
3.235832452774047852e+00,2.702599334716796697e+00,3.235843181610107422e+00,2.702610063552856268e+00,8.262831568717956543e-01,8.203217864036560503e-01,9.161050915718078613e-01,9.245867609977722612e-01,1.274216771125793457e+00,6.907214760780334695e-01,2.097379714250564575e-01,2.602908730506897084e-01,9.489424526691436768e-03,6.678422680124640465e-03,1.076752050721552223e-05,1.076752050721552223e-05
2.434473514556884766e+00,2.775232386589050471e+00,2.434484243392944336e+00,2.775243115425110041e+00,7.954596877098083496e-01,8.301616907119750977e-01,9.664961099624633789e-01,9.539307534694672075e-01,4.023021161556243896e-01,6.820380747318267600e-01,2.432692348957061768e-01,2.595518678426742554e-01,2.694653347134590149e-02,4.954999200999736508e-02,1.077339675248367712e-05,1.077339675248367712e-05
2.344030857086181641e+00,2.649458408355712891e+00,2.344041585922241211e+00,2.649469137191772461e+00,7.518597841262817383e-01,8.150195300579070601e-01,9.058579206466674805e-01,9.281120479106903520e-01,4.171804785728454590e-01,6.463160514831542969e-01,2.626741230487823486e-01,2.528620570898055808e-01,6.458595860749483109e-03,7.148641021922230374e-03,1.078193326975451782e-05,1.078193326975451782e-05
2.366211652755737305e+00,2.617901992797851740e+00,2.366222381591796875e+00,2.617912721633911310e+00,7.880108356475830078e-01,8.063769578933716042e-01,8.981325030326843262e-01,9.271622657775878684e-01,3.917100727558135986e-01,6.317352235317230669e-01,2.868399918079376221e-01,2.512645855545997398e-01,1.518205273896455765e-03,1.362997933756560044e-03,1.078594232239993289e-05,1.078594232239993289e-05
2.939746618270874023e+00,2.626960945129394709e+00,2.939757347106933594e+00,2.626971673965454279e+00,7.613266706466674805e-01,8.131623208522796853e-01,9.131134152412414551e-01,9.214978098869324175e-01,1.001784086227416992e+00,6.374613225460052934e-01,2.613397538661956787e-01,2.515196681022643932e-01,2.182774711400270462e-03,3.319787303917110053e-03,1.078619698091642931e-05,1.078619698091642931e-05
2.374252080917358398e+00,2.615873956680297763e+00,2.374262809753417969e+00,2.615884685516357333e+00,8.186744451522827148e-01,8.078395187854766624e-01,9.353904724121093750e-01,9.223633825778960738e-01,3.790100812911987305e-01,6.317767083644867387e-01,2.382949441671371460e-01,2.511602818965911754e-01,2.882166765630245209e-03,2.734067407436668786e-03,1.078508466889616102e-05,1.078508466889616102e-05
2.373603820800781250e+00,2.640515542030334561e+00,2.373614549636840820e+00,2.640526270866394132e+00,8.218864798545837402e-01,8.093600749969482866e-01,9.377220869064331055e-01,9.210267543792725053e-01,3.665838539600372314e-01,6.550327360630034956e-01,2.465124726295471191e-01,2.538245379924773948e-01,8.990133064799010754e-04,1.271435024682432326e-03,1.079009052773471922e-05,1.079009052773471922e-05
3.095210790634155273e+00,2.609885525703430353e+00,3.095221519470214844e+00,2.609896254539489924e+00,8.234237432479858398e-01,8.090228080749511941e-01,9.170674681663513184e-01,9.206305563449859175e-01,1.090169429779052734e+00,6.282618463039397749e-01,2.613306939601898193e-01,2.487020745873451122e-01,3.219494596123695374e-03,3.268251940608024424e-03,1.079422509064897895e-05,1.079422509064897895e-05
2.417943000793457031e+00,2.615463232994079679e+00,2.417953729629516602e+00,2.615473961830139249e+00,8.284873366355895996e-01,8.165398478507995828e-01,9.249220490455627441e-01,9.365228533744811568e-01,3.965251147747039795e-01,6.096420049667358176e-01,2.629850506782531738e-01,2.474270433187484852e-01,5.023573059588670731e-03,5.331459036096930330e-03,1.079088542610406876e-05,1.079088542610406876e-05
2.441508531570434570e+00,2.602201056480407892e+00,2.441519260406494141e+00,2.602211785316467463e+00,8.211488723754882812e-01,8.194997489452362505e-01,9.467740058898925781e-01,9.362064778804779497e-01,4.306986033916473389e-01,5.992830216884612593e-01,2.414907962083816528e-01,2.447893321514129639e-01,1.396180130541324615e-03,2.422378654591739091e-03,1.079531193681759760e-05,1.079531193681759760e-05
2.625175476074218750e+00,2.598500394821166903e+00,2.625186204910278320e+00,2.598511123657226474e+00,8.660286664962768555e-01,8.171155929565430132e-01,9.290978908538818359e-01,9.280955612659453902e-01,5.040677785873413086e-01,6.103456556797027810e-01,3.239544928073883057e-01,2.397918328642845154e-01,2.026480389758944511e-03,3.151798038743436337e-03,1.079780395230045542e-05,1.079780395230045542e-05
2.351751565933227539e+00,2.580593228340148926e+00,2.351762294769287109e+00,2.580603957176208496e+00,7.829129099845886230e-01,8.081594049930572732e-01,9.290520548820495605e-01,9.273452222347259299e-01,4.316127598285675049e-01,6.014586091041564941e-01,2.054663300514221191e-01,2.396745651960373036e-01,2.707366365939378738e-03,3.955371258780360048e-03,1.080731362890219316e-05,1.080731362890219316e-05
2.546665430068969727e+00,2.575537323951721191e+00,2.546676158905029297e+00,2.575548052787780762e+00,7.792754769325256348e-01,8.091795384883880837e-01,9.010713100433349609e-01,9.261876046657562256e-01,5.832587480545043945e-01,5.990100026130675825e-01,2.816129624843597412e-01,2.390960142016410883e-01,1.446989946998655796e-03,2.064119523856788787e-03,1.080709080270025879e-05,1.080709080270025879e-05
2.409900188446044922e+00,2.596311211585998535e+00,2.409910917282104492e+00,2.596321940422058105e+00,8.217018842697143555e-01,8.211491167545318381e-01,8.979457020759582520e-01,9.291969537734985352e-01,4.225469827651977539e-01,6.051128029823302779e-01,2.625763416290283203e-01,2.370302170515060369e-01,5.129140336066484451e-03,3.822175948880612677e-03,1.080288166122045368e-05,1.080288166122045368e-05
3.204964876174926758e+00,2.550626373291015714e+00,3.204975605010986328e+00,2.550637102127075284e+00,8.046854138374328613e-01,8.169441044330596480e-01,9.219790697097778320e-01,9.259500980377197710e-01,1.243955373764038086e+00,5.685521245002747026e-01,2.329463809728622437e-01,2.374686092138290350e-01,1.398559543304145336e-03,1.711471995804458857e-03,1.079621597455115989e-05,1.079621597455115989e-05
2.442708015441894531e+00,2.590789318084716797e+00,2.442718744277954102e+00,2.590800046920776367e+00,8.413030505180358887e-01,8.213202357292175293e-01,9.565301537513732910e-01,9.264971315860748291e-01,4.336037039756774902e-01,5.942162215709686501e-01,2.074729651212692261e-01,2.395983815193176159e-01,3.797947196289896965e-03,9.157331380993127129e-03,1.079529101843945682e-05,1.079529101843945682e-05
2.386320114135742188e+00,2.597754001617431641e+00,2.386330842971801758e+00,2.597764730453491211e+00,7.726234793663024902e-01,8.154839158058166948e-01,9.345948100090026855e-01,9.244019031524658425e-01,4.282122850418090820e-01,6.143374681472778542e-01,2.491558045148849487e-01,2.409890845417976268e-01,1.733830198645591736e-03,2.541702985763549631e-03,1.079566209227778018e-05,1.079566209227778018e-05
2.322250604629516602e+00,2.562897872924804865e+00,2.322261333465576172e+00,2.562908601760864435e+00,7.852391004562377930e-01,8.076625585556029829e-01,9.178666472434997559e-01,9.272793471813202126e-01,4.209723174571990967e-01,5.850662827491760476e-01,1.935351192951202393e-01,2.402635991573333629e-01,4.637511447072029114e-03,2.626066957600414579e-03,1.079898720490746200e-05,1.079898720490746200e-05
2.404019355773925781e+00,2.581044340133666903e+00,2.404030084609985352e+00,2.581055068969726474e+00,8.236811757087707520e-01,8.196460664272308128e-01,9.468024969100952148e-01,9.281702339649200439e-01,4.318409562110900879e-01,5.902248203754425493e-01,1.990525126457214355e-01,2.386512175202369634e-01,2.642069710418581963e-03,4.351974371820688595e-03,1.079253433999838307e-05,1.079253433999838307e-05
2.508063554763793945e+00,2.598531770706176580e+00,2.508074283599853516e+00,2.598542499542236150e+00,8.233612179756164551e-01,8.108213961124419722e-01,9.425534009933471680e-01,9.268412113189696822e-01,4.697285294532775879e-01,6.058885753154754639e-01,2.665891945362091064e-01,2.490489751100540272e-01,5.831161979585886002e-03,5.931614059954881321e-03,1.080369565897854045e-05,1.080369565897854045e-05
2.372877120971679688e+00,2.600948119163513095e+00,2.372887849807739258e+00,2.600958847999572665e+00,7.797479629516601562e-01,8.035220265388488547e-01,9.376961588859558105e-01,9.293494880199432151e-01,4.732680320739746094e-01,6.162207543849944624e-01,1.788582652807235718e-01,2.493911102414131109e-01,3.306566970422863960e-03,2.464717556722462351e-03,1.081035043171141297e-05,1.081035043171141297e-05
2.779293775558471680e+00,2.627838015556335449e+00,2.779304504394531250e+00,2.627848744392395020e+00,7.997836470603942871e-01,8.140577793121337447e-01,9.232385754585266113e-01,9.315187692642211692e-01,8.637089133262634277e-01,6.252590894699097124e-01,1.892048120498657227e-01,2.521640941500663535e-01,3.357586916536092758e-03,4.838297562673688108e-03,1.081069967767689377e-05,1.081069967767689377e-05
2.426940917968750000e+00,2.630866432189941317e+00,2.426951646804809570e+00,2.630877161026000888e+00,7.949975132942199707e-01,8.057010412216186745e-01,9.077132344245910645e-01,9.243418037891387717e-01,4.808071553707122803e-01,6.416692495346069114e-01,2.415730208158493042e-01,2.564678817987441906e-01,1.849873107858002186e-03,2.686434006318449801e-03,1.080755009752465412e-05,1.080755009752465412e-05
2.933690309524536133e+00,2.629903173446655362e+00,2.933701038360595703e+00,2.629913902282714933e+00,8.366361856460571289e-01,8.047252655029296653e-01,9.299154877662658691e-01,9.223944664001464400e-01,8.883177042007446289e-01,6.422899425029754417e-01,2.775276005268096924e-01,2.587893933057784923e-01,1.293099368922412395e-03,1.704127620905637828e-03,1.080307265510782599e-05,1.080307265510782599e-05
2.803437471389770508e+00,2.616030168533325373e+00,2.803448200225830078e+00,2.616040897369384943e+00,8.012695312500000000e-01,8.091976881027221902e-01,9.058402776718139648e-01,9.279579639434814009e-01,7.656961679458618164e-01,6.196996569633483887e-01,3.286480009555816650e-01,2.570672303438186757e-01,1.983356429263949394e-03,2.107615722343325528e-03,1.080142010323470458e-05,1.080142010323470458e-05
2.416747093200683594e+00,2.610561871528625399e+00,2.416757822036743164e+00,2.610572600364684970e+00,7.996191382408142090e-01,8.038743972778320535e-01,9.486525058746337891e-01,9.293791472911834273e-01,4.413618445396423340e-01,6.179683089256287065e-01,2.237124890089035034e-01,2.543357655405998341e-01,3.401108318939805031e-03,5.004265438765287052e-03,1.080203037417959422e-05,1.080203037417959422e-05
2.367545366287231445e+00,2.630011057853698819e+00,2.367556095123291016e+00,2.630021786689758390e+00,7.977106571197509766e-01,8.071420609951018843e-01,9.187368750572204590e-01,9.224806487560271995e-01,4.486399888992309570e-01,6.427691102027892622e-01,1.999938488006591797e-01,2.553907439112663158e-01,2.463820856064558029e-03,2.228575455956160849e-03,1.079573394235922024e-05,1.079573394235922024e-05
2.886089086532592773e+00,2.658810591697692960e+00,2.886099815368652344e+00,2.658821320533752530e+00,8.094576001167297363e-01,8.088238060474395308e-01,9.061932563781738281e-01,9.267744898796081987e-01,9.143557548522949219e-01,6.637501120567321777e-01,2.500113248825073242e-01,2.557123854756355175e-01,6.071330979466438293e-03,3.749794163741171533e-03,1.079752109944820404e-05,1.079752109944820404e-05
3.927557706832885742e+00,2.629381203651428134e+00,3.927568435668945312e+00,2.629391932487487704e+00,7.955395579338073730e-01,8.105943500995635986e-01,8.920375108718872070e-01,9.332734644412994385e-01,1.896305203437805176e+00,6.190969049930572510e-01,3.384513556957244873e-01,2.575803935527801736e-01,5.223975982517004013e-03,8.836130984127521862e-03,1.079779394785873592e-05,1.079779394785873592e-05
2.769881725311279297e+00,2.615149021148681641e+00,2.769892454147338867e+00,2.615159749984741211e+00,8.600765466690063477e-01,8.148780584335326704e-01,9.641976952552795410e-01,9.237705767154693604e-01,7.475473880767822266e-01,6.095679044723510964e-01,1.947748214006423950e-01,2.606090247631073220e-01,3.285055048763751984e-03,6.323379464447498322e-03,1.080284710042178631e-05,1.080284710042178631e-05
2.495854139328002930e+00,2.649125790596008390e+00,2.495864868164062500e+00,2.649136519432067960e+00,7.471368312835693359e-01,8.098747789859771506e-01,9.296223521232604980e-01,9.260358750820160134e-01,5.778745412826538086e-01,6.506647944450378862e-01,2.374805212020874023e-01,2.587951779365539329e-01,3.739678068086504936e-03,3.755188966169953520e-03,1.080208403436699882e-05,1.080208403436699882e-05
2.438830852508544922e+00,2.641348171234130682e+00,2.438841581344604492e+00,2.641358900070190252e+00,8.177422881126403809e-01,8.116571724414824995e-01,9.417235851287841797e-01,9.234701573848724809e-01,4.442200660705566406e-01,6.470017313957214800e-01,2.343128472566604614e-01,2.578160405158996804e-01,8.319733315147459507e-04,1.403058506548404780e-03,1.079663161362987012e-05,1.079663161362987012e-05
2.674733877182006836e+00,2.632427930831909180e+00,2.674744606018066406e+00,2.632438659667968750e+00,7.820437550544738770e-01,8.117319047451019287e-01,9.074251055717468262e-01,9.272359788417816606e-01,6.739441752433776855e-01,6.226269006729125977e-01,3.083747923374176025e-01,2.655346453189849631e-01,2.945821266621351242e-03,5.298552289605140860e-03,1.079650428437162191e-05,1.079650428437162191e-05
2.674310922622680664e+00,2.619916915893554688e+00,2.674321651458740234e+00,2.619927644729614258e+00,7.819103002548217773e-01,8.070516049861907737e-01,8.779050707817077637e-01,9.259994566440582497e-01,6.545039415359497070e-01,6.151974320411681685e-01,3.539876341819763184e-01,2.672017991542816051e-01,6.004208233207464218e-03,4.466673964634538044e-03,1.079646062862593681e-05,1.079646062862593681e-05
2.607058525085449219e+00,2.627176523208618164e+00,2.607069253921508789e+00,2.627187252044677734e+00,7.850177288055419922e-01,8.089192271232604758e-01,8.926556110382080078e-01,9.247166812419891357e-01,6.285555958747863770e-01,6.224418818950653298e-01,2.974898219108581543e-01,2.678189694881439320e-01,3.339824499562382698e-03,3.279751725494861690e-03,1.081113441614434123e-05,1.081113441614434123e-05
2.622699260711669922e+00,2.622901082038879395e+00,2.622709989547729492e+00,2.622911810874938965e+00,7.648022174835205078e-01,8.062099575996398704e-01,8.723980784416198730e-01,9.264308691024780718e-01,6.298825144767761230e-01,6.208922445774078813e-01,3.533893525600433350e-01,2.675222218036651389e-01,2.227107295766472816e-03,1.845769851934164849e-03,1.081359459931263700e-05,1.081359459931263700e-05
2.650198698043823242e+00,2.628941297531127930e+00,2.650209426879882812e+00,2.628952026367187500e+00,8.068457245826721191e-01,8.134445250034332275e-01,9.075838327407836914e-01,9.250393331050872359e-01,6.646525263786315918e-01,6.170975923538207786e-01,2.679846882820129395e-01,2.672529846429824718e-01,3.131859470158815384e-03,6.106907641515136112e-03,1.081552545656450093e-05,1.081552545656450093e-05
2.488351821899414062e+00,2.654748654365539640e+00,2.488362550735473633e+00,2.654759383201599210e+00,8.361627459526062012e-01,8.168786525726318137e-01,9.370298981666564941e-01,9.321184992790222390e-01,4.819160401821136475e-01,6.370827376842498335e-01,2.296577692031860352e-01,2.662611484527587780e-01,3.585363971069455147e-03,2.407631021924316883e-03,1.080893434846075252e-05,1.080893434846075252e-05
2.948330163955688477e+00,2.643787646293640048e+00,2.948340892791748047e+00,2.643798375129699618e+00,8.209199905395507812e-01,8.057399213314055952e-01,9.407336711883544922e-01,9.271044671535492165e-01,9.247236251831054688e-01,6.436955749988555464e-01,2.611277103424072266e-01,2.660014510154724010e-01,8.250515093095600605e-04,1.246165670454502062e-03,1.080783385987160727e-05,1.080783385987160727e-05
2.464218378067016602e+00,2.636867928504943670e+00,2.464229106903076172e+00,2.636878657341003240e+00,8.137269020080566406e-01,8.138666272163390669e-01,9.462152123451232910e-01,9.264344811439514382e-01,4.432597756385803223e-01,6.281376123428344949e-01,2.594859302043914795e-01,2.663306713104248158e-01,1.530716079287230968e-03,2.098569425288587982e-03,1.080476795323193073e-05,1.080476795323193073e-05
2.305725812911987305e+00,2.605971217155456543e+00,2.305736541748046875e+00,2.605981945991516113e+00,7.685725688934326172e-01,8.044982314109802024e-01,8.981909155845642090e-01,9.215898454189300759e-01,4.344048202037811279e-01,6.131959557533264160e-01,2.018982619047164917e-01,2.654295891523361095e-01,2.659111516550183296e-03,1.257684116717428056e-03,1.080371839634608477e-05,1.080371839634608477e-05
2.465807676315307617e+00,2.633767390251159579e+00,2.465818405151367188e+00,2.633778119087219149e+00,8.579553365707397461e-01,8.134214520454406960e-01,9.608260989189147949e-01,9.247802138328552468e-01,4.312350451946258545e-01,6.225987076759338379e-01,2.112946957349777222e-01,2.635526150465011819e-01,4.496598150581121445e-03,9.414433315396309593e-03,1.080246693163644522e-05,1.080246693163644522e-05
2.488006114959716797e+00,2.629151320457458585e+00,2.488016843795776367e+00,2.629162049293518155e+00,8.511436581611633301e-01,8.052567958831786665e-01,9.640825390815734863e-01,9.293634951114654319e-01,4.434911608695983887e-01,6.245433390140533447e-01,2.255515605211257935e-01,2.641628086566925049e-01,3.737302962690591812e-03,5.824865913018584598e-03,1.079450066754361615e-05,1.079450066754361615e-05
3.169837951660156250e+00,2.636096405982971014e+00,3.169848680496215820e+00,2.636107134819030584e+00,8.433394432067871094e-01,8.049500286579132080e-01,9.514195322990417480e-01,9.242198705673217995e-01,1.055445075035095215e+00,6.387613177299499290e-01,3.190291821956634521e-01,2.669861257076263650e-01,6.049507064744830132e-04,1.179057348053902388e-03,1.079383764590602368e-05,1.079383764590602368e-05
2.660738706588745117e+00,2.628633809089660822e+00,2.660749435424804688e+00,2.628644537925720392e+00,7.797423601150512695e-01,8.030840575695037398e-01,9.046720862388610840e-01,9.250012814998627153e-01,7.121326923370361328e-01,6.330706357955933061e-01,2.623832821846008301e-01,2.657192826271057018e-01,1.808490487746894360e-03,1.758565544150769711e-03,1.079311186913400888e-05,1.079311186913400888e-05
2.340779066085815430e+00,2.633836913108825506e+00,2.340789794921875000e+00,2.633847641944885076e+00,7.273550629615783691e-01,8.120648264884948730e-01,9.165573120117187500e-01,9.218846142292023149e-01,4.804314076900482178e-01,6.290806829929351807e-01,2.130069583654403687e-01,2.673385441303253174e-01,3.428539726883172989e-03,3.468224965035915548e-03,1.079395224223844707e-05,1.079395224223844707e-05
2.675730228424072266e+00,2.622067809104919434e+00,2.675740957260131836e+00,2.622078537940979004e+00,8.308510184288024902e-01,8.122897803783416526e-01,9.284561276435852051e-01,9.237301945686340332e-01,6.267254352569580078e-01,6.115000665187835249e-01,2.878422141075134277e-01,2.711592733860015980e-01,1.855487003922462463e-03,3.388473344966769045e-03,1.079180219676345587e-05,1.079180219676345587e-05
2.568608045578002930e+00,2.619153904914855779e+00,2.568618774414062500e+00,2.619164633750915350e+00,7.527127861976623535e-01,8.079520583152770552e-01,9.114643335342407227e-01,9.222626626491546853e-01,6.037872433662414551e-01,6.074112236499786821e-01,2.984820604324340820e-01,2.765635102987289429e-01,2.161817159503698349e-03,4.964452283456921404e-03,1.079246430890634656e-05,1.079246430890634656e-05
2.550376892089843750e+00,2.633691358566284002e+00,2.550387620925903320e+00,2.633702087402343572e+00,7.990276813507080078e-01,8.110074937343597634e-01,8.847299814224243164e-01,9.197134017944336160e-01,5.437181591987609863e-01,6.152053833007812278e-01,3.078514039516448975e-01,2.793689072132110596e-01,1.504978816956281662e-02,8.396246517077089050e-03,1.079283811122877523e-05,1.079283811122877523e-05
2.425271987915039062e+00,2.623887181282043457e+00,2.425282716751098633e+00,2.623897910118103027e+00,8.055245876312255859e-01,7.982721149921416792e-01,9.183893799781799316e-01,9.284643292427062766e-01,4.580976068973541260e-01,6.184642493724823442e-01,2.418277710676193237e-01,2.772396087646484264e-01,1.432761433534324169e-03,1.446829468477517366e-03,1.078811601473717019e-05,1.078811601473717019e-05
2.591384887695312500e+00,2.620019578933715731e+00,2.591395616531372070e+00,2.620030307769775302e+00,8.630567193031311035e-01,8.085235714912414329e-01,9.449394941329956055e-01,9.225101351737976518e-01,4.700027406215667725e-01,6.041682541370392290e-01,3.071325421333312988e-01,2.761016696691512839e-01,6.253502331674098969e-03,8.715943805873394359e-03,1.078887544281315058e-05,1.078887544281315058e-05
2.613694667816162109e+00,2.630631852149963201e+00,2.613705396652221680e+00,2.630642580986022772e+00,8.018831610679626465e-01,8.102912306785583496e-01,8.953194618225097656e-01,9.233725547790527788e-01,6.230961680412292480e-01,6.189506053924560547e-01,2.904149889945983887e-01,2.755640089511871560e-01,2.980651333928108215e-03,2.453459636308252898e-03,1.079244430002290756e-05,1.079244430002290756e-05
2.730941295623779297e+00,2.608601617813110174e+00,2.730952024459838867e+00,2.608612346649169744e+00,8.109549880027770996e-01,8.044189810752868652e-01,9.277456402778625488e-01,9.224633812904358132e-01,7.082455754280090332e-01,6.058256447315215620e-01,2.826666235923767090e-01,2.744934082031250111e-01,1.328409416601061821e-03,1.400186039973050356e-03,1.079427966033108532e-05,1.079427966033108532e-05
2.413776159286499023e+00,2.606075406074523926e+00,2.413786888122558594e+00,2.606086134910583496e+00,7.862878441810607910e-01,8.049593985080718550e-01,9.298495650291442871e-01,9.239022731781005859e-01,4.691681265830993652e-01,6.034708976745605247e-01,2.254188507795333862e-01,2.709493577480316384e-01,3.051707055419683456e-03,2.793464157730340784e-03,1.079471167031442747e-05,1.079471167031442747e-05
2.568856477737426758e+00,2.606045985221862704e+00,2.568867206573486328e+00,2.606056714057922274e+00,7.927482724189758301e-01,8.016844749450683372e-01,8.946828246116638184e-01,9.271241605281830278e-01,6.001671552658081055e-01,6.050241172313690630e-01,2.791637778282165527e-01,2.705402135848998801e-01,2.094553783535957336e-03,1.672929036431014538e-03,1.078858440450858325e-05,1.078858440450858325e-05
3.212374925613403320e+00,2.613057851791381836e+00,3.212385654449462891e+00,2.613068580627441406e+00,8.073675632476806641e-01,8.054188668727875200e-01,9.350482225418090820e-01,9.225318014621735063e-01,1.218356728553771973e+00,6.108070552349090798e-01,2.486406713724136353e-01,2.713212609291076882e-01,2.961646066978573799e-03,2.978833927772939379e-03,1.078901186701841652e-05,1.078901186701841652e-05
2.459597826004028320e+00,2.629315161705017001e+00,2.459608554840087891e+00,2.629325890541076571e+00,7.867662310600280762e-01,8.112303912639617920e-01,9.279728531837463379e-01,9.317795336246490479e-01,4.772182703018188477e-01,6.068881809711456077e-01,2.573788762092590332e-01,2.695226192474365345e-01,1.026159990578889847e-02,9.894424024969339718e-03,1.079106914403382689e-05,1.079106914403382689e-05
8.359476089477539062e+00,2.630219078063964933e+00,8.359486579895019531e+00,2.630229806900024503e+00,8.300341367721557617e-01,8.064710974693298784e-01,9.225845932960510254e-01,9.244760632514953391e-01,6.301579952239990234e+00,6.300961554050446001e-01,2.976861596107482910e-01,2.642717123031615989e-01,7.590007036924362183e-03,4.903984395787120212e-03,1.080386027751956135e-05,1.080386027751956135e-05
2.524794578552246094e+00,2.635945248603820623e+00,2.524805307388305664e+00,2.635955977439880193e+00,8.263486027717590332e-01,8.135925889015197532e-01,9.368364214897155762e-01,9.255071640014648215e-01,4.795388579368591309e-01,6.317762792110442893e-01,2.771135866641998291e-01,2.598142921924591064e-01,4.956947173923254013e-03,5.254903761669993574e-03,1.080357287719380111e-05,1.080357287719380111e-05
2.386871099472045898e+00,2.624895715713500888e+00,2.386881828308105469e+00,2.624906444549560458e+00,7.167642116546630859e-01,8.062475919723510742e-01,8.807097077369689941e-01,9.308311104774474876e-01,5.101906061172485352e-01,6.239914298057556152e-01,2.764784991741180420e-01,2.618979603052139504e-01,2.728090854361653328e-03,1.927625574171543078e-03,1.080237962014507502e-05,1.080237962014507502e-05
2.662436246871948242e+00,2.618500590324401855e+00,2.662446975708007812e+00,2.618511319160461426e+00,7.773766517639160156e-01,8.073141217231750710e-01,9.219931960105895996e-01,9.263556420803069624e-01,6.511743068695068359e-01,6.187228739261627641e-01,3.100890815258026123e-01,2.632275700569152721e-01,1.803029095754027367e-03,2.880361420102417382e-03,1.081424488802440464e-05,1.081424488802440464e-05
2.478120565414428711e+00,2.616428828239441007e+00,2.478131294250488281e+00,2.616439557075500577e+00,7.884155511856079102e-01,8.072838544845580833e-01,9.020567536354064941e-01,9.253750443458557129e-01,5.233694911003112793e-01,6.133330225944518821e-01,2.607747316360473633e-01,2.670838564634323009e-01,3.503934480249881744e-03,3.352974168956279841e-03,1.083166444004746154e-05,1.083166444004746154e-05
2.883361101150512695e+00,2.627591395378112704e+00,2.883371829986572266e+00,2.627602124214172274e+00,7.702808976173400879e-01,8.074214637279510942e-01,8.867696523666381836e-01,9.223699808120727761e-01,9.592639207839965820e-01,6.224702894687652588e-01,2.615200281143188477e-01,2.704804718494415172e-01,5.526767577975988388e-03,4.849112825468182564e-03,1.083651022781850770e-05,1.083651022781850770e-05
2.811793088912963867e+00,2.638006949424743564e+00,2.811803817749023438e+00,2.638017678260803134e+00,8.222034573554992676e-01,8.075489640235901101e-01,9.409765601158142090e-01,9.285842359066009966e-01,7.871841192245483398e-01,6.256050884723662886e-01,2.594084739685058594e-01,2.733138114213943259e-01,2.020521787926554680e-03,2.954811812378466043e-03,1.083254028344526887e-05,1.083254028344526887e-05
2.494828701019287109e+00,2.632443356513976873e+00,2.494839429855346680e+00,2.632454085350036443e+00,8.043914437294006348e-01,8.060285866260528120e-01,9.153161644935607910e-01,9.245996832847594993e-01,5.013599991798400879e-01,6.221547901630402055e-01,2.690297961235046387e-01,2.760321319103241078e-01,4.731208551675081253e-03,3.628199663944542495e-03,1.082887956727063283e-05,1.082887956727063283e-05
2.393887519836425781e+00,2.642343354225158869e+00,2.393898248672485352e+00,2.642354083061218439e+00,7.674753069877624512e-01,8.050706148147582786e-01,9.100912213325500488e-01,9.235906720161437544e-01,5.048571825027465820e-01,6.344456315040588601e-01,2.078996896743774414e-01,2.768881648778915294e-01,3.564408514648675919e-03,2.348265191540121859e-03,1.082858943846076727e-05,1.082858943846076727e-05
2.770603656768798828e+00,2.636315488815307528e+00,2.770614385604858398e+00,2.636326217651367099e+00,8.592829108238220215e-01,8.152255833148955855e-01,9.334163069725036621e-01,9.305496752262115701e-01,6.972497105598449707e-01,6.057320713996887651e-01,2.741656005382537842e-01,2.789186984300613403e-01,6.489118095487356186e-03,5.889422819018363606e-03,1.083001279766904190e-05,1.083001279766904190e-05
2.539489507675170898e+00,2.629422068595886230e+00,2.539500236511230469e+00,2.629432797431945801e+00,8.331550955772399902e-01,8.123187422752380371e-01,9.120095968246459961e-01,9.233898460865020974e-01,4.752100408077239990e-01,6.138938486576079878e-01,3.165873289108276367e-01,2.767742812633514626e-01,2.527444157749414444e-03,3.045332361944019881e-03,1.082004109775880352e-05,1.082004109775880352e-05
2.902955293655395508e+00,2.618745851516723455e+00,2.902966022491455078e+00,2.618756580352783025e+00,7.693168520927429199e-01,7.987526893615722878e-01,8.935925960540771484e-01,9.226603806018829346e-01,9.735296368598937988e-01,6.199229896068573220e-01,2.634753286838531494e-01,2.757383495569228904e-01,3.040794981643557549e-03,1.671486615668982181e-03,1.081785558199044317e-05,1.081785558199044317e-05
2.372732400894165039e+00,2.611994171142578036e+00,2.372743129730224609e+00,2.612004899978637606e+00,7.696619033813476562e-01,8.062587141990661399e-01,9.049113988876342773e-01,9.213252067565917969e-01,4.612978398799896240e-01,6.025908350944518821e-01,2.339759171009063721e-01,2.797169119119644054e-01,2.885320689529180527e-03,2.102443645708262747e-03,1.081783921108581126e-05,1.081783921108581126e-05
2.509889841079711914e+00,2.624276375770568936e+00,2.509900569915771484e+00,2.624287104606628507e+00,7.516814470291137695e-01,8.014204502105712891e-01,8.910803198814392090e-01,9.211438655853271262e-01,6.117943525314331055e-01,6.190241694450377974e-01,2.537754774093627930e-01,2.811808019876479992e-01,1.558057498186826706e-03,1.507013221271336079e-03,1.081884420273127034e-05,1.081884420273127034e-05
2.508495807647705078e+00,2.627015686035156339e+00,2.508506536483764648e+00,2.627026414871215909e+00,8.145048618316650391e-01,8.079042077064514382e-01,9.313671588897705078e-01,9.211481630802154097e-01,4.610411822795867920e-01,6.090252071619033369e-01,2.980907559394836426e-01,2.855170220136642456e-01,3.491838229820132256e-03,3.421079670079052622e-03,1.081010032066842541e-05,1.081010032066842541e-05
2.473677396774291992e+00,2.613137292861938299e+00,2.473688125610351562e+00,2.613148021697997869e+00,7.963932156562805176e-01,8.052052259445190430e-01,9.217150211334228516e-01,9.186936497688293901e-01,4.129562377929687500e-01,5.995781242847442183e-01,3.406697809696197510e-01,2.869972109794616810e-01,1.943216309882700443e-03,2.663072571158409032e-03,1.081205846276134253e-05,1.081205846276134253e-05
2.360630512237548828e+00,2.632542109489441007e+00,2.360641241073608398e+00,2.632552838325500577e+00,7.803361415863037109e-01,8.049780547618865523e-01,9.048694372177124023e-01,9.164493978023529053e-01,4.034638404846191406e-01,6.169737875461578369e-01,2.695719003677368164e-01,2.924004882574081643e-01,2.389402361586689949e-03,1.740376162342727228e-03,1.081116533896420151e-05,1.081116533896420151e-05
2.390400648117065430e+00,2.669207119941711337e+00,2.390411376953125000e+00,2.669217848777770907e+00,7.981494665145874023e-01,8.038959145545959695e-01,9.417590498924255371e-01,9.171986937522887962e-01,3.742440640926361084e-01,6.454290032386780229e-01,2.709999680519104004e-01,2.959904700517654308e-01,5.248342175036668777e-03,6.693045934662222515e-03,1.081405935110524297e-05,1.081405935110524297e-05
2.475483655929565430e+00,2.650935697555541815e+00,2.475494384765625000e+00,2.650946426391601385e+00,7.962702512741088867e-01,8.056278347969054732e-01,9.217097759246826172e-01,9.169465184211731401e-01,4.954782128334045410e-01,6.300785005092620628e-01,2.597547471523284912e-01,2.959553003311157227e-01,2.270616590976715088e-03,2.327495254576206207e-03,1.081365462596295401e-05,1.081365462596295401e-05
2.471600294113159180e+00,2.637535643577575861e+00,2.471611022949218750e+00,2.637546372413635432e+00,8.315009474754333496e-01,8.115853011608124001e-01,9.141808152198791504e-01,9.141012132167816162e-01,3.916448056697845459e-01,6.113354206085205300e-01,3.322648406028747559e-01,2.968646407127380482e-01,2.008915878832340240e-03,3.649061382748186762e-03,1.081324717233655974e-05,1.081324717233655974e-05
2.299848794937133789e+00,2.627937555313110352e+00,2.299859523773193359e+00,2.627948284149169922e+00,7.558043003082275391e-01,8.018567621707916038e-01,8.802564144134521484e-01,9.165000200271606889e-01,3.373030722141265869e-01,6.119628697633743286e-01,3.247840106487274170e-01,2.950811028480530007e-01,1.701111439615488052e-03,2.536801737733185291e-03,1.080990750779164955e-05,1.080990750779164955e-05
3.386417627334594727e+00,2.665061926841735929e+00,3.386428356170654297e+00,2.665072655677795499e+00,7.864813804626464844e-01,8.035022199153900591e-01,9.003655314445495605e-01,9.283005237579345925e-01,1.397412061691284180e+00,6.424494683742523193e-01,2.950476109981536865e-01,2.847319185733795388e-01,7.111127022653818130e-03,6.077821832150220871e-03,1.080764286598423496e-05,1.080764286598423496e-05
2.396933794021606445e+00,2.608316135406494318e+00,2.396944522857666016e+00,2.608326864242553889e+00,8.064047694206237793e-01,8.021234035491943137e-01,9.288315773010253906e-01,9.172011375427245872e-01,3.922266364097595215e-01,6.046889573335647583e-01,2.681125104427337646e-01,2.830949425697326660e-01,1.358332927338778973e-03,1.207618881016969594e-03,1.081029950000811368e-05,1.081029950000811368e-05
2.665251255035400391e+00,2.635631704330444247e+00,2.665261983871459961e+00,2.635642433166503817e+00,8.195307850837707520e-01,8.067803323268890603e-01,9.200494885444641113e-01,9.159146606922149436e-01,6.266430020332336426e-01,6.277256906032562256e-01,2.977596819400787354e-01,2.840009450912475697e-01,1.268060295842587948e-03,1.210077397990971717e-03,1.081161371985217556e-05,1.081161371985217556e-05
2.470566034317016602e+00,2.631000971794128507e+00,2.470576763153076172e+00,2.631011700630188077e+00,8.519918322563171387e-01,8.090920746326446533e-01,9.215313196182250977e-01,9.231905698776244895e-01,4.027026891708374023e-01,6.248673379421234575e-01,2.900487780570983887e-01,2.700875341892242654e-01,4.291451536118984222e-03,3.763477620668709452e-03,1.081487425835803151e-05,1.081487425835803151e-05
2.481842279434204102e+00,2.621515655517578036e+00,2.481853008270263672e+00,2.621526384353637606e+00,8.346291184425354004e-01,8.049887180328368919e-01,9.441026449203491211e-01,9.231469094753265159e-01,4.179776012897491455e-01,6.247507214546204057e-01,2.836256027221679688e-01,2.662199735641479492e-01,1.507354318164288998e-03,2.409350033849477681e-03,1.081071968656033278e-05,1.081071968656033278e-05
2.490811586380004883e+00,2.606075930595397772e+00,2.490822315216064453e+00,2.606086659431457342e+00,8.533544540405273438e-01,8.078253567218780518e-01,9.478681683540344238e-01,9.201173305511474165e-01,4.073919951915740967e-01,6.061433076858520064e-01,2.771415710449218750e-01,2.660106509923935159e-01,5.055432673543691635e-03,5.979262432083487858e-03,1.080883430404355749e-05,1.080883430404355749e-05
2.445228099822998047e+00,2.636878657341003240e+00,2.445238828659057617e+00,2.636889386177062811e+00,8.552133440971374512e-01,8.179283499717712180e-01,9.365912675857543945e-01,9.237329781055449995e-01,4.156063497066497803e-01,6.241171479225158247e-01,2.359460741281509399e-01,2.687712848186493142e-01,1.871115295216441154e-03,2.328791096806526097e-03,1.081548271031351760e-05,1.081548271031351760e-05
2.344973802566528320e+00,2.626523327827453791e+00,2.344984531402587891e+00,2.626534056663513361e+00,8.021714687347412109e-01,8.054938554763794167e-01,9.368806481361389160e-01,9.243510007858276589e-01,4.053982198238372803e-01,6.246547579765320268e-01,1.974616497755050659e-01,2.696743816137313621e-01,3.062128322198987007e-03,2.349337283521890814e-03,1.081549908121814951e-05,1.081549908121814951e-05
2.583154916763305664e+00,2.664689755439758390e+00,2.583165645599365234e+00,2.664700484275817960e+00,8.356624841690063477e-01,8.135951399803161843e-01,9.323558211326599121e-01,9.265529274940490501e-01,5.602437257766723633e-01,6.565374791622161643e-01,2.493536025285720825e-01,2.625915259122848511e-01,5.539329256862401962e-03,5.412612529471516783e-03,1.081563004845520481e-05,1.081563004845520481e-05
2.771501064300537109e+00,2.605247163772582919e+00,2.771511793136596680e+00,2.605257892608642489e+00,7.917739152908325195e-01,8.068313360214233176e-01,9.179897904396057129e-01,9.229272902011871338e-01,8.474263548851013184e-01,6.161257565021515115e-01,2.113050222396850586e-01,2.569652646780014038e-01,3.005946986377239227e-03,2.397536602802574808e-03,1.081459595297928900e-05,1.081459595297928900e-05
2.790760517120361328e+00,2.614980769157409846e+00,2.790771245956420898e+00,2.614991497993469416e+00,8.241730332374572754e-01,8.082793354988098145e-01,9.043072462081909180e-01,9.287727475166320801e-01,8.019263744354248047e-01,6.164077639579772505e-01,2.524825930595397949e-01,2.548907816410064808e-01,7.871188223361968994e-03,6.630140403285622423e-03,1.081369373423513025e-05,1.081369373423513025e-05
2.473518371582031250e+00,2.624827885627746493e+00,2.473529100418090820e+00,2.624838614463806064e+00,8.044694066047668457e-01,8.152320265769958940e-01,9.288513064384460449e-01,9.250333547592163308e-01,4.638054668903350830e-01,6.247684776782989058e-01,2.731205224990844727e-01,2.566423326730727927e-01,3.271605120971798897e-03,3.151776408776640805e-03,1.081661412172252312e-05,1.081661412172252312e-05
2.576242208480834961e+00,2.637536692619323553e+00,2.576252937316894531e+00,2.637547421455383123e+00,8.449119925498962402e-01,8.291273713111877441e-01,9.422615766525268555e-01,9.255035340785979781e-01,4.867164492607116699e-01,6.170086145401001421e-01,2.934612929821014404e-01,2.528498053550720104e-01,8.890900760889053345e-03,1.304743615910410916e-02,1.081911341316299513e-05,1.081911341316299513e-05
2.425794601440429688e+00,2.621894192695617853e+00,2.425805330276489258e+00,2.621904921531677424e+00,8.099036812782287598e-01,8.174210429191589578e-01,9.085105657577514648e-01,9.244781553745269331e-01,4.502310156822204590e-01,6.241132915019989014e-01,2.519415020942687988e-01,2.514638781547546276e-01,5.207672249525785446e-03,4.417819390073418791e-03,1.081693972082575783e-05,1.081693972082575783e-05
2.906389951705932617e+00,2.616278195381164462e+00,2.906400680541992188e+00,2.616288924217224032e+00,8.518173098564147949e-01,8.148910284042358843e-01,9.214082956314086914e-01,9.265176892280578835e-01,8.432624340057373047e-01,6.160206973552704302e-01,2.852314114570617676e-01,2.529626116156578064e-01,4.670592956244945526e-03,5.886176927015185009e-03,1.081316895579220727e-05,1.081316895579220727e-05
2.528075695037841797e+00,2.643150377273559393e+00,2.528086423873901367e+00,2.643161106109618963e+00,8.443292975425720215e-01,8.188868165016174316e-01,9.181598424911499023e-01,9.273649454116821289e-01,4.363068938255310059e-01,6.327754020690917747e-01,3.217404782772064209e-01,2.561339825391769631e-01,7.539304438978433609e-03,7.989243930205702435e-03,1.081164919014554471e-05,1.081164919014554471e-05
2.564861774444580078e+00,2.652468371391296209e+00,2.564872503280639648e+00,2.652479100227355779e+00,8.350929021835327148e-01,8.074986636638641357e-01,9.211573004722595215e-01,9.275212287902832031e-01,5.321689248085021973e-01,6.473728597164154497e-01,2.717868685722351074e-01,2.669259816408157127e-01,4.655725322663784027e-03,3.149664285592734727e-03,1.081013397197239101e-05,1.081013397197239101e-05
2.594930648803710938e+00,2.657457780838012873e+00,2.594941377639770508e+00,2.657468509674072443e+00,8.112689256668090820e-01,8.264625608921051247e-01,8.971868753433227539e-01,9.329307258129120317e-01,5.117154717445373535e-01,6.220878481864928755e-01,3.696282207965850830e-01,2.693905711174011119e-01,5.131172947585582733e-03,6.586111476644873272e-03,1.081175014405744150e-05,1.081175014405744150e-05
2.530762434005737305e+00,2.643249702453613459e+00,2.530773162841796875e+00,2.643260431289673029e+00,8.177785873413085938e-01,8.137305438518523948e-01,9.155791997909545898e-01,9.218710124492645042e-01,4.577101767063140869e-01,6.235063612461090310e-01,3.335590660572052002e-01,2.776640862226485984e-01,6.135552655905485153e-03,6.477703573182225227e-03,1.082355811377055943e-05,1.082355811377055943e-05
2.499446153640747070e+00,2.606856346130371094e+00,2.499456882476806641e+00,2.606867074966430664e+00,7.618303298950195312e-01,8.025588274002075639e-01,9.222995638847351074e-01,9.213581621646881326e-01,4.548595845699310303e-01,5.973832428455352339e-01,3.593104183673858643e-01,2.842360079288482888e-01,1.146411523222923279e-03,1.320104929618537426e-03,1.081591472029685974e-05,1.081591472029685974e-05
2.587593317031860352e+00,2.613575863838195623e+00,2.587604045867919922e+00,2.613586592674255193e+00,8.048132061958312988e-01,8.038168549537658691e-01,9.168115258216857910e-01,9.217090070247649924e-01,6.238987445831298828e-01,6.012508213520050271e-01,2.400894612073898315e-01,2.852896004915237427e-01,1.980499364435672760e-03,1.509527268353849649e-03,1.081106529454700649e-05,1.081106529454700649e-05
2.552568197250366211e+00,2.630706477165221990e+00,2.552578926086425781e+00,2.630717206001281561e+00,7.962415218353271484e-01,8.081326782703399658e-01,9.087377786636352539e-01,9.245123624801635520e-01,5.815982222557067871e-01,6.119900643825531006e-01,2.636198103427886963e-01,2.839710116386413574e-01,2.370875794440507889e-03,2.100372698623687202e-03,1.081369464372983202e-05,1.081369464372983202e-05
2.568486213684082031e+00,2.628587293624877752e+00,2.568496942520141602e+00,2.628598022460937322e+00,7.981489300727844238e-01,8.004310429096221924e-01,9.094974994659423828e-01,9.221123039722443071e-01,5.990417599678039551e-01,6.211533725261688677e-01,2.583510875701904297e-01,2.818790197372436634e-01,3.447140334174036980e-03,3.011619928292930039e-03,1.081279151549097151e-05,1.081279151549097151e-05
2.531879425048828125e+00,2.634672856330871671e+00,2.531890153884887695e+00,2.634683585166931241e+00,8.186016678810119629e-01,8.059329628944397195e-01,9.077548384666442871e-01,9.244858622550964355e-01,4.670825898647308350e-01,6.209916889667510542e-01,3.373596966266632080e-01,2.813968271017074363e-01,1.080691232345998287e-03,1.865505531895905733e-03,1.081449590856209397e-05,1.081449590856209397e-05
2.425802469253540039e+00,2.624856638908386053e+00,2.425813198089599609e+00,2.624867367744445623e+00,8.041884303092956543e-01,8.041683077812195046e-01,9.252703189849853516e-01,9.226537644863128662e-01,4.448759257793426514e-01,6.204209983348846214e-01,2.489006370306015015e-01,2.745849788188934326e-01,2.566986018791794777e-03,3.028614982031285936e-03,1.081313075701473281e-05,1.081313075701473281e-05
2.503060102462768555e+00,2.616808032989502042e+00,2.503070831298828125e+00,2.616818761825561612e+00,8.049142956733703613e-01,8.081126034259795698e-01,8.880407810211181641e-01,9.253333389759064165e-01,5.236780643463134766e-01,6.067031085491180198e-01,2.768046557903289795e-01,2.686091572046279685e-01,9.622248820960521698e-03,8.049865765497089126e-03,1.081143909686943516e-05,1.081143909686943516e-05
2.454279184341430664e+00,2.650133466720581144e+00,2.454289913177490234e+00,2.650144195556640714e+00,8.524857163429260254e-01,8.170033752918243186e-01,9.576236009597778320e-01,9.271566510200500710e-01,4.602412581443786621e-01,6.304577410221099409e-01,1.784667223691940308e-01,2.650559067726135365e-01,5.461753811687231064e-03,1.045983564108610153e-02,1.081267964764265344e-05,1.081267964764265344e-05
2.426306486129760742e+00,2.622156047821044833e+00,2.426317214965820312e+00,2.622166776657104403e+00,7.837226986885070801e-01,8.046570539474486861e-01,9.540334343910217285e-01,9.253370523452758567e-01,4.730001091957092285e-01,6.245870947837829368e-01,2.135912179946899414e-01,2.653967082500457986e-01,1.959119224920868874e-03,2.178158564493060285e-03,1.081305344996508211e-05,1.081305344996508211e-05
2.390690803527832031e+00,2.605650758743286222e+00,2.390701532363891602e+00,2.605661487579345792e+00,7.504408359527587891e-01,8.018688678741454634e-01,8.764117360115051270e-01,9.231555402278900369e-01,4.775331318378448486e-01,6.116860866546630637e-01,2.838792502880096436e-01,2.677873969078063965e-01,2.425875514745712280e-03,1.152857590932399121e-03,1.081836853700224310e-05,1.081836853700224310e-05
2.555548906326293945e+00,2.626168394088745028e+00,2.555559635162353516e+00,2.626179122924804599e+00,8.227054476737976074e-01,8.030477404594421609e-01,9.205537438392639160e-01,9.247803211212157759e-01,4.708205163478851318e-01,6.290389895439147949e-01,3.401412665843963623e-01,2.677666515111923329e-01,1.327872858382761478e-03,1.534782804083079143e-03,1.081661048374371603e-05,1.081661048374371603e-05
2.379674196243286133e+00,2.616936421394348233e+00,2.379684925079345703e+00,2.616947150230407804e+00,8.153368830680847168e-01,8.128211498260498047e-01,9.458365440368652344e-01,9.251171767711638960e-01,4.485843479633331299e-01,6.156456887722014937e-01,1.651570498943328857e-01,2.591216772794723289e-01,4.759232047945261002e-03,4.230696987360715693e-03,1.081484060705406591e-05,1.081484060705406591e-05
2.425611495971679688e+00,2.653939485549926758e+00,2.425622224807739258e+00,2.653950214385986328e+00,8.254424929618835449e-01,8.085222840309143066e-01,8.970366716384887695e-01,9.236780107021331787e-01,4.291006326675415039e-01,6.585290908813477007e-01,2.665442228317260742e-01,2.593769967555999978e-01,7.487379945814609528e-03,3.833060432225465601e-03,1.081303344108164310e-05,1.081303344108164310e-05
2.706220388412475586e+00,2.659552645683288752e+00,2.706231117248535156e+00,2.659563374519348322e+00,8.334876894950866699e-01,8.160450875759124312e-01,9.678213000297546387e-01,9.282364070415496382e-01,6.509723663330078125e-01,6.381685018539429155e-01,2.465116530656814575e-01,2.709360718727111816e-01,7.427189964801073074e-03,6.166562763974070202e-03,1.080875063053099439e-05,1.080875063053099439e-05
2.392038822174072266e+00,2.622773432731628329e+00,2.392049551010131836e+00,2.622784161567687899e+00,8.076426386833190918e-01,8.096439301967620628e-01,8.877993822097778320e-01,9.203338265419006570e-01,4.541169106960296631e-01,6.214945375919341819e-01,2.400323152542114258e-01,2.690992683172225841e-01,2.447614679113030434e-03,2.201846125535666856e-03,1.080361653293948621e-05,1.080361653293948621e-05
2.414580106735229492e+00,2.618761348724365057e+00,2.414590835571289062e+00,2.618772077560424627e+00,7.741407752037048340e-01,8.079648613929748535e-01,9.362938404083251953e-01,9.245745718479156938e-01,4.600645601749420166e-01,6.236163616180420144e-01,2.415600419044494629e-01,2.606363207101821677e-01,2.520894864574074745e-03,1.969245122745633212e-03,1.080248239304637536e-05,1.080248239304637536e-05
2.457304000854492188e+00,2.628973197937011896e+00,2.457314729690551758e+00,2.628983926773071467e+00,8.013432025909423828e-01,8.060250282287597656e-01,8.849871754646301270e-01,9.231788218021392822e-01,4.501031339168548584e-01,6.389138519763946089e-01,3.173463940620422363e-01,2.574147731065750122e-01,3.524206811562180519e-03,3.440737142227590084e-03,1.080347192328190431e-05,1.080347192328190431e-05
2.505786895751953125e+00,2.627516365051269620e+00,2.505797624588012695e+00,2.627527093887329190e+00,7.923449277877807617e-01,8.044042706489562544e-01,9.418498873710632324e-01,9.262952744960785134e-01,5.462261438369750977e-01,6.394254028797149436e-01,2.196966111660003662e-01,2.519325017929077148e-01,5.669655743986368179e-03,5.458884174004197121e-03,1.080172387446509674e-05,1.080172387446509674e-05
2.678798198699951172e+00,2.597919988632201971e+00,2.678808927536010742e+00,2.597930717468261541e+00,7.813547253608703613e-01,8.112868785858153853e-01,8.914598226547241211e-01,9.249163806438446267e-01,7.133833169937133789e-01,6.102656781673431174e-01,2.904597520828247070e-01,2.501191601157188305e-01,2.140504773706197739e-03,1.331852690782397985e-03,1.080017591448267922e-05,1.080017591448267922e-05
2.411789417266845703e+00,2.588395142555236728e+00,2.411800146102905273e+00,2.588405871391296298e+00,8.695189356803894043e-01,8.102052450180053933e-01,9.577680826187133789e-01,9.252696633338928223e-01,4.139323234558105469e-01,6.027425825595855713e-01,1.687997877597808838e-01,2.481288269162177929e-01,1.770309521816670895e-03,2.048791339620948011e-03,1.079445792129263282e-05,1.079445792129263282e-05
2.616569995880126953e+00,2.618502283096313388e+00,2.616580724716186523e+00,2.618513011932372958e+00,8.038529157638549805e-01,8.134392380714416948e-01,8.904160857200622559e-01,9.242677211761474165e-01,6.019703745841979980e-01,6.343289792537689653e-01,3.188807666301727295e-01,2.447321474552154597e-01,1.449791365303099155e-03,1.734162098728120327e-03,1.079197681974619627e-05,1.079197681974619627e-05
2.465688228607177734e+00,2.611780261993408292e+00,2.465698957443237305e+00,2.611790990829467862e+00,7.715608477592468262e-01,8.070061385631561723e-01,8.823463320732116699e-01,9.302437365055084006e-01,5.208193063735961914e-01,6.303413689136505571e-01,2.883322238922119141e-01,2.425627678632736317e-01,2.629483118653297424e-03,1.626208575908094731e-03,1.079679805116029456e-05,1.079679805116029456e-05
2.447214841842651367e+00,2.569705629348754794e+00,2.447225570678710938e+00,2.569716358184814364e+00,7.947036623954772949e-01,8.132021546363830122e-01,9.019238948822021484e-01,9.295790076255798784e-01,5.040255784988403320e-01,5.780082643032073975e-01,2.381665259599685669e-01,2.412948355078697316e-01,8.395280689001083374e-03,7.621354423463344574e-03,1.080371657735668123e-05,1.080371657735668123e-05
2.345537900924682617e+00,2.607811427116394132e+00,2.345548629760742188e+00,2.607822155952453702e+00,7.543166875839233398e-01,8.165265679359435813e-01,8.925088644027709961e-01,9.241137266159057395e-01,4.498366415500640869e-01,6.210031211376190186e-01,2.445538640022277832e-01,2.430146023631095942e-01,4.321828950196504593e-03,3.153464524075388908e-03,1.080672154785133898e-05,1.080672154785133898e-05
2.434597492218017578e+00,2.610262846946716397e+00,2.434608221054077148e+00,2.610273575782775968e+00,8.358525037765502930e-01,8.129184484481811745e-01,9.172050356864929199e-01,9.255392014980315940e-01,4.377852678298950195e-01,6.260399580001830833e-01,2.413226515054702759e-01,2.433530807495117299e-01,2.432171022519469261e-03,2.412213687784969893e-03,1.080550555343506858e-05,1.080550555343506858e-05
2.418071746826171875e+00,2.602136874198913485e+00,2.418082475662231445e+00,2.602147603034973056e+00,8.186089992523193359e-01,8.116088330745696577e-01,9.407970309257507324e-01,9.244328081607818826e-01,4.159519374370574951e-01,6.196002364158630371e-01,2.416521161794662476e-01,2.443502292037010304e-01,1.061630668118596077e-03,2.144807646982371634e-03,1.080327729141572490e-05,1.080327729141572490e-05
2.591859817504882812e+00,2.621797776222229093e+00,2.591870546340942383e+00,2.621808505058288663e+00,8.438044786453247070e-01,8.086596786975860374e-01,9.351570606231689453e-01,9.253650128841399702e-01,5.588634610176086426e-01,6.353529572486877885e-01,2.528491318225860596e-01,2.505468070507049783e-01,1.185591565445065498e-03,1.873307966161519332e-03,1.080307265510782599e-05,1.080307265510782599e-05
2.578250646591186523e+00,2.659757232666015714e+00,2.578261375427246094e+00,2.659767961502075284e+00,8.210892081260681152e-01,8.044369161128998025e-01,9.392745494842529297e-01,9.322571992874145730e-01,5.636407136917114258e-01,6.634342312812805398e-01,2.500693202018737793e-01,2.561136737465858348e-01,4.176628310233354568e-03,3.515178314410150138e-03,1.081958271242910996e-05,1.081958271242910996e-05
2.459961891174316406e+00,2.662313342094421387e+00,2.459972620010375977e+00,2.662324070930480957e+00,8.591429591178894043e-01,8.127072572708129439e-01,9.649379253387451172e-01,9.285385727882384810e-01,4.160112142562866211e-01,6.619496405124664085e-01,2.178810536861419678e-01,2.561359450221061818e-01,1.988748786970973015e-03,2.981954696588218299e-03,1.082456219592131674e-05,1.082456219592131674e-05
2.857339859008789062e+00,2.655656599998474032e+00,2.857350587844848633e+00,2.655667328834533603e+00,8.473142981529235840e-01,8.080707371234894243e-01,9.351774454116821289e-01,9.271466195583343284e-01,7.964101433753967285e-01,6.590218842029571533e-01,2.754548490047454834e-01,2.588043183088302723e-01,2.983244135975837708e-03,2.613000595010816964e-03,1.082561902876477689e-05,1.082561902876477689e-05
2.649289846420288086e+00,2.636050319671630948e+00,2.649300575256347656e+00,2.636061048507690519e+00,7.781879901885986328e-01,8.115757405757904053e-01,9.259085059165954590e-01,9.217326343059539795e-01,6.854671835899353027e-01,6.301864445209502952e-01,2.561848163604736328e-01,2.691182613372802845e-01,3.541175043210387230e-03,3.437207243405282324e-03,1.082534163288073614e-05,1.082534163288073614e-05
2.807990789413452148e+00,2.612814545631408691e+00,2.808001518249511719e+00,2.612825274467468262e+00,8.420436382293701172e-01,8.105324029922484907e-01,9.318655133247375488e-01,9.259676277637481911e-01,7.564769387245178223e-01,6.048598766326904741e-01,2.724940478801727295e-01,2.664353191852569802e-01,5.110741127282381058e-03,5.019328230991959919e-03,1.082039125321898609e-05,1.082039125321898609e-05
2.663032054901123047e+00,2.673147201538085938e+00,2.663042783737182617e+00,2.673157930374145508e+00,8.326988816261291504e-01,8.103888511657715288e-01,9.216920733451843262e-01,9.257698297500610574e-01,6.040632724761962891e-01,6.689585447311401367e-01,3.021356761455535889e-01,2.656229436397552490e-01,2.442189957946538925e-03,2.407020539976656437e-03,1.082091694115661085e-05,1.082091694115661085e-05
2.470721483230590820e+00,2.645301675796508878e+00,2.470732212066650391e+00,2.645312404632568448e+00,8.268379569053649902e-01,8.090417146682739036e-01,9.347316026687622070e-01,9.228632986545562966e-01,4.594398140907287598e-01,6.402773141860962358e-01,2.482496351003646851e-01,2.706148266792297585e-01,1.462790416553616524e-03,2.504499838687479583e-03,1.081974551198072731e-05,1.081974551198072731e-05
2.434074878692626953e+00,2.638806605339050204e+00,2.434085607528686523e+00,2.638817334175109774e+00,7.780628800392150879e-01,8.035850703716278520e-01,9.017240405082702637e-01,9.234083116054534468e-01,4.467972517013549805e-01,6.346040964126586914e-01,3.059782981872558594e-01,2.754962414503097645e-01,1.512584974989295006e-03,1.712963788304477973e-03,1.081882419384783134e-05,1.081882419384783134e-05
2.483809232711791992e+00,2.640192317962646307e+00,2.483819961547851562e+00,2.640203046798705877e+00,7.945860028266906738e-01,8.131772398948668990e-01,9.307321310043334961e-01,9.195511758327483687e-01,4.802984893321990967e-01,6.281689703464508057e-01,2.756515145301818848e-01,2.760433107614517212e-01,2.541074762120842934e-03,3.251577611081302166e-03,1.081877599062863737e-05,1.081877599062863737e-05
2.588365793228149414e+00,2.640655541419982821e+00,2.588376522064208984e+00,2.640666270256042392e+00,8.562505245208740234e-01,8.056525111198424849e-01,9.308857917785644531e-01,9.261588037014008012e-01,4.828498065471649170e-01,6.278477549552917703e-01,3.150166571140289307e-01,2.775517016649245994e-01,3.362777410075068474e-03,3.444751631468534383e-03,1.082452035916503519e-05,1.082452035916503519e-05
2.847326993942260742e+00,2.652742028236389160e+00,2.847337722778320312e+00,2.652752757072448730e+00,8.606718182563781738e-01,8.107554078102111594e-01,9.311552643775939941e-01,9.239107370376586914e-01,7.119744420051574707e-01,6.406968653202056441e-01,3.402799069881439209e-01,2.749168932437896506e-01,3.245612373575568199e-03,2.462150971405208198e-03,1.083598090190207586e-05,1.083598090190207586e-05
2.495517015457153320e+00,2.638053774833679199e+00,2.495527744293212891e+00,2.638064503669738770e+00,8.400693535804748535e-01,8.118927836418151633e-01,9.288090467453002930e-01,9.239608228206634966e-01,4.496425092220306396e-01,6.249499917030334473e-01,2.741573452949523926e-01,2.746699899435043335e-01,2.838799729943275452e-03,2.580241975374519912e-03,1.083426559489453211e-05,1.083426559489453211e-05
2.439442157745361328e+00,2.644893455505370916e+00,2.439452886581420898e+00,2.644904184341430486e+00,8.240812420845031738e-01,8.073258280754089800e-01,9.112098813056945801e-01,9.210526108741760032e-01,4.439659118652343750e-01,6.443181037902832031e-01,2.582648098468780518e-01,2.706863760948181041e-01,1.920566079206764698e-03,1.510497520212084098e-03,1.083090592146618292e-05,1.083090592146618292e-05
2.490045070648193359e+00,2.623573756217956632e+00,2.490055799484252930e+00,2.623584485054016202e+00,8.387334942817687988e-01,8.048059284687042458e-01,9.530196189880371094e-01,9.217370569705962691e-01,4.268894791603088379e-01,6.242772817611694780e-01,2.697504162788391113e-01,2.700881540775298961e-01,1.652209437452256680e-03,2.665373799391091043e-03,1.082638391380896792e-05,1.082638391380896792e-05
2.470514059066772461e+00,2.654768657684326350e+00,2.470524787902832031e+00,2.654779386520385920e+00,8.478790521621704102e-01,8.022096216678619163e-01,9.521239399909973145e-01,9.236119270324707475e-01,4.245589375495910645e-01,6.581378161907196489e-01,2.449838072061538696e-01,2.693485647439956554e-01,9.682103991508483887e-04,1.460774708539247426e-03,1.082808375940658152e-05,1.082808375940658152e-05
2.424754619598388672e+00,2.659694051742553800e+00,2.424765348434448242e+00,2.659704780578613370e+00,7.979949712753295898e-01,8.101577281951903853e-01,9.074431061744689941e-01,9.220021665096282959e-01,4.221772551536560059e-01,6.484643518924713135e-01,2.937809526920318604e-01,2.755373418331146240e-01,3.358149435371160507e-03,3.532489296048879623e-03,1.082278686226345599e-05,1.082278686226345599e-05
2.426259756088256836e+00,2.643252348899841397e+00,2.426270484924316406e+00,2.643263077735900968e+00,8.211510777473449707e-01,8.021705329418182817e-01,9.295071363449096680e-01,9.277024328708648460e-01,4.088851511478424072e-01,6.329315423965453657e-01,2.619781196117401123e-01,2.755591571331024170e-01,4.738033283501863480e-03,4.888707166537642132e-03,1.081632399291265756e-05,1.081632399291265756e-05
2.443335056304931641e+00,2.635856628417968750e+00,2.443345785140991211e+00,2.635867357254028320e+00,7.318621873855590820e-01,8.037545502185821089e-01,8.893268704414367676e-01,9.197015345096588579e-01,5.107197165489196777e-01,6.337196111679077593e-01,3.105197846889495850e-01,2.775624126195907482e-01,9.064323967322707176e-04,1.118586421944200906e-03,1.081592927221208811e-05,1.081592927221208811e-05
2.556097745895385742e+00,2.649223732948303045e+00,2.556108474731445312e+00,2.649234461784362615e+00,7.845377326011657715e-01,8.023051917552947998e-01,8.860159516334533691e-01,9.208508849143981490e-01,6.213739514350891113e-01,6.377964973449706809e-01,2.591702342033386230e-01,2.855982333421707153e-01,4.999874159693717957e-03,2.672976301982999021e-03,1.080891888705082238e-05,1.080891888705082238e-05
3.228194952011108398e+00,2.638082718849182218e+00,3.228205680847167969e+00,2.638093447685241788e+00,8.155773878097534180e-01,8.034040272235870583e-01,8.883849978446960449e-01,9.228683471679687278e-01,1.178070425987243652e+00,6.283175945281982422e-01,3.425630331039428711e-01,2.797462284564972146e-01,3.598964773118495941e-03,3.746503498405218124e-03,1.081067784980405122e-05,1.081067784980405122e-05
2.618399858474731445e+00,2.675436830520629972e+00,2.618410587310791016e+00,2.675447559356689542e+00,7.772470116615295410e-01,8.071894168853759322e-01,9.120674133300781250e-01,9.246968865394592507e-01,7.257674932479858398e-01,6.650860249996185525e-01,2.006593942642211914e-01,2.757765203714370728e-01,2.658538287505507469e-03,2.687918068841099566e-03,1.080462880054255947e-05,1.080462880054255947e-05
2.389079809188842773e+00,2.649120783805847257e+00,2.389090538024902344e+00,2.649131512641906827e+00,7.853822708129882812e-01,8.064171969890594482e-01,9.453670382499694824e-01,9.212125837802886963e-01,4.147458076477050781e-01,6.438657283782959206e-01,2.406665533781051636e-01,2.750897377729416005e-01,2.917960518971085548e-03,2.535495092160999775e-03,1.080051060853293166e-05,1.080051060853293166e-05
2.824808597564697266e+00,2.657675170898437411e+00,2.824819326400756836e+00,2.657685899734496981e+00,8.168880343437194824e-01,8.134571015834808350e-01,9.188885688781738281e-01,9.202142000198364480e-01,7.705700993537902832e-01,6.455495715141296165e-01,3.141628801822662354e-01,2.728344708681106345e-01,4.298909101635217667e-03,5.619821837171912193e-03,1.080429956346051767e-05,1.080429956346051767e-05
2.458072900772094727e+00,2.644363427162170321e+00,2.458083629608154297e+00,2.644374155998229892e+00,8.354683518409729004e-01,8.092116653919220193e-01,9.331572055816650391e-01,9.238962709903717485e-01,4.154923260211944580e-01,6.437321841716766579e-01,2.666565477848052979e-01,2.586360991001129261e-01,7.298533339053392410e-03,8.887149859219789505e-03,1.080247147910995409e-05,1.080247147910995409e-05
2.356655120849609375e+00,2.675373291969299405e+00,2.356665849685668945e+00,2.675384020805358976e+00,7.926864624023437500e-01,8.077923893928528054e-01,9.303486347198486328e-01,9.235587298870087114e-01,4.148283600807189941e-01,6.794331133365630881e-01,2.145983129739761353e-01,2.593034714460372703e-01,4.193337168544530869e-03,5.285555543377995318e-03,1.080727270164061338e-05,1.080727270164061338e-05
2.285592079162597656e+00,2.694655442237853915e+00,2.285602807998657227e+00,2.694666171073913485e+00,7.380986809730529785e-01,8.129663765430450439e-01,9.145273566246032715e-01,9.240141630172729048e-01,4.210836589336395264e-01,6.931814968585967573e-01,2.060699313879013062e-01,2.610142499208450428e-01,5.812379065901041031e-03,3.479178249835968191e-03,1.080733636626973748e-05,1.080733636626973748e-05
2.514689445495605469e+00,2.656475234031677068e+00,2.514700174331665039e+00,2.656485962867736639e+00,8.623163700103759766e-01,8.166519403457641602e-01,9.524697661399841309e-01,9.219716548919677512e-01,4.097872078418731689e-01,6.492824435234070268e-01,2.814801037311553955e-01,2.611006557941436546e-01,8.636005222797393799e-03,7.468598475679755037e-03,1.081059963325969875e-05,1.081059963325969875e-05
2.470335006713867188e+00,2.671350431442260920e+00,2.470345735549926758e+00,2.671361160278320490e+00,8.336891531944274902e-01,8.098573923110962136e-01,9.324673414230346680e-01,9.265967130661010298e-01,3.989699482917785645e-01,6.671374678611755593e-01,2.954041659832000732e-01,2.568634122610092274e-01,9.804532863199710846e-03,1.089540924876928295e-02,1.080211040971335024e-05,1.080211040971335024e-05
2.614156007766723633e+00,2.623675942420959473e+00,2.614166736602783203e+00,2.623686671257019043e+00,7.898482680320739746e-01,8.031843602657318115e-01,8.912860751152038574e-01,9.230416715145111084e-01,6.391581296920776367e-01,6.374290823936462624e-01,2.906505465507507324e-01,2.578702867031097412e-01,3.212840529158711433e-03,2.150568179786205292e-03,1.079926914826501161e-05,1.079926914826501161e-05
4.083629608154296875e+00,2.638436818122863681e+00,4.083640575408935547e+00,2.638447546958923251e+00,7.486490011215209961e-01,8.125259697437285933e-01,9.241036176681518555e-01,9.303761303424835649e-01,2.152413129806518555e+00,6.434717297554015669e-01,2.566035687923431396e-01,2.499205350875854381e-01,1.860342221334576607e-03,2.142414334230124950e-03,1.080114361684536561e-05,1.080114361684536561e-05
2.423806905746459961e+00,2.664356470108032227e+00,2.423817634582519531e+00,2.664367198944091797e+00,8.003342747688293457e-01,8.266758143901824507e-01,9.507411122322082520e-01,9.267158687114716020e-01,4.408122599124908447e-01,6.371628880500793679e-01,2.188456058502197266e-01,2.476353213191032354e-01,1.307370420545339584e-02,2.616656664758920670e-02,1.080744732462335378e-05,1.080744732462335378e-05
2.547634601593017578e+00,2.655406498908996493e+00,2.547645330429077148e+00,2.655417227745056064e+00,8.456946611404418945e-01,8.151255786418915017e-01,9.658756256103515625e-01,9.260311126708984375e-01,4.371032714843750000e-01,6.513525784015655740e-01,2.774347662925720215e-01,2.474909901618957409e-01,2.152623794972896576e-02,1.540621351450681756e-02,1.080917900253552943e-05,1.080917900253552943e-05
2.360458850860595703e+00,2.680814027786254883e+00,2.360469579696655273e+00,2.680824756622314453e+00,8.033976554870605469e-01,8.227577149868011697e-01,9.231444597244262695e-01,9.286302328109741211e-01,4.235275685787200928e-01,6.637229621410369873e-01,1.868010312318801880e-01,2.467726990580558777e-01,2.358806319534778595e-02,1.893048025667667250e-02,1.080985657608835027e-05,1.080985657608835027e-05
2.404751539230346680e+00,2.584477519989013761e+00,2.404762268066406250e+00,2.584488248825073331e+00,8.443832397460937500e-01,8.087501108646393266e-01,9.328429698944091797e-01,9.243797659873962402e-01,4.105178713798522949e-01,6.017318874597549216e-01,2.129383832216262817e-01,2.463505282998084966e-01,4.069181159138679504e-03,3.265276481397449797e-03,1.080266520148143172e-05,1.080266520148143172e-05
2.589461326599121094e+00,2.635490417480468750e+00,2.589472055435180664e+00,2.635501146316528320e+00,7.968787550926208496e-01,8.207705259323120339e-01,8.950554728507995605e-01,9.227713823318481889e-01,5.716336965560913086e-01,6.171703964471817461e-01,2.870735228061676025e-01,2.463824436068534907e-01,3.881971538066864014e-02,2.839568518102169106e-02,1.080607034964486957e-05,1.080607034964486957e-05
2.553753614425659180e+00,2.656946516036987394e+00,2.553764343261718750e+00,2.656957244873046964e+00,8.315683007240295410e-01,8.127641320228576882e-01,9.178074002265930176e-01,9.219309568405151811e-01,5.549546480178833008e-01,6.735306233167648315e-01,2.484968155622482300e-01,2.467243432998657282e-01,9.265567059628665447e-04,1.996504561975598509e-03,1.080472975445445627e-05,1.080472975445445627e-05
2.310110330581665039e+00,2.707751631736755371e+00,2.310121059417724609e+00,2.707762360572814941e+00,7.610526680946350098e-01,8.192694604396819624e-01,9.012475013732910156e-01,9.273120641708374468e-01,3.803405761718750000e-01,7.092004418373107910e-01,2.621742486953735352e-01,2.447854474186897389e-01,5.295434966683387756e-03,7.184149418026209051e-03,1.080280344467610121e-05,1.080280344467610121e-05
2.434606552124023438e+00,2.654502439498901190e+00,2.434617280960083008e+00,2.654513168334960760e+00,8.245380520820617676e-01,8.123960256576537864e-01,9.252834320068359375e-01,9.305210590362549272e-01,3.947848081588745117e-01,6.639569222927093062e-01,2.866670489311218262e-01,2.432556197047233693e-01,3.333394648507237434e-03,4.372838605195284063e-03,1.080354832083685324e-05,1.080354832083685324e-05
2.786441087722778320e+00,2.627014875411987305e+00,2.786451816558837891e+00,2.627025604248046875e+00,8.382577300071716309e-01,8.346353113651275857e-01,9.324880838394165039e-01,9.231421709060668723e-01,7.324688434600830078e-01,6.100813925266266313e-01,2.657213509082794189e-01,2.432308450341224559e-01,1.750506088137626648e-02,1.592521285638213296e-02,1.079868434317177162e-05,1.079868434317177162e-05
2.301592588424682617e+00,2.678236842155456543e+00,2.301603317260742188e+00,2.678247570991516113e+00,8.172994852066040039e-01,8.097881019115448220e-01,9.275867342948913574e-01,9.204810023307800071e-01,3.528644442558288574e-01,7.004880845546722634e-01,1.999383419752120972e-01,2.451720699667930548e-01,3.903698874637484550e-03,2.307536150328815157e-03,1.080198489944450557e-05,1.080198489944450557e-05
2.884500741958618164e+00,2.687624764442444025e+00,2.884511470794677734e+00,2.687635493278503596e+00,7.927207350730895996e-01,8.154323279857635942e-01,8.925446867942810059e-01,9.190729260444641113e-01,8.974048495292663574e-01,7.039639294147491677e-01,2.967295050621032715e-01,2.447978928685188293e-01,5.101063754409551620e-03,4.357735626399517059e-03,1.080053334590047598e-05,1.080053334590047598e-05
2.250194787979125977e+00,2.694076085090637118e+00,2.250205516815185547e+00,2.694086813926696689e+00,7.744106054306030273e-01,8.061131954193114790e-01,9.012469649314880371e-01,9.188563466072082742e-01,3.250988423824310303e-01,7.228888213634491189e-01,2.453896254301071167e-01,2.443767249584198054e-01,4.048906266689300537e-03,1.840963633731007489e-03,1.079872163245454431e-05,1.079872163245454431e-05
2.548928260803222656e+00,2.709960460662841797e+00,2.548938989639282227e+00,2.709971189498901367e+00,8.216455578804016113e-01,8.075268745422363725e-01,9.349744915962219238e-01,9.222081780433655229e-01,5.109621286392211914e-01,7.332567870616912842e-01,2.789384424686431885e-01,2.441093206405639537e-01,2.407434862107038498e-03,2.859296556562185114e-03,1.079709090845426545e-05,1.079709090845426545e-05
2.367717504501342773e+00,2.593284606933593750e+00,2.367728233337402344e+00,2.593295335769653320e+00,8.145209550857543945e-01,8.179614782333374245e-01,9.224652051925659180e-01,9.285961389541625977e-01,4.111926853656768799e-01,6.098933428525924461e-01,2.164569944143295288e-01,2.340393111109733693e-01,3.081880975514650345e-03,2.794326143339276401e-03,1.080454694601939991e-05,1.080454694601939991e-05
2.658202409744262695e+00,2.586550903320312678e+00,2.658213138580322266e+00,2.586561632156372248e+00,8.076005578041076660e-01,8.152086019515991655e-01,9.287216067314147949e-01,9.308591961860657182e-01,6.386215686798095703e-01,6.061512649059295210e-01,2.815372347831726074e-01,2.322932273149490301e-01,1.721312175504863262e-03,2.038551028817892075e-03,1.080420770449563861e-05,1.080420770449563861e-05
2.630144596099853516e+00,2.586762952804565252e+00,2.630155324935913086e+00,2.586773681640624822e+00,8.012585639953613281e-01,8.116870403289795366e-01,9.142097234725952148e-01,9.297126591205596702e-01,6.330752968788146973e-01,6.107191771268845049e-01,2.786263823509216309e-01,2.319861158728599437e-01,2.974624978378415108e-03,2.658075350336730307e-03,1.080469246517168358e-05,1.080469246517168358e-05
2.635195016860961914e+00,2.548178958892822088e+00,2.635205745697021484e+00,2.548189687728881658e+00,8.004428744316101074e-01,8.138239681720733643e-01,9.484575390815734863e-01,9.278204381465912087e-01,6.525565981864929199e-01,5.750512748956679854e-01,2.327465862035751343e-01,2.302011311054229792e-01,9.912959067150950432e-04,1.282139832619577733e-03,1.080754645954584703e-05,1.080754645954584703e-05
2.296447515487670898e+00,2.557517409324645996e+00,2.296458244323730469e+00,2.557528138160705566e+00,7.799630761146545410e-01,8.169797062873840332e-01,9.581516385078430176e-01,9.288325607776641846e-01,3.908743858337402344e-01,5.796412140130996482e-01,1.639870405197143555e-01,2.282082587480545044e-01,3.471094882115721703e-03,3.855670616030692881e-03,1.080933452612953261e-05,1.080933452612953261e-05
2.756865024566650391e+00,2.553201127052306951e+00,2.756875753402709961e+00,2.553211855888366522e+00,8.267102837562561035e-01,8.134544730186462624e-01,8.717346191406250000e-01,9.252370536327362283e-01,7.419085502624511719e-01,5.837438404560089111e-01,3.157589435577392578e-01,2.292544484138488714e-01,7.527872221544384956e-04,1.511295256204903169e-03,1.081226673704804853e-05,1.081226673704804853e-05
2.296985626220703125e+00,2.557947158813476562e+00,2.296996355056762695e+00,2.557957887649536133e+00,8.041538000106811523e-01,8.096934497356415017e-01,9.504612684249877930e-01,9.263356089591979758e-01,3.916652202606201172e-01,5.904647946357727273e-01,1.482427716255187988e-01,2.292324066162109431e-01,2.462637145072221756e-03,2.220910950563848105e-03,1.081069603969808668e-05,1.081069603969808668e-05
2.738793849945068359e+00,2.602713727951049716e+00,2.738804578781127930e+00,2.602724456787109286e+00,8.279183506965637207e-01,8.113303005695342573e-01,9.225926399230957031e-01,9.247156083583831787e-01,7.538657784461975098e-01,6.334721088409424050e-01,2.308774441480636597e-01,2.308353707194328308e-01,3.539908444508910179e-03,2.360312175005674275e-03,1.081210484699113294e-05,1.081210484699113294e-05
2.623542547225952148e+00,2.557551860809326172e+00,2.623553276062011719e+00,2.557562589645385742e+00,8.392153978347778320e-01,8.143354833126068559e-01,9.242302179336547852e-01,9.267013311386108620e-01,6.155710816383361816e-01,5.833383142948150857e-01,2.426018118858337402e-01,2.315198019146919306e-01,1.923963893204927444e-03,1.656996889505535408e-03,1.081322079699020833e-05,1.081322079699020833e-05
2.759180784225463867e+00,2.584724593162536443e+00,2.759191513061523438e+00,2.584735321998596014e+00,8.396347761154174805e-01,8.236591875553130881e-01,9.304191470146179199e-01,9.350151956081390603e-01,7.393098473548889160e-01,5.927046239376068115e-01,2.483548223972320557e-01,2.304884538054466359e-01,1.462241867557168007e-03,2.857153397053480235e-03,1.081614209397230297e-05,1.081614209397230297e-05
2.281430959701538086e+00,2.557518553733825861e+00,2.281441688537597656e+00,2.557529282569885432e+00,8.015004396438598633e-01,8.158688962459563765e-01,8.984765410423278809e-01,9.209086835384369119e-01,3.584892153739929199e-01,5.907930105924605879e-01,2.199461013078689575e-01,2.269929349422454834e-01,3.018686082214117050e-03,2.955068112351000396e-03,1.081365462596295401e-05,1.081365462596295401e-05
2.269249200820922852e+00,2.580620980262756436e+00,2.269259929656982422e+00,2.580631709098816007e+00,7.415255308151245117e-01,8.197742283344269243e-01,8.873622417449951172e-01,9.244156479835510254e-01,3.847188353538513184e-01,6.049545764923095481e-01,2.506453096866607666e-01,2.279895901679992731e-01,4.997257608920335770e-03,3.486911533400416374e-03,1.080937363440170884e-05,1.080937363440170884e-05
2.375904798507690430e+00,2.552203273773193448e+00,2.375915527343750000e+00,2.552214002609253019e+00,8.311453461647033691e-01,8.141429364681244119e-01,9.218770861625671387e-01,9.289804577827454057e-01,3.917842805385589600e-01,5.756771177053451316e-01,2.271714359521865845e-01,2.308309182524680980e-01,3.926666453480720520e-03,2.571858954615890893e-03,1.081648315448546782e-05,1.081648315448546782e-05
2.499278783798217773e+00,2.585538387298583984e+00,2.499289512634277344e+00,2.585549116134643555e+00,8.395329713821411133e-01,8.133634448051452193e-01,9.216914176940917969e-01,9.302166581153870073e-01,4.756126999855041504e-01,6.085649132728576660e-01,2.612521052360534668e-01,2.319403618574142345e-01,1.189453410916030407e-03,1.452957175206392960e-03,1.082249218598008156e-05,1.082249218598008156e-05
2.504004001617431641e+00,2.598356342315673917e+00,2.504014730453491211e+00,2.598367071151733487e+00,8.905146121978759766e-01,8.138367116451263872e-01,9.548827409744262695e-01,9.291941821575164795e-01,3.620658814907073975e-01,6.167709976434707642e-01,2.933995723724365234e-01,2.348520189523696788e-01,3.141210414469242096e-03,3.702396061271429062e-03,1.082268227037275210e-05,1.082268227037275210e-05
2.419165611267089844e+00,2.604338598251342951e+00,2.419176340103149414e+00,2.604349327087402521e+00,8.575749397277832031e-01,8.207897067070006880e-01,9.384667277336120605e-01,9.294583022594451460e-01,3.451235890388488770e-01,6.163385868072509544e-01,2.758075594902038574e-01,2.347323641180992237e-01,2.192694926634430885e-03,3.019671770744025707e-03,1.081937170965829864e-05,1.081937170965829864e-05
2.400248765945434570e+00,2.620370173454284579e+00,2.400259494781494141e+00,2.620380902290344149e+00,8.154760003089904785e-01,8.191690802574157493e-01,9.438340663909912109e-01,9.309462964534759299e-01,3.907776474952697754e-01,6.300737917423248069e-01,2.454633116722106934e-01,2.321047037839889526e-01,4.697841126471757889e-03,8.076217165216803898e-03,1.081541904568439350e-05,1.081541904568439350e-05
2.357772588729858398e+00,2.624297475814819425e+00,2.357783317565917969e+00,2.624308204650878995e+00,8.344564437866210938e-01,8.181083500385284424e-01,9.269735217094421387e-01,9.274899005889892800e-01,3.619615137577056885e-01,6.420221358537674394e-01,2.293779700994491577e-01,2.310174077749252430e-01,5.003002472221851349e-03,5.659765284508466894e-03,1.081589653040282428e-05,1.081589653040282428e-05
2.326559305191040039e+00,2.569249200820922674e+00,2.326570034027099609e+00,2.569259929656982244e+00,8.149431943893432617e-01,8.151287794113158958e-01,9.087982773780822754e-01,9.265902936458587646e-01,3.518302142620086670e-01,5.930298835039138350e-01,2.489866316318511963e-01,2.312961831688880865e-01,2.000867621973156929e-03,3.204079368151724252e-03,1.081613208953058347e-05,1.081613208953058347e-05
2.289503812789916992e+00,2.569869565963744940e+00,2.289514541625976562e+00,2.569880294799804510e+00,8.007411360740661621e-01,8.179821252822876421e-01,9.391046762466430664e-01,9.247393310070037842e-01,3.578614294528961182e-01,5.865889161825179610e-01,1.854724735021591187e-01,2.341572985053062550e-01,6.324091926217079163e-03,6.401897920295595949e-03,1.082115522876847535e-05,1.082115522876847535e-05
2.427620649337768555e+00,2.597214746475219549e+00,2.427631378173828125e+00,2.597225475311279119e+00,7.757667303085327148e-01,8.157526493072509988e-01,9.154226779937744141e-01,9.270859956741333008e-01,5.331538915634155273e-01,6.186825007200240645e-01,2.011375427246093750e-01,2.341583713889122120e-01,2.139741787686944008e-03,1.535190211143344641e-03,1.081809477909700945e-05,1.081809477909700945e-05
2.411983013153076172e+00,2.549406123161316096e+00,2.411993741989135742e+00,2.549416851997375666e+00,8.574416041374206543e-01,8.134771227836609109e-01,9.395782947540283203e-01,9.283729016780852827e-01,4.253212511539459229e-01,5.753195703029632124e-01,1.879859268665313721e-01,2.302449971437454113e-01,1.655844971537590027e-03,1.991489704232663003e-03,1.081048958440078422e-05,1.081048958440078422e-05
2.521645307540893555e+00,2.541409778594970525e+00,2.521656036376953125e+00,2.541420507431030096e+00,7.980757951736450195e-01,8.170354306697845681e-01,9.262534379959106445e-01,9.333972096443176047e-01,5.788505673408508301e-01,5.660333156585692915e-01,2.152638882398605347e-01,2.218780562281608693e-01,3.201604587957262993e-03,3.065790073014795693e-03,1.082076414604671299e-05,1.082076414604671299e-05
2.322198152542114258e+00,2.528939700126648038e+00,2.322208881378173828e+00,2.528950428962707608e+00,7.966455221176147461e-01,8.265618443489074485e-01,9.435014128684997559e-01,9.357183456420898882e-01,3.808645606040954590e-01,5.446173787117004617e-01,1.998479366302490234e-01,2.195988327264785656e-01,1.338655711151659489e-03,2.443352690897882071e-03,1.082086328096920624e-05,1.082086328096920624e-05
2.347035884857177734e+00,2.550567054748535067e+00,2.347046613693237305e+00,2.550577783584594638e+00,7.833255529403686523e-01,8.218073606491088645e-01,9.377294778823852539e-01,9.345733463764190896e-01,3.872452378273010254e-01,5.717464148998260276e-01,2.367247343063354492e-01,2.206062451004981995e-01,2.010849770158529282e-03,1.833718805573880629e-03,1.082351900549838319e-05,1.082351900549838319e-05
2.491921901702880859e+00,2.551652932167053134e+00,2.491932630538940430e+00,2.551663661003112704e+00,7.601435184478759766e-01,8.204528927803039773e-01,8.492227196693420410e-01,9.369310200214385764e-01,5.328771471977233887e-01,5.712833821773528609e-01,3.480386435985565186e-01,2.213041886687278637e-01,1.639839727431535721e-03,1.681501406710594849e-03,1.082001836039125919e-05,1.082001836039125919e-05
2.217632293701171875e+00,2.540574264526367365e+00,2.217643022537231445e+00,2.540584993362426935e+00,8.028663396835327148e-01,8.111351072788238747e-01,9.406755566596984863e-01,9.329656600952148660e-01,3.585354387760162354e-01,5.727589875459671021e-01,1.122391149401664734e-01,2.210879996418952942e-01,3.315621754154562950e-03,2.626538346521556551e-03,1.082128437701612711e-05,1.082128437701612711e-05
2.287753343582153320e+00,2.553280806541442960e+00,2.287764072418212891e+00,2.553291535377502530e+00,7.752163410186767578e-01,8.125569581985473411e-01,8.941866159439086914e-01,9.271037936210632102e-01,4.011842310428619385e-01,5.942256122827529463e-01,2.158280014991760254e-01,2.184835493564605824e-01,1.338295638561248779e-03,9.109057136811316013e-04,1.082146354747237638e-05,1.082146354747237638e-05
2.369125604629516602e+00,2.551843571662902654e+00,2.369136333465576172e+00,2.551854300498962225e+00,7.911329269409179688e-01,8.131607711315155251e-01,9.211535453796386719e-01,9.339843153953552024e-01,4.108359515666961670e-01,5.829311281442641768e-01,2.431850284337997437e-01,2.186651557683944591e-01,2.818163717165589333e-03,3.102223109453916723e-03,1.082080689229769632e-05,1.082080689229769632e-05
2.407381296157836914e+00,2.563850259780883878e+00,2.407392024993896484e+00,2.563860988616943448e+00,8.444145321846008301e-01,8.328699886798858198e-01,9.420105814933776855e-01,9.268656015396118386e-01,4.189775884151458740e-01,5.757561147212981734e-01,1.980567872524261475e-01,2.218766957521438599e-01,3.922053612768650055e-03,6.481856014579534878e-03,1.081990740203764290e-05,1.081990740203764290e-05
2.433965206146240234e+00,2.551887965202331632e+00,2.433975934982299805e+00,2.551898694038391202e+00,8.680748939514160156e-01,8.167943596839905007e-01,9.371564984321594238e-01,9.320125460624695268e-01,4.154562354087829590e-01,5.733560591936111006e-01,2.105248719453811646e-01,2.271697297692298889e-01,2.752792090177536011e-03,2.555257361382246191e-03,1.082340349967125803e-05,1.082340349967125803e-05
2.428754091262817383e+00,2.569209003448486239e+00,2.428764820098876953e+00,2.569219732284545810e+00,8.315793275833129883e-01,8.091319680213928667e-01,9.123837947845458984e-01,9.279520630836486372e-01,4.120552837848663330e-01,6.040771424770354781e-01,2.706652879714965820e-01,2.266739442944526728e-01,2.070098882541060448e-03,1.373832696117460728e-03,1.082000289898132905e-05,1.082000289898132905e-05
2.344560384750366211e+00,2.561363887786865412e+00,2.344571113586425781e+00,2.561374616622924982e+00,8.031583428382873535e-01,8.208185017108917680e-01,9.177845120429992676e-01,9.294435560703278032e-01,3.987935483455657959e-01,5.804347902536391990e-01,2.190195024013519287e-01,2.254592150449752919e-01,5.804631859064102173e-03,5.207846732810139309e-03,1.081710433936677873e-05,1.081710433936677873e-05
2.356163501739501953e+00,2.557189488410949618e+00,2.356174230575561523e+00,2.557200217247009189e+00,8.244974017143249512e-01,8.112708687782287376e-01,9.272043108940124512e-01,9.267154514789581743e-01,3.945270776748657227e-01,5.926650613546371460e-01,2.080562263727188110e-01,2.243439808487892040e-01,1.878540148027241230e-03,2.194159361533820456e-03,1.081433856597868726e-05,1.081433856597868726e-05
2.449114322662353516e+00,2.532960414886474609e+00,2.449125051498413086e+00,2.532971143722534180e+00,8.723607659339904785e-01,8.266994535923004594e-01,9.552969336509704590e-01,9.264623343944549116e-01,3.909112513065338135e-01,5.520312607288360152e-01,2.264344692230224609e-01,2.205488249659538214e-01,4.110906273126602173e-03,7.218433823436498468e-03,1.081393020285759121e-05,1.081393020285759121e-05
2.499305486679077148e+00,2.583084940910339355e+00,2.499316215515136719e+00,2.583095669746398926e+00,8.321869969367980957e-01,8.303425669670104758e-01,9.195240736007690430e-01,9.409812390804290771e-01,5.062196850776672363e-01,5.738767057657241377e-01,2.299682796001434326e-01,2.200118660926818903e-01,1.140638813376426697e-02,1.787248458713293006e-02,1.081297705241013318e-05,1.081297705241013318e-05
2.346325159072875977e+00,2.530309009552001775e+00,2.346335887908935547e+00,2.530319738388061346e+00,8.230446577072143555e-01,8.259476661682129128e-01,9.305242896080017090e-01,9.365913867950439453e-01,4.198557436466217041e-01,5.386548548936843650e-01,1.393189728260040283e-01,2.160070642828941234e-01,3.358158469200134277e-02,1.310803899541497161e-02,1.082357812265399843e-05,1.082357812265399843e-05
3.406877040863037109e+00,2.505520820617675781e+00,3.406887769699096680e+00,2.505531549453735352e+00,8.263635039329528809e-01,8.215620338916778120e-01,9.136772751808166504e-01,9.453719377517699751e-01,1.394470691680908203e+00,5.145359456539153609e-01,2.591568529605865479e-01,2.137240141630172841e-01,1.320866961032152176e-02,1.032691225409507717e-02,1.083258939615916461e-05,1.083258939615916461e-05
2.428602933883666992e+00,2.517918252944946200e+00,2.428613662719726562e+00,2.517928981781005771e+00,8.704629540443420410e-01,8.223586916923523171e-01,9.549628496170043945e-01,9.442237973213195579e-01,4.097973406314849854e-01,5.299779891967772993e-01,1.863139271736145020e-01,2.138224825263023432e-01,7.065714802592992783e-03,7.535255700349807913e-03,1.083240931620821357e-05,1.083240931620821357e-05
2.414997816085815430e+00,2.500009441375732333e+00,2.415008544921875000e+00,2.500020170211791903e+00,8.388151526451110840e-01,8.181750297546386275e-01,9.450675249099731445e-01,9.352087378501892090e-01,4.240070283412933350e-01,5.300655215978622437e-01,2.036759257316589355e-01,2.132722795009613093e-01,3.432261059060692787e-03,3.287800285033881491e-03,1.083082861441653222e-05,1.083082861441653222e-05
2.340720415115356445e+00,2.528869676589965643e+00,2.340731143951416016e+00,2.528880405426025213e+00,7.447317242622375488e-01,8.305109918117523637e-01,9.245579242706298828e-01,9.359753608703613725e-01,4.312743246555328369e-01,5.358161509037018266e-01,2.345833927392959595e-01,2.158432468771934454e-01,5.573022644966840744e-03,1.072394214570522239e-02,1.083402003132505342e-05,1.083402003132505342e-05
2.901710510253906250e+00,2.524460506439209162e+00,2.901721239089965820e+00,2.524471235275268732e+00,8.402140736579895020e-01,8.268042325973510298e-01,9.152771234512329102e-01,9.355831861495971236e-01,9.512613415718078613e-01,5.409758538007736206e-01,1.886067539453506470e-01,2.162215590476989635e-01,6.351271644234657288e-03,4.875717358663678516e-03,1.083603547158418223e-05,1.083603547158418223e-05
2.393507480621337891e+00,2.521106338500976651e+00,2.393518209457397461e+00,2.521117067337036222e+00,8.203760981559753418e-01,8.233886659145355225e-01,9.498174190521240234e-01,9.330574631690978782e-01,3.927855193614959717e-01,5.441925317049026711e-01,2.269783169031143188e-01,2.164882928133010920e-01,3.550010267645120621e-03,3.979324409738182848e-03,1.083118877431843430e-05,1.083118877431843430e-05
2.487374067306518555e+00,2.532426118850708008e+00,2.487384796142578125e+00,2.532436847686767578e+00,8.300441503524780273e-01,8.243959248065948486e-01,9.281815886497497559e-01,9.316718816757202370e-01,5.312988162040710449e-01,5.560996472835540994e-01,1.948968917131423950e-01,2.171970263123512157e-01,2.952626440674066544e-03,3.061662893742322922e-03,1.083509141608374193e-05,1.083509141608374193e-05
2.600143194198608398e+00,2.547804093360900968e+00,2.600153923034667969e+00,2.547814822196960538e+00,7.834797501564025879e-01,8.185023784637450728e-01,9.072121977806091309e-01,9.308836817741393821e-01,6.624603867530822754e-01,5.753727227449416670e-01,2.399735599756240845e-01,2.168281242251396124e-01,7.017325144261121750e-03,6.217148154973983765e-03,1.083880943042458966e-05,1.083880943042458966e-05
2.463254690170288086e+00,2.499486327171325684e+00,2.463265419006347656e+00,2.499497056007385254e+00,8.708452582359313965e-01,8.129593074321747048e-01,9.381136894226074219e-01,9.335997819900512251e-01,4.057201147079467773e-01,5.348745882511138916e-01,2.467749565839767456e-01,2.155602321028709523e-01,1.800506026484072208e-03,2.492449642159044569e-03,1.084010546037461609e-05,1.084010546037461609e-05
2.312641143798828125e+00,2.531661367416381925e+00,2.312651872634887695e+00,2.531672096252441495e+00,7.890724539756774902e-01,8.213278472423553023e-01,9.089040160179138184e-01,9.307519674301147905e-01,3.827089667320251465e-01,5.594989359378814697e-01,2.282135039567947388e-01,2.165824696421623230e-01,3.742298344150185585e-03,3.500145743601024151e-03,1.084510222426615655e-05,1.084510222426615655e-05
2.332602262496948242e+00,2.504896116256714045e+00,2.332613229751586914e+00,2.504907083511352717e+00,7.979270815849304199e-01,8.143215239048003928e-01,9.164218306541442871e-01,9.297734439373016579e-01,3.942652046680450439e-01,5.425329655408859253e-01,2.221515178680419922e-01,2.167323663830757197e-01,1.836497569456696510e-03,1.535832590889185667e-03,1.085054555005626753e-05,1.085054555005626753e-05
2.332168579101562500e+00,2.518509244918823331e+00,2.332179546356201172e+00,2.518520212173462003e+00,7.997140288352966309e-01,8.171782732009887917e-01,9.312692284584045410e-01,9.290710270404816118e-01,4.163036346435546875e-01,5.541335195302963257e-01,1.834836900234222412e-01,2.167697042226791326e-01,1.398192369379103184e-03,1.356669026426970872e-03,1.085484564100624993e-05,1.085484564100624993e-05
2.791463136672973633e+00,2.539770936965942472e+00,2.791474103927612305e+00,2.539781904220581144e+00,8.488256931304931641e-01,8.267319917678832564e-01,9.368973374366760254e-01,9.315023779869079368e-01,7.277413606643676758e-01,5.624744236469269021e-01,2.762313485145568848e-01,2.166692554950714056e-01,1.767506473697721958e-03,2.392915496602654631e-03,1.085964413505280390e-05,1.085964413505280390e-05
2.546177387237548828e+00,2.529968667030334295e+00,2.546188354492187500e+00,2.529979634284972967e+00,8.405292630195617676e-01,8.165545642375946489e-01,9.339037537574768066e-01,9.306251585483551469e-01,5.837510824203491211e-01,5.624755620956420898e-01,1.840797066688537598e-01,2.166433259844779968e-01,3.913633525371551514e-03,3.670027060434222048e-03,1.085984695237129927e-05,1.085984695237129927e-05
3.106188058853149414e+00,2.500841116905212491e+00,3.106199026107788086e+00,2.500852084159851163e+00,8.139607906341552734e-01,8.216211020946502241e-01,9.459888935089111328e-01,9.271845281124114768e-01,1.154546856880187988e+00,5.330676406621932539e-01,1.902631372213363647e-01,2.171931445598602184e-01,1.428490853868424892e-03,1.774680695962160782e-03,1.085992880689445883e-05,1.085992880689445883e-05
2.301567792892456055e+00,2.515560984611511230e+00,2.301578760147094727e+00,2.515571951866149902e+00,8.306660652160644531e-01,8.201670706272125022e-01,9.321103096008300781e-01,9.296446144580841064e-01,3.620072901248931885e-01,5.446097105741500854e-01,1.742767989635467529e-01,2.182325929403305109e-01,2.507282188162207603e-03,2.907003532163798722e-03,1.085799885913729668e-05,1.085799885913729668e-05
2.366321802139282227e+00,2.555576300621032804e+00,2.366332769393920898e+00,2.555587267875671476e+00,8.646130561828613281e-01,8.302767157554626909e-01,9.450365304946899414e-01,9.269117951393127663e-01,3.516190350055694580e-01,5.726784408092499001e-01,2.015924006700515747e-01,2.187363728880882263e-01,3.460678970441222191e-03,6.973031722009181803e-03,1.086083921109093353e-05,1.086083921109093353e-05
2.235316038131713867e+00,2.551046228408813565e+00,2.235327005386352539e+00,2.551057195663452237e+00,7.861444950103759766e-01,8.264972388744353804e-01,9.187142252922058105e-01,9.269016265869141069e-01,3.289222121238708496e-01,5.720844477415084617e-01,1.970780938863754272e-01,2.191672593355178944e-01,4.456993192434310913e-03,6.395623181015252720e-03,1.086327938537579030e-05,1.086327938537579030e-05
2.326756238937377930e+00,2.512740731239318848e+00,2.326767206192016602e+00,2.512751698493957520e+00,8.436233401298522949e-01,8.151090443134307861e-01,9.411638379096984863e-01,9.252181410789489524e-01,3.331679105758666992e-01,5.527381032705307451e-01,2.076717615127563477e-01,2.178021073341369629e-01,1.129420823417603970e-03,1.873310748487711039e-03,1.086314296117052436e-05,1.086314296117052436e-05
2.601794481277465820e+00,2.547719144821166903e+00,2.601805448532104492e+00,2.547730112075805575e+00,8.228337764739990234e-01,8.238549232482910156e-01,9.344702363014221191e-01,9.248542487621307373e-01,6.287807226181030273e-01,5.700778484344481978e-01,2.120867222547531128e-01,2.200870767235755809e-01,3.623356809839606285e-03,8.845022786408663143e-03,1.086182965082116425e-05,1.086182965082116425e-05
2.377662181854248047e+00,2.520258593559264959e+00,2.377673149108886719e+00,2.520269560813903631e+00,8.357927799224853516e-01,8.205153584480285867e-01,9.308617115020751953e-01,9.256402194499969704e-01,3.629597425460815430e-01,5.477472156286239402e-01,2.469197660684585571e-01,2.240280434489250183e-01,1.127924420870840549e-03,2.327683405019342813e-03,1.086253178073093295e-05,1.086253178073093295e-05
2.593053817749023438e+00,2.547840666770935236e+00,2.593064785003662109e+00,2.547851634025573908e+00,8.035648465156555176e-01,8.194741547107696755e-01,9.333091974258422852e-01,9.247574269771575706e-01,5.833808779716491699e-01,5.769291728734969871e-01,2.708968818187713623e-01,2.247007653117179815e-01,1.901948242448270321e-03,1.979125710204243487e-03,1.086436896002851427e-05,1.086436896002851427e-05
2.490993499755859375e+00,2.577516198158264160e+00,2.491004467010498047e+00,2.577527165412902832e+00,8.427906632423400879e-01,8.135246038436889648e-01,9.188289642333984375e-01,9.245203375816345437e-01,5.040867328643798828e-01,6.047869354486465898e-01,2.179477959871292114e-01,2.288507848978042492e-01,7.339374627918004990e-03,5.833570240065455090e-03,1.086433894670335576e-05,1.086433894670335576e-05
2.456606864929199219e+00,2.540781736373901367e+00,2.456617832183837891e+00,2.540792703628540039e+00,7.781237363815307617e-01,8.134470641613006370e-01,8.963428735733032227e-01,9.277133107185363547e-01,5.062851309776306152e-01,5.651771008968353716e-01,2.717511355876922607e-01,2.300525888800621088e-01,4.103816114366054535e-03,4.391645826399326151e-03,1.086453903553774580e-05,1.086453903553774580e-05
2.668118000030517578e+00,2.563849663734436124e+00,2.668128967285156250e+00,2.563860630989074796e+00,8.036257624626159668e-01,8.171142160892486128e-01,9.188684225082397461e-01,9.231059193611145242e-01,7.435716986656188965e-01,5.900050133466721025e-01,1.990425586700439453e-01,2.312290564179420582e-01,3.009577514603734016e-03,2.395459613762795752e-03,1.086925385607173666e-05,1.086925385607173666e-05
2.319241046905517578e+00,2.525461912155151367e+00,2.319252014160156250e+00,2.525472879409790039e+00,8.076461553573608398e-01,8.162485003471374734e-01,9.125679731369018555e-01,9.233582556247711404e-01,3.759300112724304199e-01,5.492883980274200217e-01,2.196743488311767578e-01,2.343213021755218561e-01,3.422563895583152771e-03,2.245482173748314381e-03,1.086923202819889411e-05,1.086923202819889411e-05
2.544196367263793945e+00,2.541550827026367365e+00,2.544207334518432617e+00,2.541561794281006037e+00,7.877767086029052734e-01,8.056968569755553755e-01,9.025359153747558594e-01,9.298368811607360396e-01,5.977894663810729980e-01,5.731627762317657027e-01,2.548611462116241455e-01,2.318440735340118464e-01,1.233088201843202114e-03,1.010278321336954745e-03,1.087109649233752862e-05,1.087109649233752862e-05
2.454229354858398438e+00,2.555878973007202237e+00,2.454240322113037109e+00,2.555889940261840909e+00,7.544789314270019531e-01,8.067047953605651633e-01,9.114538431167602539e-01,9.268220484256743941e-01,6.171451807022094727e-01,5.895898848772048728e-01,1.691595017910003662e-01,2.315240964293479864e-01,1.991892699152231216e-03,1.238110091071575793e-03,1.086904740077443421e-05,1.086904740077443421e-05
2.365603685379028320e+00,2.594498300552368075e+00,2.365614652633666992e+00,2.594509267807006747e+00,8.541765213012695312e-01,8.099707424640655296e-01,9.479413628578186035e-01,9.277691483497619851e-01,3.811824321746826172e-01,6.212178885936736616e-01,1.806454509496688843e-01,2.331034347414970287e-01,1.657962100580334663e-03,2.437038556672632781e-03,1.087309101421851665e-05,1.087309101421851665e-05
2.506367444992065430e+00,2.531317853927612216e+00,2.506378412246704102e+00,2.531328821182250888e+00,7.589160203933715820e-01,8.105089962482452393e-01,9.048603773117065430e-01,9.281999409198761208e-01,5.868449807167053223e-01,5.545376539230346680e-01,2.400627136230468750e-01,2.272244751453399714e-01,1.568349637091159821e-02,1.084680231288075516e-02,1.088035605789627880e-05,1.088035605789627880e-05
2.362161159515380859e+00,2.516455698013305486e+00,2.362172126770019531e+00,2.516466665267944158e+00,7.794858813285827637e-01,8.297187566757202593e-01,8.907145857810974121e-01,9.262876272201537864e-01,3.788930773735046387e-01,5.370108693838119285e-01,3.105407357215881348e-01,2.188549757003784291e-01,2.527109347283840179e-03,4.583454271778464144e-03,1.087666441890178248e-05,1.087666441890178248e-05
2.624611139297485352e+00,2.517586946487426758e+00,2.624622106552124023e+00,2.517597913742065430e+00,8.417262434959411621e-01,8.298023104667663352e-01,9.281449317932128906e-01,9.287763833999633789e-01,6.478317379951477051e-01,5.373418092727660911e-01,2.039478719234466553e-01,2.183292552828788868e-01,2.960477024316787720e-03,3.337210998870432290e-03,1.087526925402926281e-05,1.087526925402926281e-05
2.962074756622314453e+00,2.501393818855285556e+00,2.962085723876953125e+00,2.501404786109924228e+00,7.862948179244995117e-01,8.118758320808410200e-01,9.000980854034423828e-01,9.304977178573607954e-01,1.004624724388122559e+00,5.373444169759750144e-01,2.670182287693023682e-01,2.173366740345955006e-01,4.038712475448846817e-03,4.339168313890695572e-03,1.087613600248005241e-05,1.087613600248005241e-05
2.683200836181640625e+00,2.522780966758728205e+00,2.683211803436279297e+00,2.522791934013366877e+00,7.789691686630249023e-01,8.161209940910338911e-01,8.562299609184265137e-01,9.259603619575500488e-01,7.117285132408142090e-01,5.630668193101883157e-01,3.348482251167297363e-01,2.161009266972541698e-01,1.425053458660840988e-03,1.531837275251746178e-03,1.088030239770887420e-05,1.088030239770887420e-05
2.279002666473388672e+00,2.536361455917358398e+00,2.279013633728027344e+00,2.536372423171997070e+00,7.784001827239990234e-01,8.135428726673126221e-01,9.171458482742309570e-01,9.304840564727783203e-01,4.056391119956970215e-01,5.738747805356979592e-01,1.762237548828125000e-01,2.166554927825927734e-01,1.593849505297839642e-03,1.804239372722804460e-03,1.088073531718691811e-05,1.088073531718691811e-05
2.394457578659057617e+00,2.548280930519104093e+00,2.394468545913696289e+00,2.548291897773742765e+00,8.079221248626708984e-01,8.113900721073150635e-01,9.201228618621826172e-01,9.302344083786010520e-01,4.119979739189147949e-01,5.660552322864532693e-01,2.446094751358032227e-01,2.284249946475029047e-01,9.805049747228622437e-03,1.217620829120278324e-02,1.088466797227738425e-05,1.088466797227738425e-05
2.498958349227905273e+00,2.580004811286926270e+00,2.498969316482543945e+00,2.580015778541564941e+00,8.195897936820983887e-01,8.329946577548981157e-01,9.172837138175964355e-01,9.269847929477691428e-01,4.829141497611999512e-01,5.718106210231781450e-01,2.692591249942779541e-01,2.284555926918983570e-01,9.911509230732917786e-03,1.975920349359512260e-02,1.088379121938487515e-05,1.088379121938487515e-05
2.348670005798339844e+00,2.530191445350646884e+00,2.348680973052978516e+00,2.530202412605285556e+00,7.932264208793640137e-01,8.096105337142944780e-01,9.345361590385437012e-01,9.303913831710814986e-01,4.298410713672637939e-01,5.561917930841445701e-01,1.837552934885025024e-01,2.287570267915725597e-01,7.310973480343818665e-03,5.240662489086389542e-03,1.088827957573812455e-05,1.088827957573812455e-05
2.433026790618896484e+00,2.580694556236267090e+00,2.433037757873535156e+00,2.580705523490905762e+00,8.326792716979980469e-01,8.347160398960113969e-01,9.631418585777282715e-01,9.319111347198486550e-01,4.224340021610260010e-01,5.754778712987900224e-01,2.092157602310180664e-01,2.286601901054382269e-01,5.555517040193080902e-03,9.929255116730928421e-03,1.088462704501580447e-05,1.088462704501580447e-05
2.281937360763549805e+00,2.543966126441955744e+00,2.281948328018188477e+00,2.543977093696594416e+00,7.775635719299316406e-01,8.106679141521453413e-01,9.468927979469299316e-01,9.310446798801421675e-01,4.057226181030273438e-01,5.714475363492965698e-01,1.499340832233428955e-01,2.291939318180084284e-01,1.824401319026947021e-03,1.612149109132587953e-03,1.088200315280118957e-05,1.088200315280118957e-05
2.405710697174072266e+00,2.573014378547668457e+00,2.405721664428710938e+00,2.573025345802307129e+00,8.026289939880371094e-01,8.172714531421660933e-01,9.507333636283874512e-01,9.338735103607177512e-01,3.918538093566894531e-01,5.872123301029205100e-01,2.572629451751708984e-01,2.305376857519149669e-01,3.231513546779751778e-03,4.119348619133234371e-03,1.088051612896379083e-05,1.088051612896379083e-05
2.367284297943115234e+00,2.526027679443359375e+00,2.367295265197753906e+00,2.526038646697998047e+00,8.055413365364074707e-01,8.188290774822235552e-01,8.619915246963500977e-01,9.277736723423004594e-01,3.969697058200836182e-01,5.453559994697571023e-01,2.985704541206359863e-01,2.311018109321594238e-01,4.211131483316421509e-03,2.967111789621412667e-03,1.087834607460536063e-05,1.087834607460536063e-05
3.073395252227783203e+00,2.544901657104492010e+00,3.073406219482421875e+00,2.544912624359130682e+00,8.346119523048400879e-01,8.122447967529297097e-01,9.663431048393249512e-01,9.274028599262237327e-01,1.044162631034851074e+00,5.704451471567153487e-01,2.270476073026657104e-01,2.331587523221969604e-01,1.229975256137549877e-03,1.650099596008658366e-03,1.087147211364936084e-05,1.087147211364936084e-05
2.346907138824462891e+00,2.549320244789123446e+00,2.346918106079101562e+00,2.549331212043762118e+00,8.035749793052673340e-01,8.111704051494598167e-01,9.295270442962646484e-01,9.249679148197174072e-01,3.723069429397583008e-01,5.792536407709121260e-01,2.397424429655075073e-01,2.325297832489013616e-01,1.755493809469044209e-03,1.398504944518208504e-03,1.087338114302838221e-05,1.087338114302838221e-05
2.579572200775146484e+00,2.558335924148559481e+00,2.579583168029785156e+00,2.558346891403198153e+00,8.280346393585205078e-01,8.142663300037383811e-01,9.119299054145812988e-01,9.274669349193572776e-01,6.253032684326171875e-01,5.835714370012283769e-01,2.126079201698303223e-01,2.316918015480041448e-01,1.696662977337837219e-03,1.339373167138546749e-03,1.087251894205110148e-05,1.087251894205110148e-05
2.366936206817626953e+00,2.549462103843688876e+00,2.366947174072265625e+00,2.549473071098327548e+00,8.300908207893371582e-01,8.164022266864776611e-01,9.481629729270935059e-01,9.252261579036712424e-01,3.821149766445159912e-01,5.768707215785979781e-01,2.008670419454574585e-01,2.254749432206153981e-01,5.700265523046255112e-03,5.488045187667012562e-03,1.087621149054029956e-05,1.087621149054029956e-05
2.340753793716430664e+00,2.524119234085083097e+00,2.340764760971069336e+00,2.524130201339721769e+00,8.223637342453002930e-01,8.203004658222198264e-01,9.464324116706848145e-01,9.261286020278930442e-01,3.892880082130432129e-01,5.493942856788635032e-01,1.796490550041198730e-01,2.251591116189956554e-01,3.020511241629719734e-03,3.136783908121287996e-03,1.087670898414216936e-05,1.087670898414216936e-05
3.227699279785156250e+00,2.533230042457580655e+00,3.227710247039794922e+00,2.533241009712219327e+00,8.351175785064697266e-01,8.161655247211456743e-01,8.971053361892700195e-01,9.251381933689117876e-01,1.196803212165832520e+00,5.615743845701217651e-01,2.956725656986236572e-01,2.267305746674537770e-01,3.000441472977399826e-03,3.621386247687041759e-03,1.087018881662515923e-05,1.087018881662515923e-05
2.406774282455444336e+00,2.533693337440490634e+00,2.406785249710083008e+00,2.533704304695129306e+00,8.402652144432067871e-01,8.179718434810638872e-01,9.675748944282531738e-01,9.245350599288940652e-01,3.857741951942443848e-01,5.577835917472839800e-01,2.086818665266036987e-01,2.279421001672744806e-01,4.478104412555694580e-03,5.460710637271404613e-03,1.087447708414401859e-05,1.087447708414401859e-05
2.365653038024902344e+00,2.518550944328308283e+00,2.365664005279541016e+00,2.518561911582946955e+00,8.208010196685791016e-01,8.115056097507477029e-01,8.851923346519470215e-01,9.240161657333374468e-01,3.808835446834564209e-01,5.535584002733230369e-01,2.776418328285217285e-01,2.284260421991348156e-01,1.134478487074375153e-03,1.044728484703227834e-03,1.087496093532536179e-05,1.087496093532536179e-05
2.253917932510375977e+00,2.536644053459167658e+00,2.253928899765014648e+00,2.536655020713806330e+00,7.710002064704895020e-01,8.091820240020751731e-01,9.174258708953857422e-01,9.275801360607147661e-01,3.847923874855041504e-01,5.704663336277008279e-01,1.785920113325119019e-01,2.277985662221908569e-01,2.107681473717093468e-03,1.617007632739842025e-03,1.087826240109279752e-05,1.087826240109279752e-05
2.353391170501708984e+00,2.574450230598449796e+00,2.353402137756347656e+00,2.574461197853088468e+00,8.243982195854187012e-01,8.080745816230774370e-01,9.327972531318664551e-01,9.422399580478668657e-01,4.121759831905364990e-01,5.920003294944763406e-01,1.803887337446212769e-01,2.293386459350585938e-01,3.631117288023233414e-03,2.796697197481989861e-03,1.087917371478397399e-05,1.087917371478397399e-05
2.398906946182250977e+00,2.572819375991821200e+00,2.398917913436889648e+00,2.572830343246459872e+00,7.733086943626403809e-01,8.163931787014007124e-01,9.186581969261169434e-01,9.283292949199676292e-01,4.360077083110809326e-01,5.936478495597838911e-01,2.688540518283843994e-01,2.313750505447387806e-01,2.078258665278553963e-03,3.074055607430637056e-03,1.088602857635123655e-05,1.088602857635123655e-05
2.512511253356933594e+00,2.547247314453124911e+00,2.512522220611572266e+00,2.547258281707763583e+00,8.429657220840454102e-01,8.112969100475311279e-01,9.204559326171875000e-01,9.267914891242980957e-01,4.287303388118743896e-01,5.778879284858703391e-01,3.193743824958801270e-01,2.298661604523658808e-01,9.848980698734521866e-04,1.404838496819138614e-03,1.088037151930620894e-05,1.088037151930620894e-05
2.602931022644042969e+00,2.535209012031555353e+00,2.602941989898681641e+00,2.535219979286194025e+00,7.528022527694702148e-01,8.096190452575683372e-01,8.871366381645202637e-01,9.287051022052764671e-01,7.305268645286560059e-01,5.662821322679519875e-01,2.306776046752929688e-01,2.291845768690109197e-01,1.787732238881289959e-03,1.418109063524752812e-03,1.087690634449245408e-05,1.087690634449245408e-05
2.400291442871093750e+00,2.555947232246398748e+00,2.400302410125732422e+00,2.555958199501037420e+00,7.973064184188842773e-01,8.149979948997497781e-01,9.062357544898986816e-01,9.257553994655609575e-01,4.141221940517425537e-01,5.842621445655822310e-01,2.805069684982299805e-01,2.289340257644653376e-01,2.119998913258314133e-03,1.997568388469517318e-03,1.088217686628922820e-05,1.088217686628922820e-05
2.449421882629394531e+00,2.583505129814148038e+00,2.449432849884033203e+00,2.583516097068786710e+00,8.246395587921142578e-01,8.117514729499817339e-01,9.124896526336669922e-01,9.356845855712890847e-01,4.421668052673339844e-01,5.970018327236175093e-01,2.654320597648620605e-01,2.362439379096031300e-01,4.693837836384773254e-03,2.823225874453783209e-03,1.088282260752748698e-05,1.088282260752748698e-05
2.604393005371093750e+00,2.607957291603088201e+00,2.604403972625732422e+00,2.607968258857726873e+00,8.200495243072509766e-01,8.082093656063079612e-01,9.261116981506347656e-01,9.283124029636382613e-01,6.107338666915893555e-01,6.237811148166656494e-01,2.446133792400360107e-01,2.453947767615318187e-01,2.884705550968647003e-03,2.259636018425226385e-03,1.090618479793192819e-05,1.090618479793192819e-05
2.389749050140380859e+00,2.604764437675476163e+00,2.389760017395019531e+00,2.604775404930114835e+00,7.979891896247863770e-01,8.110715508460998313e-01,9.536296129226684570e-01,9.291886866092682329e-01,4.457181394100189209e-01,6.181497871875762939e-01,1.905299723148345947e-01,2.443964660167693981e-01,1.881991396658122540e-03,1.957913557998835867e-03,1.090973546524764970e-05,1.090973546524764970e-05
2.359389305114746094e+00,2.607699084281921209e+00,2.359400272369384766e+00,2.607710051536559881e+00,7.948860526084899902e-01,8.129919707775116189e-01,9.432275295257568359e-01,9.263984501361847146e-01,4.468322694301605225e-01,6.213400185108184370e-01,1.704634875059127808e-01,2.438199445605278015e-01,3.979858942329883575e-03,3.148725908249616796e-03,1.091542071662843227e-05,1.091542071662843227e-05
2.544132232666015625e+00,2.630192399024963379e+00,2.544143199920654297e+00,2.630203366279602051e+00,8.477597236633300781e-01,8.133129596710204634e-01,9.242216348648071289e-01,9.280751287937164529e-01,4.667159914970397949e-01,6.397001445293426514e-01,3.040540814399719238e-01,2.472601011395454407e-01,1.380813075229525566e-03,1.844081212766468525e-03,1.091680496756453067e-05,1.091680496756453067e-05
2.711251735687255859e+00,2.646163320541381925e+00,2.711262702941894531e+00,2.646174287796020597e+00,7.822481989860534668e-01,8.127019882202148882e-01,9.453974962234497070e-01,9.297901988029479980e-01,7.428542375564575195e-01,6.529319524765014870e-01,2.389091849327087402e-01,2.473320454359054510e-01,1.842594356276094913e-03,3.407110786065459338e-03,1.091597187041770667e-05,1.091597187041770667e-05
2.481842756271362305e+00,2.596432447433471680e+00,2.481853723526000977e+00,2.596443414688110352e+00,8.147799968719482422e-01,8.090269804000854714e-01,9.422399997711181641e-01,9.288741588592529519e-01,5.151931047439575195e-01,6.105643689632416216e-01,2.058312445878982544e-01,2.450957387685775701e-01,3.798409365117549896e-03,2.871190314181149006e-03,1.091508693207288161e-05,1.091508693207288161e-05
2.492746829986572266e+00,2.602482271194458185e+00,2.492757797241210938e+00,2.602493238449096857e+00,8.024128675460815430e-01,8.076879262924194780e-01,9.280123114585876465e-01,9.265242457389831765e-01,4.322343468666076660e-01,6.214237451553344949e-01,3.288266658782958984e-01,2.449090465903282221e-01,1.260698540136218071e-03,1.937290013302117586e-03,1.091365174943348393e-05,1.091365174943348393e-05
2.434576749801635742e+00,2.631329178810119629e+00,2.434587717056274414e+00,2.631340146064758301e+00,8.415626883506774902e-01,8.174292087554931863e-01,9.240960478782653809e-01,9.264952957630157027e-01,4.184750914573669434e-01,6.401080965995789018e-01,2.490451335906982422e-01,2.452958434820175226e-01,1.397857093252241611e-03,2.000754082109779033e-03,1.091039575840113685e-05,1.091039575840113685e-05
2.300034999847412109e+00,2.626269078254699796e+00,2.300045967102050781e+00,2.626280045509338468e+00,7.739293575286865234e-01,8.209460020065307839e-01,9.197391271591186523e-01,9.248520731925964355e-01,3.977872729301452637e-01,6.294161319732666238e-01,2.047711908817291260e-01,2.482744202017784230e-01,3.808022243902087212e-03,2.780500962398946112e-03,1.091393187380162999e-05,1.091393187380162999e-05
2.890940189361572266e+00,2.660448622703552424e+00,2.890951156616210938e+00,2.660459589958191096e+00,7.713329792022705078e-01,8.154644846916199175e-01,8.889124989509582520e-01,9.276019394397735374e-01,9.222708940505981445e-01,6.592987716197967751e-01,3.050965964794158936e-01,2.556428626179695351e-01,3.327389014884829521e-03,2.440587175078689965e-03,1.090987188945291564e-05,1.090987188945291564e-05
2.414355754852294922e+00,2.628143811225891024e+00,2.414366722106933594e+00,2.628154778480529696e+00,8.252599835395812988e-01,8.101696431636810081e-01,9.228876233100891113e-01,9.248694479465484619e-01,4.234644472599029541e-01,6.329391658306121604e-01,2.387648820877075195e-01,2.554331690073013417e-01,3.978801891207695007e-03,4.732395894825458874e-03,1.090761725208722055e-05,1.090761725208722055e-05
2.357497453689575195e+00,2.644823217391967685e+00,2.357508420944213867e+00,2.644834184646606356e+00,8.116758465766906738e-01,8.152644097805022971e-01,9.517541527748107910e-01,9.248345255851745383e-01,4.085362553596496582e-01,6.495328962802886519e-01,1.846762448549270630e-01,2.532777607440948597e-01,8.549233898520469666e-04,1.913663093000650493e-03,1.090643581846961752e-05,1.090643581846961752e-05
2.365178346633911133e+00,2.628129363059997559e+00,2.365189313888549805e+00,2.628140330314636230e+00,7.558210492134094238e-01,8.177448332309722456e-01,9.014391303062438965e-01,9.385665237903595415e-01,3.988606929779052734e-01,6.138563930988312212e-01,3.072163462638854980e-01,2.551870405673980491e-01,1.841149525716900826e-03,2.774634561501443213e-03,1.090722435037605464e-05,1.090722435037605464e-05
2.393936157226562500e+00,2.633698868751525701e+00,2.393947124481201172e+00,2.633709836006164373e+00,8.038737773895263672e-01,8.138288557529449463e-01,9.132879376411437988e-01,9.210551738739013450e-01,4.153716564178466797e-01,6.305572926998138650e-01,2.521618008613586426e-01,2.620890825986862405e-01,9.240984916687011719e-03,6.168455164879560297e-03,1.090847581508569419e-05,1.090847581508569419e-05
2.399645328521728516e+00,2.651928162574768155e+00,2.399656295776367188e+00,2.651939129829406827e+00,8.028417229652404785e-01,8.144735634326935036e-01,8.819520473480224609e-01,9.215687572956084983e-01,4.141895174980163574e-01,6.443568706512451394e-01,2.921619713306427002e-01,2.642797619104385598e-01,8.500122465193271637e-03,7.249213568866252726e-03,1.090650675905635580e-05,1.090650675905635580e-05
2.464296340942382812e+00,2.626562595367431641e+00,2.464307308197021484e+00,2.626573562622070312e+00,8.086431026458740234e-01,8.080058634281158669e-01,9.254691600799560547e-01,9.240224599838257058e-01,4.187575876712799072e-01,6.259816706180572066e-01,3.081131279468536377e-01,2.656329154968261608e-01,3.313262946903705597e-03,2.919665887020528316e-03,1.089986926672281697e-05,1.089986926672281697e-05
2.793476343154907227e+00,2.632086801528930486e+00,2.793487310409545898e+00,2.632097768783569158e+00,8.382750153541564941e-01,8.079155862331390825e-01,9.013517498970031738e-01,9.232623219490051492e-01,7.587279081344604492e-01,6.346166849136352095e-01,2.886938154697418213e-01,2.599432826042175071e-01,6.427851971238851547e-03,6.348879542201757431e-03,1.089830038836225867e-05,1.089830038836225867e-05
2.382890462875366211e+00,2.641984272003173650e+00,2.382901430130004883e+00,2.641995239257812322e+00,8.131453394889831543e-01,8.115953981876373735e-01,9.548059105873107910e-01,9.229357659816741499e-01,4.415924251079559326e-01,6.449090063571929488e-01,1.709544062614440918e-01,2.593993723392486461e-01,2.392243826761841774e-03,3.144703502766787832e-03,1.089950910682091489e-05,1.089950910682091489e-05
2.398316860198974609e+00,2.646990084648132235e+00,2.398327827453613281e+00,2.647001051902770907e+00,7.957382798194885254e-01,8.081905782222748025e-01,9.526674151420593262e-01,9.289979159832000288e-01,4.279601573944091797e-01,6.470697581768035667e-01,2.173234522342681885e-01,2.584783911705016979e-01,4.627449903637170792e-03,4.253479652106761932e-03,1.089316174329724163e-05,1.089316174329724163e-05
2.473459959030151367e+00,2.653388667106628240e+00,2.473470926284790039e+00,2.653399634361266912e+00,8.093420267105102539e-01,8.202286541461945024e-01,9.362308382987976074e-01,9.243134260177612305e-01,4.920635223388671875e-01,6.416464269161223921e-01,2.260242104530334473e-01,2.552499711513519509e-01,9.799594059586524963e-03,1.195022063329815795e-02,1.090445039153564721e-05,1.090445039153564721e-05
4.713013648986816406e+00,2.649124097824096857e+00,4.713024616241455078e+00,2.649135065078735529e+00,8.043409585952758789e-01,8.275368094444275346e-01,9.300670027732849121e-01,9.267935335636139360e-01,2.746153831481933594e+00,6.373471677303313987e-01,2.283511757850646973e-01,2.521642491221428029e-01,4.100841004401445389e-03,5.282391002401709904e-03,1.090317437046905980e-05,1.090317437046905980e-05
2.606976747512817383e+00,2.617473959922790527e+00,2.606987714767456055e+00,2.617484927177429199e+00,8.594636917114257812e-01,8.114826142787933128e-01,9.247460365295410156e-01,9.241797685623168723e-01,5.863159298896789551e-01,6.294104516506194846e-01,2.342893183231353760e-01,2.496574118733406178e-01,2.161640906706452370e-03,2.743661822751164610e-03,1.090239493350964040e-05,1.090239493350964040e-05
2.410751819610595703e+00,2.620882844924926847e+00,2.410762786865234375e+00,2.620893812179565519e+00,8.100960850715637207e-01,8.102911949157715066e-01,9.598040580749511719e-01,9.274180889129638450e-01,4.512980878353118896e-01,6.339873075485229492e-01,1.883516907691955566e-01,2.475818797945976146e-01,1.202192972414195538e-03,1.604360307101160244e-03,1.090460318664554507e-05,1.090460318664554507e-05
2.747033357620239258e+00,2.618652391433715643e+00,2.747044324874877930e+00,2.618663358688354315e+00,8.327152729034423828e-01,8.177034080028533491e-01,9.161801338195800781e-01,9.259950160980224831e-01,7.708870768547058105e-01,6.243864834308624490e-01,2.247571051120758057e-01,2.481456130743026622e-01,2.493523992598056793e-03,2.421833807602524757e-03,1.090295427275123075e-05,1.090295427275123075e-05
2.505535840988159180e+00,2.647764968872070135e+00,2.505546808242797852e+00,2.647775936126708807e+00,8.014026880264282227e-01,8.181343317031860574e-01,9.050068855285644531e-01,9.260431051254272017e-01,4.474919736385345459e-01,6.520046114921569380e-01,3.496070802211761475e-01,2.486631244421005360e-01,2.027221722528338432e-03,2.919830940663814631e-03,1.090627210942329839e-05,1.090627210942329839e-05
2.415560245513916016e+00,2.608905005455016912e+00,2.415571212768554688e+00,2.608915972709655584e+00,7.842842340469360352e-01,8.075582623481750710e-01,9.214642047882080078e-01,9.279011726379394753e-01,4.533113241195678711e-01,6.217914581298827903e-01,2.544464468955993652e-01,2.494579538702964838e-01,2.053919248282909393e-03,2.196170738898217678e-03,1.089973375201225281e-05,1.089973375201225281e-05
2.405683517456054688e+00,2.627824711799621404e+00,2.405694484710693359e+00,2.627835679054260076e+00,7.906197309494018555e-01,8.086416721343994141e-01,8.937486410140991211e-01,9.271590113639831543e-01,4.668520987033843994e-01,6.374083518981933372e-01,2.527743279933929443e-01,2.530929952859878318e-01,1.688766758888959885e-03,1.522751862648874565e-03,1.089375200535869226e-05,1.089375200535869226e-05
2.622331857681274414e+00,2.645055699348449529e+00,2.622342824935913086e+00,2.645066666603088201e+00,8.187699913978576660e-01,8.092279314994812456e-01,9.144376516342163086e-01,9.240207612514496072e-01,6.076588630676269531e-01,6.542060315608978494e-01,2.801037132740020752e-01,2.560421437025069968e-01,1.361518749035894871e-03,1.558824779931455894e-03,1.090362002287292853e-05,1.090362002287292853e-05
2.589316129684448242e+00,2.659292936325073242e+00,2.589327096939086914e+00,2.659303903579711914e+00,7.392610907554626465e-01,8.139940798282623291e-01,8.873257637023925781e-01,9.283844172954559548e-01,6.570106148719787598e-01,6.551946759223937766e-01,3.027497231960296631e-01,2.584109455347061157e-01,2.969090593978762627e-03,3.308810805901884859e-03,1.091142439690884203e-05,1.091142439690884203e-05
2.639502286911010742e+00,2.653033709526062101e+00,2.639513254165649414e+00,2.653044676780700772e+00,7.832536697387695312e-01,8.104711949825287309e-01,8.932347297668457031e-01,9.243044376373290572e-01,6.124385595321655273e-01,6.569296181201934592e-01,3.497044146060943604e-01,2.592150926589965598e-01,8.707481320016086102e-04,2.113433205522596836e-03,1.091073318093549460e-05,1.091073318093549460e-05
2.385255336761474609e+00,2.631191515922546298e+00,2.385266304016113281e+00,2.631202483177184970e+00,7.788250446319580078e-01,8.097445845603943315e-01,9.003377556800842285e-01,9.229350686073303223e-01,4.534883499145507812e-01,6.355747759342194048e-01,2.510248422622680664e-01,2.610296398401260598e-01,1.579336123540997505e-03,1.907481846865266648e-03,1.089976467483211309e-05,1.089976467483211309e-05
2.473405838012695312e+00,2.623251628875732600e+00,2.473416805267333984e+00,2.623262596130371271e+00,8.179425001144409180e-01,8.046024620532989946e-01,9.418323040008544922e-01,9.250464916229248491e-01,4.657492339611053467e-01,6.305179953575134055e-01,2.466934919357299805e-01,2.618057191371917503e-01,1.188339665532112122e-03,1.278933137655258179e-03,1.089358374883886427e-05,1.089358374883886427e-05
2.401809692382812500e+00,2.655160284042358487e+00,2.401820659637451172e+00,2.655171251296997159e+00,7.783230543136596680e-01,8.083053529262542725e-01,9.243948459625244141e-01,9.211787104606627974e-01,4.460219144821166992e-01,6.465081036090850608e-01,2.459047734737396240e-01,2.673335433006286399e-01,7.165128830820322037e-03,1.183465616777539323e-02,1.090493879019049928e-05,1.090493879019049928e-05
2.489168405532836914e+00,2.689991116523742676e+00,2.489179372787475586e+00,2.690002083778381348e+00,8.224061131477355957e-01,8.134579300880432351e-01,9.248034954071044922e-01,9.223624825477599876e-01,4.320423901081085205e-01,6.797193169593811479e-01,3.069334626197814941e-01,2.708329379558563343e-01,2.983050886541604996e-03,3.618491464294493198e-03,1.090508339984808117e-05,1.090508339984808117e-05
2.394159317016601562e+00,2.666897225379943670e+00,2.394170284271240234e+00,2.666908192634582342e+00,8.045219182968139648e-01,8.071649730205535667e-01,9.151461720466613770e-01,9.232245624065399392e-01,4.180213212966918945e-01,6.626939356327057329e-01,2.532335817813873291e-01,2.711037486791610940e-01,3.236062591895461082e-03,2.709994907490909100e-03,1.090658861357951537e-05,1.090658861357951537e-05
2.532108783721923828e+00,2.662055611610412598e+00,2.532119750976562500e+00,2.662066578865051270e+00,8.163921833038330078e-01,8.075211107730865256e-01,9.376863241195678711e-01,9.350014805793762651e-01,4.778742492198944092e-01,6.441624701023102029e-01,2.977919578552246094e-01,2.730381280183792336e-01,2.364121144637465477e-03,2.332432102411985311e-03,1.090266778192017227e-05,1.090266778192017227e-05
2.547107696533203125e+00,2.654019427299499689e+00,2.547118663787841797e+00,2.654030394554138361e+00,8.295560479164123535e-01,8.071921408176422341e-01,9.363369941711425781e-01,9.225132286548614058e-01,4.856663346290588379e-01,6.421644091606140137e-01,2.925145328044891357e-01,2.787677943706512451e-01,3.033917862921953201e-03,3.381818113848566835e-03,1.091214016923913732e-05,1.091214016923913732e-05
2.841315269470214844e+00,2.647747230529785334e+00,2.841326236724853516e+00,2.647758197784424006e+00,8.184699416160583496e-01,8.060659170150756836e-01,8.930326700210571289e-01,9.255319952964782271e-01,7.659492492675781250e-01,6.333838343620300515e-01,3.623938560485839844e-01,2.810019969940185658e-01,1.469546114094555378e-03,1.763534045312553601e-03,1.091694866772741079e-05,1.091694866772741079e-05
2.486302852630615234e+00,2.684074068069457919e+00,2.486313819885253906e+00,2.684085035324096591e+00,8.160385489463806152e-01,8.188847064971923606e-01,9.125467538833618164e-01,9.215915262699126975e-01,4.758855402469635010e-01,6.485781192779540572e-01,2.723888754844665527e-01,2.836288362741470337e-01,9.443092159926891327e-03,1.139093181118369137e-02,1.090683235815959051e-05,1.090683235815959051e-05
2.584110736846923828e+00,2.655813694000244141e+00,2.584121704101562500e+00,2.655824661254882812e+00,8.588565587997436523e-01,8.106287539005279097e-01,9.474928975105285645e-01,9.246711015701294389e-01,4.896226823329925537e-01,6.314690411090850830e-01,2.865817844867706299e-01,2.870519727468490712e-01,1.556905917823314667e-03,1.992794976104050875e-03,1.091097510652616620e-05,1.091097510652616620e-05
2.630494832992553711e+00,2.646448993682861239e+00,2.630505800247192383e+00,2.646459960937499911e+00,8.143201470375061035e-01,8.090447485446929932e-01,8.913686871528625488e-01,9.222162961959838867e-01,5.619434714317321777e-01,6.225928962230682373e-01,3.585001528263092041e-01,2.867729097604751476e-01,4.362251609563827515e-03,5.822100723162293261e-03,1.091169724531937391e-05,1.091169724531937391e-05
2.667411327362060547e+00,2.652446627616882324e+00,2.667422294616699219e+00,2.652457594871520996e+00,8.176260590553283691e-01,8.076718270778655562e-01,9.458732604980468750e-01,9.207947969436645064e-01,6.261370778083801270e-01,6.308122158050537553e-01,2.738132476806640625e-01,2.886195957660674938e-01,3.961841110140085220e-03,4.548179870471358473e-03,1.091208014258882031e-05,1.091208014258882031e-05
2.549227952957153320e+00,2.645102715492248624e+00,2.549238920211791992e+00,2.645113682746887296e+00,7.962384819984436035e-01,8.067602455615997536e-01,9.110375046730041504e-01,9.292970359325408714e-01,4.581927359104156494e-01,6.160482883453368697e-01,3.785110414028167725e-01,2.877833515405655018e-01,5.248411558568477631e-03,5.213734274730086153e-03,1.090557179850293323e-05,1.090557179850293323e-05
2.440146684646606445e+00,2.636427950859070002e+00,2.440157651901245117e+00,2.636438918113708674e+00,8.353775739669799805e-01,8.026488780975341575e-01,9.442948698997497559e-01,9.262108385562897173e-01,4.678755700588226318e-01,6.267450988292694314e-01,1.884637922048568726e-01,2.763301730155944824e-01,4.135227762162685394e-03,4.492944898083805691e-03,1.089964189304737374e-05,1.089964189304737374e-05
6.122117996215820312e+00,2.644918870925903498e+00,6.122128963470458984e+00,2.644929838180542170e+00,7.462069988250732422e-01,8.078283369541168213e-01,9.014099836349487305e-01,9.229529976844788042e-01,4.203638076782226562e+00,6.353210747241974099e-01,2.677355110645294189e-01,2.763214409351348877e-01,3.127684816718101501e-03,2.495089382864535028e-03,1.090128898795228451e-05,1.090128898795228451e-05
2.450709581375122070e+00,2.656336236000060858e+00,2.450720548629760742e+00,2.656347203254699529e+00,7.484542131423950195e-01,8.098457336425781694e-01,9.215211272239685059e-01,9.223929822444916216e-01,4.705040752887725830e-01,6.353235185146332009e-01,3.078632652759552002e-01,2.821149319410324319e-01,2.367062959820032120e-03,6.659016292542218989e-03,1.090476598619716242e-05,1.090476598619716242e-05
2.992192745208740234e+00,2.631857752799987793e+00,2.992203712463378906e+00,2.631868720054626465e+00,8.063657283782958984e-01,8.055649399757385254e-01,9.282515048980712891e-01,9.202246248722076860e-01,1.015663385391235352e+00,6.217779338359832320e-01,2.387779802083969116e-01,2.808131635189056174e-01,3.134140511974692345e-03,3.477058070711791342e-03,1.090455771191045642e-05,1.090455771191045642e-05
2.562365770339965820e+00,2.665507054328918546e+00,2.562376737594604492e+00,2.665518021583557218e+00,8.616006374359130859e-01,8.077063858509063721e-01,9.322511553764343262e-01,9.310495555400848389e-01,4.622650146484375000e-01,6.413533091545104980e-01,3.035744726657867432e-01,2.828104764223098866e-01,2.674372168257832527e-03,2.587339282035827550e-03,1.090225032385205850e-05,1.090225032385205850e-05
2.826970815658569336e+00,2.646446084976196378e+00,2.826981782913208008e+00,2.646457052230835050e+00,7.398056387901306152e-01,8.067709028720855269e-01,9.171230792999267578e-01,9.187534213066100852e-01,9.407014250755310059e-01,6.333629786968231201e-01,2.234639227390289307e-01,2.829822778701782116e-01,5.876508541405200958e-03,4.576518852263689215e-03,1.090293972083600238e-05,1.090293972083600238e-05
2.527675151824951172e+00,2.684316706657409846e+00,2.527686119079589844e+00,2.684327673912048517e+00,8.404769897460937500e-01,8.034874856472015159e-01,9.260951280593872070e-01,9.209300875663757324e-01,4.442348778247833252e-01,6.731317162513732466e-01,3.156605958938598633e-01,2.854858636856079102e-01,1.207422465085983276e-03,1.281578093767166138e-03,1.090547448256984353e-05,1.090547448256984353e-05
3.054150819778442383e+00,2.672154855728149592e+00,3.054161787033081055e+00,2.672165822982788264e+00,8.230412006378173828e-01,8.059049308300018089e-01,9.184317588806152344e-01,9.173324465751647727e-01,9.750707745552062988e-01,6.588420331478118674e-01,3.346859514713287354e-01,2.866349458694458230e-01,2.921197097748517990e-03,3.440569248050451365e-03,1.089903435058658943e-05,1.089903435058658943e-05
2.359384059906005859e+00,2.653862619400024325e+00,2.359395027160644531e+00,2.653873586654662997e+00,7.868121862411499023e-01,8.044582188129425493e-01,9.046456217765808105e-01,9.236576557159423828e-01,4.237513542175292969e-01,6.393034338951111284e-01,2.421060949563980103e-01,2.849641233682632668e-01,2.068816451355814934e-03,1.479239191394299312e-03,1.089385841623879969e-05,1.089385841623879969e-05
3.135789394378662109e+00,2.654670643806457342e+00,3.135800361633300781e+00,2.654681611061096014e+00,8.081575036048889160e-01,8.114828050136566606e-01,9.041929841041564941e-01,9.224626600742340532e-01,1.089775562286376953e+00,6.303739905357360618e-01,3.284381330013275146e-01,2.845088481903076394e-01,5.225342698395252228e-03,5.842296592891216452e-03,1.089244233298813924e-05,1.089244233298813924e-05
2.774694204330444336e+00,2.650999021530151545e+00,2.774705171585083008e+00,2.651009988784790217e+00,8.155103325843811035e-01,8.052584111690521684e-01,9.258300662040710449e-01,9.191749989986419678e-01,7.599495053291320801e-01,6.359486281871795654e-01,2.638151645660400391e-01,2.845711261034011841e-01,9.589281864464282990e-03,6.045816931873559952e-03,1.089732086256844923e-05,1.089732086256844923e-05
2.364623785018920898e+00,2.632744693756103427e+00,2.364634752273559570e+00,2.632755661010742099e+00,7.592514753341674805e-01,8.063230156898498757e-01,9.096093773841857910e-01,9.191334068775176558e-01,3.908462524414062500e-01,6.206333458423614058e-01,3.035404086112976074e-01,2.847142070531845093e-01,1.376135973259806633e-03,1.940780633594840678e-03,1.089947636501165107e-05,1.089947636501165107e-05
2.379528999328613281e+00,2.674108624458312988e+00,2.379539966583251953e+00,2.674119591712951660e+00,8.110240697860717773e-01,8.111083567142486350e-01,9.068830013275146484e-01,9.171095609664916548e-01,3.746142983436584473e-01,6.578379750251770464e-01,2.832205891609191895e-01,2.850067764520645142e-01,3.787054913118481636e-03,3.046038723550736731e-03,1.088887893274659291e-05,1.088887893274659291e-05
2.496222734451293945e+00,2.664373326301574529e+00,2.496233701705932617e+00,2.664384293556213201e+00,8.179949522018432617e-01,8.129421532154083030e-01,9.375723004341125488e-01,9.383209526538849321e-01,4.632727801799774170e-01,6.323966622352600320e-01,2.732140123844146729e-01,2.744987398386001809e-01,4.168615210801362991e-03,6.214822875335812569e-03,1.089260149456094950e-05,1.089260149456094950e-05
2.490797281265258789e+00,2.627718806266784668e+00,2.490808248519897461e+00,2.627729773521423340e+00,8.083484172821044922e-01,8.096377193927765115e-01,9.423604011535644531e-01,9.257592082023620161e-01,4.610544741153717041e-01,6.179843485355377419e-01,2.773252129554748535e-01,2.704367429018020852e-01,1.708661322481930256e-03,3.900765068829059688e-03,1.091086323867784813e-05,1.091086323867784813e-05
2.326397895812988281e+00,2.653968501091003240e+00,2.326408863067626953e+00,2.653979468345641912e+00,7.657045722007751465e-01,8.084030807018279807e-01,8.932377696037292480e-01,9.241343200206756370e-01,4.499413073062896729e-01,6.465526998043060747e-01,2.078779935836791992e-01,2.709666013717651478e-01,9.636390954256057739e-03,3.911844268441200083e-03,1.091669491870561615e-05,1.091669491870561615e-05
2.793992996215820312e+00,2.633221435546874822e+00,2.794003963470458984e+00,2.633232402801513494e+00,7.834158539772033691e-01,8.041185379028320535e-01,9.057146310806274414e-01,9.254334151744842973e-01,7.786026000976562500e-01,6.278194487094879150e-01,3.220284879207611084e-01,2.713860988616943470e-01,4.231543745845556259e-03,4.463954782113433058e-03,1.091204921976896003e-05,1.091204921976896003e-05
2.449600934982299805e+00,2.639507317543029696e+00,2.449611902236938477e+00,2.639518284797668368e+00,7.449097037315368652e-01,8.133786976337432639e-01,8.774154782295227051e-01,9.227057874202728716e-01,5.175113677978515625e-01,6.257574081420897993e-01,3.041426837444305420e-01,2.738830536603927834e-01,5.621780175715684891e-03,3.782359906472265634e-03,1.091252670448739082e-05,1.091252670448739082e-05
2.521963357925415039e+00,2.640502762794494807e+00,2.521974325180053711e+00,2.640513730049133478e+00,8.511221408843994141e-01,8.106419384479522927e-01,9.321896433830261230e-01,9.221675336360931619e-01,4.426708519458770752e-01,6.277227878570557085e-01,2.943734228610992432e-01,2.778651833534240834e-01,1.607192098163068295e-03,2.105290116742253130e-03,1.091260310204233974e-05,1.091260310204233974e-05
2.882641792297363281e+00,2.647692489624023260e+00,2.882652759552001953e+00,2.647703456878661932e+00,7.624635100364685059e-01,8.030557453632354292e-01,8.894892930984497070e-01,9.232085227966309038e-01,8.478652238845825195e-01,6.495271503925323930e-01,3.806928098201751709e-01,2.701211065053940041e-01,2.131165005266666412e-03,1.779975963290780739e-03,1.091802550945430994e-05,1.091802550945430994e-05
2.566669225692749023e+00,2.635216498374938876e+00,2.566680192947387695e+00,2.635227465629577548e+00,8.738763928413391113e-01,8.201966881752014160e-01,9.473122954368591309e-01,9.224078953266143799e-01,4.315510392189025879e-01,6.132587254047393577e-01,3.078680038452148438e-01,2.672929257154464944e-01,6.061570253223180771e-03,1.206027958542108501e-02,1.091043213818920776e-05,1.091043213818920776e-05
2.486588001251220703e+00,2.628622484207153498e+00,2.486598968505859375e+00,2.628633451461792170e+00,8.370602130889892578e-01,8.063812673091887984e-01,9.542272686958312988e-01,9.233689665794372337e-01,4.319484233856201172e-01,6.285273611545563188e-01,2.612763345241546631e-01,2.674810767173766979e-01,2.076017903164029121e-03,2.863844623789191246e-03,1.090857222152408212e-05,1.090857222152408212e-05
2.517886161804199219e+00,2.653746223449707120e+00,2.517897129058837891e+00,2.653757190704345792e+00,8.248715400695800781e-01,8.060590565204620583e-01,8.884271383285522461e-01,9.186661005020141380e-01,4.318927228450775146e-01,6.562710404396057129e-01,3.705787658691406250e-01,2.704294800758361705e-01,2.116005634889006615e-03,2.320574992336332625e-03,1.090445039153564721e-05,1.090445039153564721e-05
2.352816343307495117e+00,2.667616605758666992e+00,2.352827310562133789e+00,2.667627573013305664e+00,7.926630377769470215e-01,8.025825262069702370e-01,9.204635024070739746e-01,9.219873130321503130e-01,3.990043997764587402e-01,6.689211189746856467e-01,2.362546175718307495e-01,2.694402307271957508e-01,4.430820699781179428e-03,4.685441963374614716e-03,1.091321064450312406e-05,1.091321064450312406e-05
2.559105396270751953e+00,2.641267323493957431e+00,2.559116363525390625e+00,2.641278290748596103e+00,8.883758187294006348e-01,8.133071959018707275e-01,9.599411487579345703e-01,9.243469834327697754e-01,4.514980912208557129e-01,6.304652452468871848e-01,2.579855024814605713e-01,2.709808349609375000e-01,1.304972567595541477e-03,2.167118829675018787e-03,1.091709509637439623e-05,1.091709509637439623e-05
2.489137649536132812e+00,2.630942797660827726e+00,2.489148616790771484e+00,2.630953764915466397e+00,8.632094264030456543e-01,8.108697712421417680e-01,9.277912378311157227e-01,9.228743433952331099e-01,4.655656218528747559e-01,6.209022223949431929e-01,2.290900349617004395e-01,2.730853110551834106e-01,3.481438616290688515e-03,3.211158607155084437e-03,1.092453567252960056e-05,1.092453567252960056e-05
2.435573339462280273e+00,2.634836864471435725e+00,2.435584306716918945e+00,2.634847831726074396e+00,7.964136600494384766e-01,8.114953041076660156e-01,9.452882409095764160e-01,9.241245508193969282e-01,4.567986428737640381e-01,6.247503876686095747e-01,2.352646887302398682e-01,2.718769788742065319e-01,1.808091299608349800e-03,2.589677204377949325e-03,1.092569254979025573e-05,1.092569254979025573e-05
2.535303354263305664e+00,2.648447895050048739e+00,2.535314321517944336e+00,2.648458862304687411e+00,8.361567854881286621e-01,8.036394953727722390e-01,9.412727355957031250e-01,9.222568333148956077e-01,4.426487982273101807e-01,6.478986263275146040e-01,3.141506314277648926e-01,2.727348566055297630e-01,1.074337516911327839e-03,1.918014732655137734e-03,1.092763613996794447e-05,1.092763613996794447e-05
2.351724624633789062e+00,2.626301074028015048e+00,2.351735591888427734e+00,2.626312041282653720e+00,7.920601963996887207e-01,8.059991002082824707e-01,9.255221486091613770e-01,9.199913740158081055e-01,4.381451010704040527e-01,6.242838144302368386e-01,1.927603036165237427e-01,2.737570166587829368e-01,3.236974589526653290e-03,2.269715187139809132e-03,1.093044102162821218e-05,1.093044102162821218e-05
2.439054250717163086e+00,2.619951462745666593e+00,2.439065217971801758e+00,2.619962430000305265e+00,8.175996541976928711e-01,8.078813195228576882e-01,9.046385288238525391e-01,9.257718443870543990e-01,4.854333400726318359e-01,6.145252346992492454e-01,2.262374311685562134e-01,2.672930330038070790e-01,5.145026370882987976e-03,4.480112018063664783e-03,1.092740421881899238e-05,1.092740421881899238e-05
2.454398155212402344e+00,2.618174481391906561e+00,2.454409122467041016e+00,2.618185448646545233e+00,8.044923543930053711e-01,8.040734171867370828e-01,8.943975567817687988e-01,9.302263617515563743e-01,4.727378785610198975e-01,6.212101280689239502e-01,2.791088819503784180e-01,2.600915342569350974e-01,3.661561058834195137e-03,2.573029883205890482e-03,1.094912022381322458e-05,1.094912022381322458e-05
2.432662963867187500e+00,2.621328687667846769e+00,2.432673931121826172e+00,2.621339654922485440e+00,7.884263992309570312e-01,8.050783932209014671e-01,8.850485086441040039e-01,9.266691148281097634e-01,5.034341812133789062e-01,6.285764575004577637e-01,2.541210949420928955e-01,2.597387373447418435e-01,1.632925821468234062e-03,1.265965576749294996e-03,1.095018706109840423e-05,1.095018706109840423e-05
2.795149087905883789e+00,2.639348578453064142e+00,2.795160055160522461e+00,2.639359545707702814e+00,8.058579564094543457e-01,8.066271424293518510e-01,9.350759983062744141e-01,9.267558038234711137e-01,8.223095536231994629e-01,6.417015254497527854e-01,2.286512851715087891e-01,2.610033333301544078e-01,3.254530951380729675e-03,3.260752256028354341e-03,1.096681444323621690e-05,1.096681444323621690e-05
2.485928058624267578e+00,2.669861078262329102e+00,2.485939025878906250e+00,2.669872045516967773e+00,8.093410730361938477e-01,8.151436686515808328e-01,9.579876065254211426e-01,9.254990935325622115e-01,4.995231628417968750e-01,6.567201256752014382e-01,2.108716070652008057e-01,2.649609208106994407e-01,8.204545825719833374e-03,7.537323562428355044e-03,1.097311815101420507e-05,1.097311815101420507e-05
2.499100685119628906e+00,2.656519985198974698e+00,2.499111652374267578e+00,2.656530952453613370e+00,8.101665973663330078e-01,8.120963811874389870e-01,9.393438100814819336e-01,9.250497341156005415e-01,4.979019761085510254e-01,6.462801456451415794e-01,2.447452694177627563e-01,2.672651648521423562e-01,6.942934822291135788e-03,5.828650016337632959e-03,1.097043787012808025e-05,1.097043787012808025e-05
2.444116592407226562e+00,2.630039858818054022e+00,2.444127559661865234e+00,2.630050826072692693e+00,8.129299879074096680e-01,8.085647702217102495e-01,9.224352240562438965e-01,9.233877122402190940e-01,4.911144077777862549e-01,6.180556058883667214e-01,2.098744362592697144e-01,2.744981020689010731e-01,7.762663532048463821e-03,5.533631844446063215e-03,1.097816948458785191e-05,1.097816948458785191e-05
2.754846334457397461e+00,2.639417743682861417e+00,2.754857301712036133e+00,2.639428710937500089e+00,8.529432415962219238e-01,8.081629335880279319e-01,9.359315633773803711e-01,9.236577212810516135e-01,5.971356630325317383e-01,6.236722409725189431e-01,3.627406358718872070e-01,2.765758246183395164e-01,6.095186341553926468e-03,7.349084829911589622e-03,1.097763924917671829e-05,1.097763924917671829e-05
2.504957199096679688e+00,2.652919673919677646e+00,2.504968166351318359e+00,2.652930641174316317e+00,8.175767064094543457e-01,8.107798576354980913e-01,9.261161684989929199e-01,9.254942834377288818e-01,4.907258450984954834e-01,6.366572856903076616e-01,2.664544284343719482e-01,2.738855779170989990e-01,4.084009677171707153e-03,6.102664535865187992e-03,1.098157645174069330e-05,1.098157645174069330e-05
2.532675743103027344e+00,2.634791564941406428e+00,2.532686710357666016e+00,2.634802532196045100e+00,8.062474131584167480e-01,8.046859145164489968e-01,9.269677996635437012e-01,9.237367868423461692e-01,4.926028847694396973e-01,6.334402859210968018e-01,3.055963218212127686e-01,2.714152425527572854e-01,1.261245110072195530e-03,1.513278740458190484e-03,1.096553478419082239e-05,1.096553478419082239e-05
2.511350631713867188e+00,2.635755658149719238e+00,2.511361598968505859e+00,2.635766625404357910e+00,7.993832826614379883e-01,8.094215035438537820e-01,9.230512976646423340e-01,9.249405980110168013e-01,4.808344244956970215e-01,6.268121540546417458e-01,3.048912584781646729e-01,2.708856791257858165e-01,3.190312068909406662e-03,3.695815755054354841e-03,1.095959487429354340e-05,1.095959487429354340e-05
2.511399745941162109e+00,2.633941674232482821e+00,2.511410713195800781e+00,2.633952641487121493e+00,8.255829811096191406e-01,8.070135891437530962e-01,9.222632646560668945e-01,9.225426852703094704e-01,4.755116105079650879e-01,6.276272535324096680e-01,2.863520085811614990e-01,2.749877035617828147e-01,1.689861761406064034e-03,1.770490664057433605e-03,1.097169933927943930e-05,1.097169933927943930e-05
2.568742513656616211e+00,2.620048666000366122e+00,2.568753480911254883e+00,2.620059633255004794e+00,8.283860683441162109e-01,8.049991786479949729e-01,9.497825503349304199e-01,9.215905308723449929e-01,4.724094271659851074e-01,6.158616602420806663e-01,3.170515298843383789e-01,2.754175662994384766e-01,1.112684956751763821e-03,2.179755666293204004e-03,1.097067161026643589e-05,1.097067161026643589e-05
2.511700630187988281e+00,2.629629683494568049e+00,2.511711597442626953e+00,2.629640650749206721e+00,8.246495127677917480e-01,8.121759116649627241e-01,9.318882822990417480e-01,9.210232257843017356e-01,4.581443369388580322e-01,6.166617274284362793e-01,2.938140034675598145e-01,2.762387871742248424e-01,3.204638836905360222e-03,3.529974771663546389e-03,1.096950563805876300e-05,1.096950563805876300e-05
2.419715404510498047e+00,2.638342118263244718e+00,2.419726371765136719e+00,2.638353085517883390e+00,8.121231198310852051e-01,8.046370208263396995e-01,9.468416571617126465e-01,9.216634094715118186e-01,4.441928863525390625e-01,6.275678575038909912e-01,2.151015400886535645e-01,2.824131816625595204e-01,1.456203171983361244e-03,2.060655329842120409e-03,1.096942105505149812e-05,1.096942105505149812e-05
2.543714284896850586e+00,2.653940916061401367e+00,2.543725252151489258e+00,2.653951883316040039e+00,7.761271595954895020e-01,8.125764429569244385e-01,8.999841809272766113e-01,9.201805055141448753e-01,6.155065894126892090e-01,6.355289816856384277e-01,2.455320507287979126e-01,2.812956929206847922e-01,6.564307026565074921e-03,4.359311331063509334e-03,1.095776951842708513e-05,1.095776951842708513e-05
2.431673049926757812e+00,2.655938649177551181e+00,2.431684017181396484e+00,2.655949616432189853e+00,7.986180782318115234e-01,8.057379245758056197e-01,8.728574514389038086e-01,9.228478193283080611e-01,4.294002950191497803e-01,6.450706183910369651e-01,3.294355869293212891e-01,2.808686852455138938e-01,1.361563452519476414e-03,1.413585571572184519e-03,1.096153755497653037e-05,1.096153755497653037e-05
2.609973430633544922e+00,2.664839529991149814e+00,2.609984397888183594e+00,2.664850497245788485e+00,7.924282550811767578e-01,8.100907385349274126e-01,9.162816405296325684e-01,9.229804396629333052e-01,5.824034214019775391e-01,6.462101519107819048e-01,3.177579641342163086e-01,2.837982237339019553e-01,1.101924804970622063e-03,1.760035916231572671e-03,1.095769130188273266e-05,1.095769130188273266e-05
2.499947547912597656e+00,2.636563062667846680e+00,2.499958515167236328e+00,2.636574029922485352e+00,8.262870907783508301e-01,8.045106291770934837e-01,9.217234849929809570e-01,9.198577344417572244e-01,4.722378551959991455e-01,6.221453487873077615e-01,2.783798277378082275e-01,2.886402964591979758e-01,1.319238101132214069e-03,1.409073872491717382e-03,1.096283995138946921e-05,1.096283995138946921e-05
2.489090919494628906e+00,2.637885499000549139e+00,2.489101886749267578e+00,2.637896466255187811e+00,7.675717473030090332e-01,8.007029175758362260e-01,8.996355533599853516e-01,9.232968747615813987e-01,4.733973443508148193e-01,6.229992687702179399e-01,3.472400307655334473e-01,2.895423591136932484e-01,1.246477128006517887e-03,1.344083400908857584e-03,1.095703464670805261e-05,1.095703464670805261e-05
2.586861371994018555e+00,2.664749336242675959e+00,2.586872339248657227e+00,2.664760303497314631e+00,8.183423280715942383e-01,8.130923390388489214e-01,9.487326145172119141e-01,9.224442899227142112e-01,6.255419850349426270e-01,6.332737684249878374e-01,1.910288184881210327e-01,2.927414864301681741e-01,3.215561620891094208e-03,3.197479317896068009e-03,1.095250900107203051e-05,1.095250900107203051e-05
2.534259557723999023e+00,2.659720802307128817e+00,2.534270524978637695e+00,2.659731769561767489e+00,7.988595366477966309e-01,8.020022928714751753e-01,9.132640957832336426e-01,9.227289497852325661e-01,4.797177016735076904e-01,6.383480072021484597e-01,3.362356424331665039e-01,2.926626175642013661e-01,6.182398181408643723e-03,3.978939098306000406e-03,1.096061714633833617e-05,1.096061714633833617e-05
2.429999351501464844e+00,2.642099952697753995e+00,2.430010318756103516e+00,2.642110919952392667e+00,7.582125067710876465e-01,8.018036127090454324e-01,9.231687784194946289e-01,9.222957968711853471e-01,4.759994447231292725e-01,6.220992028713225874e-01,2.669896781444549561e-01,2.919219046831130759e-01,5.629037506878376007e-03,3.979443246498704304e-03,1.096031064662383869e-05,1.096031064662383869e-05
2.846157550811767578e+00,2.646507668495178045e+00,2.846168518066406250e+00,2.646518635749816717e+00,8.680879473686218262e-01,8.031950652599334495e-01,9.511473178863525391e-01,9.213849425315856490e-01,6.858943104743957520e-01,6.283129513263702171e-01,3.386032581329345703e-01,2.905655920505523793e-01,2.424809383228421211e-03,3.049098444171249780e-03,1.095755942515097558e-05,1.095755942515097558e-05
6.438825607299804688e+00,2.667684984207153498e+00,6.438836574554443359e+00,2.667695951461792170e+00,8.180254697799682617e-01,8.157799243927001953e-01,9.327467083930969238e-01,9.215283691883087158e-01,4.407428264617919922e+00,6.393884479999542014e-01,2.782649397850036621e-01,2.879460781812667736e-01,2.360283629968762398e-03,3.042096341960132296e-03,1.095399966288823634e-05,1.095399966288823634e-05
2.534594535827636719e+00,2.648484158515929998e+00,2.534605503082275391e+00,2.648495125770568670e+00,8.461782336235046387e-01,8.219968259334564653e-01,9.503796100616455078e-01,9.236197233200073020e-01,4.695300459861755371e-01,6.204932808876038042e-01,2.646201252937316895e-01,2.773187130689621083e-01,3.886480815708637238e-03,5.055551836267113859e-03,1.095948391593992710e-05,1.095948391593992710e-05
2.439425945281982422e+00,2.669315481185912997e+00,2.439436912536621094e+00,2.669326448440551669e+00,7.798168063163757324e-01,8.216101586818694846e-01,9.008631706237792969e-01,9.247808396816253884e-01,4.510913789272308350e-01,6.340853869915008545e-01,2.950996756553649902e-01,2.732416629791259988e-01,1.255490072071552277e-02,1.559738665819168126e-02,1.095266179618192837e-05,1.095266179618192837e-05
2.683598995208740234e+00,2.631341290473938166e+00,2.683609962463378906e+00,2.631352257728576838e+00,7.835874557495117188e-01,8.039967715740203857e-01,9.191355109214782715e-01,9.250285506248474565e-01,6.673566102981567383e-01,6.266123414039611594e-01,3.105280697345733643e-01,2.718129903078079224e-01,2.991401590406894684e-03,3.890684805810451508e-03,1.095597599487518892e-05,1.095597599487518892e-05
2.512509346008300781e+00,2.645229530334472834e+00,2.512520313262939453e+00,2.645240497589111506e+00,7.606910467147827148e-01,8.016682684421538863e-01,9.096341729164123535e-01,9.244927763938903809e-01,5.956073999404907227e-01,6.464825928211211936e-01,2.450475841760635376e-01,2.711389422416686790e-01,1.529192901216447353e-03,1.446892146486789031e-03,1.094642266252776608e-05,1.094642266252776608e-05
2.521602153778076172e+00,2.655280590057373047e+00,2.521613121032714844e+00,2.655291557312011719e+00,8.098302483558654785e-01,8.065644323825835738e-01,9.272612929344177246e-01,9.238803029060363992e-01,5.074136257171630859e-01,6.507704854011535645e-01,2.748948037624359131e-01,2.721615582704544067e-01,2.202226314693689346e-03,1.903808454517275052e-03,1.094581512006698176e-05,1.094581512006698176e-05
2.756667137145996094e+00,2.662088799476623358e+00,2.756678104400634766e+00,2.662099766731262029e+00,7.849050164222717285e-01,8.075169026851654053e-01,8.762097358703613281e-01,9.213432610034942849e-01,7.832229733467102051e-01,6.610796809196471946e-01,3.108451068401336670e-01,2.702299267053603904e-01,1.484376960434019566e-03,1.918979780748486606e-03,1.093954051611945033e-05,1.093954051611945033e-05
2.437805414199829102e+00,2.619089937210083097e+00,2.437816381454467773e+00,2.619100904464721769e+00,8.133599758148193359e-01,8.110211908817290816e-01,9.301809668540954590e-01,9.217038214206695335e-01,4.177126586437225342e-01,6.168786525726318581e-01,2.712789475917816162e-01,2.647382050752639659e-01,5.272923503071069717e-03,4.747974127531051983e-03,1.093658465833868831e-05,1.093658465833868831e-05
2.458828926086425781e+00,2.659125137329101385e+00,2.458839893341064453e+00,2.659136104583740057e+00,7.832412123680114746e-01,8.120504200458527055e-01,9.474400281906127930e-01,9.277016878128051536e-01,4.321127533912658691e-01,6.520959734916687012e-01,2.935259938240051270e-01,2.630561530590057595e-01,2.509063109755516052e-03,4.220915981568396438e-03,1.093806713470257819e-05,1.093806713470257819e-05
2.293492794036865234e+00,2.679673552513122559e+00,2.293503761291503906e+00,2.679684519767761230e+00,7.661769986152648926e-01,8.092572093009948730e-01,9.234417676925659180e-01,9.248262584209442361e-01,4.039169251918792725e-01,6.804849624633788618e-01,1.947411745786666870e-01,2.616226702928542980e-01,5.215797573328018188e-03,3.482419764623045921e-03,1.093744504032656550e-05,1.093744504032656550e-05
2.604001760482788086e+00,2.654432535171508789e+00,2.604012727737426758e+00,2.654443502426147461e+00,8.032017350196838379e-01,8.018520593643188032e-01,9.208812117576599121e-01,9.283043026924133745e-01,6.092029213905334473e-01,6.630002558231353760e-01,2.698880732059478760e-01,2.602755218744278176e-01,8.277179440483450890e-04,1.000383659265935334e-03,1.092958518711384386e-05,1.092958518711384386e-05
2.368740320205688477e+00,2.666550183296203524e+00,2.368751287460327148e+00,2.666561150550842196e+00,7.457492947578430176e-01,8.093161761760712114e-01,9.224035739898681641e-01,9.286744952201843040e-01,3.800708353519439697e-01,6.708019077777862549e-01,3.183146715164184570e-01,2.557706356048584095e-01,2.201728057116270065e-03,1.986938505433499900e-03,1.092736238206271082e-05,1.092736238206271082e-05
2.314702749252319336e+00,2.632468295097351252e+00,2.314713716506958008e+00,2.632479262351989924e+00,7.669982910156250000e-01,8.119334518909454568e-01,9.429507255554199219e-01,9.293143630027771440e-01,4.162926375865936279e-01,6.291868269443512407e-01,1.867693960666656494e-01,2.601768672466278076e-01,1.691496814601123333e-03,1.856852869968861255e-03,1.093108039640355855e-05,1.093108039640355855e-05
2.390982627868652344e+00,2.656833004951477228e+00,2.390993595123291016e+00,2.656843972206115900e+00,7.644420862197875977e-01,8.135416984558105913e-01,9.307027459144592285e-01,9.232800185680389848e-01,4.421870708465576172e-01,6.489166915416717529e-01,2.524659633636474609e-01,2.694388538599014060e-01,1.184724154882133007e-03,1.655826577916741371e-03,1.092812999559100717e-05,1.092812999559100717e-05
2.351826906204223633e+00,2.639385843276977450e+00,2.351837873458862305e+00,2.639396810531616122e+00,7.792753577232360840e-01,8.063488841056823953e-01,9.453777074813842773e-01,9.193733930587768555e-01,4.381349980831146240e-01,6.394174277782440630e-01,1.873362064361572266e-01,2.721407741308212169e-01,1.702769659459590912e-03,2.105403039604425257e-03,1.093111131922341883e-05,1.093111131922341883e-05
4.167059898376464844e+00,2.624643421173095792e+00,4.167070865631103516e+00,2.624654388427734464e+00,8.128101229667663574e-01,8.050916075706482378e-01,9.195055365562438965e-01,9.217881560325622559e-01,2.085033655166625977e+00,6.183481335639953169e-01,3.461400866508483887e-01,2.758676886558532604e-01,3.570718690752983093e-03,3.547803615219891071e-03,1.092082857212517411e-05,1.092082857212517411e-05
2.480426311492919922e+00,2.624030065536499201e+00,2.480437278747558594e+00,2.624041032791137873e+00,8.384971618652343750e-01,8.093286514282226340e-01,9.537593722343444824e-01,9.201587677001953347e-01,4.428598582744598389e-01,6.098369002342224343e-01,2.416150122880935669e-01,2.808064728975295798e-01,3.694714279845356941e-03,3.899267106316983526e-03,1.092393085855292156e-05,1.092393085855292156e-05
2.721648454666137695e+00,2.647376632690429776e+00,2.721659421920776367e+00,2.647387599945068448e+00,8.123392462730407715e-01,8.042934834957122803e-01,8.851080536842346191e-01,9.208999752998352495e-01,7.434861063957214355e-01,6.423179209232330322e-01,2.767912447452545166e-01,2.773717105388641135e-01,3.923600073903799057e-03,2.493463992141187364e-03,1.092707316274754703e-05,1.092707316274754703e-05
3.270092964172363281e+00,2.623034644126891912e+00,3.270103931427001953e+00,2.623045611381530584e+00,7.368970513343811035e-01,8.067318201065063477e-01,8.527231812477111816e-01,9.200142920017242432e-01,1.373518466949462891e+00,6.177507787942886353e-01,3.048993647098541260e-01,2.767016738653182983e-01,2.054873853921890259e-03,1.836045249365270094e-03,1.092264756152871996e-05,1.092264756152871996e-05
2.655887603759765625e+00,2.633171343803405673e+00,2.655898571014404297e+00,2.633182311058044345e+00,8.429771661758422852e-01,8.037200689315795454e-01,9.722611308097839355e-01,9.241886198520660178e-01,6.791629791259765625e-01,6.210821032524108665e-01,1.598668694496154785e-01,2.806955665349960549e-01,1.619512564502656460e-03,3.484915755689143961e-03,1.091454214474651963e-05,1.091454214474651963e-05
2.604358196258544922e+00,2.688519001007080078e+00,2.604369163513183594e+00,2.688529968261718750e+00,7.420965433120727539e-01,8.199712216854095903e-01,8.722782135009765625e-01,9.247755885124206987e-01,6.616680026054382324e-01,6.522491812705993874e-01,3.120627701282501221e-01,2.774050861597061046e-01,1.625282876193523407e-02,1.411791881546378170e-02,1.091621652449248359e-05,1.091621652449248359e-05
2.975651264190673828e+00,2.628103947639465421e+00,2.975662231445312500e+00,2.628114914894104093e+00,7.779029607772827148e-01,8.080277264118194136e-01,9.196599721908569336e-01,9.232823967933654341e-01,9.904025793075561523e-01,6.185765445232391802e-01,2.863410115242004395e-01,2.738640576601028553e-01,1.344959367997944355e-03,4.353249538689851414e-03,1.091157628252403811e-05,1.091157628252403811e-05
2.446473598480224609e+00,2.635897254943847745e+00,2.446484565734863281e+00,2.635908222198486417e+00,8.078281879425048828e-01,8.113803684711455855e-01,9.316277503967285156e-01,9.290139019489288552e-01,4.393929243087768555e-01,6.219797015190124956e-01,2.651196718215942383e-01,2.697662413120269775e-01,2.505329204723238945e-03,3.757093520835042173e-03,1.093597893486730754e-05,1.093597893486730754e-05
2.396315574645996094e+00,2.674222803115844815e+00,2.396326541900634766e+00,2.674233770370483487e+00,7.819794416427612305e-01,8.247308731079101562e-01,9.049606323242187500e-01,9.304627656936645952e-01,4.339666366577148438e-01,6.423887193202972856e-01,2.591051161289215088e-01,2.671846687793731911e-01,1.630348525941371918e-02,9.455727878957986832e-03,1.095570041798055172e-05,1.095570041798055172e-05
2.371250391006469727e+00,2.620820116996765314e+00,2.371261358261108398e+00,2.620831084251403986e+00,7.911309003829956055e-01,8.154405534267425981e-01,9.277450442314147949e-01,9.299251019954681841e-01,4.486491382122039795e-01,6.108875572681427002e-01,2.009615600109100342e-01,2.617251485586166160e-01,2.763806376606225967e-03,2.841726853512227622e-03,1.095114657800877467e-05,1.095114657800877467e-05
2.494396209716796875e+00,2.621616506576537997e+00,2.494407176971435547e+00,2.621627473831176669e+00,8.581992983818054199e-01,8.117530167102813277e-01,9.383643865585327148e-01,9.237963080406188521e-01,4.341193735599517822e-01,6.213841199874877708e-01,2.609252035617828369e-01,2.618443280458450095e-01,2.787865931168198586e-03,2.838727063499391166e-03,1.095189691113773733e-05,1.095189691113773733e-05
2.388067960739135742e+00,2.646030950546264471e+00,2.388078927993774414e+00,2.646041917800903143e+00,7.448788881301879883e-01,8.109962999820709006e-01,9.140910506248474121e-01,9.249697387218475120e-01,4.411679506301879883e-01,6.433082640171050581e-01,2.811828553676605225e-01,2.623767465353011863e-01,6.747571751475334167e-03,4.379872791469096791e-03,1.094636809284565970e-05,1.094636809284565970e-05
2.509529113769531250e+00,2.638695168495178045e+00,2.509540081024169922e+00,2.638706135749816717e+00,8.077308535575866699e-01,8.145629823207855003e-01,9.120250940322875977e-01,9.249274075031280740e-01,4.372801184654235840e-01,6.349304080009460227e-01,3.514179885387420654e-01,2.623697280883788840e-01,1.075128093361854553e-03,1.904645422473549799e-03,1.095331481337780133e-05,1.095331481337780133e-05
2.359444856643676758e+00,2.634476327896118075e+00,2.359455823898315430e+00,2.634487295150756747e+00,8.041948676109313965e-01,8.190262794494629350e-01,9.261699914932250977e-01,9.266063392162322554e-01,4.506018757820129395e-01,6.228254973888397439e-01,1.753834933042526245e-01,2.621414959430694580e-01,3.094618441537022591e-03,3.876685071736574086e-03,1.095482184609863907e-05,1.095482184609863907e-05
2.499570846557617188e+00,2.651821327209472834e+00,2.499581813812255859e+00,2.651832294464111506e+00,8.427887558937072754e-01,8.107427775859832320e-01,9.480599164962768555e-01,9.241598963737487349e-01,4.279949963092803955e-01,6.528885841369629350e-01,2.781139612197875977e-01,2.620582550764083973e-01,2.612958429381251335e-03,1.971895631868392229e-03,1.094919844035757706e-05,1.094919844035757706e-05
2.432984352111816406e+00,2.677615547180175692e+00,2.432995319366455078e+00,2.677626514434814364e+00,8.044770956039428711e-01,8.124562382698059526e-01,8.751774430274963379e-01,9.243221938610076682e-01,4.369587898254394531e-01,6.784051954746246338e-01,3.142060041427612305e-01,2.598060816526412964e-01,2.164745936170220375e-03,2.625883230939507398e-03,1.094382059818599373e-05,1.094382059818599373e-05
2.912946224212646484e+00,2.635437417030334295e+00,2.912957191467285156e+00,2.635448384284972967e+00,8.286285996437072754e-01,8.077210783958435059e-01,9.345304369926452637e-01,9.284008920192718950e-01,9.028801321983337402e-01,6.390120625495910867e-01,2.452965527772903442e-01,2.586390614509582742e-01,1.610556384548544884e-03,1.664372207596898122e-03,1.094232629839098081e-05,1.094232629839098081e-05
2.449512243270874023e+00,2.629791784286498846e+00,2.449523210525512695e+00,2.629802751541137518e+00,8.061097860336303711e-01,8.159491658210754617e-01,9.119670987129211426e-01,9.279916346073150413e-01,4.469411373138427734e-01,6.259010493755340354e-01,2.784191071987152100e-01,2.540576189756393322e-01,6.075255572795867920e-03,5.892329011112451206e-03,1.093685204978100955e-05,1.093685204978100955e-05
2.395181655883789062e+00,2.592477679252624512e+00,2.395192623138427734e+00,2.592488646507263184e+00,7.867769598960876465e-01,8.076302528381347212e-01,9.428111314773559570e-01,9.346223473548889160e-01,4.519814550876617432e-01,5.959721386432648149e-01,2.122317999601364136e-01,2.521647766232490429e-01,1.380180008709430695e-03,2.088135329540818756e-03,1.093605260393815115e-05,1.093605260393815115e-05
2.592175960540771484e+00,2.631348657608032049e+00,2.592186927795410156e+00,2.631359624862670721e+00,9.004384875297546387e-01,8.202971279621124046e-01,9.487550854682922363e-01,9.360077381134033203e-01,4.390303194522857666e-01,6.194632887840271218e-01,3.022710084915161133e-01,2.532248765230178944e-01,1.680864836089313030e-03,2.355617983266711062e-03,1.093275022867601365e-05,1.093275022867601365e-05
2.416755676269531250e+00,2.631956362724304110e+00,2.416766643524169922e+00,2.631967329978942782e+00,8.166765570640563965e-01,8.137547492980956587e-01,9.249632358551025391e-01,9.234488368034362571e-01,4.179275929927825928e-01,6.356480300426483598e-01,2.537493109703063965e-01,2.567894816398620383e-01,3.438937943428754807e-03,2.315323450602591038e-03,1.093176160793518648e-05,1.093176160793518648e-05
2.460252285003662109e+00,2.654714274406432928e+00,2.460263252258300781e+00,2.654725241661071600e+00,8.325343132019042969e-01,8.048442304134368896e-01,9.238877296447753906e-01,9.234126985073090044e-01,4.292034506797790527e-01,6.694289445877075195e-01,2.717871963977813721e-01,2.554393887519836315e-01,2.839627908542752266e-03,1.589015685021877376e-03,1.092278398573398590e-05,1.092278398573398590e-05
2.371308326721191406e+00,2.629102945327758789e+00,2.371319293975830078e+00,2.629113912582397461e+00,7.609529495239257812e-01,8.072598814964294656e-01,8.857989311218261719e-01,9.218259990215301736e-01,4.343435466289520264e-01,6.390702486038207786e-01,2.861586213111877441e-01,2.581449329853057750e-01,4.054242279380559921e-03,2.801810950040817347e-03,1.092437196348328143e-05,1.092437196348328143e-05
2.768082141876220703e+00,2.633921694755554377e+00,2.768093109130859375e+00,2.633932662010193049e+00,8.370562791824340820e-01,8.081810653209686723e-01,9.303178191184997559e-01,9.218922674655913863e-01,7.343348264694213867e-01,6.414094507694244607e-01,2.640644311904907227e-01,2.592309027910232322e-01,2.308939350768923759e-03,3.207956789992749691e-03,1.092773345590103418e-05,1.092773345590103418e-05
2.496920585632324219e+00,2.643247270584106356e+00,2.496931552886962891e+00,2.643258237838745028e+00,8.433949947357177734e-01,8.131845653057098167e-01,9.611293673515319824e-01,9.241500735282898171e-01,4.204845726490020752e-01,6.428052067756653276e-01,2.704161703586578369e-01,2.602068513631820568e-01,1.495289267040789127e-03,2.900521829724311915e-03,1.092113598133437335e-05,1.092113598133437335e-05
2.443052530288696289e+00,2.641733360290527521e+00,2.443063497543334961e+00,2.641744327545166193e+00,8.340908288955688477e-01,8.116493999958038774e-01,9.503508806228637695e-01,9.227966189384460005e-01,3.984375298023223877e-01,6.462097108364105447e-01,2.590233981609344482e-01,2.595810949802398460e-01,1.149937161244452000e-03,1.496480836067348719e-03,1.092238380806520581e-05,1.092238380806520581e-05
2.532780170440673828e+00,2.626301336288451971e+00,2.532791137695312500e+00,2.626312303543090643e+00,7.829443812370300293e-01,8.138732314109802246e-01,9.037280082702636719e-01,9.244077861309051292e-01,5.300781726837158203e-01,6.164059579372406228e-01,3.142727911472320557e-01,2.686768919229507446e-01,1.756573677994310856e-03,2.937523741275072185e-03,1.091526792151853442e-05,1.091526792151853442e-05
2.387775897979736328e+00,2.631788229942321866e+00,2.387786865234375000e+00,2.631799197196960538e+00,8.164860010147094727e-01,8.056077241897583452e-01,9.260808825492858887e-01,9.202153325080871804e-01,4.357328712940216064e-01,6.286163806915283647e-01,2.065277248620986938e-01,2.752728730440139882e-01,2.948474371805787086e-03,2.075925434473901900e-03,1.092264392354991287e-05,1.092264392354991287e-05
2.419022321701049805e+00,2.620339775085449130e+00,2.419033288955688477e+00,2.620350742340087802e+00,7.942609786987304688e-01,8.055072486400604026e-01,9.221932291984558105e-01,9.195837557315826860e-01,4.358639419078826904e-01,6.151926875114440696e-01,2.635495662689208984e-01,2.773380130529403687e-01,3.154512029141187668e-03,2.718091616407036695e-03,1.092216007236856967e-05,1.092216007236856967e-05
2.411205768585205078e+00,2.631907057762146174e+00,2.411216735839843750e+00,2.631918025016784846e+00,7.865706682205200195e-01,8.046653389930724654e-01,8.616815805435180664e-01,9.226481437683105025e-01,4.164718985557556152e-01,6.240025192499161211e-01,3.441480696201324463e-01,2.786928355693817361e-01,2.333489712327718735e-03,1.898216502740979151e-03,1.091902504413155839e-05,1.091902504413155839e-05
2.800310611724853516e+00,2.649144482612610041e+00,2.800321578979492188e+00,2.649155449867248713e+00,7.955999970436096191e-01,8.047703027725219282e-01,9.163088202476501465e-01,9.269495368003844993e-01,8.497819304466247559e-01,6.312166959047317283e-01,2.287179231643676758e-01,2.765345901250839122e-01,9.901889599859714508e-03,9.673433937132358204e-03,1.092184083972824737e-05,1.092184083972824737e-05
2.410530567169189453e+00,2.626945281028747470e+00,2.410541534423828125e+00,2.626956248283386142e+00,8.118647336959838867e-01,8.076001167297363059e-01,9.504566788673400879e-01,9.220361888408661333e-01,4.398980140686035156e-01,6.158608496189117432e-01,1.962187588214874268e-01,2.708315700292587280e-01,1.209236402064561844e-02,1.061657639220356907e-02,1.090774640033487231e-05,1.090774640033487231e-05
2.545337915420532227e+00,2.661239337921142756e+00,2.545348882675170898e+00,2.661250305175781428e+00,8.588286638259887695e-01,8.113552689552306907e-01,9.315679669380187988e-01,9.219632744789123535e-01,4.268823266029357910e-01,6.376801311969757524e-01,3.198787569999694824e-01,2.833084940910339244e-01,8.180094882845878601e-03,6.932164169847964894e-03,1.092903312382986769e-05,1.092903312382986769e-05
2.446128845214843750e+00,2.650463747978210272e+00,2.446139812469482422e+00,2.650474715232848943e+00,7.687622308731079102e-01,8.075684249401092751e-01,9.176059961318969727e-01,9.236566960811615212e-01,4.258474111557006836e-01,6.310834705829619917e-01,3.317238688468933105e-01,2.847463548183440940e-01,2.189363818615674973e-03,3.408825304359197443e-03,1.093778246286092326e-05,1.093778246286092326e-05
2.451134681701660156e+00,2.663088893890380948e+00,2.451145648956298828e+00,2.663099861145019620e+00,7.724046707153320312e-01,8.164973318576812522e-01,9.333739280700683594e-01,9.235395014286040816e-01,4.571680724620819092e-01,6.298914730548859087e-01,2.780154645442962646e-01,2.814319550991058461e-01,1.017262414097785950e-02,1.172867398709058831e-02,1.095144671126035973e-05,1.095144671126035973e-05
2.462768316268920898e+00,2.656443619728088290e+00,2.462779283523559570e+00,2.656454586982726962e+00,8.266014456748962402e-01,8.065892100334167703e-01,9.377303123474121094e-01,9.272331178188324419e-01,4.784897863864898682e-01,6.249549448490142600e-01,2.107982784509658813e-01,2.898978739976882935e-01,9.148445911705493927e-03,7.768429256975651134e-03,1.095053539756918326e-05,1.095053539756918326e-05
2.551975250244140625e+00,2.650954699516296476e+00,2.551986217498779297e+00,2.650965666770935147e+00,7.707235217094421387e-01,8.097121417522430420e-01,8.860040307044982910e-01,9.241051256656647173e-01,5.621086359024047852e-01,6.200210928916931596e-01,3.281213045120239258e-01,2.919492930173873679e-01,5.017819814383983612e-03,5.167125118896364819e-03,1.094990511774085462e-05,1.094990511774085462e-05
2.505630493164062500e+00,2.657198834419250311e+00,2.505641460418701172e+00,2.657209801673888983e+00,8.174264430999755859e-01,8.124239206314086692e-01,9.073020219802856445e-01,9.221400380134582297e-01,5.230441093444824219e-01,6.243125319480895552e-01,2.546208500862121582e-01,2.943334519863128884e-01,3.236998803913593292e-03,3.988821385428309094e-03,1.095109382731607184e-05,1.095109382731607184e-05
2.462834358215332031e+00,2.634791874885558993e+00,2.462845325469970703e+00,2.634802842140197665e+00,7.873599529266357422e-01,8.067201912403106911e-01,9.098103046417236328e-01,9.236452877521514893e-01,4.504583775997161865e-01,6.033806443214416726e-01,3.061299324035644531e-01,2.936663627624511719e-01,9.075984358787536621e-03,7.379464851692318743e-03,1.094610161089804024e-05,1.094610161089804024e-05
3.221926212310791016e+00,2.655045604705810636e+00,3.221937179565429688e+00,2.655056571960449308e+00,8.811035156250000000e-01,8.016695559024811235e-01,9.557669758796691895e-01,9.236105501651763472e-01,1.149445414543151855e+00,6.388156354427337869e-01,2.338380366563796997e-01,2.889750123023986927e-01,1.772401505149900913e-03,1.974888355471193877e-03,1.094838444259949028e-05,1.094838444259949028e-05
2.926736593246459961e+00,2.658716821670532138e+00,2.926747560501098633e+00,2.658727788925170810e+00,7.937100529670715332e-01,8.140720903873444048e-01,9.496244192123413086e-01,9.259253263473510298e-01,9.078359007835388184e-01,6.214212834835052268e-01,2.731426358222961426e-01,2.931786030530929565e-01,2.423606580123305321e-03,4.119545803405344486e-03,1.094671915780054405e-05,1.094671915780054405e-05
2.448987960815429688e+00,2.670779752731323065e+00,2.448998928070068359e+00,2.670790719985961736e+00,8.071647286415100098e-01,8.093781948089600053e-01,9.347067475318908691e-01,9.240417540073394553e-01,4.600003659725189209e-01,6.393723785877227783e-01,2.437632381916046143e-01,2.954459249973296897e-01,3.352819709107279778e-03,2.541445498354733164e-03,1.094650360755622387e-05,1.094650360755622387e-05
2.541264057159423828e+00,2.661745738983154475e+00,2.541275024414062500e+00,2.661756706237793146e+00,8.082236647605895996e-01,8.104550242424011230e-01,9.149064421653747559e-01,9.178584396839142290e-01,4.551943540573120117e-01,6.343383014202117476e-01,3.605779111385345459e-01,2.960317283868789673e-01,2.361797960475087166e-03,3.062256891280412500e-03,1.093575701816007495e-05,1.093575701816007495e-05
2.683854341506958008e+00,2.805747818946838557e+00,2.683865308761596680e+00,2.805758786201477228e+00,8.433314561843872070e-01,8.803869664669037309e-01,9.235330820083618164e-01,9.246436357498168945e-01,5.540297031402587891e-01,6.241860330104828103e-01,3.205824196338653564e-01,2.960756778717040794e-01,4.237781465053558350e-02,8.045546859502791803e-02,1.093429000320611522e-05,1.093429000320611522e-05
2.461370468139648438e+00,2.657369017601013184e+00,2.461381435394287109e+00,2.657379984855651855e+00,7.878116369247436523e-01,8.033255398273467796e-01,8.984963297843933105e-01,9.235529482364654985e-01,4.475116729736328125e-01,6.326498746871948020e-01,3.227142691612243652e-01,2.934665679931640625e-01,4.836494103074073792e-03,4.374114517122507269e-03,1.093952141673071310e-05,1.093952141673071310e-05
2.454483985900878906e+00,2.670752859115600675e+00,2.454494953155517578e+00,2.670763826370239347e+00,8.078202605247497559e-01,8.100045263767242654e-01,9.170166850090026855e-01,9.244744658470154253e-01,4.399890005588531494e-01,6.398190319538116233e-01,2.849833667278289795e-01,2.884092092514037864e-01,4.674601834267377853e-03,8.045546198263763688e-03,1.093482023861724883e-05,1.093482023861724883e-05
2.452837228775024414e+00,2.628965187072753729e+00,2.452848196029663086e+00,2.628976154327392400e+00,8.169671893119812012e-01,8.049934685230255571e-01,9.254948496818542480e-01,9.242639660835265669e-01,4.595414698123931885e-01,6.146382391452789307e-01,2.479695081710815430e-01,2.827131718397140614e-01,2.864120295271277428e-03,2.356369374319911090e-03,1.093113314709626138e-05,1.093113314709626138e-05
2.506390333175659180e+00,2.647628259658813654e+00,2.506401300430297852e+00,2.647639226913452326e+00,8.469607830047607422e-01,8.099980413913726585e-01,9.516620039939880371e-01,9.256139397621154785e-01,4.466719627380371094e-01,6.297858595848083718e-01,2.570162713527679443e-01,2.787485748529434093e-01,4.079307895153760910e-03,3.481818223372101870e-03,1.093564878829056397e-05,1.093564878829056397e-05
2.600853204727172852e+00,2.659968423843383611e+00,2.600864171981811523e+00,2.659979391098022283e+00,8.389071226119995117e-01,8.069228231906890869e-01,9.305294752120971680e-01,9.212642014026641846e-01,4.762906134128570557e-01,6.470332086086273415e-01,3.511638939380645752e-01,2.793945670127868652e-01,3.962006885558366776e-03,5.353571893647312945e-03,1.093395803763996810e-05,1.093395803763996810e-05
2.480657815933227539e+00,2.659492611885070801e+00,2.480668783187866211e+00,2.659503579139709473e+00,8.327282071113586426e-01,8.035207986831665039e-01,9.255223274230957031e-01,9.279302299022674783e-01,4.752758741378784180e-01,6.417756021022796853e-01,2.409735172986984253e-01,2.807158827781677246e-01,6.158191245049238205e-03,5.550113273784518242e-03,1.093247010430786759e-05,1.093247010430786759e-05
2.538706064224243164e+00,2.649439597129821689e+00,2.538717031478881836e+00,2.649450564384460360e+00,8.088307976722717285e-01,8.081536531448364480e-01,9.247976541519165039e-01,9.259283304214477317e-01,4.853147864341735840e-01,6.329550564289092573e-01,3.142172992229461670e-01,2.768114060163497925e-01,5.545471329241991043e-03,5.591159593313932766e-03,1.093411174224456772e-05,1.093411174224456772e-05
2.512929201126098633e+00,2.653155183792114347e+00,2.512940168380737305e+00,2.653166151046753019e+00,7.882525920867919922e-01,8.096868693828582764e-01,9.350945949554443359e-01,9.251822769641876443e-01,4.801829457283020020e-01,6.393151521682739480e-01,3.035899102687835693e-01,2.741257756948470847e-01,5.809217225760221481e-03,4.845200898125767361e-03,1.094178242055932060e-05,1.094178242055932060e-05
2.505209445953369141e+00,2.676473951339721769e+00,2.505220413208007812e+00,2.676484918594360440e+00,7.794066667556762695e-01,8.219205915927887407e-01,9.080891609191894531e-01,9.250079810619353804e-01,4.885890185832977295e-01,6.462857782840728538e-01,3.270430564880371094e-01,2.787727624177932517e-01,2.081608865410089493e-03,4.486764548346400261e-03,1.096403866540640593e-05,1.096403866540640593e-05
2.984383821487426758e+00,2.640729188919067383e+00,2.984394788742065430e+00,2.640740156173706055e+00,8.463643193244934082e-01,8.080250978469848411e-01,9.191098809242248535e-01,9.218518078327179177e-01,8.852412700653076172e-01,6.275690734386444314e-01,3.302241265773773193e-01,2.804061353206634410e-01,3.444368252530694008e-03,2.877102512866258448e-03,1.096984669857192785e-05,1.096984669857192785e-05
2.394317865371704102e+00,2.623934578895569025e+00,2.394328832626342773e+00,2.623945546150207697e+00,7.698068618774414062e-01,8.056121826171874778e-01,8.793142437934875488e-01,9.215058684349060059e-01,4.839329421520233154e-01,6.129409611225128396e-01,2.589857578277587891e-01,2.825982898473739513e-01,2.278050873428583145e-03,1.277264498639851809e-03,1.097017684514867142e-05,1.097017684514867142e-05
2.825670003890991211e+00,2.641376829147338956e+00,2.825680971145629883e+00,2.641387796401977628e+00,8.200443983078002930e-01,8.108830034732819048e-01,9.209048748016357422e-01,9.227984189987182839e-01,7.625153660774230957e-01,6.204972565174102783e-01,3.200037777423858643e-01,2.849187642335891946e-01,2.201589755713939667e-03,2.279396587982773954e-03,1.097073618439026177e-05,1.097073618439026177e-05
2.513406038284301758e+00,2.674329972267150968e+00,2.513417005538940430e+00,2.674340939521789640e+00,8.030288815498352051e-01,8.119395256042480913e-01,9.067957997322082520e-01,9.259895503520965132e-01,4.827705919742584229e-01,6.395699977874755859e-01,3.083501756191253662e-01,2.875018626451492088e-01,1.246062200516462326e-02,9.329045563936233867e-03,1.096239975595381111e-05,1.096239975595381111e-05
2.546991109848022461e+00,2.657516407966613592e+00,2.547002077102661133e+00,2.657527375221252264e+00,8.224030137062072754e-01,8.031945645809173140e-01,9.466624259948730469e-01,9.238131582736969216e-01,4.940392673015594482e-01,6.345799684524535689e-01,2.814857065677642822e-01,2.900120913982391357e-01,2.400698373094201088e-03,5.916602816432714809e-03,1.096734649763675407e-05,1.096734649763675407e-05
2.602036952972412109e+00,2.650037145614624112e+00,2.602047920227050781e+00,2.650048112869262784e+00,7.959640622138977051e-01,8.033645510673522727e-01,9.286101460456848145e-01,9.220925807952881081e-01,4.915251731872558594e-01,6.333636760711669478e-01,3.843721747398376465e-01,2.895737260580062977e-01,1.565409591421484947e-03,1.642601471394300374e-03,1.096179767046123743e-05,1.096179767046123743e-05
4.578690052032470703e+00,2.643606615066528498e+00,4.578701019287109375e+00,2.643617582321167170e+00,7.674390077590942383e-01,8.121787905693054199e-01,9.143834114074707031e-01,9.194135904312134011e-01,2.594175338745117188e+00,6.211347043514251487e-01,2.987360358238220215e-01,2.874553710222244041e-01,3.956500440835952759e-03,3.424160624854266730e-03,1.096136111300438643e-05,1.096136111300438643e-05
2.861173391342163086e+00,2.661075139045715243e+00,2.861184358596801758e+00,2.661086106300353915e+00,7.892211675643920898e-01,8.086846828460693137e-01,8.882614374160766602e-01,9.257761001586913840e-01,8.661069273948669434e-01,6.440260887145996538e-01,3.152615427970886230e-01,2.796453475952148660e-01,2.322189975529909134e-03,2.942934655584394845e-03,1.095691186492331326e-05,1.095691186492331326e-05
2.637874603271484375e+00,2.625541472434997470e+00,2.637885570526123047e+00,2.625552439689636142e+00,7.646351456642150879e-01,8.069622635841369185e-01,9.191790819168090820e-01,9.274012923240662065e-01,6.636192798614501953e-01,6.118384420871734175e-01,2.894765734672546387e-01,2.779239356517791970e-01,9.643229423090815544e-04,1.415625785011798187e-03,1.095355128200026229e-05,1.095355128200026229e-05
2.535133838653564453e+00,2.658700323104858487e+00,2.535144805908203125e+00,2.658711290359497159e+00,8.146439194679260254e-01,8.028113424777985063e-01,9.447569847106933594e-01,9.241504251956940141e-01,4.605894386768341064e-01,6.525210857391356978e-01,3.141185641288757324e-01,2.777862817049026600e-01,1.025030738674104214e-03,1.431165041867643551e-03,1.095039260690100491e-05,1.095039260690100491e-05
2.404635906219482422e+00,2.658302307128906250e+00,2.404646873474121094e+00,2.658313274383544922e+00,7.523462772369384766e-01,8.022775888442993386e-01,9.174935817718505859e-01,9.231432795524596724e-01,4.526563286781311035e-01,6.539166331291198508e-01,2.810791730880737305e-01,2.778241664171218761e-01,1.060409354977309704e-03,1.140600268263369712e-03,1.095027164410566911e-05,1.095027164410566911e-05
2.810275793075561523e+00,2.641781616210937322e+00,2.810286760330200195e+00,2.641792583465575994e+00,8.054005503654479980e-01,8.088019728660583718e-01,9.102775454521179199e-01,9.218239486217498779e-01,7.971284985542297363e-01,6.299600362777709739e-01,2.957211434841156006e-01,2.793848961591720581e-01,1.748156268149614334e-03,1.810851064510643395e-03,1.095350307878106833e-05,1.095350307878106833e-05
2.414709568023681641e+00,2.645925474166870295e+00,2.414720535278320312e+00,2.645936441421508967e+00,7.681708931922912598e-01,8.055092573165893999e-01,9.020612835884094238e-01,9.204796254634857178e-01,4.763140678405761719e-01,6.344862997531890425e-01,2.618252933025360107e-01,2.820593208074569924e-01,6.337870378047227859e-03,3.391004051081836224e-03,1.095343213819433004e-05,1.095343213819433004e-05
2.646366834640502930e+00,2.656016230583190918e+00,2.646377801895141602e+00,2.656027197837829590e+00,8.908166289329528809e-01,8.073430001735687478e-01,9.721803069114685059e-01,9.209785044193268266e-01,5.276545882225036621e-01,6.390939116477966087e-01,2.535527646541595459e-01,2.849044978618621715e-01,2.162691671401262283e-03,3.696314804255962198e-03,1.094778144761221483e-05,1.094778144761221483e-05
2.492838144302368164e+00,2.643026947975158691e+00,2.492849111557006836e+00,2.643037915229797363e+00,8.449170589447021484e-01,8.036275148391723855e-01,9.362801313400268555e-01,9.226736187934875266e-01,4.647867977619171143e-01,6.273025751113892046e-01,2.371001541614532471e-01,2.814914792776107566e-01,9.753907099366188049e-03,7.931806705892085682e-03,1.094536946766311303e-05,1.094536946766311303e-05
3.155673742294311523e+00,2.654021000862121671e+00,3.155684709548950195e+00,2.654031968116760343e+00,7.862304449081420898e-01,8.078241050243377686e-01,9.361823201179504395e-01,9.239551246166228804e-01,1.183876156806945801e+00,6.394674777984619141e-01,2.450975775718688965e-01,2.792442023754119762e-01,4.287054296582937241e-03,3.530113957822322845e-03,1.094623075914569199e-05,1.094623075914569199e-05
2.466166734695434570e+00,2.652406239509582431e+00,2.466177701950073242e+00,2.652417206764221103e+00,8.092624545097351074e-01,8.077700078487396462e-01,9.279809594154357910e-01,9.255025923252105935e-01,4.769536554813385010e-01,6.297436654567718506e-01,2.388998866081237793e-01,2.788590013980865590e-01,1.306955236941576004e-02,1.053097266703844140e-02,1.095565312425605953e-05,1.095565312425605953e-05
2.488377332687377930e+00,2.635051178932189764e+00,2.488388299942016602e+00,2.635062146186828436e+00,8.116582036018371582e-01,8.094378530979156050e-01,9.372091889381408691e-01,9.230610430240631104e-01,4.720124304294586182e-01,6.169324696063995805e-01,2.650264799594879150e-01,2.825809925794601218e-01,2.470852341502904892e-03,3.038745000958442775e-03,1.094797607947839424e-05,1.094797607947839424e-05
2.453305482864379883e+00,2.678556704521179110e+00,2.453316450119018555e+00,2.678567671775817782e+00,8.069833517074584961e-01,8.209855377674102339e-01,9.458775520324707031e-01,9.251332640647887962e-01,4.861151874065399170e-01,6.464581906795501265e-01,2.100715786218643188e-01,2.759081959724426492e-01,4.258023574948310852e-03,1.007152497768402065e-02,1.094371691578999162e-05,1.094371691578999162e-05
2.503961086273193359e+00,2.674532938003539861e+00,2.503972053527832031e+00,2.674543905258178533e+00,7.999545335769653320e-01,8.107715725898743120e-01,9.341880679130554199e-01,9.227244913578033225e-01,4.741832613945007324e-01,6.606250107288360596e-01,2.910688519477844238e-01,2.759164124727249146e-01,4.566547460854053497e-03,4.495422309264540846e-03,1.094295930670341477e-05,1.094295930670341477e-05
2.471770048141479492e+00,2.675128459930419922e+00,2.471781015396118164e+00,2.675139427185058594e+00,8.395925164222717285e-01,8.249519109725952370e-01,9.309348464012145996e-01,9.228005766868591087e-01,4.650628864765167236e-01,6.333140492439269797e-01,2.284133732318878174e-01,2.767854124307632668e-01,7.766412105411291122e-03,1.727647203952074190e-02,1.094392973755020648e-05,1.094392973755020648e-05
2.582378387451171875e+00,2.650750350952148615e+00,2.582389354705810547e+00,2.650761318206787287e+00,8.613330125808715820e-01,8.031507372856140359e-01,9.501277208328247070e-01,9.228954195976257768e-01,4.823837280273437500e-01,6.444108664989471880e-01,2.853146791458129883e-01,2.779764205217361561e-01,3.219164209440350533e-03,2.316955500282347116e-03,1.095228344638599083e-05,1.095228344638599083e-05
2.366072416305541992e+00,2.616588282585143865e+00,2.366083383560180664e+00,2.616599249839782537e+00,7.174274325370788574e-01,8.030687510967254861e-01,8.764215111732482910e-01,9.234067857265472190e-01,4.743956029415130615e-01,6.114186108112334983e-01,2.938310503959655762e-01,2.760478258132934570e-01,3.996854647994041443e-03,2.646284736692905513e-03,1.094571780413389206e-05,1.094571780413389206e-05
3.267189264297485352e+00,2.623630309104919345e+00,3.267200231552124023e+00,2.623641276359558017e+00,8.310586810111999512e-01,8.111082971096038596e-01,9.397114515304565430e-01,9.221584081649780718e-01,1.241521358489990234e+00,6.104684114456176980e-01,2.507343590259552002e-01,2.748682677745818981e-01,4.163395613431930542e-03,5.026923865079880108e-03,1.094729032047325745e-05,1.094729032047325745e-05
2.492670297622680664e+00,2.663098645210266291e+00,2.492681264877319336e+00,2.663109612464904963e+00,8.081929683685302734e-01,8.035573482513427290e-01,9.533698558807373047e-01,9.244780182838440163e-01,4.717564284801483154e-01,6.488613605499267134e-01,2.569545209407806396e-01,2.816655963659286388e-01,2.396655967459082603e-03,4.536337917670607567e-03,1.094090657716151327e-05,1.094090657716151327e-05
2.398635149002075195e+00,2.632520556449890137e+00,2.398646116256713867e+00,2.632531523704528809e+00,7.442485094070434570e-01,8.033970355987548606e-01,8.853036761283874512e-01,9.212727308273315208e-01,4.557183086872100830e-01,6.247015297412872314e-01,3.109148144721984863e-01,2.812700986862182728e-01,2.450048225000500679e-03,1.879170339088887063e-03,1.093594801204744726e-05,1.093594801204744726e-05
2.573696136474609375e+00,2.638142085075378507e+00,2.573707103729248047e+00,2.638153052330017179e+00,8.611760735511779785e-01,8.043365776538848877e-01,9.627465009689331055e-01,9.243247687816620317e-01,4.672464132308959961e-01,6.289457261562347856e-01,2.812358736991882324e-01,2.782169431447982788e-01,1.291101332753896713e-03,2.318131225183606321e-03,1.094183608074672520e-05,1.094183608074672520e-05
2.456809043884277344e+00,2.644288468360900701e+00,2.456820011138916016e+00,2.644299435615539373e+00,7.839458584785461426e-01,8.111298620700836404e-01,8.794538974761962891e-01,9.203682184219360574e-01,4.580504894256591797e-01,6.292779684066772683e-01,3.299697935581207275e-01,2.786574780941009633e-01,5.388897377997636795e-03,4.854896431788801800e-03,1.093529317586217076e-05,1.093529317586217076e-05
2.373537778854370117e+00,2.630811166763305842e+00,2.373548746109008789e+00,2.630822134017944514e+00,7.705750465393066406e-01,8.031108558177948442e-01,9.415207505226135254e-01,9.285370588302612749e-01,4.396270215511322021e-01,6.170706152915954590e-01,2.146172970533370972e-01,2.769359171390533558e-01,7.197831757366657257e-03,5.156657006591558283e-03,1.093378341465722769e-05,1.093378341465722769e-05
2.458455801010131836e+00,2.637109851837158292e+00,2.458466768264770508e+00,2.637120819091796964e+00,7.928874492645263672e-01,8.081969380378722922e-01,9.163302779197692871e-01,9.209485173225402388e-01,4.527495801448822021e-01,6.333349645137786865e-01,2.951284348964691162e-01,2.734807401895523182e-01,1.360210007987916470e-03,1.148709410335868510e-03,1.092549246095586568e-05,1.092549246095586568e-05
2.503068447113037109e+00,2.669815492630005060e+00,2.503079414367675781e+00,2.669826459884643732e+00,8.037940859794616699e-01,8.139966666698456033e-01,9.178027510643005371e-01,9.218844592571258101e-01,4.299130141735076904e-01,6.580601036548614502e-01,3.497848510742187500e-01,2.728436082601547463e-01,1.773783937096595764e-03,3.030672739259898836e-03,1.092093134502647445e-05,1.092093134502647445e-05
2.569609880447387695e+00,2.662962961196899236e+00,2.569620847702026367e+00,2.662973928451537908e+00,8.604704737663269043e-01,8.085684061050415483e-01,9.496702551841735840e-01,9.256984651088714378e-01,4.966066777706146240e-01,6.575574398040771040e-01,2.596872746944427490e-01,2.676525473594665305e-01,3.175223944708704948e-03,3.486099769361317158e-03,1.092249112844001502e-05,1.092249112844001502e-05
2.454797267913818359e+00,2.662752938270569025e+00,2.454808235168457031e+00,2.662763905525207697e+00,8.373973369598388672e-01,8.204108536243438499e-01,9.599581360816955566e-01,9.252157688140869585e-01,4.594101607799530029e-01,6.428287029266357422e-01,1.919124573469161987e-01,2.663827389478683472e-01,6.119249388575553894e-03,7.914850255474448204e-03,1.092687307391315699e-05,1.092687307391315699e-05
2.840743064880371094e+00,2.637915062904357733e+00,2.840754032135009766e+00,2.637926030158996404e+00,7.820814251899719238e-01,8.071280181407928245e-01,9.212324619293212891e-01,9.340572416782378928e-01,9.044871926307678223e-01,6.261257529258728027e-01,2.295289933681488037e-01,2.679536670446395763e-01,3.413117490708827972e-03,2.650386560708284291e-03,1.094948856916744262e-05,1.094948856916744262e-05
2.553683519363403320e+00,2.649386429786682040e+00,2.553694486618041992e+00,2.649397397041320712e+00,8.348487615585327148e-01,8.109005928039551003e-01,9.407719373703002930e-01,9.282307267189026101e-01,5.387195348739624023e-01,6.412663400173187478e-01,2.371794134378433228e-01,2.670727461576462014e-01,2.163954544812440872e-03,1.916073309257626577e-03,1.097749282052973285e-05,1.097749282052973285e-05
3.036475181579589844e+00,2.629583621025085360e+00,3.036486148834228516e+00,2.629594588279724032e+00,7.887655496597290039e-01,8.092935204505919966e-01,8.867459297180175781e-01,9.257255136966705544e-01,1.002354502677917480e+00,6.256945312023163286e-01,3.562438189983367920e-01,2.660730212926864513e-01,2.365353982895612717e-03,2.796979155391454697e-03,1.098043321690056473e-05,1.098043321690056473e-05
2.480102062225341797e+00,2.651188278198242099e+00,2.480113029479980469e+00,2.651199245452880771e+00,8.011277914047241211e-01,8.074484169483184814e-01,9.320724010467529297e-01,9.266809821128845215e-01,4.982260167598724365e-01,6.455217778682709184e-01,2.469678521156311035e-01,2.698296815156936423e-01,1.708113239146769047e-03,1.707480498589575377e-03,1.098122629628051072e-05,1.098122629628051072e-05
2.866188764572143555e+00,2.627837681770324618e+00,2.866199731826782227e+00,2.627848649024963290e+00,8.195031881332397461e-01,8.064265966415404829e-01,9.218747019767761230e-01,9.278417527675628662e-01,8.456647992134094238e-01,6.225085616111755149e-01,2.769555151462554932e-01,2.689434379339218362e-01,2.190556842833757401e-03,2.117369929328560742e-03,1.098790107789682224e-05,1.098790107789682224e-05
2.431993246078491211e+00,2.656226253509521573e+00,2.432004213333129883e+00,2.656237220764160245e+00,7.446846961975097656e-01,8.111852943897247536e-01,8.857146501541137695e-01,9.284551382064819558e-01,5.132026672363281250e-01,6.420973300933837669e-01,2.853422760963439941e-01,2.688949972391128651e-01,3.049164311960339546e-03,5.593546247109770601e-03,1.097943459171801805e-05,1.097943459171801805e-05
2.389412164688110352e+00,2.646950793266296564e+00,2.389423131942749023e+00,2.646961760520935236e+00,7.417820096015930176e-01,8.068125545978546143e-01,9.074296355247497559e-01,9.258409380912780984e-01,5.024951100349426270e-01,6.414225339889526589e-01,2.359577119350433350e-01,2.712306201457977406e-01,1.747866161167621613e-03,1.644154801033437165e-03,1.097714175557484850e-05,1.097714175557484850e-05
2.463289976119995117e+00,2.646005773544311435e+00,2.463300943374633789e+00,2.646016740798950106e+00,7.730069160461425781e-01,8.090862095355987327e-01,9.248762726783752441e-01,9.231331288814544900e-01,5.024435520172119141e-01,6.400438129901886430e-01,2.611432969570159912e-01,2.720599144697189442e-01,1.820093370042741299e-03,1.682670076843351169e-03,1.097724907594965771e-05,1.097724907594965771e-05
2.491630554199218750e+00,2.665384387969970792e+00,2.491641521453857422e+00,2.665395355224609464e+00,7.896655201911926270e-01,8.034971177577971968e-01,9.048364162445068359e-01,9.256900310516357200e-01,5.025818943977355957e-01,6.618703842163086160e-01,2.928155660629272461e-01,2.726730644702911599e-01,1.731402473524212837e-03,1.653858995996415572e-03,1.097789845516672358e-05,1.097789845516672358e-05
2.595480203628540039e+00,2.635924959182739169e+00,2.595491170883178711e+00,2.635935926437377841e+00,8.545994758605957031e-01,8.120647668838500977e-01,9.266066551208496094e-01,9.261807262897491233e-01,4.688030779361724854e-01,6.221003890037536399e-01,3.438004255294799805e-01,2.727230250835418479e-01,1.670576166361570358e-03,2.856052014976739883e-03,1.097745280276285484e-05,1.097745280276285484e-05
2.870459794998168945e+00,2.639238715171813965e+00,2.870470762252807617e+00,2.639249682426452637e+00,7.764378786087036133e-01,8.080786764621734619e-01,9.276928901672363281e-01,9.245922446250915971e-01,9.239298105239868164e-01,6.321413755416870339e-01,2.396885305643081665e-01,2.694496810436248779e-01,2.710583386942744255e-03,4.976730700582266201e-03,1.097185850085224956e-05,1.097185850085224956e-05
2.594410419464111328e+00,2.672629404067992986e+00,2.594421386718750000e+00,2.672640371322631658e+00,8.442929387092590332e-01,8.306285262107848677e-01,9.260959029197692871e-01,9.299734652042388472e-01,4.755963683128356934e-01,6.374995410442352295e-01,3.380724191665649414e-01,2.579929709434509166e-01,1.035264786332845688e-02,1.653484804555773596e-02,1.097150743589736521e-05,1.097150743589736521e-05
2.584814071655273438e+00,2.628552675247192383e+00,2.584825038909912109e+00,2.628563642501831055e+00,8.260699510574340820e-01,8.126300454139709917e-01,9.421563148498535156e-01,9.277543544769286665e-01,5.012725591659545898e-01,6.354481637477874534e-01,3.120231330394744873e-01,2.488472893834114130e-01,3.292115870863199234e-03,3.872816311195492831e-03,1.096963751479052007e-05,1.096963751479052007e-05
2.548763990402221680e+00,2.623748302459716797e+00,2.548774957656860352e+00,2.623759269714355469e+00,8.746669292449951172e-01,8.112732946872711626e-01,9.638901352882385254e-01,9.294212281703948531e-01,4.974899888038635254e-01,6.341604888439178467e-01,2.117032408714294434e-01,2.476138129830360302e-01,1.013659522868692875e-03,1.279418601188808636e-03,1.097402764571597800e-05,1.097402764571597800e-05
2.729387521743774414e+00,2.607349467277527033e+00,2.729398488998413086e+00,2.607360434532165705e+00,8.255711793899536133e-01,8.180703580379485862e-01,9.582633376121520996e-01,9.270986735820769820e-01,7.516863346099853516e-01,6.124004244804381880e-01,1.922552883625030518e-01,2.473569616675376781e-01,1.611456274986267090e-03,2.423018007539212617e-03,1.097670974559150636e-05,1.097670974559150636e-05
2.804053783416748047e+00,2.606277251243591220e+00,2.804064750671386719e+00,2.606288218498229892e+00,7.751365900039672852e-01,8.101642131805419922e-01,8.946881890296936035e-01,9.268133223056793657e-01,8.927754163742065430e-01,6.213211238384246382e-01,2.386099547147750854e-01,2.444147169589996338e-01,2.843580441549420357e-03,3.563898429274558848e-03,1.097193035093368962e-05,1.097193035093368962e-05
2.669046640396118164e+00,2.667483043670654475e+00,2.669057607650756836e+00,2.667494010925293146e+00,8.424554467201232910e-01,8.452473640441894309e-01,9.473900794982910156e-01,9.397821426391601562e-01,6.041694879531860352e-01,6.223553717136383057e-01,2.523822188377380371e-01,2.396379724144935552e-01,2.264956012368202209e-02,2.046016994863748481e-02,1.097168569685891271e-05,1.097168569685891271e-05
2.776122331619262695e+00,2.616986894607543856e+00,2.776133298873901367e+00,2.616997861862182528e+00,8.742622137069702148e-01,8.233906984329223411e-01,9.520943164825439453e-01,9.303207933902740701e-01,6.800284385681152344e-01,6.165826320648193359e-01,2.598710954189300537e-01,2.382292181253433117e-01,9.866406209766864777e-03,8.463550079613923333e-03,1.097353469958761707e-05,1.097353469958761707e-05
2.580156326293945312e+00,2.588927412033080966e+00,2.580167293548583984e+00,2.588938379287719638e+00,8.250333070755004883e-01,8.086517035961151567e-01,9.151917099952697754e-01,9.311533391475677046e-01,6.201942563056945801e-01,6.082875490188598411e-01,2.132564932107925415e-01,2.366409003734588623e-01,6.480506621301174164e-03,4.193893773481250156e-03,1.099983455787878484e-05,1.099983455787878484e-05
2.479971170425415039e+00,2.606934928894042880e+00,2.479982137680053711e+00,2.606945896148681552e+00,8.529894948005676270e-01,8.292587578296661821e-01,9.033769965171813965e-01,9.293085813522339311e-01,4.723445773124694824e-01,6.062688946723937544e-01,2.422926723957061768e-01,2.352247908711433411e-01,8.967483416199684143e-03,6.873840652406215841e-03,1.100686858990229666e-05,1.100686858990229666e-05
2.453221082687377930e+00,2.616986131668090909e+00,2.453232049942016602e+00,2.616997098922729581e+00,7.954374551773071289e-01,8.302107870578765425e-01,9.685286879539489746e-01,9.343260645866393599e-01,4.482827186584472656e-01,6.077014982700348344e-01,2.349753528833389282e-01,2.350129410624504089e-01,5.997023545205593109e-03,9.734892193228006710e-03,1.100480130844516680e-05,1.100480130844516680e-05
2.416649818420410156e+00,2.590514826774596990e+00,2.416660785675048828e+00,2.590525794029235662e+00,7.934382557868957520e-01,8.125347316265105757e-01,9.650753736495971680e-01,9.311348199844360352e-01,4.843968749046325684e-01,6.069097578525542991e-01,1.697938442230224609e-01,2.366448044776916504e-01,3.945284523069858551e-03,3.290673205628991300e-03,1.099771361623425037e-05,1.099771361623425037e-05
2.709480285644531250e+00,2.587183880805969061e+00,2.709491252899169922e+00,2.587194848060607733e+00,7.649859786033630371e-01,8.177528321743011697e-01,8.981415629386901855e-01,9.325861692428588645e-01,8.101772665977478027e-01,5.980122506618499312e-01,2.323471456766128540e-01,2.358946979045867809e-01,3.828184679150581360e-03,2.937959367409348575e-03,1.100175995816243812e-05,1.100175995816243812e-05
2.413492441177368164e+00,2.581627297401428045e+00,2.413503408432006836e+00,2.581638264656066717e+00,8.048002123832702637e-01,8.174254238605499490e-01,9.534492492675781250e-01,9.311310589313507302e-01,4.740630090236663818e-01,5.934700727462768333e-01,1.775765717029571533e-01,2.359859183430671747e-01,3.603480523452162743e-03,3.614885988645255479e-03,1.100460849556839094e-05,1.100460849556839094e-05
2.448304891586303711e+00,2.605105614662170499e+00,2.448315858840942383e+00,2.605116581916809171e+00,8.452987670898437500e-01,8.104471087455749068e-01,9.475882053375244141e-01,9.346754550933837891e-01,4.606911838054656982e-01,6.231554031372070757e-01,1.934075206518173218e-01,2.355883285403251592e-01,1.319089322350919247e-03,1.239283522590994878e-03,1.100537156162317842e-05,1.100537156162317842e-05
3.249869823455810547e+00,2.608678054809570490e+00,3.249880790710449219e+00,2.608689022064209162e+00,8.464059233665466309e-01,8.343157470226287842e-01,9.341626167297363281e-01,9.346572637557983843e-01,1.195198059082031250e+00,5.937616348266601118e-01,2.630715370178222656e-01,2.351875662803649958e-01,1.103162299841642380e-02,1.075585493817925523e-02,1.100040572055149823e-05,1.100040572055149823e-05
2.485276937484741211e+00,2.575575947761535645e+00,2.485287904739379883e+00,2.575586915016174316e+00,8.149666190147399902e-01,8.093211472034453902e-01,9.488114714622497559e-01,9.352822899818420410e-01,5.061864256858825684e-01,5.939751803874969704e-01,2.124658226966857910e-01,2.342243000864982494e-01,2.846655901521444321e-03,2.772997133433818817e-03,1.100148074328899384e-05,1.100148074328899384e-05
2.704734563827514648e+00,2.587914586067199707e+00,2.704745531082153320e+00,2.587925553321838379e+00,8.071658611297607422e-01,8.166781723499297874e-01,9.279670119285583496e-01,9.345113992691039817e-01,7.312685847282409668e-01,5.969562828540802002e-01,2.323534041643142700e-01,2.334600493311881908e-01,5.979510955512523651e-03,6.308692460879683668e-03,1.100493682315573096e-05,1.100493682315573096e-05
2.439526319503784180e+00,2.577746725082397550e+00,2.439537286758422852e+00,2.577757692337036222e+00,7.601840496063232422e-01,8.091097712516784890e-01,8.840336799621582031e-01,9.295383870601654497e-01,5.035241842269897461e-01,6.047011077404021995e-01,2.902056872844696045e-01,2.329763665795326344e-01,1.578916329890489578e-03,1.421052485238760753e-03,1.101130783354165033e-05,1.101130783354165033e-05
2.664906740188598633e+00,2.585388636589050382e+00,2.664917707443237305e+00,2.585399603843689054e+00,8.438893556594848633e-01,8.191336154937743919e-01,9.196512103080749512e-01,9.300818562507628950e-01,5.795801877975463867e-01,6.000507950782776323e-01,3.197633326053619385e-01,2.332200676202774159e-01,2.022814936935901642e-03,2.902335370890796185e-03,1.100382905860897154e-05,1.100382905860897154e-05
2.395632266998291016e+00,2.575746393203735440e+00,2.395643234252929688e+00,2.575757360458374112e+00,7.898415327072143555e-01,8.105002403259277122e-01,9.232861995697021484e-01,9.293312013149261919e-01,4.543884694576263428e-01,6.012481689453125222e-01,2.259150147438049316e-01,2.328573122620582470e-01,2.201060997322201729e-03,1.809489098377525806e-03,1.100068493542494252e-05,1.100068493542494252e-05
2.526410341262817383e+00,2.628570795059204102e+00,2.526421308517456055e+00,2.628581762313842773e+00,7.994166612625122070e-01,8.303713142871856911e-01,9.080325365066528320e-01,9.324513971805572510e-01,5.495558977127075195e-01,6.290003240108490434e-01,2.660549283027648926e-01,2.330303087830543629e-01,3.350374521687626839e-03,3.717494662851095200e-03,1.099846940633142367e-05,1.099846940633142367e-05
2.492641925811767578e+00,2.571246528625488192e+00,2.492652893066406250e+00,2.571257495880126864e+00,8.289903402328491211e-01,8.112472772598267046e-01,9.338233470916748047e-01,9.302498400211334229e-01,4.595977663993835449e-01,5.959322631359100786e-01,2.682354450225830078e-01,2.316334396600723267e-01,1.995049184188246727e-03,2.183742541819811041e-03,1.099444489227607846e-05,1.099444489227607846e-05
2.440971612930297852e+00,2.554878759384155096e+00,2.440982580184936523e+00,2.554889726638793768e+00,8.246648311614990234e-01,8.143541991710663286e-01,9.372364878654479980e-01,9.314558804035186768e-01,4.631279706954956055e-01,5.752631068229675515e-01,2.145710736513137817e-01,2.313458979129791315e-01,1.371164340525865555e-03,2.459589438512921160e-03,1.099165911000454798e-05,1.099165911000454798e-05
2.441467523574829102e+00,2.571073651313781738e+00,2.441478490829467773e+00,2.571084618568420410e+00,8.305394649505615234e-01,8.205243170261382613e-01,9.387304186820983887e-01,9.294276475906372292e-01,4.291554987430572510e-01,5.849240928888320701e-01,2.384513914585113525e-01,2.320491790771484486e-01,4.590479657053947449e-03,4.148402553983032877e-03,1.098292068490991369e-05,1.098292068490991369e-05
2.380259752273559570e+00,2.588249158859253107e+00,2.380270719528198242e+00,2.588260126113891779e+00,8.093340992927551270e-01,8.152874052524566872e-01,9.397773742675781250e-01,9.353015005588531938e-01,4.126558303833007812e-01,6.017585158348083274e-01,2.161375433206558228e-01,2.331113606691360418e-01,2.354778582230210304e-03,2.790445624850690191e-03,1.097690528695238754e-05,1.097690528695238754e-05
2.952734470367431641e+00,2.589376425743103116e+00,2.952745437622070312e+00,2.589387392997741788e+00,7.835117578506469727e-01,8.190337359905243142e-01,9.059611558914184570e-01,9.302301526069640669e-01,9.741941094398498535e-01,6.039011478424072266e-01,2.870884835720062256e-01,2.347847446799278259e-01,1.979087013751268387e-03,1.426622795406728983e-03,1.097184212994761765e-05,1.097184212994761765e-05
2.455346107482910156e+00,2.574692296981811346e+00,2.455357074737548828e+00,2.574703264236450018e+00,8.192688226699829102e-01,8.111114025115966353e-01,9.337792992591857910e-01,9.290299355983734353e-01,4.104292690753936768e-01,5.976343423128127608e-01,2.893778383731842041e-01,2.349111586809158325e-01,2.490838058292865753e-03,2.005544549319893122e-03,1.097077984013594687e-05,1.097077984013594687e-05
2.644299507141113281e+00,2.620282602310180842e+00,2.644310474395751953e+00,2.620293569564819514e+00,8.424268960952758789e-01,8.083789408206939475e-01,9.468918442726135254e-01,9.272996485233306885e-01,6.187469959259033203e-01,6.385678827762604204e-01,2.337582409381866455e-01,2.433155372738838307e-01,2.475406508892774582e-03,2.720564673654735262e-03,1.097035237762611359e-05,1.097035237762611359e-05
2.422555923461914062e+00,2.617519235610962003e+00,2.422566890716552734e+00,2.617530202865600675e+00,8.092123270034790039e-01,8.132515966892241988e-01,9.252024888992309570e-01,9.277350306510925293e-01,4.600451290607452393e-01,6.218814969062804732e-01,2.162394821643829346e-01,2.457234039902687073e-01,1.185658480972051620e-02,8.927778340876102448e-03,1.096414780477061868e-05,1.096414780477061868e-05
2.623389482498168945e+00,2.616321635246277033e+00,2.623400449752807617e+00,2.616332602500915705e+00,8.327918052673339844e-01,8.158545613288878950e-01,9.193365573883056641e-01,9.472237646579741988e-01,5.872533917427062988e-01,6.111775577068329079e-01,2.797252833843231201e-01,2.374656796455383301e-01,4.282432608306407928e-03,4.600113071501254862e-03,1.096209143724991009e-05,1.096209143724991009e-05
2.456647396087646484e+00,2.616662836074829190e+00,2.456658363342285156e+00,2.616673803329467862e+00,8.071379661560058594e-01,8.135755658149719238e-01,9.679179191589355469e-01,9.286370515823364480e-01,4.881652295589447021e-01,6.325895547866821067e-01,1.922197937965393066e-01,2.393820643424987848e-01,1.206615357659757137e-03,2.478551422245800669e-03,1.098712527891620994e-05,1.098712527891620994e-05
2.472401142120361328e+00,2.592311835289001554e+00,2.472412109375000000e+00,2.592322802543640226e+00,8.423261642456054688e-01,8.100479006767272727e-01,9.216415286064147949e-01,9.299885392189025657e-01,4.909735023975372314e-01,6.135083258152007613e-01,2.153167724609375000e-01,2.369376406073570307e-01,2.143159974366426468e-03,1.829456316772848324e-03,1.099092423828551546e-05,1.099092423828551546e-05
2.602079153060913086e+00,2.598781418800354182e+00,2.602090120315551758e+00,2.598792386054992853e+00,8.512187004089355469e-01,8.104241907596587691e-01,9.411280155181884766e-01,9.301133513450622337e-01,5.701461434364318848e-01,6.203208863735198975e-01,2.379857301712036133e-01,2.357967779040336664e-01,1.600396586582064629e-03,2.126216446049511346e-03,1.098904976970516145e-05,1.098904976970516145e-05
2.482665777206420898e+00,2.587743830680847346e+00,2.482676744461059570e+00,2.587754797935486017e+00,8.242539763450622559e-01,8.141141951084136519e-01,9.317204952239990234e-01,9.290195405483245850e-01,4.743973314762115479e-01,6.085580706596374068e-01,2.500277459621429443e-01,2.337207868695259094e-01,2.266093390062451363e-03,2.331237564794719132e-03,1.098858137993374839e-05,1.098858137993374839e-05
2.544813156127929688e+00,2.566951870918273926e+00,2.544824123382568359e+00,2.566962838172912598e+00,8.164147734642028809e-01,8.165595412254333940e-01,9.281539916992187500e-01,9.387790918350219505e-01,5.540620684623718262e-01,5.861023068428039551e-01,2.451508790254592896e-01,2.239802360534667858e-01,1.031348947435617447e-03,1.530736044514924288e-03,1.098245775210671127e-05,1.098245775210671127e-05
2.491888761520385742e+00,2.585068273544311346e+00,2.491899728775024414e+00,2.585079240798950018e+00,8.247852921485900879e-01,8.213099181652069314e-01,9.103017449378967285e-01,9.333234548568725142e-01,5.006409287452697754e-01,6.058013498783111350e-01,2.532351315021514893e-01,2.216724351048469654e-01,2.925532404333353043e-03,2.961144200526177883e-03,1.098279608413577080e-05,1.098279608413577080e-05
2.444568872451782227e+00,2.553658843040466309e+00,2.444579839706420898e+00,2.553669810295104980e+00,8.110203742980957031e-01,8.160258769989013894e-01,9.433639645576477051e-01,9.313588023185730425e-01,5.046489834785461426e-01,5.836880683898926225e-01,1.844726800918579102e-01,2.214080810546875111e-01,1.063149538822472095e-03,1.178050972521305171e-03,1.098182474379427731e-05,1.098182474379427731e-05
2.345763444900512695e+00,2.568772244453429998e+00,2.345774412155151367e+00,2.568783211708068670e+00,7.548692822456359863e-01,8.187590718269348589e-01,9.124367237091064453e-01,9.293003082275390625e-01,4.836766421794891357e-01,5.957582831382751687e-01,1.896954923868179321e-01,2.216169074177742060e-01,5.085231270641088486e-03,3.337704809382557869e-03,1.098317261494230479e-05,1.098317261494230479e-05
2.333703517913818359e+00,2.534897136688232244e+00,2.333714485168457031e+00,2.534908103942870916e+00,7.855074405670166016e-01,8.127644598484039529e-01,9.311006069183349609e-01,9.317908525466919167e-01,4.670337438583374023e-01,5.666901230812072532e-01,1.474064588546752930e-01,2.217811644077301025e-01,2.655112883076071739e-03,1.870521821547299580e-03,1.098452230507973582e-05,1.098452230507973582e-05
2.343334674835205078e+00,2.578887414932251154e+00,2.343345642089843750e+00,2.578898382186889826e+00,7.815191149711608887e-01,8.246333301067352295e-01,9.438564181327819824e-01,9.289071857929229736e-01,4.660874009132385254e-01,5.982622444629669411e-01,1.481165289878845215e-01,2.241977766156196539e-01,3.755087032914161682e-03,2.886952506378292951e-03,1.098007305699866265e-05,1.098007305699866265e-05
2.405024290084838867e+00,2.560790562629699618e+00,2.405035257339477539e+00,2.560801529884338290e+00,8.010125160217285156e-01,8.168319106101989968e-01,9.595367312431335449e-01,9.306201934814453125e-01,4.541560709476470947e-01,5.860372185707092285e-01,1.861576586961746216e-01,2.241884335875511114e-01,4.161147400736808777e-03,3.112775250338018027e-03,1.096920732379658148e-05,1.096920732379658148e-05
2.469838142395019531e+00,2.557436823844909668e+00,2.469849109649658203e+00,2.557447791099548340e+00,8.295271396636962891e-01,8.169575631618499756e-01,9.059565663337707520e-01,9.329846203327178955e-01,5.083811879158020020e-01,5.824152797460555586e-01,2.238137274980545044e-01,2.233708679676055797e-01,2.159560332074761391e-03,1.708414335735142274e-03,1.096881169360131025e-05,1.096881169360131025e-05
2.407456874847412109e+00,2.544700741767883301e+00,2.407467842102050781e+00,2.544711709022521973e+00,8.133015632629394531e-01,8.165446400642395464e-01,9.280806183815002441e-01,9.297236800193786621e-01,4.417009353637695312e-01,5.720298409461974654e-01,2.220926880836486816e-01,2.240283548831939753e-01,2.281108871102333069e-03,2.374261687509715731e-03,1.096975756809115410e-05,1.096975756809115410e-05
2.407276153564453125e+00,2.541241192817687899e+00,2.407287120819091797e+00,2.541252160072326571e+00,8.008801937103271484e-01,8.139344334602356401e-01,9.144112467765808105e-01,9.374223172664641890e-01,4.186550676822662354e-01,5.627829164266586748e-01,2.710376381874084473e-01,2.243104577064514160e-01,2.292007207870483398e-03,2.791046700440347368e-03,1.096483356377575547e-05,1.096483356377575547e-05
3.319579601287841797e+00,2.567023944854736506e+00,3.319590568542480469e+00,2.567034912109375178e+00,7.902525067329406738e-01,8.304182171821594682e-01,9.206556677818298340e-01,9.352272152900695801e-01,1.357509255409240723e+00,5.531162261962890847e-01,2.304642200469970703e-01,2.271709427237510737e-01,2.069771476089954376e-02,2.109130118042230537e-02,1.096589130611391738e-05,1.096589130611391738e-05
2.369869947433471680e+00,2.555313682556152433e+00,2.369880914688110352e+00,2.555324649810791104e+00,7.844722867012023926e-01,8.160660803318023904e-01,9.222573637962341309e-01,9.354508399963379350e-01,4.457805156707763672e-01,5.656636953353881836e-01,2.140638530254364014e-01,2.325374498963355963e-01,3.295900532975792885e-03,5.595587519928812634e-03,1.096992309612687677e-05,1.096992309612687677e-05
2.413793087005615234e+00,2.571261692047118963e+00,2.413804054260253906e+00,2.571272659301757635e+00,8.270221948623657227e-01,8.130054056644440141e-01,9.249959588050842285e-01,9.293255150318145974e-01,4.392117261886596680e-01,5.904893040657043235e-01,2.168825119733810425e-01,2.327327534556388744e-01,5.680736154317855835e-03,5.708723422139882694e-03,1.097136191674508154e-05,1.097136191674508154e-05
3.102592706680297852e+00,2.639454150199890048e+00,3.102603673934936523e+00,2.639465117454528720e+00,7.912551164627075195e-01,8.289753854274749534e-01,8.934352993965148926e-01,9.309113264083862527e-01,1.104439139366149902e+00,6.366597414016723633e-01,3.070034682750701904e-01,2.343862205743789673e-01,6.459556985646486282e-03,8.521557133644819954e-03,1.097242329706205055e-05,1.097242329706205055e-05
2.370786905288696289e+00,2.600032424926757901e+00,2.370797872543334961e+00,2.600043392181396573e+00,7.773864865303039551e-01,8.243492543697357178e-01,9.432290792465209961e-01,9.302889287471771684e-01,4.571808576583862305e-01,6.102343022823333296e-01,1.893928050994873047e-01,2.314282983541488536e-01,3.597631119191646576e-03,3.731613233685493643e-03,1.098546272260136902e-05,1.098546272260136902e-05
2.372080326080322266e+00,2.586348772048950195e+00,2.372091293334960938e+00,2.586359739303588867e+00,7.647557258605957031e-01,8.158400416374206321e-01,9.163314700126647949e-01,9.328493416309356911e-01,4.388575553894042969e-01,6.037973940372467485e-01,2.503528594970703125e-01,2.322096124291420094e-01,1.782678766176104546e-03,1.652399089653044896e-03,1.099502605939051136e-05,1.099502605939051136e-05
2.334970235824584961e+00,2.575596070289611905e+00,2.334981203079223633e+00,2.575607037544250577e+00,7.819676995277404785e-01,8.147283673286438432e-01,9.032658338546752930e-01,9.288303077220916304e-01,4.307403564453125000e-01,5.938602626323700173e-01,2.137901037931442261e-01,2.320077329874038752e-01,5.206006579101085663e-03,6.169333029538393368e-03,1.099275687010958791e-05,1.099275687010958791e-05
2.289417743682861328e+00,2.614964199066162287e+00,2.289428710937500000e+00,2.614975166320800959e+00,7.436993718147277832e-01,8.147267937660217507e-01,8.680629730224609375e-01,9.305305123329162820e-01,4.282764196395874023e-01,6.378308475017547829e-01,2.477294504642486572e-01,2.306190282106399536e-01,1.649715704843401909e-03,1.257016591262072411e-03,1.098353914130711928e-05,1.098353914130711928e-05
3.184573650360107422e+00,2.593669748306274503e+00,3.184584617614746094e+00,2.593680715560913175e+00,8.094726800918579102e-01,8.301155924797057883e-01,9.445351958274841309e-01,9.345473945140838623e-01,1.191905260086059570e+00,5.952383637428283469e-01,2.348843216896057129e-01,2.299866333603858837e-01,3.776201047003269196e-03,3.781760600395500573e-03,1.098129723686724901e-05,1.098129723686724901e-05
2.676009178161621094e+00,2.569137883186340510e+00,2.676020145416259766e+00,2.569148850440979182e+00,7.886137366294860840e-01,8.096759498119354692e-01,9.045172333717346191e-01,9.285098493099213091e-01,7.723702192306518555e-01,5.971909373998641746e-01,2.073575705289840698e-01,2.321419939398765564e-01,3.150330390781164169e-03,1.619245682377368212e-03,1.098167376767378300e-05,1.098167376767378300e-05
2.475917100906372070e+00,2.602230405807495206e+00,2.475928068161010742e+00,2.602241373062133878e+00,8.409280776977539062e-01,8.181523203849792036e-01,9.420737624168395996e-01,9.305088818073272705e-01,4.561380743980407715e-01,6.164359033107758012e-01,2.323031574487686157e-01,2.330722942948341425e-01,4.473990760743618011e-03,4.061033832840621471e-03,1.097665790439350531e-05,1.097665790439350531e-05
2.319887399673461914e+00,2.601131558418273926e+00,2.319898366928100586e+00,2.601142525672912598e+00,8.030601143836975098e-01,8.115258514881134033e-01,9.510533213615417480e-01,9.319419384002685103e-01,4.590241014957427979e-01,6.241798222064971480e-01,1.049893870949745178e-01,2.317561298608779852e-01,1.760483253747224808e-03,1.727805845439433965e-03,1.097227868740446866e-05,1.097227868740446866e-05
2.340807199478149414e+00,2.585566782951354892e+00,2.340818166732788086e+00,2.585577750205993564e+00,7.844763994216918945e-01,8.067981481552124468e-01,9.294750094413757324e-01,9.340762972831726518e-01,4.594150781631469727e-01,6.121059834957123247e-01,1.662958711385726929e-01,2.313509434461593628e-01,1.144989277236163616e-03,1.235429267399012999e-03,1.097089716495247558e-05,1.097089716495247558e-05
2.552308082580566406e+00,2.591001272201538086e+00,2.552319049835205078e+00,2.591012239456176758e+00,7.800934910774230957e-01,8.171367347240447998e-01,9.121525287628173828e-01,9.285587191581725630e-01,6.426073908805847168e-01,6.135500431060790794e-01,2.161932438611984253e-01,2.306354612112045399e-01,1.261381665244698524e-03,1.120264758355915546e-03,1.096832056646235287e-05,1.096832056646235287e-05
2.533020734786987305e+00,2.558513212203979315e+00,2.533031702041625977e+00,2.558524179458617986e+00,8.441575169563293457e-01,8.184592425823211670e-01,9.043056964874267578e-01,9.289175271987915039e-01,4.636350274085998535e-01,5.804323732852936235e-01,3.171250522136688232e-01,2.280932575464248713e-01,3.797615179792046547e-03,2.610777271911501884e-03,1.096710548154078424e-05,1.096710548154078424e-05
2.440191984176635742e+00,2.655176043510437012e+00,2.440202951431274414e+00,2.655187010765075684e+00,8.322247266769409180e-01,8.191982328891753706e-01,9.303057789802551270e-01,9.349795639514922874e-01,4.383598268032073975e-01,6.696204960346221480e-01,2.374269962310791016e-01,2.288863435387611389e-01,1.874696346931159496e-03,2.491466072387993509e-03,1.096566757041728124e-05,1.096566757041728124e-05
2.543857336044311523e+00,2.561833596229553311e+00,2.543868303298950195e+00,2.561844563484191983e+00,8.384999036788940430e-01,8.228245496749877486e-01,9.442968964576721191e-01,9.294768273830413818e-01,5.581175088882446289e-01,5.764871001243591087e-01,1.995010823011398315e-01,2.280689388513565119e-01,3.441947977989912033e-03,4.976135678589344025e-03,1.096328105631982908e-05,1.096328105631982908e-05
2.403114795684814453e+00,2.578994178771972567e+00,2.403125762939453125e+00,2.579005146026611239e+00,8.040122389793395996e-01,8.159722745418548362e-01,9.346516132354736328e-01,9.281721055507660134e-01,4.373908042907714844e-01,6.068764448165893111e-01,2.247972339391708374e-01,2.262374445796012934e-01,2.262773457914590836e-03,1.735993358306586786e-03,1.096283904189476743e-05,1.096283904189476743e-05
2.364379167556762695e+00,2.546442866325378418e+00,2.364390134811401367e+00,2.546453833580017090e+00,8.152860999107360840e-01,8.187922537326812744e-01,9.262593984603881836e-01,9.284233391284942849e-01,4.315736293792724609e-01,5.707544267177582231e-01,1.884056180715560913e-01,2.246906355023384205e-01,2.854693448171019554e-03,3.782224864698946389e-03,1.095779498427873477e-05,1.095779498427873477e-05
2.429091215133666992e+00,2.556023836135864258e+00,2.429102182388305664e+00,2.556034803390502930e+00,8.309466838836669922e-01,8.161325693130493386e-01,9.358634948730468750e-01,9.263440608978271706e-01,4.182757735252380371e-01,5.884195595979690996e-01,2.423858642578125000e-01,2.239120200276374928e-01,1.619286835193634033e-03,1.215620257426053286e-03,1.095840252673951909e-05,1.095840252673951909e-05
2.410287857055664062e+00,2.552778887748718084e+00,2.410298824310302734e+00,2.552789855003356756e+00,8.084484934806823730e-01,8.226594626903533936e-01,9.273943901062011719e-01,9.284861922264099343e-01,4.123164713382720947e-01,5.756982713937759399e-01,2.598323225975036621e-01,2.234372228384017833e-01,2.296027960255742073e-03,2.497800718992948619e-03,1.095970856113126501e-05,1.095970856113126501e-05
2.373835802078247070e+00,2.552869391441345392e+00,2.373846769332885742e+00,2.552880358695984064e+00,8.320556879043579102e-01,8.161339700222015603e-01,9.417821764945983887e-01,9.284406542778015359e-01,4.104750454425811768e-01,5.835215270519256148e-01,1.884458065032958984e-01,2.235006868839263805e-01,1.077061286196112633e-03,1.272562751546502200e-03,1.096215328288963065e-05,1.096215328288963065e-05
2.343738317489624023e+00,2.560901880264282227e+00,2.343749284744262695e+00,2.560912847518920898e+00,8.307451009750366211e-01,8.212221980094909224e-01,9.362529516220092773e-01,9.283209919929504839e-01,4.003341495990753174e-01,5.849874973297118919e-01,1.734324246644973755e-01,2.234525218605995234e-01,2.973687369376420975e-03,2.918759034946560773e-03,1.096340110962046310e-05,1.096340110962046310e-05
2.901720285415649414e+00,2.548011612892151057e+00,2.901731252670288086e+00,2.548022580146789728e+00,7.587438225746154785e-01,8.152360022068023682e-01,9.008734226226806641e-01,9.258029222488403098e-01,9.555007219314575195e-01,5.826437324285507202e-01,2.849831283092498779e-01,2.224317252635955866e-01,1.619118498638272285e-03,1.897248183377087203e-03,1.096522464649751782e-05,1.096522464649751782e-05
2.330573081970214844e+00,2.553102636337280185e+00,2.330584049224853516e+00,2.553113603591918856e+00,7.690109014511108398e-01,8.136681437492370161e-01,9.361846446990966797e-01,9.456390619277954546e-01,4.219845533370971680e-01,5.725577920675277710e-01,2.014730125665664673e-01,2.191193595528602711e-01,1.919952104799449444e-03,2.118297200649976557e-03,1.096290088753448799e-05,1.096290088753448799e-05
2.648953199386596680e+00,2.518832755088806330e+00,2.648964166641235352e+00,2.518843722343445002e+00,8.560274839401245117e-01,8.139321506023406982e-01,9.183742403984069824e-01,9.348290205001831277e-01,5.759124159812927246e-01,5.487607300281525102e-01,2.942995131015777588e-01,2.180884093046188410e-01,4.339505918323993683e-03,3.222476574592292309e-03,1.097004314942751080e-05,1.097004314942751080e-05
2.398313045501708984e+00,2.547988200187683017e+00,2.398324012756347656e+00,2.547999167442321689e+00,7.836115956306457520e-01,8.158325254917144775e-01,9.353642463684082031e-01,9.295937001705170122e-01,4.455772936344146729e-01,5.802719235420227273e-01,2.299518734216690063e-01,2.184508174657821544e-01,3.808068810030817986e-03,3.839241131208836946e-03,1.097056701837573200e-05,1.097056701837573200e-05
2.376475095748901367e+00,2.556993031501769931e+00,2.376486063003540039e+00,2.557003998756408603e+00,8.008112907409667969e-01,8.176558852195739968e-01,9.075211882591247559e-01,9.286133170127868208e-01,4.395106136798858643e-01,5.862670123577118364e-01,2.270806282758712769e-01,2.219968616962432750e-01,1.551289809867739677e-03,2.459962852299213409e-03,1.097608492273138836e-05,1.097608492273138836e-05
2.476626634597778320e+00,2.547409319877624423e+00,2.476637601852416992e+00,2.547420287132263095e+00,8.264821171760559082e-01,8.126916646957397239e-01,9.436080455780029297e-01,9.282366156578063521e-01,4.577884674072265625e-01,5.798607707023620828e-01,2.468222081661224365e-01,2.249301791191101185e-01,1.926031196489930153e-03,1.689966407138854309e-03,1.097590757126454264e-05,1.097590757126454264e-05
2.612877368927001953e+00,2.555652189254760565e+00,2.612888336181640625e+00,2.555663156509399236e+00,7.762882113456726074e-01,8.144598186016083208e-01,8.832408189773559570e-01,9.359889924526214600e-01,6.807659268379211426e-01,5.818897783756256104e-01,2.703778147697448730e-01,2.214970752596855108e-01,2.204552991315722466e-03,1.816538558341562791e-03,1.099244400393217802e-05,1.099244400393217802e-05
2.472894430160522461e+00,2.566823458671569913e+00,2.472905397415161133e+00,2.566834425926208585e+00,8.260729908943176270e-01,8.168842434883117898e-01,9.349977374076843262e-01,9.316919088363647683e-01,4.858079552650451660e-01,5.950372517108917236e-01,2.236468046903610229e-01,2.200807571411132757e-01,2.369019435718655586e-03,3.129235329106450168e-03,1.099770997825544327e-05,1.099770997825544327e-05
2.476716041564941406e+00,2.549485802650451660e+00,2.476727008819580078e+00,2.549496769905090332e+00,8.243664503097534180e-01,8.193634212017059104e-01,9.547870755195617676e-01,9.337576627731323242e-01,4.912496805191040039e-01,5.764345169067383035e-01,2.052234709262847900e-01,2.184689894318580516e-01,1.089051482267677784e-03,1.461252302397042426e-03,1.099929431802593172e-05,1.099929431802593172e-05
2.411438226699829102e+00,2.548693799972534091e+00,2.411449193954467773e+00,2.548704767227172763e+00,7.659757137298583984e-01,8.127676486968994363e-01,8.988574147224426270e-01,9.327607512474059837e-01,5.307506322860717773e-01,5.829216003417968528e-01,2.127824723720550537e-01,2.182902798056602367e-01,3.071955638006329536e-03,1.953496329952031287e-03,1.099937799153849483e-05,1.099937799153849483e-05
2.454517126083374023e+00,2.558693289756774902e+00,2.454528093338012695e+00,2.558704257011413574e+00,8.215246796607971191e-01,8.412071049213409868e-01,9.160935878753662109e-01,9.352526724338531272e-01,4.736460745334625244e-01,5.612381577491760698e-01,2.403664290904998779e-01,2.175857245922088734e-01,2.886181464418768883e-03,3.409656416624784643e-03,1.099360360967693850e-05,1.099360360967693850e-05
2.357313871383666992e+00,2.509378409385681241e+00,2.357324838638305664e+00,2.509389376640319913e+00,7.951869368553161621e-01,8.139864742755890115e-01,9.524731636047363281e-01,9.355255961418151855e-01,4.451127052307128906e-01,5.410502910614013450e-01,1.632143706083297729e-01,2.173778310418129078e-01,1.326550263911485672e-03,1.438236760441213759e-03,1.099779547075740993e-05,1.099779547075740993e-05
2.427715063095092773e+00,2.511921501159668058e+00,2.427726030349731445e+00,2.511932468414306729e+00,8.015251755714416504e-01,8.136918187141418679e-01,9.406875371932983398e-01,9.339652061462402344e-01,4.631065130233764648e-01,5.454591393470764604e-01,2.205785810947418213e-01,2.172726839780807495e-01,1.817078329622745514e-03,1.532632845919579311e-03,1.099916516977827996e-05,1.099916516977827996e-05
2.356609344482421875e+00,2.537963461875915705e+00,2.356620311737060547e+00,2.537974429130554377e+00,7.933663129806518555e-01,8.221186280250549760e-01,9.015491008758544922e-01,9.320371687412262185e-01,4.638547003269195557e-01,5.666746228933334795e-01,1.950861662626266479e-01,2.154259726405143849e-01,2.752918284386396408e-03,1.707058295141905503e-03,1.099296059692278504e-05,1.099296059692278504e-05
2.755701065063476562e+00,2.580767178535461337e+00,2.755712032318115234e+00,2.580778145790100009e+00,8.676481842994689941e-01,8.248044192790985329e-01,9.215124249458312988e-01,9.297044157981873003e-01,7.499138712882995605e-01,6.019837141036987749e-01,2.100422382354736328e-01,2.169937446713447460e-01,6.584430579096078873e-03,7.280886359512806112e-03,1.098203938454389572e-05,1.098203938454389572e-05
2.485985517501831055e+00,2.555468106269836337e+00,2.485996484756469727e+00,2.555479073524475009e+00,8.790802359580993652e-01,8.274575591087340865e-01,9.649332165718078613e-01,9.336672902107239214e-01,4.516638517379760742e-01,5.731336742639541182e-01,1.859863847494125366e-01,2.167541950941085926e-01,4.322106484323740005e-03,4.455431411042809313e-03,1.097552831197390333e-05,1.097552831197390333e-05
2.481058835983276367e+00,2.519733977317810236e+00,2.481069803237915039e+00,2.519744944572448908e+00,8.348030447959899902e-01,8.232442617416382280e-01,9.417887926101684570e-01,9.329242587089539018e-01,4.450182914733886719e-01,5.459184199571609497e-01,2.579074800014495850e-01,2.160204619169235341e-01,1.541441422887146473e-03,1.626524038147181229e-03,1.098258144338615239e-05,1.098258144338615239e-05
2.448210716247558594e+00,2.550190234184265048e+00,2.448221683502197266e+00,2.550201201438903720e+00,8.039277791976928711e-01,8.256982624530792014e-01,9.101622700691223145e-01,9.302656829357147661e-01,4.550830721855163574e-01,5.747446715831756592e-01,2.780910134315490723e-01,2.168555274605750982e-01,9.464503382332623005e-04,2.626161626540124590e-03,1.098551274480996653e-05,1.098551274480996653e-05
3.930228710174560547e+00,2.545693659782409579e+00,3.930239677429199219e+00,2.545704627037048251e+00,7.797554135322570801e-01,8.167053759098052979e-01,9.157597422599792480e-01,9.334844350814819336e-01,2.044508218765258789e+00,5.712769627571105957e-01,1.730124950408935547e-01,2.133709788322448730e-01,1.719295978546142578e-02,1.085585113614797627e-02,1.098226221074583009e-05,1.098226221074583009e-05
2.518350601196289062e+00,2.516425371170043945e+00,2.518361568450927734e+00,2.516436338424682617e+00,7.346720099449157715e-01,8.108586609363556130e-01,8.976634740829467773e-01,9.349701583385467973e-01,7.090263962745666504e-01,5.566886454820633157e-01,1.739694923162460327e-01,2.124084100127220098e-01,3.019268624484539032e-03,1.499509881250560370e-03,1.098156099033076316e-05,1.098156099033076316e-05
2.628521919250488281e+00,2.517758131027221680e+00,2.628532886505126953e+00,2.517769098281860352e+00,7.722296118736267090e-01,8.189603924751281960e-01,8.887016177177429199e-01,9.297325730323791060e-01,7.025923728942871094e-01,5.558053165674209373e-01,2.623466849327087402e-01,2.108170777559280340e-01,2.651711925864219666e-03,2.442701184190809553e-03,1.097915082937106490e-05,1.097915082937106490e-05
2.392797470092773438e+00,2.507295179367065252e+00,2.392808437347412109e+00,2.507306146621703924e+00,8.342988491058349609e-01,8.127001464366913064e-01,9.345436096191406250e-01,9.338121414184570312e-01,4.515296220779418945e-01,5.486818134784698930e-01,1.704268306493759155e-01,2.107563555240631048e-01,1.998478081077337265e-03,1.344706292729824738e-03,1.097872700484003872e-05,1.097872700484003872e-05
2.416421175003051758e+00,2.522042179107665927e+00,2.416432142257690430e+00,2.522053146362304599e+00,8.261471986770629883e-01,8.361436009407043901e-01,9.135571122169494629e-01,9.417181909084320068e-01,4.275488257408142090e-01,5.303940922021865845e-01,2.452354580163955688e-01,2.100538641214370617e-01,3.932515159249305725e-03,3.732462017796933824e-03,1.097275071515468881e-05,1.097275071515468881e-05
2.410995244979858398e+00,2.534891796112060725e+00,2.411006212234497070e+00,2.534902763366699396e+00,8.521739840507507324e-01,8.318585932254791704e-01,9.326307177543640137e-01,9.320054352283477783e-01,4.009574651718139648e-01,5.561637014150619951e-01,2.218418270349502563e-01,2.097163021564483754e-01,3.391302190721035004e-03,5.147740617394447674e-03,1.096951291401637718e-05,1.096951291401637718e-05
2.400692462921142578e+00,2.489577674865722567e+00,2.400703430175781250e+00,2.489588642120361239e+00,7.941288948059082031e-01,8.159897565841675027e-01,9.381948113441467285e-01,9.344206631183624712e-01,4.279470741748809814e-01,5.281245052814483865e-01,2.392110675573348999e-01,2.098189994692802318e-01,1.210589776746928692e-03,1.223752542864531365e-03,1.096388768928591162e-05,1.096388768928591162e-05
2.396331310272216797e+00,2.516570925712585449e+00,2.396342277526855469e+00,2.516581892967224121e+00,8.486756086349487305e-01,8.280993640422821267e-01,9.492187500000000000e-01,9.318775892257690208e-01,3.786340951919555664e-01,5.410740882158279197e-01,2.177813500165939331e-01,2.115904107689857427e-01,2.021472901105880737e-03,3.929416369646787817e-03,1.095958032237831503e-05,1.095958032237831503e-05
2.372649908065795898e+00,2.508238983154297053e+00,2.372660875320434570e+00,2.508249950408935725e+00,7.672793269157409668e-01,8.176466286182403342e-01,9.100499153137207031e-01,9.271605372428893821e-01,4.299518465995788574e-01,5.423971086740493330e-01,2.556216716766357422e-01,2.120323941111564581e-01,9.746936149895191193e-03,9.002302307635545731e-03,1.095574680221034214e-05,1.095574680221034214e-05
2.328471422195434570e+00,2.533363032341003240e+00,2.328482389450073242e+00,2.533373999595641912e+00,8.687779903411865234e-01,8.211911916732788086e-01,9.441758990287780762e-01,9.347126364707947221e-01,3.494209647178649902e-01,5.605719000101089255e-01,1.618214547634124756e-01,2.124628216028213445e-01,4.275153856724500656e-03,4.424550710245967258e-03,1.095758216251851991e-05,1.095758216251851991e-05
2.220115184783935547e+00,2.519115591049194247e+00,2.220126152038574219e+00,2.519126558303832919e+00,7.773567438125610352e-01,8.129207074642181841e-01,9.206593036651611328e-01,9.285421073436737061e-01,3.192570507526397705e-01,5.653276026248932329e-01,2.013780921697616577e-01,2.111763909459113964e-01,1.463907188735902309e-03,1.148795767221599817e-03,1.095400239137234166e-05,1.095400239137234166e-05
2.325749158859252930e+00,2.501950955390930265e+00,2.325760126113891602e+00,2.501961922645568936e+00,8.062947392463684082e-01,8.194298207759856956e-01,9.159138202667236328e-01,9.232202291488647017e-01,3.554901182651519775e-01,5.458090037107468095e-01,2.461813539266586304e-01,2.107213065028190613e-01,1.869318075478076935e-03,2.770651015453040600e-03,1.095322841138113290e-05,1.095322841138113290e-05
2.297503471374511719e+00,2.483732891082763850e+00,2.297514438629150391e+00,2.483743858337402521e+00,8.309939503669738770e-01,8.222306728363036887e-01,9.199365973472595215e-01,9.306360900402068648e-01,3.388932645320892334e-01,5.214228987693786399e-01,2.045252174139022827e-01,2.073024913668632396e-01,3.154613310471177101e-03,2.140757534652948293e-03,1.095723928301595151e-05,1.095723928301595151e-05
2.238703012466430664e+00,2.510526967048645197e+00,2.238713979721069336e+00,2.510537934303283869e+00,7.748292088508605957e-01,8.229495525360107644e-01,9.120568633079528809e-01,9.310032784938812034e-01,3.573757708072662354e-01,5.452972859144210593e-01,1.915469616651535034e-01,2.074577286839485168e-01,2.894182922318577766e-03,3.819127101451158524e-03,1.096131200029049069e-05,1.096131200029049069e-05
2.331578969955444336e+00,2.504743504524230779e+00,2.331589937210083008e+00,2.504754471778869451e+00,7.797681689262390137e-01,8.230977594852447732e-01,9.102914333343505859e-01,9.332844555377960427e-01,3.999584615230560303e-01,5.379599720239639504e-01,2.356745749711990356e-01,2.064077317714691218e-01,5.886273458600044250e-03,3.993613854981958519e-03,1.096209962270222604e-05,1.096209962270222604e-05
2.371294498443603516e+00,2.513623046874999822e+00,2.371305465698242188e+00,2.513634014129638494e+00,8.154169917106628418e-01,8.231953501701354536e-01,9.155094623565673828e-01,9.336145758628845437e-01,3.950600028038024902e-01,5.527032732963561568e-01,2.423003315925598145e-01,2.013684928417205922e-01,3.007641294971108437e-03,2.741350955329835241e-03,1.096633695851778612e-05,1.096633695851778612e-05
2.554829120635986328e+00,2.508251118659972967e+00,2.554840087890625000e+00,2.508262085914611639e+00,8.508332371711730957e-01,8.259776592254638450e-01,9.077387452125549316e-01,9.381630539894103560e-01,5.690637230873107910e-01,5.410802334547042403e-01,2.226899117231369019e-01,1.997493177652359120e-01,4.503488540649414062e-03,3.280814061872661027e-03,1.096671985578723252e-05,1.096671985578723252e-05
2.583932161331176758e+00,2.526636481285095215e+00,2.583943128585815430e+00,2.526647448539733887e+00,8.086920380592346191e-01,8.185629546642303467e-01,9.233679175376892090e-01,9.314554095268249290e-01,6.118322610855102539e-01,5.730301469564438310e-01,2.377540320158004761e-01,2.012098103761673085e-01,2.285845810547471046e-03,2.378180786035954779e-03,1.096894084184896201e-05,1.096894084184896201e-05
2.380095958709716797e+00,2.527961874008178622e+00,2.380106925964355469e+00,2.527972841262817294e+00,7.907810807228088379e-01,8.302954852581023726e-01,9.378962516784667969e-01,9.342165768146515337e-01,4.401415884494781494e-01,5.497978597879409346e-01,2.042255848646163940e-01,2.027443900704383739e-01,7.051357068121433258e-03,1.090759290382265975e-02,1.097681251849280670e-05,1.097681251849280670e-05
2.419193744659423828e+00,2.501659011840820401e+00,2.419204711914062500e+00,2.501669979095459073e+00,8.066892623901367188e-01,8.191437482833862083e-01,9.511356949806213379e-01,9.376237511634826216e-01,4.618671238422393799e-01,5.424157023429870828e-01,1.959460079669952393e-01,1.993176713585853577e-01,3.555696457624435425e-03,3.158194595016539097e-03,1.098642587749054655e-05,1.098642587749054655e-05
2.572298526763916016e+00,2.513855457305908203e+00,2.572309494018554688e+00,2.513866424560546875e+00,8.351203799247741699e-01,8.328796625137329102e-01,9.466086030006408691e-01,9.351622223854064719e-01,5.692834854125976562e-01,5.423053503036499023e-01,2.167171388864517212e-01,1.977726176381111034e-01,4.568753764033317566e-03,5.735635384917258869e-03,1.099366181733785197e-05,1.099366181733785197e-05
2.225137710571289062e+00,2.497048830986023038e+00,2.225148677825927734e+00,2.497059798240661710e+00,7.429273724555969238e-01,8.164145231246948686e-01,8.868386149406433105e-01,9.336669027805328813e-01,4.563938677310943604e-01,5.474289387464523760e-01,1.340781152248382568e-01,1.967482835054397694e-01,4.899742547422647476e-03,2.790167694911360741e-03,1.099406836146954447e-05,1.099406836146954447e-05
2.460090875625610352e+00,2.514318609237670810e+00,2.460101842880249023e+00,2.514329576492309481e+00,8.450297713279724121e-01,8.202708125114440696e-01,9.347621202468872070e-01,9.388328611850738081e-01,4.342106580734252930e-01,5.579124122858047929e-01,2.446437925100326538e-01,1.957103371620178278e-01,1.444652327336370945e-03,1.592231669928878589e-03,1.099376095226034522e-05,1.099376095226034522e-05
2.413212060928344727e+00,2.519147014617920011e+00,2.413223028182983398e+00,2.519157981872558683e+00,8.215693831443786621e-01,8.318689823150634544e-01,9.325784444808959961e-01,9.386894583702087846e-01,4.133206903934478760e-01,5.512881010770798174e-01,2.441783994436264038e-01,1.954978972673416249e-01,1.565141021274030209e-03,1.802556158509105444e-03,1.099500696000177413e-05,1.099500696000177413e-05
2.413374185562133789e+00,2.489982771873473943e+00,2.413385152816772461e+00,2.489993739128112615e+00,8.820946812629699707e-01,8.159583806991577148e-01,9.478579759597778320e-01,9.371521532535552756e-01,3.896317183971405029e-01,5.407267183065413985e-01,1.926173567771911621e-01,1.950802773237228505e-01,1.172229531221091747e-03,1.065217144787311511e-03,1.098903703677933663e-05,1.098903703677933663e-05
2.324451684951782227e+00,2.494177365303039462e+00,2.324462652206420898e+00,2.494188332557678134e+00,8.239111900329589844e-01,8.143086969852447732e-01,9.133410453796386719e-01,9.372700452804565430e-01,3.830162584781646729e-01,5.470019221305847390e-01,1.994806677103042603e-01,1.929110214114189148e-01,4.702312871813774109e-03,2.685703127644956025e-03,1.098755365092074499e-05,1.098755365092074499e-05
2.255145788192749023e+00,2.512092304229736506e+00,2.255156755447387695e+00,2.512103271484375178e+00,8.103815913200378418e-01,8.325137257575988547e-01,9.246305823326110840e-01,9.367995679378509077e-01,3.712998926639556885e-01,5.443398863077163474e-01,1.358625888824462891e-01,1.912620455026626531e-01,1.297116372734308243e-02,7.177017396315932274e-03,1.098516258934978396e-05,1.098516258934978396e-05
2.531744956970214844e+00,2.506292366981506259e+00,2.531755924224853516e+00,2.506303334236144931e+00,8.225996494293212891e-01,8.320803761482238325e-01,9.313275814056396484e-01,9.342241942882537620e-01,5.602274537086486816e-01,5.435673028230667558e-01,2.120898365974426270e-01,1.904238566756248363e-01,5.500442814081907272e-03,5.996660841628908938e-03,1.098761185858165845e-05,1.098761185858165845e-05
3.036355018615722656e+00,2.504714012145996094e+00,3.036365985870361328e+00,2.504724979400634766e+00,8.138552904129028320e-01,8.269086956977844682e-01,9.316980242729187012e-01,9.351995229721069558e-01,1.130010843276977539e+00,5.476328462362289873e-01,1.565674394369125366e-01,1.922090053558349609e-01,4.223505500704050064e-03,2.763914223760366266e-03,1.099045948649290949e-05,1.099045948649290949e-05
2.246407032012939453e+00,2.511044836044311612e+00,2.246417999267578125e+00,2.511055803298950284e+00,8.072937130928039551e-01,8.217070996761322021e-01,9.582254290580749512e-01,9.444785594940185991e-01,2.948820888996124268e-01,5.492657601833343950e-01,1.851154565811157227e-01,1.937761038541793712e-01,8.902331464923918247e-04,1.817334524821489963e-03,1.098687880585202947e-05,1.098687880585202947e-05
2.361521482467651367e+00,2.473149180412292480e+00,2.361532449722290039e+00,2.473160147666931152e+00,8.659884929656982422e-01,8.117120385169982466e-01,9.501879811286926270e-01,9.437153339385986328e-01,3.602377474308013916e-01,5.173044562339782493e-01,1.834262758493423462e-01,1.987759411334991400e-01,1.680814311839640141e-03,1.641454303171485619e-03,1.098615757655352354e-05,1.098615757655352354e-05
2.352461099624633789e+00,2.493624687194824219e+00,2.352472066879272461e+00,2.493635654449462891e+00,8.507482409477233887e-01,8.223189890384674516e-01,9.408370852470397949e-01,9.299822151660919189e-01,3.620046675205230713e-01,5.378279626369476540e-01,1.942631006240844727e-01,1.988300874829292408e-01,4.607961047440767288e-03,4.665404791012406349e-03,1.098482971428893507e-05,1.098482971428893507e-05
2.311848402023315430e+00,2.538437747955322177e+00,2.311859369277954102e+00,2.538448715209960849e+00,8.167357444763183594e-01,8.297386229038238303e-01,9.166747331619262695e-01,9.308363914489745650e-01,3.596864640712738037e-01,5.746318399906158447e-01,2.143648564815521240e-01,1.990576788783073314e-01,4.386595450341701508e-03,4.173198039643466820e-03,1.098070970328990370e-05,1.098070970328990370e-05
2.893178224563598633e+00,2.510070919990539551e+00,2.893189191818237305e+00,2.510081887245178223e+00,7.596098780632019043e-01,8.300413370132446733e-01,9.198567271232604980e-01,9.314896225929260032e-01,1.039777040481567383e+00,5.450710654258728027e-01,1.713036894798278809e-01,1.992529660463333019e-01,2.630867762491106987e-03,4.215933429077267473e-03,1.098157281376188621e-05,1.098157281376188621e-05
2.568003416061401367e+00,2.528322291374206721e+00,2.568014383316040039e+00,2.528333258628845392e+00,8.212590217590332031e-01,8.427154958248138650e-01,9.170046448707580566e-01,9.327295303344727007e-01,5.953718423843383789e-01,5.438676863908767922e-01,2.246063649654388428e-01,1.960320889949798695e-01,9.761924855411052704e-03,1.297757169231772423e-02,1.097842141462024301e-05,1.097842141462024301e-05
2.415943384170532227e+00,2.492787241935729980e+00,2.415954351425170898e+00,2.492798209190368652e+00,7.882804870605468750e-01,8.204490005970000999e-01,8.839327096939086914e-01,9.319345772266387495e-01,5.377117991447448730e-01,5.434305965900421143e-01,2.026635557413101196e-01,1.950580656528472789e-01,3.354844171553850174e-03,1.915017771534621759e-03,1.097388212656369433e-05,1.097388212656369433e-05
2.289427042007446289e+00,2.484888601303100408e+00,2.289438009262084961e+00,2.484899568557739080e+00,8.008413910865783691e-01,8.205200493335723655e-01,9.498776793479919434e-01,9.372852087020874245e-01,3.906393051147460938e-01,5.303327769041061845e-01,1.437094211578369141e-01,1.928041249513626210e-01,4.359333310276269913e-03,3.946423833258450205e-03,1.097328276955522597e-05,1.097328276955522597e-05
2.277480363845825195e+00,2.472930765151977628e+00,2.277491331100463867e+00,2.472941732406616300e+00,8.032573461532592773e-01,8.252575516700744185e-01,9.269225597381591797e-01,9.374060511589050737e-01,3.671161830425262451e-01,5.164879828691482100e-01,1.786640137434005737e-01,1.922059208154678345e-01,1.520465710200369358e-03,1.573224493768066168e-03,1.097629410651279613e-05,1.097629410651279613e-05
2.272390127182006836e+00,2.454677319526672452e+00,2.272401094436645508e+00,2.454688286781311124e+00,7.931106686592102051e-01,8.233945786952971968e-01,9.375416636466979980e-01,9.340398907661437988e-01,3.455010950565338135e-01,5.026745319366454634e-01,1.934225112199783325e-01,1.922841310501098577e-01,2.814023522660136223e-03,2.284317603334784594e-03,1.097910808312008157e-05,1.097910808312008157e-05
2.468797922134399414e+00,2.499190998077392756e+00,2.468808889389038086e+00,2.499201965332031428e+00,8.063409924507141113e-01,8.384056866168976274e-01,9.086363911628723145e-01,9.339395046234131303e-01,5.860779285430908203e-01,5.324545592069626077e-01,1.642880886793136597e-01,1.919830039143562428e-01,3.454405348747968674e-03,2.408202178776264104e-03,1.097862877941224724e-05,1.097862877941224724e-05
2.308342456817626953e+00,2.499730968475341708e+00,2.308353424072265625e+00,2.499741935729980380e+00,8.407733440399169922e-01,8.299633204936981423e-01,9.684843420982360840e-01,9.319397628307342085e-01,3.210158348083496094e-01,5.432379990816116333e-01,1.769845485687255859e-01,1.927167356014251598e-01,1.084219780750572681e-03,1.873197394888848023e-03,1.097762469726148993e-05,1.097762469726148993e-05
2.289464950561523438e+00,2.507878470420837225e+00,2.289475917816162109e+00,2.507889437675475897e+00,8.341583609580993652e-01,8.423853695392609087e-01,8.954797983169555664e-01,9.355862915515900102e-01,3.120707273483276367e-01,5.328850299119949341e-01,2.446003705263137817e-01,1.930636271834373363e-01,3.155718790367245674e-03,3.958108113147318016e-03,1.097725998988607898e-05,1.097725998988607898e-05
2.217904567718505859e+00,2.508438825607299805e+00,2.217915534973144531e+00,2.508449792861938477e+00,8.234208226203918457e-01,8.303613543510437456e-01,9.547126293182373047e-01,9.289050877094269243e-01,2.836769521236419678e-01,5.486959129571914451e-01,1.500909179449081421e-01,1.939561307430267278e-01,6.003386806696653366e-03,6.520320195704698563e-03,1.097886161005590111e-05,1.097886161005590111e-05
2.410267829895019531e+00,2.505787730216979980e+00,2.410278797149658203e+00,2.505798697471618652e+00,8.860057592391967773e-01,8.345870852470398393e-01,9.276141524314880371e-01,9.338454604148864746e-01,3.805347979068756104e-01,5.467193841934203657e-01,2.111387401819229126e-01,1.863496422767639271e-01,4.974270705133676529e-03,4.286190238781273018e-03,1.097665153793059289e-05,1.097665153793059289e-05
2.335504770278930664e+00,2.529479646682739169e+00,2.335515737533569336e+00,2.529490613937377841e+00,8.331453204154968262e-01,8.617109835147858110e-01,9.588797092437744141e-01,9.431337118148803711e-01,3.762584626674652100e-01,5.254273027181625144e-01,1.542360335588455200e-01,1.841447114944458063e-01,1.298527605831623077e-02,1.506294161081314122e-02,1.097609583666780964e-05,1.097609583666780964e-05
2.386649131774902344e+00,2.508915162086486905e+00,2.386660099029541016e+00,2.508926129341125577e+00,8.494784235954284668e-01,8.246518671512603760e-01,9.387638568878173828e-01,9.367055416107177290e-01,3.957142531871795654e-01,5.551410108804702981e-01,1.961574107408523560e-01,1.862675428390502819e-01,6.535158958286046982e-03,6.149143120273948063e-03,1.097564381780102849e-05,1.097564381780102849e-05
2.365895271301269531e+00,2.491748166084289728e+00,2.365906238555908203e+00,2.491759133338928400e+00,8.346093893051147461e-01,8.246269285678863303e-01,9.154231548309326172e-01,9.357902824878692183e-01,4.095433652400970459e-01,5.379305094480514304e-01,1.991452574729919434e-01,1.883124411106109619e-01,7.174085360020399094e-03,5.088011873885989536e-03,1.097940639738226309e-05,1.097940639738226309e-05
2.391318798065185547e+00,2.492154335975647061e+00,2.391329765319824219e+00,2.492165303230285733e+00,8.473392724990844727e-01,8.265323579311371072e-01,9.529111981391906738e-01,9.377369940280914085e-01,4.005964100360870361e-01,5.370195388793945757e-01,1.889759153127670288e-01,1.890090584754943737e-01,1.496073091402649879e-03,1.856412377674132629e-03,1.098071425076341256e-05,1.098071425076341256e-05
2.415527820587158203e+00,2.492416882514953524e+00,2.415538787841796875e+00,2.492427849769592196e+00,8.068275451660156250e-01,8.238912284374236839e-01,9.212547540664672852e-01,9.346057951450348344e-01,4.331542849540710449e-01,5.429954528808593750e-01,2.513739168643951416e-01,1.885298192501068115e-01,2.917293226346373558e-03,2.394526707939803687e-03,1.098010034183971584e-05,1.098010034183971584e-05
2.313455581665039062e+00,2.503962159156799316e+00,2.313466548919677734e+00,2.503973126411437988e+00,8.119984865188598633e-01,8.311137259006500244e-01,9.295608997344970703e-01,9.339934170246124712e-01,3.391398191452026367e-01,5.408922851085662398e-01,2.225957512855529785e-01,1.880818635225295909e-01,1.016063801944255829e-02,9.880850277841090462e-03,1.097769018088001758e-05,1.097769018088001758e-05
2.298846721649169922e+00,2.478798294067382724e+00,2.298857688903808594e+00,2.478809261322021396e+00,8.363289833068847656e-01,8.331798970699310081e-01,9.210379123687744141e-01,9.394853830337523970e-01,3.163670897483825684e-01,5.117917835712433305e-01,2.195461094379425049e-01,1.882977187633514404e-01,5.566486623138189316e-03,6.043625157326459538e-03,1.097889526135986671e-05,1.097889526135986671e-05
2.494801282882690430e+00,2.489737153053283691e+00,2.494812250137329102e+00,2.489748120307922363e+00,7.678210735321044922e-01,8.329500973224639448e-01,9.433787465095520020e-01,9.384602844715118630e-01,6.660399436950683594e-01,5.243148088455200639e-01,1.130275428295135498e-01,1.895977556705474854e-01,4.534074105322360992e-03,4.414196591824293137e-03,1.097941276384517550e-05,1.097941276384517550e-05
2.352298259735107422e+00,2.491827559471130549e+00,2.352309226989746094e+00,2.491838526725769221e+00,8.234751820564270020e-01,8.256165981292724609e-01,9.377794861793518066e-01,9.323424160480499046e-01,3.704641759395599365e-01,5.359834879636764526e-01,2.171059101819992065e-01,1.934037312865257152e-01,3.473597811535000801e-03,4.481336940079927791e-03,1.097758013202110305e-05,1.097758013202110305e-05
2.704587221145629883e+00,2.485154461860656916e+00,2.704598188400268555e+00,2.485165429115295588e+00,8.597490787506103516e-01,8.275702714920043501e-01,9.436438679695129395e-01,9.301067590713500977e-01,6.880431771278381348e-01,5.318620771169662031e-01,2.123089432716369629e-01,1.943925738334655873e-01,8.423330145888030529e-04,1.222796633373945908e-03,1.098028951673768461e-05,1.098028951673768461e-05
2.293682575225830078e+00,2.487717914581298650e+00,2.293693542480468750e+00,2.487728881835937322e+00,8.366883397102355957e-01,8.217632293701171431e-01,9.530418515205383301e-01,9.362715363502502885e-01,3.569844067096710205e-01,5.185970723628997581e-01,1.352707892656326294e-01,1.944188460707664545e-01,1.169701851904392242e-02,1.666722204536199431e-02,1.097859058063477278e-05,1.097859058063477278e-05
2.588537693023681641e+00,2.484028077125549405e+00,2.588548660278320312e+00,2.484039044380188077e+00,7.884523272514343262e-01,8.178316771984099898e-01,8.960922360420227051e-01,9.323833644390105979e-01,6.976196169853210449e-01,5.358814179897308794e-01,2.017528712749481201e-01,1.946781262755394037e-01,4.620633088052272797e-03,3.253492596559226686e-03,1.097478343581315130e-05,1.097478343581315130e-05
2.316477537155151367e+00,2.484267640113830389e+00,2.316488504409790039e+00,2.484278607368469061e+00,8.414318561553955078e-01,8.158311486244201882e-01,9.370664358139038086e-01,9.315583407878875732e-01,3.359572589397430420e-01,5.409265398979187234e-01,2.002387344837188721e-01,1.936572924256324824e-01,1.783439889550209045e-03,2.294286456890404398e-03,1.097155200113775209e-05,1.097155200113775209e-05
2.288949966430664062e+00,2.473155021667480469e+00,2.288960933685302734e+00,2.473165988922119141e+00,8.350197076797485352e-01,8.174120068550110307e-01,9.226067066192626953e-01,9.309845983982085738e-01,3.332781791687011719e-01,5.291307538747787031e-01,1.960392445325851440e-01,1.944109946489334106e-01,2.006151014938950539e-03,1.216683071106672287e-03,1.097126732929609716e-05,1.097126732929609716e-05
2.166155576705932617e+00,2.464100146293640048e+00,2.166166543960571289e+00,2.464111113548278720e+00,7.896229028701782227e-01,8.136714339256286843e-01,9.187154173851013184e-01,9.279330015182495339e-01,3.285963237285614014e-01,5.259483247995376809e-01,1.243891268968582153e-01,1.941246107220649664e-01,4.831808153539896011e-03,2.422762825153767976e-03,1.097773838409921154e-05,1.097773838409921154e-05
2.838254213333129883e+00,2.490994143486022772e+00,2.838265180587768555e+00,2.491005110740661443e+00,8.251017928123474121e-01,8.291224420070648637e-01,9.132961034774780273e-01,9.354292809963226096e-01,8.986458182334899902e-01,5.217824339866637962e-01,1.877827346324920654e-01,1.951523676514625438e-01,1.342777442187070847e-02,9.507600124925375332e-03,1.097416406992124394e-05,1.097416406992124394e-05
2.359791994094848633e+00,2.517469525337219238e+00,2.359802961349487305e+00,2.517480492591857910e+00,8.217025399208068848e-01,8.545191526412964089e-01,9.537075757980346680e-01,9.351503252983093262e-01,3.844095766544342041e-01,5.248922735452652422e-01,1.910110712051391602e-01,1.883980602025985829e-01,8.961034007370471954e-03,1.450971607118844986e-02,1.097083440981805325e-05,1.097083440981805325e-05
2.288515567779541016e+00,2.478025650978088468e+00,2.288526535034179688e+00,2.478036618232727140e+00,8.155744671821594238e-01,8.266716122627257857e-01,9.493869543075561523e-01,9.366583347320556197e-01,3.812561035156250000e-01,5.227143198251724687e-01,1.371501535177230835e-01,1.867265626788139343e-01,5.147983785718679428e-03,5.254797590896487409e-03,1.097120548365637660e-05,1.097120548365637660e-05
2.406207799911499023e+00,2.470802521705627530e+00,2.406218767166137695e+00,2.470813488960266202e+00,8.716968297958374023e-01,8.161860287189484087e-01,9.529272317886352539e-01,9.384029924869536909e-01,3.834008574485778809e-01,5.297145992517471313e-01,1.960094422101974487e-01,1.847711235284805187e-01,2.173517365008592606e-03,1.727807708084583196e-03,1.097403401217889041e-05,1.097403401217889041e-05
2.390629053115844727e+00,2.492082786560058771e+00,2.390640020370483398e+00,2.492093753814697443e+00,8.328074216842651367e-01,8.298340678215027078e-01,9.520875811576843262e-01,9.363478124141693115e-01,4.079564511775970459e-01,5.372121423482895120e-01,1.967737525701522827e-01,1.869504898786544800e-01,1.004040008410811424e-03,1.738255505915731148e-03,1.097478252631844953e-05,1.097478252631844953e-05
2.343237400054931641e+00,2.489154577255249023e+00,2.343248367309570312e+00,2.489165544509887695e+00,8.167296648025512695e-01,8.211685776710510032e-01,9.164806604385375977e-01,9.350558221340179443e-01,4.028346538543701172e-01,5.417234688997268899e-01,2.049882560968399048e-01,1.889554545283317621e-01,2.204221673309803009e-03,2.251264220103621309e-03,1.097588938137050718e-05,1.097588938137050718e-05
2.351488113403320312e+00,2.495378994941711337e+00,2.351499080657958984e+00,2.495389962196350009e+00,8.341548442840576172e-01,8.384793937206268533e-01,9.632264971733093262e-01,9.362073302268981712e-01,3.908636271953582764e-01,5.273944020271301714e-01,1.607657968997955322e-01,1.897103339433670044e-01,2.477282425388693810e-03,3.587529878132045269e-03,1.097574931918643415e-05,1.097574931918643415e-05
2.269482851028442383e+00,2.500953960418700994e+00,2.269493818283081055e+00,2.500964927673339666e+00,8.140802383422851562e-01,8.299018204212188499e-01,9.548286199569702148e-01,9.372881472110747847e-01,3.654405176639556885e-01,5.411687076091766802e-01,1.323390752077102661e-01,1.898839667439460865e-01,2.794478554278612137e-03,2.711235778406262398e-03,1.098030770663172007e-05,1.098030770663172007e-05
2.317084789276123047e+00,2.479606461524963557e+00,2.317095756530761719e+00,2.479617428779602228e+00,7.939695715904235840e-01,8.181353151798248513e-01,9.033412337303161621e-01,9.335958957672119141e-01,3.911867439746856689e-01,5.391685366630554199e-01,2.258152812719345093e-01,1.866655960679054205e-01,2.771931234747171402e-03,2.041140582878142769e-03,1.098229586204979569e-05,1.098229586204979569e-05
2.350768089294433594e+00,2.501566386222839444e+00,2.350779056549072266e+00,2.501577353477478116e+00,8.160246014595031738e-01,8.440683484077453613e-01,9.323775768280029297e-01,9.348377227783203347e-01,3.715304136276245117e-01,5.345474869012832864e-01,2.287525832653045654e-01,1.858841806650161632e-01,2.082765335217118263e-03,2.228663954883814032e-03,1.097959011531202123e-05,1.097959011531202123e-05
2.431089401245117188e+00,2.478892397880554377e+00,2.431100368499755859e+00,2.478903365135193049e+00,8.596804738044738770e-01,8.407286047935486062e-01,9.468061327934265137e-01,9.383765518665313499e-01,4.394240379333496094e-01,5.130899965763091597e-01,1.831065118312835693e-01,1.839128419756889399e-01,2.072342671453952789e-03,2.784304297529161063e-03,1.097755375667475164e-05,1.097755375667475164e-05
2.352798700332641602e+00,2.479793691635131747e+00,2.352809667587280273e+00,2.479804658889770419e+00,8.625525832176208496e-01,8.272950768470763716e-01,9.563701748847961426e-01,9.379141509532928911e-01,3.597048819065093994e-01,5.287341505289078203e-01,1.722633838653564453e-01,1.833207353949546925e-01,1.907506608404219151e-03,2.529542776755988598e-03,1.097998483601259068e-05,1.097998483601259068e-05
2.309981822967529297e+00,2.511172842979431330e+00,2.309992790222167969e+00,2.511183810234070002e+00,8.242625594139099121e-01,8.380612492561340110e-01,9.580281972885131836e-01,9.379637479782104714e-01,3.586889505386352539e-01,5.456925719976425393e-01,1.637046039104461670e-01,1.830635368824005127e-01,5.297344643622636795e-03,6.391662964597344052e-03,1.098230677598621696e-05,1.098230677598621696e-05
2.369473457336425781e+00,2.479462695121765314e+00,2.369484424591064453e+00,2.479473662376403986e+00,7.605723142623901367e-01,8.210663735866546853e-01,8.873445987701416016e-01,9.326053321361541526e-01,5.458808541297912598e-01,5.408977031707763450e-01,1.728925108909606934e-01,1.832869902253150829e-01,2.782986965030431747e-03,1.606337085831910372e-03,1.098936263588257134e-05,1.098936263588257134e-05
2.299822330474853516e+00,2.478387975692748935e+00,2.299833297729492188e+00,2.478398942947387606e+00,8.142533302307128906e-01,8.268291115760803001e-01,9.263710975646972656e-01,9.372281849384307417e-01,3.792732059955596924e-01,5.284486144781113115e-01,1.787013411521911621e-01,1.842190593481063954e-01,1.223279745317995548e-03,1.662905921693891243e-03,1.098852590075694025e-05,1.098852590075694025e-05
2.344681978225708008e+00,2.479188990592956721e+00,2.344692945480346680e+00,2.479199957847595392e+00,7.989019751548767090e-01,8.217467546463013139e-01,8.984833359718322754e-01,9.316062331199645996e-01,3.765034377574920654e-01,5.368504345417022261e-01,2.669859230518341064e-01,1.860449448227882441e-01,3.807249711826443672e-03,2.940601296722889033e-03,1.099162273021647707e-05,1.099162273021647707e-05
2.223871231079101562e+00,2.480187201499938876e+00,2.223882198333740234e+00,2.480198168754577548e+00,7.990517020225524902e-01,8.166185379028320090e-01,9.314182400703430176e-01,9.326396942138671653e-01,3.657033443450927734e-01,5.414105981588364092e-01,1.243152320384979248e-01,1.869820564985275324e-01,3.382656723260879517e-03,2.536278241313993844e-03,1.098540633392985910e-05,1.098540633392985910e-05
2.298559665679931641e+00,2.468193888664245605e+00,2.298570632934570312e+00,2.468204855918884277e+00,8.568235039710998535e-01,8.201128482818603738e-01,9.374874830245971680e-01,9.324004292488098367e-01,3.411793112754821777e-01,5.279278188943863359e-01,1.619765311479568481e-01,1.867837950587272755e-01,1.092573394998908043e-03,9.689834725577384667e-04,1.098540360544575378e-05,1.098540360544575378e-05
2.302749633789062500e+00,2.483287668228149503e+00,2.302760601043701172e+00,2.483298635482788175e+00,7.775112986564636230e-01,8.186822891235351340e-01,8.969609737396240234e-01,9.336875975131988525e-01,4.678443670272827148e-01,5.383526772260666116e-01,1.584140956401824951e-01,1.911416903138160595e-01,2.018677536398172379e-03,1.423351885750889735e-03,1.099005203286651522e-05,1.099005203286651522e-05
2.349720954895019531e+00,2.497431921958923162e+00,2.349731922149658203e+00,2.497442889213561834e+00,8.230262994766235352e-01,8.290412843227386031e-01,9.416680932044982910e-01,9.365976393222809060e-01,3.932694792747497559e-01,5.387741446495055708e-01,1.907116174697875977e-01,1.913121163845062367e-01,1.045276178047060966e-03,1.706668129190802531e-03,1.099324435926973820e-05,1.099324435926973820e-05
2.274948120117187500e+00,2.461010980606078924e+00,2.274959087371826172e+00,2.461021947860717596e+00,7.655833959579467773e-01,8.146385371685027632e-01,9.414446353912353516e-01,9.319007933139801247e-01,4.005741477012634277e-01,5.234082669019699541e-01,1.651983112096786499e-01,1.892311304807662853e-01,2.147693186998367310e-03,1.832206628751009659e-03,1.099397013604175299e-05,1.099397013604175299e-05
2.301954507827758789e+00,2.490579533576965154e+00,2.301965475082397461e+00,2.490590500831603826e+00,7.743516564369201660e-01,8.155395686626434326e-01,9.266777038574218750e-01,9.324446916580200195e-01,3.830489218235015869e-01,5.531336277723312156e-01,2.170349210500717163e-01,1.887918248772621210e-01,8.414330659434199333e-04,6.699049961753189130e-04,1.098691063816659153e-05,1.098691063816659153e-05
2.295128822326660156e+00,2.492628026008605779e+00,2.295139789581298828e+00,2.492638993263244451e+00,8.048190474510192871e-01,8.205179929733276145e-01,9.620737433433532715e-01,9.375725865364075151e-01,3.705261051654815674e-01,5.434976249933243242e-01,1.560333669185638428e-01,1.887706533074378912e-01,1.676632207818329334e-03,2.269159699790179556e-03,1.098567645385628566e-05,1.098567645385628566e-05
2.304580688476562500e+00,2.466774821281433105e+00,2.304591655731201172e+00,2.466785788536071777e+00,8.118589520454406738e-01,8.192904949188232200e-01,9.596266746520996094e-01,9.360028147697448953e-01,3.662402629852294922e-01,5.165335237979888916e-01,1.609385311603546143e-01,1.887307599186897333e-01,5.916274618357419968e-03,6.217264290899038488e-03,1.098582652048207819e-05,1.098582652048207819e-05
2.363724231719970703e+00,2.502364015579223722e+00,2.363735198974609375e+00,2.502374982833862394e+00,8.452451825141906738e-01,8.322986185550689253e-01,9.244490265846252441e-01,9.305815100669860840e-01,3.616248369216918945e-01,5.437610626220703569e-01,2.267998903989791870e-01,1.888795688748359791e-01,5.605135113000869751e-03,6.843230174854397947e-03,1.099288238037843257e-05,1.099288238037843257e-05
2.236810445785522461e+00,2.464523220062255771e+00,2.236821413040161133e+00,2.464534187316894442e+00,7.803602218627929688e-01,8.195742368698120117e-01,9.299345612525939941e-01,9.286839485168456587e-01,3.580318987369537354e-01,5.238151907920837180e-01,1.650902181863784790e-01,1.898568913340568654e-01,3.393418155610561371e-03,2.592993457801639947e-03,1.099731434806017205e-05,1.099731434806017205e-05
2.305316448211669922e+00,2.489215922355652033e+00,2.305327415466308594e+00,2.489226889610290705e+00,7.863705158233642578e-01,8.276366710662841353e-01,9.448676109313964844e-01,9.314414501190185769e-01,3.536438643932342529e-01,5.372345447540283203e-01,2.188883572816848755e-01,1.901875004172325079e-01,1.546206185594201088e-03,2.715827082283794880e-03,1.099998007703106850e-05,1.099998007703106850e-05
2.309168577194213867e+00,2.506264710426330478e+00,2.309179544448852539e+00,2.506275677680969149e+00,8.775212764739990234e-01,8.199082911014556885e-01,9.539096951484680176e-01,9.340491831302643044e-01,3.329717814922332764e-01,5.589112281799316628e-01,1.415459811687469482e-01,1.901347666978835949e-01,3.219929756596684456e-03,3.261246834881603718e-03,1.100190365832531825e-05,1.100190365832531825e-05
2.412817001342773438e+00,2.471191787719726474e+00,2.412827968597412109e+00,2.471202754974365146e+00,8.436509966850280762e-01,8.195684492588043435e-01,9.504063129425048828e-01,9.320589363574981467e-01,4.320684373378753662e-01,5.264555275440215842e-01,1.852337568998336792e-01,1.905902341008186285e-01,1.457483274862170219e-03,2.518577780574559992e-03,1.100068857340374961e-05,1.100068857340374961e-05
2.258415222167968750e+00,2.454409193992614924e+00,2.258426189422607422e+00,2.454420161247253596e+00,7.880321741104125977e-01,8.235234439373015913e-01,8.819792270660400391e-01,9.285192310810088667e-01,3.148402273654937744e-01,5.031519025564193948e-01,2.662974596023559570e-01,1.931231483817100469e-01,7.266113534569740295e-03,6.091411365196109165e-03,1.100364170270040631e-05,1.100364170270040631e-05
2.279239654541015625e+00,2.493647193908691495e+00,2.279250621795654297e+00,2.493658161163330167e+00,8.051226735115051270e-01,8.244641005992889848e-01,9.508922100067138672e-01,9.407007515430449995e-01,3.223841786384582520e-01,5.325164407491683738e-01,1.980520337820053101e-01,1.914398446679115295e-01,2.788756042718887329e-03,4.526020213961601431e-03,1.100257850339403376e-05,1.100257850339403376e-05
2.194136142730712891e+00,2.491828465461730868e+00,2.194147109985351562e+00,2.491839432716369540e+00,7.930920124053955078e-01,8.334271609783172607e-01,9.242877364158630371e-01,9.302646458148956521e-01,3.153731524944305420e-01,5.370560348033904807e-01,1.600662320852279663e-01,1.894380569458007924e-01,1.317051006481051445e-03,1.642616163007915063e-03,1.100283407140523195e-05,1.100283407140523195e-05
2.256369352340698242e+00,2.479800605773925692e+00,2.256380319595336914e+00,2.479811573028564364e+00,8.101747035980224609e-01,8.153208851814269797e-01,9.307883977890014648e-01,9.294026494026184082e-01,3.114813864231109619e-01,5.448121994733809981e-01,2.025672942399978638e-01,1.892273470759391896e-01,1.357661210931837559e-03,1.037486823042854580e-03,1.100305598811246455e-05,1.100305598811246455e-05
2.140451669692993164e+00,2.477950787544250577e+00,2.140462636947631836e+00,2.477961754798889249e+00,8.049277663230895996e-01,8.324478447437286821e-01,9.267412424087524414e-01,9.282958447933197244e-01,2.705433368682861328e-01,5.262509882450103760e-01,1.358181983232498169e-01,1.886499643325805775e-01,2.421244746074080467e-03,2.306125895120203668e-03,1.100015288102440536e-05,1.100015288102440536e-05
2.306628942489624023e+00,2.563249659538269221e+00,2.306639909744262695e+00,2.563260626792907892e+00,8.270879387855529785e-01,8.425395905971526656e-01,9.146565198898315430e-01,9.335379064083099143e-01,3.855820000171661377e-01,5.868200421333312766e-01,1.736698746681213379e-01,1.950292080640792791e-01,5.632619839161634445e-03,5.322962673380971302e-03,1.100017016142373905e-05,1.100017016142373905e-05
2.309963941574096680e+00,2.492482566833496005e+00,2.309974908828735352e+00,2.492493534088134677e+00,8.544771671295166016e-01,8.279621839523315652e-01,9.493672847747802734e-01,9.333262264728545698e-01,3.496608734130859375e-01,5.348712801933288574e-01,1.508797705173492432e-01,1.925912544131279103e-01,5.578772630542516708e-03,3.731622640043496912e-03,1.100045210478128865e-05,1.100045210478128865e-05
2.311584234237670898e+00,2.453954005241393954e+00,2.311595201492309570e+00,2.453964972496032626e+00,8.138874769210815430e-01,8.199195027351379172e-01,8.884922862052917480e-01,9.316977977752685103e-01,3.189928829669952393e-01,5.099099010229111162e-01,2.891093790531158447e-01,1.907985523343086187e-01,1.102208625525236130e-03,1.628234668169170705e-03,1.100183453672798350e-05,1.100183453672798350e-05
2.200291872024536133e+00,2.459001064300537109e+00,2.200302839279174805e+00,2.459012031555175781e+00,7.792343497276306152e-01,8.136188089847564697e-01,9.517810940742492676e-01,9.326230764389038530e-01,3.116039931774139404e-01,5.200714230537414329e-01,1.567230075597763062e-01,1.912948921322822626e-01,9.493058896623551846e-04,1.392901921644806905e-03,1.099832934414735064e-05,1.099832934414735064e-05
2.576369762420654297e+00,2.493659043312072665e+00,2.576380729675292969e+00,2.493670010566711337e+00,7.658254504203796387e-01,8.188871085643768533e-01,1.017015695571899414e+00,9.422738730907440630e-01,5.903161764144897461e-01,5.336134552955626997e-01,1.947973966598510742e-01,1.938299164175987244e-01,8.414717391133308411e-03,5.054641701281070883e-03,1.099981636798474938e-05,1.099981636798474938e-05
2.350483417510986328e+00,2.501120781898498624e+00,2.350494384765625000e+00,2.501131749153137296e+00,8.651520013809204102e-01,8.306048393249512163e-01,9.448144435882568359e-01,9.309698164463042769e-01,3.547180891036987305e-01,5.372775375843048540e-01,1.837682127952575684e-01,1.983514040708541926e-01,2.030588453635573387e-03,3.917185380123556007e-03,1.100445660995319486e-05,1.100445660995319486e-05
2.378413438796997070e+00,2.509129714965820490e+00,2.378424406051635742e+00,2.509140682220459162e+00,8.388712406158447266e-01,8.321305394172668901e-01,9.121343493461608887e-01,9.364606738090515137e-01,3.884443342685699463e-01,5.364851921796798262e-01,2.329261451959609985e-01,1.968335241079330333e-01,6.037251558154821396e-03,7.219742657616734852e-03,1.100384361052419990e-05,1.100384361052419990e-05
2.509808778762817383e+00,2.521048688888549716e+00,2.509819746017456055e+00,2.521059656143188388e+00,8.257511258125305176e-01,8.219681501388549361e-01,9.330886602401733398e-01,9.332432389259338601e-01,5.184460878372192383e-01,5.668613106012344582e-01,2.307256609201431274e-01,1.972969338297843878e-01,1.796865719370543957e-03,1.679061807226389603e-03,1.100181088986573741e-05,1.100181088986573741e-05
2.356431961059570312e+00,2.472393894195556552e+00,2.356442928314208984e+00,2.472404861450195224e+00,8.487146496772766113e-01,8.209156632423401101e-01,9.521415829658508301e-01,9.289614975452422652e-01,3.671380579471588135e-01,5.204091638326644453e-01,1.845820248126983643e-01,1.976994052529335022e-01,3.855795599520206451e-03,4.408170608803630222e-03,1.100016197597142309e-05,1.100016197597142309e-05
2.283484458923339844e+00,2.468573164939880549e+00,2.283495426177978516e+00,2.468584132194519221e+00,8.092278838157653809e-01,8.188988983631133589e-01,9.412695169448852539e-01,9.319441258907318337e-01,3.594382703304290771e-01,5.163513928651809470e-01,1.714749783277511597e-01,1.986931011080741993e-01,2.073901006951928139e-03,2.685707993805408478e-03,1.099470773624489084e-05,1.099470773624489084e-05
2.284174203872680664e+00,2.497445559501648038e+00,2.284185171127319336e+00,2.497456526756286710e+00,7.755149602890014648e-01,8.230507433414459006e-01,9.195745587348937988e-01,9.283262252807616965e-01,3.512303829193115234e-01,5.450071811676024947e-01,2.370750159025192261e-01,1.999234199523925726e-01,7.792421965859830379e-04,1.137995568569749594e-03,1.099380369851132855e-05,1.099380369851132855e-05
2.349357128143310547e+00,2.477929115295410156e+00,2.349368095397949219e+00,2.477940082550048828e+00,8.378524184226989746e-01,8.280365049839020219e-01,9.025660157203674316e-01,9.293282926082611084e-01,3.603996336460113525e-01,5.158069819211960061e-01,2.407338321208953857e-01,1.981030419468879644e-01,7.805029395967721939e-03,6.654319865629076784e-03,1.100116878660628572e-05,1.100116878660628572e-05
2.416050910949707031e+00,2.513634920120239258e+00,2.416061878204345703e+00,2.513645887374877930e+00,8.693599104881286621e-01,8.188958406448364480e-01,9.412318468093872070e-01,9.395669460296630637e-01,3.939122259616851807e-01,5.549291133880615012e-01,2.051170915365219116e-01,1.954221934080123957e-01,6.429949309676885605e-03,4.820844251662492405e-03,1.100570898415753618e-05,1.100570898415753618e-05
2.297144651412963867e+00,2.500739526748657404e+00,2.297155618667602539e+00,2.500750494003296076e+00,8.122841119766235352e-01,8.258833050727844016e-01,9.572937488555908203e-01,9.394584059715270774e-01,3.687631785869598389e-01,5.378088146448135598e-01,1.568601578474044800e-01,1.956857457756996099e-01,1.943577546626329422e-03,1.903216878417879343e-03,1.100701319955987856e-05,1.100701319955987856e-05
2.315612316131591797e+00,2.522801136970520108e+00,2.315623283386230469e+00,2.522812104225158780e+00,8.249763250350952148e-01,8.385761201381682906e-01,9.763306975364685059e-01,9.377310276031494141e-01,3.619000911712646484e-01,5.450741022825240645e-01,1.494389027357101440e-01,1.965276509523391779e-01,2.966430038213729858e-03,4.892322514206170862e-03,1.100163717637769878e-05,1.100163717637769878e-05
2.776531696319580078e+00,2.513562536239624112e+00,2.776542663574218750e+00,2.513573503494262784e+00,8.533995151519775391e-01,8.266950249671936035e-01,9.230685234069824219e-01,9.288769960403442383e-01,7.575649023056030273e-01,5.488546103239059226e-01,2.291138917207717896e-01,1.972193017601966969e-01,1.338513009250164032e-02,1.191660473123192822e-02,1.100032113754423335e-05,1.100032113754423335e-05
2.437396287918090820e+00,2.525588607788086026e+00,2.437407255172729492e+00,2.525599575042724698e+00,8.659526109695434570e-01,8.442836761474609153e-01,9.386424422264099121e-01,9.322036504745483398e-01,4.063455462455749512e-01,5.293511092662811501e-01,2.137852907180786133e-01,2.031988531351089367e-01,1.267024036496877670e-02,1.655129343271255493e-02,1.101020279747899622e-05,1.101020279747899622e-05
2.447841882705688477e+00,2.516431593894958407e+00,2.447852849960327148e+00,2.516442561149597079e+00,8.370796442031860352e-01,8.139880836009979470e-01,9.638736248016357422e-01,9.343664884567260964e-01,4.218635559082031250e-01,5.609379649162292703e-01,2.241986244916915894e-01,2.052186653017997742e-01,8.264599018730223179e-04,1.920338114723563281e-03,1.101948964787879959e-05,1.101948964787879959e-05
2.429141998291015625e+00,2.505961060523986816e+00,2.429152965545654297e+00,2.505972027778625488e+00,8.214703202247619629e-01,8.166825175285339355e-01,9.347334504127502441e-01,9.308219313621520774e-01,4.456987679004669189e-01,5.522260546684265581e-01,2.262947112321853638e-01,2.051936566829681285e-01,9.447009069845080376e-04,1.036887004738673655e-03,1.101999805541709065e-05,1.101999805541709065e-05
2.429821729660034180e+00,2.493267297744750977e+00,2.429832696914672852e+00,2.493278264999389648e+00,8.508692979812622070e-01,8.179157316684723122e-01,9.659820795059204102e-01,9.333156168460845503e-01,4.076115190982818604e-01,5.357097476720810159e-01,2.042652815580368042e-01,2.046923220157623180e-01,1.093494240194559097e-03,1.633827632758766413e-03,1.100941881304606795e-05,1.100941881304606795e-05
2.407580852508544922e+00,2.495359253883361994e+00,2.407591819763183594e+00,2.495370221138000666e+00,8.426994085311889648e-01,8.190735220909118874e-01,9.344737529754638672e-01,9.300067543983459029e-01,3.904562592506408691e-01,5.392803937196731789e-01,2.366811484098434448e-01,2.048805832862853893e-01,3.270247951149940491e-03,2.118004322983324701e-03,1.099990095099201426e-05,1.099990095099201426e-05
2.347247123718261719e+00,2.499786520004272372e+00,2.347258090972900391e+00,2.499797487258911044e+00,8.323928117752075195e-01,8.274952292442321333e-01,9.183505177497863770e-01,9.349711775779724343e-01,3.768131434917449951e-01,5.267816036939620972e-01,2.143528163433074951e-01,2.045902997255325262e-01,5.337673239409923553e-03,5.948201939463615591e-03,1.100119789043674245e-05,1.100119789043674245e-05
2.353505373001098633e+00,2.494034790992736728e+00,2.353516340255737305e+00,2.494045758247375399e+00,8.371435403823852539e-01,8.334183514118194136e-01,9.599688053131103516e-01,9.320075929164886031e-01,3.602294027805328369e-01,5.215045213699340820e-01,1.941432058811187744e-01,2.044985815882682800e-01,2.020246349275112152e-03,2.605782193131745035e-03,1.100259578379336745e-05,1.100259578379336745e-05
2.667000293731689453e+00,2.475130629539489924e+00,2.667011260986328125e+00,2.475141596794128596e+00,8.355128169059753418e-01,8.141976773738861528e-01,9.194527268409729004e-01,9.308386921882629839e-01,6.767303347587585449e-01,5.279707819223403709e-01,2.341948449611663818e-01,2.007395580410957225e-01,1.109609263949096203e-03,1.383914879988879052e-03,1.100402550946455449e-05,1.100402550946455449e-05
2.334895133972167969e+00,2.510371017456054510e+00,2.334906101226806641e+00,2.510381984710693182e+00,8.251426815986633301e-01,8.192981660366058794e-01,9.375876784324645996e-01,9.353074908256531206e-01,3.494167923927307129e-01,5.520777583122253862e-01,2.193039953708648682e-01,2.005608677864074707e-01,3.443991998210549355e-03,3.126759547740221024e-03,1.099706423701718450e-05,1.099706423701718450e-05
2.275705814361572266e+00,2.480207824707031161e+00,2.275716781616210938e+00,2.480218791961669833e+00,8.280184864997863770e-01,8.190356433391571267e-01,9.406866431236267090e-01,9.309208989143371582e-01,3.669375181198120117e-01,5.239107817411422507e-01,1.369349956512451172e-01,2.034435883164405767e-01,3.128382842987775803e-03,2.896907622925937176e-03,1.099549808714073151e-05,1.099549808714073151e-05
2.246786355972290039e+00,2.490319991111755282e+00,2.246797323226928711e+00,2.490330958366393954e+00,7.992990612983703613e-01,8.197776794433593306e-01,9.586538076400756836e-01,9.298073053359985352e-01,3.600953519344329834e-01,5.337501287460326704e-01,1.264211684465408325e-01,2.041459366679191645e-01,2.316931961104273796e-03,2.838948834687471477e-03,1.099994460673769936e-05,1.099994460673769936e-05
2.250007867813110352e+00,2.540685915946960360e+00,2.250018835067749023e+00,2.540696883201599032e+00,7.051928043365478516e-01,8.284220337867737038e-01,8.916983604431152344e-01,9.293896794319153054e-01,4.807297289371490479e-01,5.758917987346648948e-01,1.684306412935256958e-01,2.038865074515342768e-01,3.956310451030731201e-03,3.095909184776246374e-03,1.100134340958902612e-05,1.100134340958902612e-05
2.205690622329711914e+00,2.476547789573669611e+00,2.205701589584350586e+00,2.476558756828308283e+00,7.877986431121826172e-01,8.175814807415008323e-01,9.119864106178283691e-01,9.284996330738067849e-01,3.361372053623199463e-01,5.247103601694107500e-01,1.680256128311157227e-01,2.041520684957504328e-01,1.742690452374517918e-03,1.604228373616933909e-03,1.100143708754330873e-05,1.100143708754330873e-05
2.186594963073730469e+00,2.499879980087280185e+00,2.186605930328369141e+00,2.499890947341918856e+00,7.608903050422668457e-01,8.151471555233001931e-01,9.116799831390380859e-01,9.254129469394684060e-01,3.197176158428192139e-01,5.539101213216781616e-01,1.934939175844192505e-01,2.047581687569618170e-01,8.131538634188473225e-04,6.514903681818396287e-04,1.099552991945529357e-05,1.099552991945529357e-05
2.240044593811035156e+00,2.499271965026855558e+00,2.240055561065673828e+00,2.499282932281494229e+00,8.110737800598144531e-01,8.185593903064727339e-01,9.320201277732849121e-01,9.228282392024993452e-01,3.297542631626129150e-01,5.524139791727066262e-01,1.658834815025329590e-01,2.040080606937408336e-01,1.312770415097475052e-03,1.462339051067829219e-03,1.099648579838685691e-05,1.099648579838685691e-05
2.328633546829223633e+00,2.504765796661376775e+00,2.328644514083862305e+00,2.504776763916015447e+00,8.366696238517761230e-01,8.210045635700226052e-01,9.340412020683288574e-01,9.262711703777313232e-01,3.463219404220581055e-01,5.529975920915604082e-01,2.100189477205276489e-01,2.029851570725441090e-01,1.581895165145397186e-03,1.507340651005506472e-03,1.100548615795560181e-05,1.100548615795560181e-05
2.340626478195190430e+00,2.499012279510497869e+00,2.340637445449829102e+00,2.499023246765136541e+00,8.439602851867675781e-01,8.178655385971069780e-01,9.470958113670349121e-01,9.332013189792632835e-01,3.480611443519592285e-01,5.408137053251266257e-01,1.994012743234634399e-01,2.044461548328399547e-01,2.107888227328658104e-03,2.685587457381189043e-03,1.100406370824202895e-05,1.100406370824202895e-05
2.260015249252319336e+00,2.520390272140502930e+00,2.260026216506958008e+00,2.520401239395141602e+00,8.068263530731201172e-01,8.239074349403381348e-01,9.397748708724975586e-01,9.290206551551818404e-01,3.366940915584564209e-01,5.605421930551528487e-01,1.748077571392059326e-01,2.043947547674179188e-01,1.912105595692992210e-03,2.525182859972119505e-03,1.099970631912583485e-05,1.099970631912583485e-05
2.450951337814331055e+00,2.488107681274414062e+00,2.450962305068969727e+00,2.488118648529052734e+00,8.118783831596374512e-01,8.183924734592438188e-01,9.306847453117370605e-01,9.256039738655090776e-01,5.022548437118530273e-01,5.386370688676833662e-01,2.048769444227218628e-01,2.042092084884643555e-01,1.256373710930347443e-03,1.265013555530458602e-03,1.099080873245839030e-05,1.099080873245839030e-05
2.259730339050292969e+00,2.483680629730224521e+00,2.259741306304931641e+00,2.483691596984863192e+00,7.796845436096191406e-01,8.177905142307281272e-01,9.172976613044738770e-01,9.289159953594208208e-01,3.571571707725524902e-01,5.332761228084563765e-01,2.026746720075607300e-01,2.017882212996482960e-01,2.916262950748205185e-03,1.909720990806818052e-03,1.099822566175134853e-05,1.099822566175134853e-05
4.117297649383544922e+00,2.498008704185485929e+00,4.117308616638183594e+00,2.498019671440124601e+00,8.331407904624938965e-01,8.205558121204375999e-01,9.431092739105224609e-01,9.321425795555114968e-01,2.143035650253295898e+00,5.340286821126938310e-01,1.919922530651092529e-01,2.006956011056900135e-01,6.019535474479198456e-03,1.058607976883649791e-02,1.100384906749241054e-05,1.100384906749241054e-05
2.392307281494140625e+00,2.545005583763122470e+00,2.392318248748779297e+00,2.545016551017761142e+00,8.196378350257873535e-01,8.417192399501800537e-01,9.508636593818664551e-01,9.375963926315307173e-01,4.286727011203765869e-01,5.533975332975387129e-01,1.842258721590042114e-01,2.009242370724678151e-01,8.907365612685680389e-03,1.136817866936326062e-02,1.100260942621389404e-05,1.100260942621389404e-05
2.344158172607421875e+00,2.537068605422973633e+00,2.344169139862060547e+00,2.537079572677612305e+00,8.414415717124938965e-01,8.303174078464508057e-01,9.532358050346374512e-01,9.307645499706268533e-01,3.512552678585052490e-01,5.703706681728363259e-01,1.945694535970687866e-01,2.006791859865188488e-01,3.656043671071529388e-03,4.936738358810544187e-03,1.100213739846367389e-05,1.100213739846367389e-05
2.600725650787353516e+00,2.468447709083557040e+00,2.600736618041992188e+00,2.468458676338195712e+00,8.026756048202514648e-01,8.137132525444030762e-01,9.270156025886535645e-01,9.326974570751189741e-01,6.573637127876281738e-01,5.202111691236496194e-01,2.124733775854110718e-01,2.006298854947090038e-01,1.197327976115047932e-03,1.195949886459857312e-03,1.100350709748454392e-05,1.100350709748454392e-05
2.406440734863281250e+00,2.483111810684204279e+00,2.406451702117919922e+00,2.483122777938842951e+00,8.677084445953369141e-01,8.274686872959137185e-01,9.419223070144653320e-01,9.319480419158935325e-01,3.833152949810028076e-01,5.182990521192550881e-01,2.100301980972290039e-01,1.987553834915161133e-01,3.464634530246257782e-03,6.640689307823776852e-03,1.100098143069772050e-05,1.100098143069772050e-05
2.375360012054443359e+00,2.509204149246215820e+00,2.375370979309082031e+00,2.509215116500854492e+00,8.390315175056457520e-01,8.280426084995269331e-01,9.490441083908081055e-01,9.346329092979430708e-01,3.732677400112152100e-01,5.435584098100662009e-01,2.109187990427017212e-01,1.980630695819854681e-01,3.097666194662451744e-03,4.907135758548975338e-03,1.099742348742438480e-05,1.099742348742438480e-05
2.334827899932861328e+00,2.504471063613891602e+00,2.334838867187500000e+00,2.504482030868530273e+00,7.994648218154907227e-01,8.240390598773956743e-01,9.357421994209289551e-01,9.360318839550018089e-01,3.888301849365234375e-01,5.420503020286560059e-01,2.081369906663894653e-01,1.998243480920791626e-01,2.653526375070214272e-03,2.525512315332889730e-03,1.099823020922485739e-05,1.099823020922485739e-05
2.808084964752197266e+00,2.472273898124695002e+00,2.808095932006835938e+00,2.472284865379333674e+00,8.622861504554748535e-01,8.156070470809936301e-01,9.255551099777221680e-01,9.319922924041748047e-01,8.196570873260498047e-01,5.239050477743149026e-01,1.991652101278305054e-01,1.995968908071517889e-01,1.421454478986561298e-03,1.172658533323556141e-03,1.099321343644987792e-05,1.099321343644987792e-05
2.232722282409667969e+00,2.469317889213562101e+00,2.232733249664306641e+00,2.469328856468200772e+00,7.726354598999023438e-01,8.165548443794250488e-01,9.162055253982543945e-01,9.309152841567993608e-01,4.108798205852508545e-01,5.204239815473556963e-01,1.315045803785324097e-01,2.001667544245719910e-01,1.497126533649861813e-03,1.256919756997376680e-03,1.100126246456056833e-05,1.100126246456056833e-05
3.096722126007080078e+00,2.498242926597595392e+00,3.096733093261718750e+00,2.498253893852234064e+00,8.060593008995056152e-01,8.148779273033142090e-01,9.458238482475280762e-01,9.370153784751892312e-01,1.104573130607604980e+00,5.459589242935181108e-01,2.387275695800781250e-01,1.990992918610572926e-01,1.538222306407988071e-03,1.291443011723458767e-03,1.100128429243341088e-05,1.100128429243341088e-05
3.081448078155517578e+00,2.483186197280883967e+00,3.081459045410156250e+00,2.483197164535522639e+00,8.200607895851135254e-01,8.173458516597748025e-01,9.488415718078613281e-01,9.354393720626831277e-01,1.143142461776733398e+00,5.294189214706420676e-01,1.679729968309402466e-01,1.996716871857643072e-01,1.430230448022484779e-03,1.310325250960886392e-03,1.099997371056815609e-05,1.099997371056815609e-05
2.349071025848388672e+00,2.486290097236633301e+00,2.349081993103027344e+00,2.486301064491271973e+00,7.773404717445373535e-01,8.162040293216705766e-01,9.179092645645141602e-01,9.313549697399139404e-01,4.419363737106323242e-01,5.368190109729766846e-01,2.106357514858245850e-01,2.008137241005897577e-01,1.249357359483838081e-03,1.098335848655551629e-03,1.099976998375495896e-05,1.099976998375495896e-05
2.623514652252197266e+00,2.474707150459289462e+00,2.623525619506835938e+00,2.474718117713928134e+00,8.575456142425537109e-01,8.157515764236450417e-01,9.285371899604797363e-01,9.305830895900726318e-01,6.258922219276428223e-01,5.266072243452072366e-01,2.106002718210220337e-01,2.010198682546615601e-01,9.393843938596546650e-04,7.454114500433206125e-04,1.099766541301505640e-05,1.099766541301505640e-05
2.429015159606933594e+00,2.510869336128235041e+00,2.429026126861572266e+00,2.510880303382873713e+00,8.092113733291625977e-01,8.234344184398650901e-01,9.067935347557067871e-01,9.331625759601592796e-01,4.243981540203094482e-01,5.523093312978744063e-01,2.869410216808319092e-01,2.008941069245338551e-01,1.671020989306271076e-03,1.068920979741960851e-03,1.100505596696166322e-05,1.100505596696166322e-05
2.319032430648803711e+00,2.494964790344238459e+00,2.319043397903442383e+00,2.494975757598877131e+00,7.980865836143493652e-01,8.142268717288970725e-01,9.259502887725830078e-01,9.332566559314727783e-01,4.339214265346527100e-01,5.455301135778427568e-01,1.604172587394714355e-01,2.011632353067397960e-01,6.567638483829796314e-04,7.878789503592998223e-04,1.100649842555867508e-05,1.100649842555867508e-05
2.376828670501708984e+00,2.486559581756591975e+00,2.376839637756347656e+00,2.486570549011230646e+00,8.392187952995300293e-01,8.194838345050812212e-01,9.262300133705139160e-01,9.359853386878966841e-01,4.120584726333618164e-01,5.281182259321213213e-01,1.978851556777954102e-01,2.013688072562217768e-01,1.436140155419707298e-03,1.603394199628383008e-03,1.101044108509086072e-05,1.101044108509086072e-05
2.382787704467773438e+00,2.502030873298644931e+00,2.382798671722412109e+00,2.502041840553283603e+00,8.410471081733703613e-01,8.196777105331420898e-01,9.476122856140136719e-01,9.308913111686706321e-01,4.151918292045593262e-01,5.488205671310424361e-01,1.777797043323516846e-01,2.011820256710052379e-01,1.156926038675010204e-03,1.459245791193097873e-03,1.100669032894074917e-05,1.100669032894074917e-05
2.389912128448486328e+00,2.493445229530334650e+00,2.389923095703125000e+00,2.493456196784973322e+00,8.419792056083679199e-01,8.240626871585845503e-01,9.632496833801269531e-01,9.344617664813995583e-01,4.010139405727386475e-01,5.315747916698455589e-01,1.819241344928741455e-01,2.007160544395446833e-01,1.745299203321337700e-03,2.629940724000334826e-03,1.100384997698711231e-05,1.100384997698711231e-05
2.402346372604370117e+00,2.492003464698791415e+00,2.402357339859008789e+00,2.492014431953430087e+00,8.450756669044494629e-01,8.208503067493438943e-01,9.363762140274047852e-01,9.313180744647979736e-01,4.190417528152465820e-01,5.357670515775680986e-01,1.986188292503356934e-01,2.009718909859657399e-01,3.233674680814146996e-03,3.096153377555310726e-03,1.100618464988656342e-05,1.100618464988656342e-05
2.362851619720458984e+00,2.481288933753967196e+00,2.362862586975097656e+00,2.481299901008605868e+00,8.014345169067382812e-01,8.125720202922821489e-01,8.986334800720214844e-01,9.304134905338287131e-01,4.221555292606353760e-01,5.326003879308700562e-01,2.390729933977127075e-01,2.038015589118003790e-01,1.554892631247639656e-03,1.901463954709470272e-03,1.100462031899951398e-05,1.100462031899951398e-05
2.344226837158203125e+00,2.504316735267638983e+00,2.344237804412841797e+00,2.504327702522277654e+00,8.177454471588134766e-01,8.126275122165680376e-01,9.316158890724182129e-01,9.324711263179779053e-01,4.052194356918334961e-01,5.531038373708725420e-01,1.876996010541915894e-01,2.042355760931968689e-01,1.946732401847839355e-03,1.878671057056635618e-03,1.100867666536942124e-05,1.100867666536942124e-05
2.339118480682373047e+00,2.501933240890502841e+00,2.339129447937011719e+00,2.501944208145141513e+00,7.952007055282592773e-01,8.269039630889892800e-01,9.173171520233154297e-01,9.334504961967468040e-01,4.053862690925598145e-01,5.356446027755736861e-01,2.198096066713333130e-01,2.046236440539360157e-01,1.404783455654978752e-03,1.310503028798848477e-03,1.100668396247783676e-05,1.100668396247783676e-05
2.515327930450439453e+00,2.494026613235473810e+00,2.515338897705078125e+00,2.494037580490112482e+00,8.360667228698730469e-01,8.166917264461517334e-01,9.372987151145935059e-01,9.295047879219054954e-01,5.557928085327148438e-01,5.411041259765625444e-01,1.844891905784606934e-01,2.047626718878746144e-01,1.680280314758419991e-03,1.963289512787014246e-03,1.100594181480119005e-05,1.100594181480119005e-05
2.283350706100463867e+00,2.491311049461364835e+00,2.283361673355102539e+00,2.491322016716003507e+00,8.144009113311767578e-01,8.213240802288055420e-01,9.440520405769348145e-01,9.282850682735442893e-01,3.837414085865020752e-01,5.371041059494018333e-01,1.397847980260848999e-01,2.030079379677772466e-01,1.371735008433461189e-03,1.589900907129049388e-03,1.099995097320061177e-05,1.099995097320061177e-05
2.405712127685546875e+00,2.489021062850952148e+00,2.405723094940185547e+00,2.489032030105590820e+00,8.597515225410461426e-01,8.216334819793701394e-01,9.587371349334716797e-01,9.374009668827056885e-01,3.979809582233428955e-01,5.248135715723037942e-01,1.865427345037460327e-01,2.017001613974571117e-01,2.699838951230049133e-03,3.472860762849450198e-03,1.100459485314786434e-05,1.100459485314786434e-05
2.334933280944824219e+00,2.484833192825317560e+00,2.334944248199462891e+00,2.484844160079956232e+00,8.185403943061828613e-01,8.209841489791870339e-01,9.220286011695861816e-01,9.318430066108703835e-01,3.936330676078796387e-01,5.254780948162078857e-01,1.982009857892990112e-01,2.024868413805961664e-01,2.530346857383847237e-03,4.041191586293279951e-03,1.101004454540088773e-05,1.101004454540088773e-05
2.209511280059814453e+00,2.508979129791259588e+00,2.209522247314453125e+00,2.508990097045898260e+00,7.609951496124267578e-01,8.145097017288207564e-01,8.879100084304809570e-01,9.274822354316711870e-01,3.941400945186614990e-01,5.614532172679901345e-01,1.635455638170242310e-01,2.037125453352928162e-01,2.920293714851140976e-03,1.821508083958178845e-03,1.101316865970147774e-05,1.101316865970147774e-05
2.800825595855712891e+00,2.523245239257812411e+00,2.800836563110351562e+00,2.523256206512451083e+00,8.081571459770202637e-01,8.244192540645599587e-01,9.231364727020263672e-01,9.386505842208862083e-01,8.592045903205871582e-01,5.472780585289001021e-01,2.048530131578445435e-01,2.045030668377876282e-01,5.474308039993047714e-03,8.394257444888354042e-03,1.100715780921746045e-05,1.100715780921746045e-05
2.293871164321899414e+00,2.502998352050781250e+00,2.293882131576538086e+00,2.503009319305419922e+00,7.202509045600891113e-01,8.225499749183654563e-01,8.515751361846923828e-01,9.263618648052215354e-01,5.160645842552185059e-01,5.451658964157104492e-01,1.989099830389022827e-01,2.044940009713172857e-01,7.070452440530061722e-03,4.426666349172591990e-03,1.100182089430745691e-05,1.100182089430745691e-05
2.420470714569091797e+00,2.549011182785034357e+00,2.420481681823730469e+00,2.549022150039673029e+00,8.594093322753906250e-01,8.398348808288573775e-01,9.451294541358947754e-01,9.459224820137024370e-01,3.899376690387725830e-01,5.480878233909607378e-01,2.186600714921951294e-01,2.000016421079635620e-01,7.334236986935138702e-03,1.516446769237518241e-02,1.100708868762012571e-05,1.100708868762012571e-05
2.235032320022583008e+00,2.491663026809692205e+00,2.235043287277221680e+00,2.491673994064330877e+00,7.744483947753906250e-01,8.282572627067565918e-01,8.849667906761169434e-01,9.289869606494903786e-01,3.940533697605133057e-01,5.263177931308746782e-01,1.709316819906234741e-01,2.007359504699706976e-01,1.063199620693922043e-02,7.365072518587112774e-03,1.101263660530094057e-05,1.101263660530094057e-05
2.253517150878906250e+00,2.479133129119873047e+00,2.253528118133544922e+00,2.479144096374511719e+00,7.985573410987854004e-01,8.123209238052367942e-01,9.245425462722778320e-01,9.328952252864837202e-01,3.961143493652343750e-01,5.311152875423431619e-01,1.319543123245239258e-01,2.008664637804031261e-01,2.348514273762702942e-03,1.935257203876972285e-03,1.101360157917952165e-05,1.101360157917952165e-05
2.337316513061523438e+00,2.485519313812255771e+00,2.337327480316162109e+00,2.485530281066894442e+00,8.034184575080871582e-01,8.123364746570587158e-01,9.596050977706909180e-01,9.315002799034118874e-01,3.922124803066253662e-01,5.393248856067657249e-01,1.812646538019180298e-01,2.009395450353622381e-01,8.158622658811509609e-04,1.418117398861795577e-03,1.101223460864275694e-05,1.101223460864275694e-05
2.225425481796264648e+00,2.484142136573791682e+00,2.225436449050903320e+00,2.484153103828430353e+00,7.662765383720397949e-01,8.189608395099640115e-01,9.245910644531250000e-01,9.332248091697692427e-01,3.775780797004699707e-01,5.295442432165146096e-01,1.555502861738204956e-01,2.009003654122352711e-01,1.429525204002857208e-03,1.511876552831381473e-03,1.100732879422139376e-05,1.100732879422139376e-05
3.503647327423095703e+00,2.503887057304382324e+00,3.503658294677734375e+00,2.503898024559020996e+00,8.276566863059997559e-01,8.228468596935272217e-01,8.944395184516906738e-01,9.265123009681701660e-01,1.558996200561523438e+00,5.496753841638565286e-01,2.183112949132919312e-01,2.019328266382217352e-01,4.243510775268077850e-03,2.919700322672724811e-03,1.100601184589322656e-05,1.100601184589322656e-05
2.426074028015136719e+00,2.522841858863830389e+00,2.426084995269775391e+00,2.522852826118469061e+00,8.110137581825256348e-01,8.246634364128112571e-01,9.637997150421142578e-01,9.385684609413147417e-01,4.519451856613159180e-01,5.522757917642593384e-01,1.962368935346603394e-01,2.017125993967056330e-01,3.078803652897477150e-03,5.621638149023056030e-03,1.100378631235798821e-05,1.100378631235798821e-05
2.179492950439453125e+00,2.462882804870605291e+00,2.179503917694091797e+00,2.462893772125243963e+00,7.958265542984008789e-01,8.201304495334624800e-01,9.192771911621093750e-01,9.287300884723663774e-01,3.232769072055816650e-01,5.093567997217178789e-01,1.372261047363281250e-01,2.018249273300170843e-01,3.886320628225803375e-03,2.840564586222171783e-03,1.100390272767981514e-05,1.100390272767981514e-05
2.335168838500976562e+00,2.541969060897827148e+00,2.335179805755615234e+00,2.541980028152465820e+00,7.691081762313842773e-01,8.232320964336394820e-01,9.277073740959167480e-01,9.475522041320800781e-01,4.126590490341186523e-01,5.660948425531386885e-01,2.198894321918487549e-01,2.013686403632163890e-01,5.804657936096191406e-03,3.721240768209099856e-03,1.100130157283274457e-05,1.100130157283274457e-05
2.223436355590820312e+00,2.488795757293701172e+00,2.223447322845458984e+00,2.488806724548339844e+00,7.917037606239318848e-01,8.352446019649505393e-01,9.041377305984497070e-01,9.297621667385100874e-01,3.407167792320251465e-01,5.196718245744704756e-01,1.841524392366409302e-01,2.011985510587692150e-01,2.725498750805854797e-03,2.918591303750872439e-03,1.100216195482062176e-05,1.100216195482062176e-05
2.504231214523315430e+00,2.491707134246825994e+00,2.504242181777954102e+00,2.491718101501464666e+00,8.562774658203125000e-01,8.224405646324157715e-01,9.525791406631469727e-01,9.271472394466400146e-01,4.833105504512786865e-01,5.401865780353546365e-01,2.108402252197265625e-01,2.006960988044738659e-01,1.223809318616986275e-03,1.236651116050779733e-03,1.100549707189202309e-05,1.100549707189202309e-05
2.410410642623901367e+00,2.534336757659912287e+00,2.410421609878540039e+00,2.534347724914550959e+00,8.396465182304382324e-01,8.265875041484832542e-01,9.257248044013977051e-01,9.313333213329315630e-01,3.872906863689422607e-01,5.723201394081115501e-01,2.551755607128143311e-01,2.003949224948883001e-01,2.572972327470779419e-03,3.700880543328821746e-03,1.100622193916933611e-05,1.100622193916933611e-05
2.130798578262329102e+00,2.543865799903869629e+00,2.130809545516967773e+00,2.543876767158508301e+00,7.750651240348815918e-01,8.342834651470184548e-01,9.110428094863891602e-01,9.528381228446960449e-01,2.471253573894500732e-01,5.551345825195312944e-01,1.964002996683120728e-01,1.995424523949623219e-01,1.164955436252057552e-03,2.067199768498540011e-03,1.100550889532314613e-05,1.100550889532314613e-05
2.409969091415405273e+00,2.640664792060852140e+00,2.409980058670043945e+00,2.640675759315490811e+00,8.049054741859436035e-01,8.491208612918853538e-01,9.278693199157714844e-01,9.273589670658111128e-01,4.997168481349945068e-01,6.487736791372299416e-01,1.675036251544952393e-01,1.996600419282913152e-01,9.973887354135513306e-03,1.575127085670828889e-02,1.100533154385630041e-05,1.100533154385630041e-05
2.561918973922729492e+00,2.510749530792236506e+00,2.561929941177368164e+00,2.510760498046875178e+00,8.597066998481750488e-01,8.185860693454742876e-01,9.185504913330078125e-01,9.184956371784209761e-01,5.011243820190429688e-01,5.710153430700302124e-01,2.791385948657989502e-01,1.991215720772743225e-01,3.398929955437779427e-03,3.530913149006664753e-03,1.100582085200585425e-05,1.100582085200585425e-05
2.222525835037231445e+00,2.585965752601623535e+00,2.222536802291870117e+00,2.585976719856262207e+00,8.581451773643493652e-01,8.215083897113799605e-01,9.533089399337768555e-01,9.224415838718413863e-01,2.358437329530715942e-01,6.423225700855255127e-01,1.741974353790283203e-01,1.977202191948890797e-01,1.030569663271307945e-03,1.972978562116623012e-03,1.101489760912954807e-05,1.101489760912954807e-05
3.307832956314086914e+00,2.510092663764953436e+00,3.307843923568725586e+00,2.510103631019592108e+00,8.136402368545532227e-01,8.133993506431579368e-01,9.123139977455139160e-01,9.198808491230010542e-01,1.366347074508666992e+00,5.725188046693802102e-01,2.069254815578460693e-01,1.974513977766036987e-01,8.606264367699623108e-03,6.842324556782841509e-03,1.101728594221640378e-05,1.101728594221640378e-05
2.239507436752319336e+00,2.517138171195983709e+00,2.239518404006958008e+00,2.517149138450622381e+00,8.381535410881042480e-01,8.122772634029388206e-01,9.558065533638000488e-01,9.314499258995055930e-01,2.807546854019165039e-01,5.654196530580520852e-01,1.577113270759582520e-01,1.999957174062728937e-01,7.081493269652128220e-03,7.995570497587322495e-03,1.101971247408073395e-05,1.101971247408073395e-05
2.124712705612182617e+00,2.501607990264892667e+00,2.124723672866821289e+00,2.501618957519531339e+00,7.950202822685241699e-01,8.211324036121367964e-01,9.203875660896301270e-01,9.211431562900542769e-01,2.441017478704452515e-01,5.593356758356093916e-01,1.636780053377151489e-01,1.985893279314041027e-01,1.525048399344086647e-03,1.407396746799349785e-03,1.101902398659149185e-05,1.101902398659149185e-05
2.220864534378051758e+00,2.528702449798584162e+00,2.220875501632690430e+00,2.528713417053222834e+00,8.578076362609863281e-01,8.266996026039123979e-01,9.360610842704772949e-01,9.213129043579101340e-01,2.651797235012054443e-01,5.791000992059707198e-01,1.585169434547424316e-01,1.967110291123390087e-01,3.299140371382236481e-03,4.878834355622529984e-03,1.102103396988241002e-05,1.102103396988241002e-05
2.782669067382812500e+00,2.565479302406310946e+00,2.782680034637451172e+00,2.565490269660949618e+00,8.387865424156188965e-01,8.342667579650878684e-01,9.471790790557861328e-01,9.251219213008881059e-01,7.963904142379760742e-01,6.084786683320999590e-01,1.977049261331558228e-01,1.941415011882781927e-01,2.608052920550107956e-03,3.470477717928588564e-03,1.102596252167131752e-05,1.102596252167131752e-05
2.202738285064697266e+00,2.511085081100463690e+00,2.202749252319335938e+00,2.511096048355102361e+00,8.151316046714782715e-01,8.276652455329894797e-01,9.411630034446716309e-01,9.238657355308532715e-01,2.807088494300842285e-01,5.624481052160262839e-01,1.642304360866546631e-01,1.953852444887161366e-01,1.504403655417263508e-03,1.720772287808358713e-03,1.102516489481786266e-05,1.102516489481786266e-05
2.199827194213867188e+00,2.508593130111694158e+00,2.199838161468505859e+00,2.508604097366332830e+00,7.977312803268432617e-01,8.178950846195220947e-01,9.325828552246093750e-01,9.228591680526733176e-01,2.747830152511596680e-01,5.688042044639587402e-01,1.938918381929397583e-01,1.978458106517791693e-01,8.382181404158473015e-04,1.188846817240119024e-03,1.102546139009064063e-05,1.102546139009064063e-05
2.252925157546997070e+00,2.568201041221618741e+00,2.252936124801635742e+00,2.568212008476257413e+00,8.309863209724426270e-01,8.158204197883606179e-01,8.936965465545654297e-01,9.216901838779449907e-01,3.166900277137756348e-01,6.307289421558379683e-01,2.087744772434234619e-01,1.983777895569801275e-01,2.777860965579748154e-03,1.583738066256046339e-03,1.102581245504552498e-05,1.102581245504552498e-05
2.295026063919067383e+00,2.499692416191101163e+00,2.295037031173706055e+00,2.499703383445739835e+00,8.426255583763122559e-01,8.242351591587067094e-01,9.332782030105590820e-01,9.220862805843352827e-01,3.110161125659942627e-01,5.445932358503341453e-01,2.026434093713760376e-01,2.031845837831497137e-01,5.462891887873411179e-03,5.593114718794822866e-03,1.102741225622594357e-05,1.102741225622594357e-05
2.372706413269042969e+00,2.496187925338745117e+00,2.372717380523681641e+00,2.496198892593383789e+00,8.496740460395812988e-01,8.241043448448180930e-01,9.217283129692077637e-01,9.276322185993194358e-01,3.251512050628662109e-01,5.352580368518828902e-01,2.734996378421783447e-01,2.062965914607048090e-01,2.653113566339015961e-03,2.896828134544193658e-03,1.102901296690106392e-05,1.102901296690106392e-05
2.204344272613525391e+00,2.464376783370971769e+00,2.204355239868164062e+00,2.464387750625610440e+00,7.634975910186767578e-01,8.140439331531524880e-01,9.157851338386535645e-01,9.250040948390960693e-01,3.467920124530792236e-01,5.128802716732024924e-01,1.711782068014144897e-01,2.081370308995246776e-01,7.091560866683721542e-03,4.311436926946044315e-03,1.101931138691725209e-05,1.101931138691725209e-05
2.340822219848632812e+00,2.487772464752197266e+00,2.340833187103271484e+00,2.487783432006835938e+00,8.253691196441650391e-01,8.166273772716522439e-01,9.270884990692138672e-01,9.250864803791045698e-01,3.747014105319976807e-01,5.349671393632888794e-01,2.119394540786743164e-01,2.093035578727722168e-01,1.723727327771484852e-03,1.787931227590888825e-03,1.101764792110770941e-05,1.101764792110770941e-05
2.375669956207275391e+00,2.492152476310729892e+00,2.375680923461914062e+00,2.492163443565368564e+00,7.876889705657958984e-01,8.249434888362884299e-01,9.306480884552001953e-01,9.374342143535614458e-01,4.029068350791931152e-01,5.142410606145858543e-01,2.465230673551559448e-01,2.046882063150405884e-01,7.902807556092739105e-03,1.084551094099879195e-02,1.101786983781494200e-05,1.101786983781494200e-05
2.831931352615356445e+00,2.486174035072326483e+00,2.831942319869995117e+00,2.486185002326965154e+00,8.190722465515136719e-01,8.177470266819000244e-01,9.209191799163818359e-01,9.285158336162566695e-01,8.461859226226806641e-01,5.320630759000778420e-01,2.441908866167068481e-01,2.059327110648155323e-01,1.563182333484292030e-03,1.915408449713140813e-03,1.102133865060750395e-05,1.102133865060750395e-05
2.303644895553588867e+00,2.494482302665710360e+00,2.303655862808227539e+00,2.494493269920349032e+00,7.444969415664672852e-01,8.124984800815582275e-01,8.684866428375244141e-01,9.327869355678558572e-01,4.267713725566864014e-01,5.414276480674743430e-01,2.585296332836151123e-01,2.048485025763511769e-01,5.360426846891641617e-03,2.920775418169796554e-03,1.102154146792599931e-05,1.102154146792599931e-05
2.329200506210327148e+00,2.479178047180175870e+00,2.329211473464965820e+00,2.479189014434814542e+00,7.601681351661682129e-01,8.161164999008179155e-01,8.905313014984130859e-01,9.327230095863342507e-01,4.073775410652160645e-01,5.241988927125931230e-01,2.700731754302978516e-01,2.043030276894569341e-01,1.050418708473443985e-03,1.836547662969678727e-03,1.101525595004204661e-05,1.101525595004204661e-05
2.404892921447753906e+00,2.477051091194153010e+00,2.404903888702392578e+00,2.477062058448791682e+00,8.400807976722717285e-01,8.141588509082794411e-01,9.607881307601928711e-01,9.341284155845641646e-01,3.929007649421691895e-01,5.209468871355056319e-01,2.082806080579757690e-01,2.038421362638473400e-01,2.842718968167901039e-03,3.974881675094366247e-03,1.101962061511585489e-05,1.101962061511585489e-05
2.339160203933715820e+00,2.465823912620544345e+00,2.339171171188354492e+00,2.465834879875183017e+00,7.998138666152954102e-01,8.130463361740112305e-01,9.538988471031188965e-01,9.370715677738189475e-01,3.811217844486236572e-01,5.105592370033263938e-01,2.024234831333160400e-01,2.034482181072235218e-01,1.902125892229378223e-03,1.698538416530937000e-03,1.101922589441528544e-05,1.101922589441528544e-05
2.243211269378662109e+00,2.475777149200439453e+00,2.243222236633300781e+00,2.475788116455078125e+00,7.845185399055480957e-01,8.146433949470519575e-01,9.552107453346252441e-01,9.328303456306457075e-01,3.754031956195831299e-01,5.243299156427383423e-01,1.256302148103713989e-01,2.021052807569503895e-01,2.448563696816563606e-03,1.868153689429163933e-03,1.101922771340468898e-05,1.101922771340468898e-05
2.259083509445190430e+00,2.477866125106811701e+00,2.259094476699829102e+00,2.477877092361450373e+00,7.789576053619384766e-01,8.214129328727721724e-01,9.333229064941406250e-01,9.315857827663421853e-01,3.649845719337463379e-01,5.192691832780838013e-01,1.766709089279174805e-01,2.012697800993919484e-01,5.147723481059074402e-03,4.328452190384269108e-03,1.102127953345188871e-05,1.102127953345188871e-05
2.313710212707519531e+00,2.458433198928832830e+00,2.313721179962158203e+00,2.458444166183471502e+00,8.231769800186157227e-01,8.239196240901947021e-01,9.224604964256286621e-01,9.309166133403777854e-01,3.586980700492858887e-01,4.983192771673202737e-01,2.002377063035964966e-01,2.002412706613540538e-01,9.136985056102275848e-03,5.036411108449101448e-03,1.100958525057649240e-05,1.100958525057649240e-05
2.273295879364013672e+00,2.499356007575988858e+00,2.273306846618652344e+00,2.499366974830627530e+00,8.212183117866516113e-01,8.251123905181885210e-01,9.596694707870483398e-01,9.316382527351378950e-01,3.598029315471649170e-01,5.397302985191345659e-01,1.311837881803512573e-01,2.015395358204841725e-01,1.421206980012357235e-03,1.335545338224619584e-03,1.100777353713056073e-05,1.100777353713056073e-05
2.521598100662231445e+00,2.475662350654602051e+00,2.521609067916870117e+00,2.475673317909240723e+00,7.984590530395507812e-01,8.138219416141510010e-01,9.178292155265808105e-01,9.290075242519378884e-01,5.834926962852478027e-01,5.292154043912887795e-01,2.199450284242630005e-01,2.015442579984664806e-01,1.871972810477018356e-03,2.073162072338164026e-03,1.101550697057973593e-05,1.101550697057973593e-05
2.453396797180175781e+00,2.445593261718749911e+00,2.453407764434814453e+00,2.445604228973388583e+00,8.542838096618652344e-01,8.150972008705139604e-01,9.253839850425720215e-01,9.283067345619201438e-01,4.751473069190979004e-01,4.973722726106643566e-01,1.968311071395874023e-01,2.028201818466186523e-01,1.750580384396016598e-03,1.996901095844805327e-03,1.101825091609498486e-05,1.101825091609498486e-05
2.235698938369750977e+00,2.478832888603210272e+00,2.235709905624389648e+00,2.478843855857848943e+00,8.252294659614562988e-01,8.262330114841460738e-01,9.110244512557983398e-01,9.268759369850159135e-01,3.314076960086822510e-01,5.181090533733367920e-01,1.622245758771896362e-01,2.039686366915702820e-01,5.812743678689002991e-03,3.646211721934378060e-03,1.101798170566326007e-05,1.101798170566326007e-05
2.764235496520996094e+00,2.500652408599853604e+00,2.764246463775634766e+00,2.500663375854492276e+00,8.123599886894226074e-01,8.362791478633880837e-01,9.336816668510437012e-01,9.431924819946289062e-01,7.781112790107727051e-01,5.063708841800689253e-01,2.311113327741622925e-01,2.046223267912864741e-01,8.971231989562511444e-03,1.018754318356513908e-02,1.100704685086384416e-05,1.100704685086384416e-05
2.524162530899047852e+00,2.486288714408874334e+00,2.524173498153686523e+00,2.486299681663513006e+00,8.037842512130737305e-01,8.158758759498596635e-01,9.341752529144287109e-01,9.463548779487609419e-01,5.735514760017395020e-01,5.173993557691574097e-01,2.104012519121170044e-01,2.043036013841628973e-01,2.250265562906861305e-03,2.354914462193846616e-03,1.101342240872327238e-05,1.101342240872327238e-05
2.220870018005371094e+00,2.455750131607055575e+00,2.220880985260009766e+00,2.455761098861694247e+00,7.519075274467468262e-01,8.139239788055420144e-01,9.535345435142517090e-01,9.333461999893188921e-01,3.547915518283843994e-01,5.025037676095962524e-01,1.572735756635665894e-01,2.034171327948570140e-01,3.362874966114759445e-03,2.558996039442718202e-03,1.101651650969870389e-05,1.101651650969870389e-05
2.256597518920898438e+00,2.463662028312683105e+00,2.256608486175537109e+00,2.463672995567321777e+00,7.945128083229064941e-01,8.138385057449341042e-01,9.435456991195678711e-01,9.293421208858489990e-01,3.418750762939453125e-01,5.173399597406387329e-01,1.758711785078048706e-01,2.024302646517753546e-01,7.927927072159945965e-04,7.111769809853285551e-04,1.101682482840260491e-05,1.101682482840260491e-05
2.226880550384521484e+00,2.470460772514343262e+00,2.226891517639160156e+00,2.470471739768981934e+00,8.069748878479003906e-01,8.168510973453522173e-01,9.405720233917236328e-01,9.294884443283081277e-01,3.172915279865264893e-01,5.204513192176818404e-01,1.607024371623992920e-01,2.024262726306915172e-01,1.339650712907314301e-03,1.243611448444426060e-03,1.101494126487523317e-05,1.101494126487523317e-05
2.514172792434692383e+00,2.467051649093627841e+00,2.514183759689331055e+00,2.467062616348266513e+00,8.452952504158020020e-01,8.217350542545318604e-01,9.396045207977294922e-01,9.353266775608062300e-01,4.926632940769195557e-01,5.067398309707641380e-01,2.353475242853164673e-01,2.015762403607368469e-01,1.262195408344268799e-03,1.673899742309004155e-03,1.101406178349861875e-05,1.101406178349861875e-05
2.246405363082885742e+00,2.436132931709289462e+00,2.246416330337524414e+00,2.436143898963928134e+00,7.976576089859008789e-01,8.157458364963531272e-01,9.179092645645141602e-01,9.232319533824920876e-01,3.274311721324920654e-01,4.951056271791458019e-01,2.012858092784881592e-01,2.001898631453514210e-01,2.121467143297195435e-03,1.859728945419192314e-03,1.100943336496129632e-05,1.100943336496129632e-05
2.329360961914062500e+00,2.451042199134826571e+00,2.329371929168701172e+00,2.451053166389465243e+00,8.493305444717407227e-01,8.246644198894500510e-01,9.510617852210998535e-01,9.283878386020660844e-01,3.582228124141693115e-01,4.979325205087661854e-01,1.694472581148147583e-01,1.988825485110282953e-01,1.298757735639810562e-03,1.174879376776516438e-03,1.100861663871910423e-05,1.100861663871910423e-05
2.246539115905761719e+00,2.442767643928527743e+00,2.246550083160400391e+00,2.442778611183166415e+00,7.959659695625305176e-01,8.183940112590789573e-01,9.175556302070617676e-01,9.269308388233185036e-01,3.456847667694091797e-01,4.972035676240921243e-01,1.858505010604858398e-01,1.989245653152465765e-01,1.482128747738897800e-03,1.314659754280001012e-03,1.101235829992219806e-05,1.101235829992219806e-05
2.345535278320312500e+00,2.466206741333007990e+00,2.345546245574951172e+00,2.466217708587646662e+00,8.507167100906372070e-01,8.148621618747711182e-01,9.570598602294921875e-01,9.312778234481811079e-01,3.599132895469665527e-01,5.215533852577209917e-01,1.769338101148605347e-01,1.973049804568290655e-01,9.116331930272281170e-04,1.208433648571372032e-03,1.101566977013135329e-05,1.101566977013135329e-05
2.247244596481323242e+00,2.481329822540283114e+00,2.247255563735961914e+00,2.481340789794921786e+00,7.977702021598815918e-01,8.223622202873229758e-01,9.443297386169433594e-01,9.347338676452636719e-01,3.599769175052642822e-01,5.251136094331740889e-01,1.414000540971755981e-01,1.957265079021453802e-01,3.767569549381732941e-03,3.393565188162028790e-03,1.102124133467441425e-05,1.102124133467441425e-05
2.322380065917968750e+00,2.456901836395263494e+00,2.322391033172607422e+00,2.456912803649902166e+00,8.204936385154724121e-01,8.163044691085815652e-01,9.556714892387390137e-01,9.296542227268218550e-01,3.461898863315582275e-01,5.111048519611358643e-01,1.973574757575988770e-01,1.959161609411239624e-01,2.667546272277832031e-03,3.922112751752138138e-03,1.101786619983613491e-05,1.101786619983613491e-05
2.268342018127441406e+00,2.481245255470275968e+00,2.268352985382080078e+00,2.481256222724914640e+00,7.975630164146423340e-01,8.123812556266785112e-01,9.246748089790344238e-01,9.302766203880310503e-01,3.513576388359069824e-01,5.408321052789688554e-01,1.926920264959335327e-01,1.963574171066284069e-01,2.054411917924880981e-03,1.397902739699929909e-03,1.101787074730964378e-05,1.101787074730964378e-05
2.395250558853149414e+00,2.466790294647216886e+00,2.395261526107788086e+00,2.466801261901855558e+00,8.145520687103271484e-01,8.201474547386169434e-01,9.430508613586425781e-01,9.295770883560180442e-01,4.289158284664154053e-01,5.194130808115005049e-01,2.077314406633377075e-01,1.960221469402313177e-01,1.000288873910903931e-03,1.630547922104597092e-03,1.101547331927577034e-05,1.101547331927577034e-05
2.978745460510253906e+00,2.514536237716674894e+00,2.978756427764892578e+00,2.514547204971313565e+00,8.037581443786621094e-01,8.428069770336150679e-01,8.966631889343261719e-01,9.302581071853637251e-01,1.010745644569396973e+00,5.272025465965270996e-01,2.582682371139526367e-01,1.955494284629821777e-01,9.310235269367694855e-03,1.871918439865112235e-02,1.100862209568731487e-05,1.100862209568731487e-05
2.209960937500000000e+00,2.467867493629455566e+00,2.209971904754638672e+00,2.467878460884094238e+00,7.900372147560119629e-01,8.245866656303405540e-01,9.056884050369262695e-01,9.288360059261322466e-01,3.374875187873840332e-01,5.156104862689971924e-01,1.713564395904541016e-01,1.957058906555175781e-01,5.391403101384639740e-03,3.128386847674846476e-03,1.101136240322375670e-05,1.101136240322375670e-05
3.132056474685668945e+00,2.464993429183960139e+00,3.132067441940307617e+00,2.465004396438598810e+00,7.820585370063781738e-01,8.178476929664612038e-01,9.232736229896545410e-01,9.278101921081542969e-01,1.227873802185058594e+00,5.222440958023071289e-01,1.971315741539001465e-01,1.954411551356315668e-01,1.718691550195217133e-03,1.650355407036840916e-03,1.101083580579143018e-05,1.101083580579143018e-05
2.365923166275024414e+00,2.461664581298828036e+00,2.365934133529663086e+00,2.461675548553466708e+00,8.191139101982116699e-01,8.224275946617126687e-01,9.298270940780639648e-01,9.270501732826232910e-01,4.210460186004638672e-01,5.159044295549393144e-01,1.947055757045745850e-01,1.947540044784545898e-01,1.230614259839057922e-03,1.528402452822774605e-03,1.101694306271383539e-05,1.101694306271383539e-05
2.216088771820068359e+00,2.506477665901184260e+00,2.216099739074707031e+00,2.506488633155822932e+00,7.853127121925354004e-01,8.291921973228454368e-01,9.607979655265808105e-01,9.385809779167175737e-01,3.023022711277008057e-01,5.361450374126434104e-01,1.653866916894912720e-01,1.951036617159843389e-01,2.289011143147945404e-03,7.455761358141898935e-03,1.101588532037567347e-05,1.101588532037567347e-05
2.692121744155883789e+00,2.470349693298339755e+00,2.692132711410522461e+00,2.470360660552978427e+00,8.243675827980041504e-01,8.323096215724945512e-01,9.215542674064636230e-01,9.271522283554076704e-01,6.890022158622741699e-01,5.090064853429794312e-01,2.513470053672790527e-01,1.961319595575332642e-01,5.850455258041620255e-03,5.749397259205579584e-03,1.101191992347594351e-05,1.101191992347594351e-05
5.632862091064453125e+00,2.511218619346618830e+00,5.632873058319091797e+00,2.511229586601257502e+00,8.218562006950378418e-01,8.595780611038208452e-01,9.141199588775634766e-01,9.278994441032409890e-01,3.690026521682739258e+00,5.038727700710297075e-01,1.879035383462905884e-01,1.974762201309204213e-01,1.895605958998203278e-02,2.239215373992919922e-02,1.101281304727308452e-05,1.101281304727308452e-05
2.337466955184936523e+00,2.463204669952392400e+00,2.337477922439575195e+00,2.463215637207031072e+00,8.315224051475524902e-01,8.194160223007201926e-01,9.440917372703552246e-01,9.333090662956238237e-01,3.643667399883270264e-01,4.992679595947265847e-01,1.931517720222473145e-01,2.014245182275772039e-01,4.334345925599336624e-03,9.787139017134904861e-03,1.100991903513204306e-05,1.100991903513204306e-05
2.257848262786865234e+00,2.486744952201843439e+00,2.257859230041503906e+00,2.486755919456482111e+00,7.918145656585693359e-01,8.140773773193359375e-01,9.499968886375427246e-01,9.434502601623535600e-01,3.928257524967193604e-01,5.225532799959182739e-01,1.165712028741836548e-01,2.007004827260971125e-01,6.639821920543909073e-03,5.963522987440228289e-03,1.101207908504875377e-05,1.101207908504875377e-05
2.341654062271118164e+00,2.486290335655212402e+00,2.341665029525756836e+00,2.486301302909851074e+00,8.347089290618896484e-01,8.138348698616028054e-01,9.391345381736755371e-01,9.359465241432189941e-01,3.892205655574798584e-01,5.310429602861403975e-01,1.757167130708694458e-01,2.009354963898658808e-01,2.873470773920416832e-03,4.530469467863440340e-03,1.101122416002908722e-05,1.101122416002908722e-05
2.387428760528564453e+00,2.521910548210144043e+00,2.387439727783203125e+00,2.521921515464782715e+00,8.289950489997863770e-01,8.321718096733092818e-01,9.364953637123107910e-01,9.304153382778167503e-01,3.834010660648345947e-01,5.546983003616332564e-01,2.349579930305480957e-01,2.006589561700820867e-01,3.579450072720646858e-03,3.966175438836217100e-03,1.101367342926096171e-05,1.101367342926096171e-05
2.283591508865356445e+00,2.467013120651245117e+00,2.283602476119995117e+00,2.467024087905883789e+00,7.901791334152221680e-01,8.153353512287140337e-01,9.411386847496032715e-01,9.300351083278656228e-01,3.956883251667022705e-01,5.180520594120026079e-01,1.536827236413955688e-01,2.010264322161674500e-01,2.902684500440955162e-03,2.564168674871325406e-03,1.101346788345836103e-05,1.101346788345836103e-05
2.244402647018432617e+00,2.444808006286621094e+00,2.244413614273071289e+00,2.444818973541259766e+00,8.076233267784118652e-01,8.186131477355956809e-01,9.332140088081359863e-01,9.291934013366699441e-01,3.830836415290832520e-01,4.929981827735900879e-01,1.169329062104225159e-01,2.017005011439323425e-01,3.548920387402176857e-03,2.302793343551456842e-03,1.101052566809812561e-05,1.101052566809812561e-05
2.373608112335205078e+00,2.469301223754882812e+00,2.373619079589843750e+00,2.469312191009521484e+00,8.263385295867919922e-01,8.137875974178314653e-01,9.294404387474060059e-01,9.332889318466186523e-01,3.935781717300415039e-01,5.176418930292129295e-01,2.232352048158645630e-01,2.026793926954269520e-01,1.015574787743389606e-03,1.903390861116349697e-03,1.100597455661045387e-05,1.100597455661045387e-05
2.488560438156127930e+00,2.457848954200744451e+00,2.488571405410766602e+00,2.457859921455383123e+00,8.430784344673156738e-01,8.141232192516326682e-01,9.689022898674011230e-01,9.314022183418273482e-01,5.313279628753662109e-01,5.099686324596405251e-01,1.443238407373428345e-01,2.009770974516868480e-01,9.279804653488099575e-04,1.377710513770580205e-03,1.099888322642073035e-05,1.099888322642073035e-05
2.845380306243896484e+00,2.471275138854980291e+00,2.845391273498535156e+00,2.471286106109618963e+00,7.836379408836364746e-01,8.202391982078551802e-01,8.814582824707031250e-01,9.303074717521667703e-01,9.375653862953186035e-01,5.194911241531372514e-01,2.414754182100296021e-01,1.999147966504097040e-01,1.243342179805040359e-03,1.322625880129635421e-03,1.100499775930074975e-05,1.100499775930074975e-05
2.284155845642089844e+00,2.476037502288818359e+00,2.284166812896728516e+00,2.476048469543457031e+00,7.985143661499023438e-01,8.108063817024231401e-01,9.135481119155883789e-01,9.304287254810332808e-01,3.978982567787170410e-01,5.338828384876250777e-01,1.727426201105117798e-01,1.995871007442474310e-01,1.452392200008034706e-03,1.332449854817241387e-03,1.100935605791164562e-05,1.100935605791164562e-05
2.379324436187744141e+00,2.466418218612671076e+00,2.379335403442382812e+00,2.466429185867309748e+00,8.467287421226501465e-01,8.208635091781616433e-01,9.326872229576110840e-01,9.297882080078124778e-01,3.704755306243896484e-01,5.141889989376068337e-01,2.276651710271835327e-01,1.992589220404624994e-01,1.767856185324490070e-03,2.318608644418418581e-03,1.101171437767334282e-05,1.101171437767334282e-05
2.328124523162841797e+00,2.443516230583191007e+00,2.328135490417480469e+00,2.443527197837829679e+00,8.356300592422485352e-01,8.200015306472778764e-01,9.304586052894592285e-01,9.323027253150939497e-01,3.688075542449951172e-01,4.904923915863036998e-01,1.916635781526565552e-01,1.987614497542381231e-01,1.564691890962421894e-03,1.958203047979623253e-03,1.101190991903422400e-05,1.101190991903422400e-05
2.307200193405151367e+00,2.463603520393371493e+00,2.307211160659790039e+00,2.463614487648010165e+00,8.323394656181335449e-01,8.323313593864440918e-01,9.439787864685058594e-01,9.302819430828094260e-01,3.438736796379089355e-01,5.004497647285461870e-01,1.838337928056716919e-01,1.979480504989624134e-01,3.174405777826905251e-03,2.592313080094754783e-03,1.100931694963946939e-05,1.100931694963946939e-05
2.244580030441284180e+00,2.482536149024963557e+00,2.244590997695922852e+00,2.482547116279602228e+00,7.959803938865661621e-01,8.313360631465911421e-01,9.310199618339538574e-01,9.351733267307281716e-01,3.403695523738861084e-01,5.132807731628418191e-01,1.633694767951965332e-01,1.945345222949981800e-01,1.384057104587554932e-02,8.211541408672928116e-03,1.100384452001890168e-05,1.100384452001890168e-05
2.295814037322998047e+00,2.454669690132141202e+00,2.295825004577636719e+00,2.454680657386779874e+00,8.440753817558288574e-01,8.207040905952454057e-01,9.576885700225830078e-01,9.387697279453277588e-01,3.423526585102081299e-01,5.008813917636871782e-01,1.507674604654312134e-01,1.930885016918182373e-01,9.299500379711389542e-04,1.226023456547409383e-03,1.100366080208914354e-05,1.100366080208914354e-05
3.403860807418823242e+00,2.459539985656738370e+00,3.403871774673461914e+00,2.459550952911377042e+00,8.181686401367187500e-01,8.229723155498505083e-01,9.377758502960205078e-01,9.334436655044555664e-01,1.439474940299987793e+00,5.077429771423339622e-01,2.052896320819854736e-01,1.929460436105728260e-01,3.151976270601153374e-03,2.434980217367410747e-03,1.100593362934887409e-05,1.100593362934887409e-05
2.359498262405395508e+00,2.495466351509094238e+00,2.359509229660034180e+00,2.495477318763732910e+00,8.563551306724548340e-01,8.286720693111420122e-01,9.285172820091247559e-01,9.595991611480713113e-01,3.246198892593383789e-01,5.126346081495285478e-01,2.481803148984909058e-01,1.921052873134612982e-01,1.825483399443328381e-03,2.455191127955913457e-03,1.100835197576088831e-05,1.100835197576088831e-05
2.285914659500122070e+00,2.442304134368896484e+00,2.285925626754760742e+00,2.442315101623535156e+00,8.191299438476562500e-01,8.199519813060760498e-01,9.317417740821838379e-01,9.326943635940552202e-01,3.147669434547424316e-01,4.943166226148605347e-01,2.176262587308883667e-01,1.921403661370277294e-01,2.649839036166667938e-03,3.200717479921877471e-03,1.100705230783205479e-05,1.100705230783205479e-05
2.308876276016235352e+00,2.495608258247375311e+00,2.308887243270874023e+00,2.495619225502013983e+00,8.422486782073974609e-01,8.288048505783081055e-01,9.189332723617553711e-01,9.258949458599090576e-01,3.500331938266754150e-01,5.419257819652557595e-01,1.959564238786697388e-01,1.973185420036315807e-01,1.704785157926380634e-03,1.664073707070201722e-03,1.100243389373645186e-05,1.100243389373645186e-05
2.890731573104858398e+00,2.463045668601989924e+00,2.890742540359497070e+00,2.463056635856628596e+00,8.018885850906372070e-01,8.234894752502441850e-01,9.298646450042724609e-01,9.282533705234528032e-01,9.255720973014831543e-01,5.089693933725356612e-01,2.319029122591018677e-01,1.996647864580154419e-01,1.503397244960069656e-03,2.668681670911610126e-03,1.100521421903977171e-05,1.100521421903977171e-05
2.255014657974243164e+00,2.458155226707458674e+00,2.255025625228881836e+00,2.458166193962097346e+00,8.163319230079650879e-01,8.137256920337676558e-01,9.260941147804260254e-01,9.334821939468384011e-01,3.382970690727233887e-01,5.083655208349228127e-01,1.709937900304794312e-01,2.000759050250053295e-01,3.297705668956041336e-03,2.505910699255764484e-03,1.100853569369064644e-05,1.100853569369064644e-05
2.485269069671630859e+00,2.488751316070556552e+00,2.485280036926269531e+00,2.488762283325195224e+00,8.676543235778808594e-01,8.309342920780181663e-01,9.246650934219360352e-01,9.301714301109313965e-01,4.194062352180480957e-01,5.204705715179442915e-01,2.667985558509826660e-01,1.997631162405014149e-01,6.744819693267345428e-03,7.411838741973042488e-03,1.101061570807360113e-05,1.101061570807360113e-05
2.268693208694458008e+00,2.503499460220337092e+00,2.268704175949096680e+00,2.503510427474975764e+00,8.340556621551513672e-01,8.260828495025634988e-01,9.525154232978820801e-01,9.372182846069335715e-01,3.124962449073791504e-01,5.324101775884628740e-01,1.622973382472991943e-01,1.996263265609741211e-01,7.328649982810020447e-03,8.161898097023367535e-03,1.101565248973201960e-05,1.101565248973201960e-05
2.275184631347656250e+00,2.489352107048034668e+00,2.275195598602294922e+00,2.489363074302673340e+00,8.854406476020812988e-01,8.237069606781005637e-01,9.627395868301391602e-01,9.242289781570434126e-01,2.813713848590850830e-01,5.365868657827377319e-01,1.410475969314575195e-01,2.002932682633399852e-01,4.585352726280689240e-03,4.536023922264575611e-03,1.101127600122708827e-05,1.101127600122708827e-05
2.921249628067016602e+00,2.481886935234070002e+00,2.921260595321655273e+00,2.481897902488708674e+00,7.622110247611999512e-01,8.221009016036987527e-01,9.151349067687988281e-01,9.270087659358978716e-01,1.007799506187438965e+00,5.324094474315643755e-01,2.348528802394866943e-01,1.976348221302032526e-01,1.251515350304543972e-03,2.732946770265698433e-03,1.101108682632911950e-05,1.101108682632911950e-05
2.247224807739257812e+00,2.469723200798034757e+00,2.247235774993896484e+00,2.469734168052673429e+00,8.207510113716125488e-01,8.123409032821655718e-01,9.389489889144897461e-01,9.215663194656371626e-01,3.441127836704254150e-01,5.394879221916198953e-01,1.420054137706756592e-01,1.954571723937988392e-01,1.406337250955402851e-03,8.708723471499979496e-04,1.101204634323948994e-05,1.101204634323948994e-05
2.047649145126342773e+00,2.517878794670104892e+00,2.047660112380981445e+00,2.517889761924743564e+00,7.678854465484619141e-01,8.219578385353087935e-01,9.048683047294616699e-01,9.209720134735107644e-01,2.010610848665237427e-01,5.788469731807708296e-01,1.718252450227737427e-01,1.937771350145340021e-01,2.008902607485651970e-03,2.324924338608980179e-03,1.101449561247136444e-05,1.101449561247136444e-05
2.216363430023193359e+00,2.546438336372375488e+00,2.216374397277832031e+00,2.546449303627014160e+00,8.467897176742553711e-01,8.284680366516112837e-01,9.220480918884277344e-01,9.356409430503844771e-01,2.060225009918212891e-01,5.798098176717758623e-01,2.323957532644271851e-01,1.947857052087783869e-01,9.107330814003944397e-03,7.733873417600988995e-03,1.101696489058667794e-05,1.101696489058667794e-05
2.258092641830444336e+00,2.581919217109680087e+00,2.258103609085083008e+00,2.581930184364318759e+00,8.744283318519592285e-01,8.185363352298736794e-01,9.607176184654235840e-01,9.236984670162200484e-01,1.844575405120849609e-01,6.403570950031280962e-01,2.374760061502456665e-01,1.977108448743820079e-01,1.013000262901186943e-03,1.616523345001041976e-03,1.101786619983613491e-05,1.101786619983613491e-05
2.226207256317138672e+00,2.556870841979980380e+00,2.226218223571777344e+00,2.556881809234619052e+00,8.774581551551818848e-01,8.383128523826599565e-01,9.373632073402404785e-01,9.557968914508819802e-01,2.048461139202117920e-01,5.436870694160461648e-01,1.985992342233657837e-01,2.044084072113037109e-01,7.940564304590225220e-03,1.466563893482089077e-02,1.101809993997449055e-05,1.101809993997449055e-05
2.679392814636230469e+00,2.459108257293701083e+00,2.679403781890869141e+00,2.459119224548339755e+00,7.536907792091369629e-01,8.131092727184295876e-01,9.065384864807128906e-01,9.216237783432006392e-01,7.705718278884887695e-01,5.118611127138137373e-01,2.470371425151824951e-01,2.075883194804191700e-01,1.554731396026909351e-03,4.925803374499082218e-03,1.101448287954553962e-05,1.101448287954553962e-05
2.441107749938964844e+00,2.624832272529602051e+00,2.441118717193603516e+00,2.624843239784240723e+00,8.322895765304565430e-01,8.232706904411315474e-01,9.264632463455200195e-01,9.238106369972228782e-01,4.467684924602508545e-01,6.665519446134566817e-01,2.330889552831649780e-01,2.073626160621643011e-01,2.497371751815080643e-03,3.836441016755997961e-03,1.101354700949741527e-05,1.101354700949741527e-05
2.895936250686645508e+00,2.533321452140808283e+00,2.895947217941284180e+00,2.533332419395446955e+00,8.624227643013000488e-01,8.136358499526977761e-01,9.059016704559326172e-01,9.241646707057953325e-01,8.703875541687011719e-01,5.868300676345825639e-01,2.559885382652282715e-01,2.075323432683944813e-01,1.235700096003711224e-03,1.158562465570867148e-03,1.101311863749288023e-05,1.101311863749288023e-05
2.371092081069946289e+00,2.605463218688965021e+00,2.371103048324584961e+00,2.605474185943603693e+00,8.886606693267822266e-01,8.358383715152740701e-01,9.546669721603393555e-01,9.385368764400482400e-01,3.085229992866516113e-01,6.036072611808777078e-01,2.088919132947921753e-01,2.145661756396293751e-01,1.034962851554155350e-02,1.291455645114183461e-02,1.101549059967510402e-05,1.101549059967510402e-05
2.493232488632202148e+00,2.470921373367309659e+00,2.493243455886840820e+00,2.470932340621948331e+00,8.008932471275329590e-01,8.110392332077026589e-01,9.082587361335754395e-01,9.294098794460297075e-01,6.074470877647399902e-01,5.089664131402968916e-01,1.723403781652450562e-01,2.168633818626403698e-01,4.292870406061410904e-03,4.642481682822108269e-03,1.101684210880193859e-05,1.101684210880193859e-05
2.238744020462036133e+00,2.512722992897033603e+00,2.238754987716674805e+00,2.512733960151672274e+00,7.930305600166320801e-01,8.111315608024597390e-01,9.299983382225036621e-01,9.241135179996490256e-01,3.166443109512329102e-01,5.580855369567870872e-01,1.977244317531585693e-01,2.181495949625968933e-01,1.346267061308026314e-03,1.242824504151940259e-03,1.101206453313352540e-05,1.101206453313352540e-05
2.389936208724975586e+00,2.557663130760192693e+00,2.389947175979614258e+00,2.557674098014831365e+00,8.053281903266906738e-01,8.121042370796203169e-01,9.190798997879028320e-01,9.201533198356628418e-01,4.450452029705047607e-01,6.033969581127166526e-01,2.187862843275070190e-01,2.205061644315719493e-01,1.696694176644086838e-03,1.502485608216375069e-03,1.100706049328437075e-05,1.100706049328437075e-05
2.313009262084960938e+00,2.471330761909484863e+00,2.313020229339599609e+00,2.471341729164123535e+00,8.393687009811401367e-01,8.133149027824402300e-01,9.436604380607604980e-01,9.274113953113556352e-01,3.176519274711608887e-01,5.124995142221451250e-01,2.063024044036865234e-01,2.126097276806831471e-01,6.025767885148525238e-03,5.495249386876821171e-03,1.100715326174395159e-05,1.100715326174395159e-05
2.414779186248779297e+00,2.477850580215454013e+00,2.414790153503417969e+00,2.477861547470092685e+00,9.008527994155883789e-01,8.142767071723937544e-01,9.539918303489685059e-01,9.282781064510345903e-01,3.595570325851440430e-01,5.208592087030410323e-01,1.984770298004150391e-01,2.127944543957710211e-01,1.900393050163984299e-03,1.642139849718660160e-03,1.101418547477805987e-05,1.101418547477805987e-05
2.269191265106201172e+00,2.485180211067199885e+00,2.269202232360839844e+00,2.485191178321838557e+00,7.819589376449584961e-01,8.127892494201660600e-01,8.787550926208496094e-01,9.264720559120178667e-01,3.556269705295562744e-01,5.321401476860045943e-01,2.509545385837554932e-01,2.119019180536270142e-01,1.895570545457303524e-03,1.876887190155684861e-03,1.101441102946409956e-05,1.101441102946409956e-05
2.288294315338134766e+00,2.458163309097289861e+00,2.288305282592773438e+00,2.458174276351928533e+00,8.168392777442932129e-01,8.143063306808471236e-01,9.421835541725158691e-01,9.282048523426056352e-01,3.431198000907897949e-01,5.017782330513000932e-01,1.852893978357315063e-01,2.123533278703689520e-01,8.624494075775146484e-04,1.520595944020897063e-03,1.100912231777328998e-05,1.100912231777328998e-05
2.700997352600097656e+00,2.497841024398803622e+00,2.701008319854736328e+00,2.497851991653442294e+00,7.808047533035278320e-01,8.156556665897369829e-01,8.994393348693847656e-01,9.246213257312774214e-01,8.081336617469787598e-01,5.441245555877685103e-01,2.106908410787582397e-01,2.121364086866378840e-01,1.928726444020867348e-03,1.303085696417838378e-03,1.100844292523106560e-05,1.100844292523106560e-05
2.346363782882690430e+00,2.454470443725585760e+00,2.346374750137329102e+00,2.454481410980224432e+00,7.721231579780578613e-01,8.194570422172546831e-01,9.041358232498168945e-01,9.248427689075470193e-01,4.348811209201812744e-01,4.948879957199096569e-01,2.322455942630767822e-01,2.115783169865608215e-01,2.977884374558925629e-03,3.704410721547901717e-03,1.099775636248523369e-05,1.099775636248523369e-05
2.311999082565307617e+00,2.486678981781005771e+00,2.312010049819946289e+00,2.486689949035644442e+00,8.156324028968811035e-01,8.298539757728576882e-01,9.233648777008056641e-01,9.275771915912628396e-01,3.438397049903869629e-01,5.144771218299866167e-01,2.271205931901931763e-01,2.119279921054840199e-01,2.041532658040523529e-03,2.842742577195167628e-03,1.099810833693481982e-05,1.099810833693481982e-05
2.282006502151489258e+00,2.469085812568664551e+00,2.282017469406127930e+00,2.469096779823303223e+00,8.160559535026550293e-01,8.155711591243743896e-01,9.580185413360595703e-01,9.264349102973937766e-01,3.520513474941253662e-01,5.138375729322433028e-01,1.539075374603271484e-01,2.109467133879661671e-01,1.973188482224941254e-03,2.295447047799825668e-03,1.099564542528241873e-05,1.099564542528241873e-05
2.305028915405273438e+00,2.455330491065979004e+00,2.305039882659912109e+00,2.455341458320617676e+00,7.990830540657043457e-01,8.114667117595673052e-01,9.199216961860656738e-01,9.255734145641326682e-01,3.495978415012359619e-01,5.088390976190566573e-01,2.358714491128921509e-01,2.087507054209709056e-01,5.546937463805079460e-04,7.005522551480680487e-04,1.099055680242599919e-05,1.099055680242599919e-05
2.206873655319213867e+00,2.429939866065979004e+00,2.206884622573852539e+00,2.429950833320617676e+00,7.631599307060241699e-01,8.110086202621460405e-01,9.126384854316711426e-01,9.269756495952605757e-01,3.326424956321716309e-01,4.839457482099532859e-01,1.974867284297943115e-01,2.071176275610923656e-01,9.459420107305049896e-04,8.922756474930793264e-04,1.098843313229735941e-05,1.098843313229735941e-05
2.210328578948974609e+00,2.467781829833984197e+00,2.210339546203613281e+00,2.467792797088622869e+00,7.703514695167541504e-01,8.156612575054168479e-01,9.096719622611999512e-01,9.254273951053619829e-01,3.364048302173614502e-01,5.180704712867736372e-01,1.925176382064819336e-01,2.073292911052703746e-01,1.382800168357789516e-03,1.293371932115405885e-03,1.098633219953626394e-05,1.098633219953626394e-05
2.263962268829345703e+00,2.471477389335632324e+00,2.263973236083984375e+00,2.471488356590270996e+00,7.995834350585937500e-01,8.169127762317657249e-01,9.130309820175170898e-01,9.262857735157012939e-01,3.194556832313537598e-01,5.193873882293701394e-01,2.298158258199691772e-01,2.071194320917129628e-01,2.076352480798959732e-03,1.772025576792657462e-03,1.098739630833733827e-05,1.098739630833733827e-05
2.713697671890258789e+00,2.484041404724121271e+00,2.713708639144897461e+00,2.484052371978759943e+00,8.411183953285217285e-01,8.257155776023864524e-01,9.464196562767028809e-01,9.255815446376800537e-01,7.058550715446472168e-01,5.128841787576675637e-01,2.161990553140640259e-01,2.092876300215721075e-01,4.105419851839542389e-03,1.057251896709203789e-02,1.098688699130434543e-05,1.098688699130434543e-05
2.254355669021606445e+00,2.456857299804687589e+00,2.254366636276245117e+00,2.456868267059326261e+00,8.146476149559020996e-01,8.130723297595977561e-01,9.204084873199462891e-01,9.203385472297668235e-01,3.124077618122100830e-01,5.105310231447219849e-01,2.054243683815002441e-01,2.118113458156585804e-01,1.467368565499782562e-03,1.104072667658329010e-03,1.098430402635131031e-05,1.098430402635131031e-05
2.376975536346435547e+00,2.521912288665771662e+00,2.376986503601074219e+00,2.521923255920410334e+00,8.668841123580932617e-01,8.098031640052795188e-01,9.377030730247497559e-01,9.261731803417205811e-01,3.091257810592651367e-01,5.731557309627532959e-01,2.626214623451232910e-01,2.120819136500358693e-01,6.414504605345427990e-04,6.982310675084591129e-04,1.098448774428106844e-05,1.098448774428106844e-05
2.352936506271362305e+00,2.459728193283081232e+00,2.352947473526000977e+00,2.459739160537719904e+00,7.951603531837463379e-01,8.156794369220733421e-01,8.969346880912780762e-01,9.297003626823425737e-01,3.551380038261413574e-01,4.947459876537322887e-01,3.018895089626312256e-01,2.147225826978683416e-01,3.813995514065027237e-03,4.879785329103469502e-03,1.098185566661413759e-05,1.098185566661413759e-05
2.579509973526000977e+00,2.523887705802917658e+00,2.579520940780639648e+00,2.523898673057556330e+00,7.738651037216186523e-01,8.178263247013092263e-01,9.293915629386901855e-01,9.308870494365691917e-01,6.803185939788818359e-01,5.581611543893814087e-01,1.952835172414779663e-01,2.150514602661132701e-01,6.513942498713731766e-04,1.961642224341630762e-03,1.098633947549387813e-05,1.098633947549387813e-05
2.361469030380249023e+00,2.517079639434814275e+00,2.361479997634887695e+00,2.517090606689452947e+00,8.129969835281372070e-01,8.188224911689758745e-01,9.250295758247375488e-01,9.296161830425262451e-01,3.935382664203643799e-01,5.514492690563201904e-01,2.277376949787139893e-01,2.141802504658699147e-01,2.166582737118005753e-03,3.011359111405909148e-03,1.098123084375401959e-05,1.098123084375401959e-05
2.354658842086791992e+00,2.505830073356628329e+00,2.354669809341430664e+00,2.505841040611267001e+00,8.093899488449096680e-01,8.096412181854247825e-01,9.072216749191284180e-01,9.270931243896484153e-01,3.783132135868072510e-01,5.512186348438262717e-01,2.580572664737701416e-01,2.154679059982299860e-01,1.676568062976002693e-03,2.409206377342343244e-03,1.097890435630688444e-05,1.097890435630688444e-05
2.532463788986206055e+00,2.502013993263244807e+00,2.532474756240844727e+00,2.502024960517883478e+00,8.228834271430969238e-01,8.141961395740509033e-01,9.399610757827758789e-01,9.356401801109314187e-01,5.371047258377075195e-01,5.340595781803131326e-01,2.314714938402175903e-01,2.147727742791175898e-01,1.043125987052917480e-03,3.345274296589195555e-03,1.097793483495479450e-05,1.097793483495479450e-05
2.400501489639282227e+00,2.540823006629943759e+00,2.400512456893920898e+00,2.540833973884582431e+00,8.282740712165832520e-01,8.211498975753783736e-01,9.595182538032531738e-01,9.308634400367736816e-01,3.815077245235443115e-01,5.721479058265686035e-01,2.286197096109390259e-01,2.139971941709518377e-01,2.581534907221794128e-03,2.664574747905135241e-03,1.098072516469983384e-05,1.098072516469983384e-05
2.364201307296752930e+00,2.509432148933410822e+00,2.364212274551391602e+00,2.509443116188049494e+00,8.013532161712646484e-01,8.372283160686493364e-01,9.181215167045593262e-01,9.355972468852996604e-01,3.711146116256713867e-01,5.186499774456023726e-01,2.714778780937194824e-01,2.131143912672996410e-01,2.133896807208657265e-03,4.842201108112930905e-03,1.098032316804165021e-05,1.098032316804165021e-05
2.371703147888183594e+00,2.507955050468444913e+00,2.371714115142822266e+00,2.507966017723083585e+00,8.645074367523193359e-01,8.217715680599212424e-01,9.296578764915466309e-01,9.302445709705352561e-01,3.895586431026458740e-01,5.402522742748260276e-01,1.846937984228134155e-01,2.116724416613578741e-01,3.285475773736834526e-03,4.014225117862224926e-03,1.097595577448373660e-05,1.097595577448373660e-05
2.393874883651733398e+00,2.511260199546813787e+00,2.393885850906372070e+00,2.511271166801452459e+00,8.114436864852905273e-01,8.205033123493195024e-01,9.464803934097290039e-01,9.339521229267120361e-01,4.094947278499603271e-01,5.413934677839279397e-01,2.217968702316284180e-01,2.116764739155769237e-01,4.659470170736312866e-03,3.734852001070976084e-03,1.097247422876534984e-05,1.097247422876534984e-05
2.499507665634155273e+00,2.504168796539306463e+00,2.499518632888793945e+00,2.504179763793945135e+00,8.679068088531494141e-01,8.095858871936798540e-01,9.706473350524902344e-01,9.464635431766510454e-01,4.297611117362976074e-01,5.325801491737365279e-01,2.292255759239196777e-01,2.092418476939201244e-01,1.966701122000813484e-03,6.297356635332107717e-03,1.097261792892822996e-05,1.097261792892822996e-05
2.414793014526367188e+00,2.518548035621642978e+00,2.414803981781005859e+00,2.518559002876281649e+00,8.194888830184936523e-01,8.283956885337829812e-01,9.398849606513977051e-01,9.336446046829223189e-01,4.210563898086547852e-01,5.369639039039612038e-01,2.256991416215896606e-01,2.075088292360305897e-01,8.663314394652843475e-03,1.203503711149096420e-02,1.097514814318856224e-05,1.097514814318856224e-05
3.634587764739990234e+00,2.478372430801391690e+00,3.634598731994628906e+00,2.478383398056030362e+00,7.822718620300292969e-01,8.123152136802673784e-01,9.051025509834289551e-01,9.308983743190765159e-01,1.730690121650695801e+00,5.228528171777725442e-01,2.142587602138519287e-01,2.104847714304924067e-01,2.264582319185137749e-03,1.821207953616976651e-03,1.097977838071528822e-05,1.097977838071528822e-05
2.251342058181762695e+00,2.507989907264709384e+00,2.251353025436401367e+00,2.508000874519348056e+00,7.435091137886047363e-01,8.174877882003783736e-01,9.190342426300048828e-01,9.356596887111663374e-01,4.216300249099731445e-01,5.421472042798995972e-01,1.662613600492477417e-01,2.117549702525138855e-01,9.075000998564064503e-04,9.401820541825145049e-04,1.099480959965148941e-05,1.099480959965148941e-05
2.599129676818847656e+00,2.487023472785949707e+00,2.599140644073486328e+00,2.487034440040588379e+00,8.207932114601135254e-01,8.178705096244811568e-01,9.277727007865905762e-01,9.301445066928863969e-01,6.313370466232299805e-01,5.265477180480957475e-01,2.181054651737213135e-01,2.113527983427047618e-01,1.121362554840743542e-03,1.107948808930814353e-03,1.099586552300024778e-05,1.099586552300024778e-05
2.579514741897583008e+00,2.497238755226135254e+00,2.579525709152221680e+00,2.497249722480773926e+00,7.719013094902038574e-01,8.180701196193694846e-01,8.941947817802429199e-01,9.288884878158569780e-01,6.694015860557556152e-01,5.364512950181961060e-01,2.414903789758682251e-01,2.109138220548629761e-01,2.526696771383285522e-03,2.915032044984400446e-03,1.099844484997447580e-05,1.099844484997447580e-05
2.375556468963623047e+00,2.499468731880187811e+00,2.375567436218261719e+00,2.499479699134826483e+00,7.965378165245056152e-01,8.133027911186218040e-01,9.228448271751403809e-01,9.310265541076659934e-01,4.413238465785980225e-01,5.408192574977874756e-01,2.109545171260833740e-01,2.108078464865684454e-01,3.895564004778862000e-03,3.512252937071025372e-03,1.100006556953303516e-05,1.100006556953303516e-05
2.398806333541870117e+00,2.503925871849060236e+00,2.398817300796508789e+00,2.503936839103698908e+00,8.219609856605529785e-01,8.121659994125366433e-01,9.723111987113952637e-01,9.323852300643921120e-01,4.397166669368743896e-01,5.449690192937850508e-01,1.633469611406326294e-01,2.106934681534767262e-01,1.470603514462709427e-03,3.712148824706673796e-03,1.100702866096980870e-05,1.100702866096980870e-05
2.479074478149414062e+00,2.493537998199462979e+00,2.479085445404052734e+00,2.493548965454101651e+00,7.512448430061340332e-01,8.105301082134246382e-01,8.838919997215270996e-01,9.322891175746917947e-01,6.590179204940795898e-01,5.360885649919510110e-01,1.800199151039123535e-01,2.121559605002403259e-01,4.899871069937944412e-03,2.474256744608283216e-03,1.101706584449857473e-05,1.101706584449857473e-05
2.346365451812744141e+00,2.520006012916565119e+00,2.346376419067382812e+00,2.520016980171203791e+00,7.777819037437438965e-01,8.248384177684784380e-01,9.322338700294494629e-01,9.294250786304474321e-01,4.181278944015502930e-01,5.522253990173340288e-01,2.176291197538375854e-01,2.121108561754226629e-01,5.925205186940729618e-04,1.406301779206842271e-03,1.101522957469569519e-05,1.101522957469569519e-05
2.324584245681762695e+00,2.498003745079040439e+00,2.324595212936401367e+00,2.498014712333679110e+00,7.852209210395812988e-01,8.149512469768523948e-01,9.252833724021911621e-01,9.271818041801452859e-01,4.267371594905853271e-01,5.431825339794158491e-01,1.865357160568237305e-01,2.119843482971191517e-01,8.069333271123468876e-04,7.037923671305180030e-04,1.101495399780105799e-05,1.101495399780105799e-05
2.749501943588256836e+00,2.504235959053039640e+00,2.749512910842895508e+00,2.504246926307678311e+00,8.217045068740844727e-01,8.134006798267364724e-01,9.431577324867248535e-01,9.296749472618103249e-01,7.482199668884277344e-01,5.477298259735107200e-01,2.353446185588836670e-01,2.116063550114631597e-01,1.075079781003296375e-03,1.824175962246954354e-03,1.101142697734758258e-05,1.101142697734758258e-05
2.324760675430297852e+00,2.506816935539245783e+00,2.324771642684936523e+00,2.506827902793884455e+00,7.903515100479125977e-01,8.130867183208465576e-01,9.129421710968017578e-01,9.302324354648590088e-01,4.347581267356872559e-01,5.513364970684051514e-01,1.854717731475830078e-01,2.112308919429778942e-01,1.237253658473491669e-03,9.304276842158287980e-04,1.100325243896804750e-05,1.100325243896804750e-05
2.433834552764892578e+00,2.494192814826965421e+00,2.433845520019531250e+00,2.494203782081604093e+00,8.421214818954467773e-01,8.198032557964325395e-01,9.390600323677062988e-01,9.287167131900787576e-01,4.147016108036041260e-01,5.322255700826644675e-01,2.357503473758697510e-01,2.113105505704879761e-01,2.200868213549256325e-03,2.136764582246541977e-03,1.100768713513389230e-05,1.100768713513389230e-05
2.773870229721069336e+00,2.487599205970764338e+00,2.773881196975708008e+00,2.487610173225403010e+00,8.571988344192504883e-01,8.126913428306579146e-01,9.269755482673645020e-01,9.278348445892333762e-01,8.122801780700683594e-01,5.345473855733871016e-01,1.750867366790771484e-01,2.106713756918907055e-01,2.328963484615087509e-03,1.854180637747049375e-03,1.100857116398401558e-05,1.100857116398401558e-05
2.612958908081054688e+00,2.463532519340515314e+00,2.612969875335693359e+00,2.463543486595153986e+00,8.164587020874023438e-01,8.115744650363921897e-01,9.381015896797180176e-01,9.319595813751220259e-01,6.684492230415344238e-01,5.083014070987701416e-01,1.892597228288650513e-01,2.106822088360786327e-01,6.897256826050579548e-04,1.014861825387924823e-03,1.100423924071947113e-05,1.100423924071947113e-05
3.362696409225463867e+00,2.483204436302185236e+00,3.362707376480102539e+00,2.483215403556823908e+00,8.002119660377502441e-01,8.105160355567931907e-01,9.404593706130981445e-01,9.318054616451263428e-01,1.467036724090576172e+00,5.273017168045044389e-01,1.536939740180969238e-01,2.122599124908447210e-01,1.294304616749286652e-03,1.321302715223282619e-03,1.100071040127659217e-05,1.100071040127659217e-05
2.407748222351074219e+00,2.496028923988342196e+00,2.407759189605712891e+00,2.496039891242980868e+00,8.352641463279724121e-01,8.240552306175231712e-01,9.011229872703552246e-01,9.296884894371032493e-01,4.196693003177642822e-01,5.274883419275283591e-01,2.491532713174819946e-01,2.125250235199928339e-01,2.538401400670409203e-03,2.271819091401994055e-03,1.099642577173653990e-05,1.099642577173653990e-05
2.567660570144653320e+00,2.472097802162170233e+00,2.567671537399291992e+00,2.472108769416808904e+00,8.247436285018920898e-01,8.142545402050018755e-01,9.078034758567810059e-01,9.292068779468536377e-01,6.906169056892395020e-01,5.159990221261978594e-01,1.416584253311157227e-01,2.110909625887870678e-01,2.838397165760397911e-03,1.546460692770779046e-03,1.099955716199474409e-05,1.099955716199474409e-05
2.324929475784301758e+00,2.470796084403991788e+00,2.324940443038940430e+00,2.470807051658630460e+00,8.109257221221923828e-01,8.184016942977905273e-01,9.259518384933471680e-01,9.314527690410614458e-01,4.015967547893524170e-01,5.094487875699996726e-01,1.859802901744842529e-01,2.102005660533904918e-01,4.749260551761835814e-04,1.292246172670274930e-03,1.099870041798567399e-05,1.099870041798567399e-05
2.336543083190917969e+00,2.520079922676086603e+00,2.336554050445556641e+00,2.520090889930725275e+00,8.328725099563598633e-01,8.215938389301300493e-01,9.212355613708496094e-01,9.313487887382507768e-01,3.930744230747222900e-01,5.559666782617569414e-01,1.873967945575714111e-01,2.098350316286086981e-01,1.963932299986481667e-03,1.335555640980601267e-03,1.099779547075740993e-05,1.099779547075740993e-05
2.545960903167724609e+00,2.479654598236083807e+00,2.545971870422363281e+00,2.479665565490722479e+00,8.307539224624633789e-01,8.118364393711090532e-01,9.286983013153076172e-01,9.334536015987395796e-01,5.794105529785156250e-01,5.241883993148803711e-01,2.061699926853179932e-01,2.091393455862999018e-01,9.278072393499314785e-04,1.036737073445692702e-03,1.099925520975375548e-05,1.099925520975375548e-05
2.518675327301025391e+00,2.491095781326293945e+00,2.518686294555664062e+00,2.491106748580932617e+00,8.098801374435424805e-01,8.138793826103210005e-01,9.165569543838500977e-01,9.334549903869628906e-01,5.380934476852416992e-01,5.324414223432540894e-01,2.525686621665954590e-01,2.086170271039008983e-01,1.575866364873945713e-03,2.702964330092072574e-03,1.100225745176430792e-05,1.100225745176430792e-05
2.355715751647949219e+00,2.505548024177551181e+00,2.355726718902587891e+00,2.505558991432189853e+00,8.283149600028991699e-01,8.141984283924103005e-01,9.303256869316101074e-01,9.281765162944793923e-01,4.009757936000823975e-01,5.535979330539703147e-01,1.952261775732040405e-01,2.086402773857116699e-01,8.732035057619214058e-04,9.349188534542917988e-04,1.099701421480858698e-05,1.099701421480858698e-05
2.402528285980224609e+00,2.488514971733093439e+00,2.402539253234863281e+00,2.488525938987732111e+00,8.358423113822937012e-01,8.295935034751892312e-01,9.473363757133483887e-01,9.279622614383697954e-01,3.978315293788909912e-01,5.135000169277190718e-01,2.161035388708114624e-01,2.078336507081985363e-01,5.414499435573816299e-03,9.625558555126190879e-03,1.100263034459203482e-05,1.100263034459203482e-05
2.579607248306274414e+00,2.484965181350708097e+00,2.579618215560913086e+00,2.484976148605346769e+00,8.041028976440429688e-01,8.303376674652099831e-01,9.259310960769653320e-01,9.334252119064331277e-01,6.185907721519470215e-01,5.059644073247909768e-01,2.265247404575347900e-01,2.082206234335899353e-01,4.457825794816017151e-03,7.017307402566075498e-03,1.100167355616576970e-05,1.100167355616576970e-05
2.269004583358764648e+00,2.485994482040405185e+00,2.269015550613403320e+00,2.486005449295043856e+00,7.677476406097412109e-01,8.131926953792572021e-01,9.267253875732421875e-01,9.285298943519592063e-01,3.971590995788574219e-01,5.323289006948470625e-01,1.756810545921325684e-01,2.101720497012138367e-01,1.691228011623024940e-03,1.770908699836581989e-03,1.100313511415151879e-05,1.100313511415151879e-05
2.370663404464721680e+00,2.478266382217407138e+00,2.370674371719360352e+00,2.478277349472045810e+00,8.274597525596618652e-01,8.102432191371917725e-01,8.863478899002075195e-01,9.259455680847168413e-01,4.132663011550903320e-01,5.310966968536376953e-01,2.426975071430206299e-01,2.102053016424179077e-01,8.921466651372611523e-04,7.756661390885711150e-04,1.099988912756089121e-05,1.099988912756089121e-05
2.552968025207519531e+00,2.467604994773864746e+00,2.552978992462158203e+00,2.467615962028503418e+00,8.108490705490112305e-01,8.158777058124542236e-01,9.418939352035522461e-01,9.275650620460510476e-01,6.290892362594604492e-01,5.128330141305923462e-01,1.700636148452758789e-01,2.102195784449577276e-01,1.072488492354750633e-03,1.109630125574767503e-03,1.099527526093879715e-05,1.099527526093879715e-05
2.329392910003662109e+00,2.515065550804138184e+00,2.329403877258300781e+00,2.515076518058776855e+00,8.449592590332031250e-01,8.220772027969360796e-01,9.607600569725036621e-01,9.347381472587585893e-01,3.669880628585815430e-01,5.447538763284682783e-01,1.534154862165451050e-01,2.105973705649376027e-01,3.269851207733154297e-03,2.898972271941602143e-03,1.099744076782371849e-05,1.099744076782371849e-05
2.263536930084228516e+00,2.480701732635497869e+00,2.263547897338867188e+00,2.480712699890136541e+00,7.846004962921142578e-01,8.245602190494537576e-01,9.259722232818603516e-01,9.335088670253753884e-01,3.642469644546508789e-01,5.093318969011306763e-01,1.858204454183578491e-01,2.108882814645767212e-01,2.897078404203057289e-03,2.412436692975461310e-03,1.099788642022758722e-05,1.099788642022758722e-05
2.329900026321411133e+00,2.479481744766235174e+00,2.329910993576049805e+00,2.479492712020873846e+00,8.198115229606628418e-01,8.158850967884063721e-01,9.220734238624572754e-01,9.260713636875153032e-01,3.396134078502655029e-01,5.200454264879226240e-01,2.439569979906082153e-01,2.117899954319000244e-01,4.444566555321216583e-03,5.689867492765188391e-03,1.099479050026275218e-05,1.099479050026275218e-05
2.342896938323974609e+00,2.456138300895690740e+00,2.342907905578613281e+00,2.456149268150329412e+00,8.512119054794311523e-01,8.158035695552825484e-01,9.389337897300720215e-01,9.266131162643432839e-01,3.014588356018066406e-01,5.005299001932144165e-01,2.497797459363937378e-01,2.114037662744522039e-01,1.512859365902841091e-03,1.787989784497767774e-03,1.099092514778021723e-05,1.099092514778021723e-05
2.454692363739013672e+00,2.490222072601318448e+00,2.454703330993652344e+00,2.490233039855957120e+00,8.161378502845764160e-01,8.120198428630829302e-01,9.135203361511230469e-01,9.258371829986572488e-01,5.070037841796875000e-01,5.356376260519027932e-01,2.158569842576980591e-01,2.149187281727790721e-01,2.173418179154396057e-03,1.808707427699118853e-03,1.099489691114285961e-05,1.099489691114285961e-05
2.190101861953735352e+00,2.499987649917602361e+00,2.190112829208374023e+00,2.499998617172241033e+00,8.066080808639526367e-01,8.140712618827820046e-01,9.579004049301147461e-01,9.213759541511535867e-01,2.881529033184051514e-01,5.477464705705642478e-01,1.366184949874877930e-01,2.150755524635314941e-01,8.217348949983716011e-04,1.718452631030231628e-03,1.099085966416168958e-05,1.099085966416168958e-05
2.350069761276245117e+00,2.531467533111572354e+00,2.350080728530883789e+00,2.531478500366211026e+00,8.518636226654052734e-01,8.163216352462768777e-01,9.605728387832641602e-01,9.224109649658203125e-01,3.294039964675903320e-01,5.629537105560302734e-01,2.038023769855499268e-01,2.188798114657402039e-01,4.427059087902307510e-03,1.090137325227260624e-02,1.099135806725826114e-05,1.099135806725826114e-05
2.341025114059448242e+00,2.497653222084045499e+00,2.341036081314086914e+00,2.497664189338684171e+00,8.019955158233642578e-01,8.115535855293274370e-01,9.460452198982238770e-01,9.260597527027130127e-01,3.457148671150207520e-01,5.344389617443084939e-01,2.454131245613098145e-01,2.211935311555862371e-01,1.856464776210486889e-03,4.407362127676606005e-03,1.099173005059128627e-05,1.099173005059128627e-05
2.315675973892211914e+00,2.496595406532287509e+00,2.315686941146850586e+00,2.496606373786926181e+00,8.225921988487243652e-01,8.097030222415924072e-01,8.963345885276794434e-01,9.229885756969451460e-01,3.401485681533813477e-01,5.411879569292068481e-01,2.531313896179199219e-01,2.197853639721870367e-01,3.469128161668777466e-03,2.930545527487993067e-03,1.098481425287900493e-05,1.098481425287900493e-05
2.299813747406005859e+00,2.510572624206543146e+00,2.299824714660644531e+00,2.510583591461181818e+00,8.326780200004577637e-01,8.113947153091430886e-01,9.337719678878784180e-01,9.186077058315277322e-01,3.232370316982269287e-01,5.605669915676116943e-01,2.095791697502136230e-01,2.189883351325988825e-01,5.475371726788580418e-04,1.014866167679429054e-03,1.098461143556050956e-05,1.098461143556050956e-05
2.288387537002563477e+00,2.541875863075256259e+00,2.288398504257202148e+00,2.541886830329894931e+00,8.198053836822509766e-01,8.178671538829803689e-01,8.937788605690002441e-01,9.227941989898681419e-01,3.550346195697784424e-01,5.740842789411544356e-01,2.126580774784088135e-01,2.234208881855010986e-01,7.110545411705970764e-03,3.709381585940718564e-03,1.098132179322419688e-05,1.098132179322419688e-05
2.399415731430053711e+00,2.505897402763366699e+00,2.399426698684692383e+00,2.505908370018005371e+00,8.536536097526550293e-01,8.165988206863403764e-01,9.362071752548217773e-01,9.208669543266296831e-01,3.632426261901855469e-01,5.403005838394164817e-01,2.402275800704956055e-01,2.231836482882499639e-01,6.084595806896686554e-03,4.947399022057652473e-03,1.098043139791116118e-05,1.098043139791116118e-05
2.552214860916137695e+00,2.565636372566223233e+00,2.552225828170776367e+00,2.565647339820861905e+00,8.266137838363647461e-01,8.252978146076201948e-01,9.457811117172241211e-01,9.251205503940582719e-01,5.635098814964294434e-01,5.786797016859054343e-01,2.084282189607620239e-01,2.229617446660995539e-01,7.881814613938331604e-03,1.357657937332987751e-02,1.097968652175040916e-05,1.097968652175040916e-05
2.275950908660888672e+00,2.539548635482788086e+00,2.275961875915527344e+00,2.539559602737426758e+00,8.227816820144653320e-01,8.157850682735443559e-01,9.317130446434020996e-01,9.224722981452941895e-01,3.141039609909057617e-01,5.777078598737717119e-01,2.063176184892654419e-01,2.224884450435638539e-01,1.034582150168716908e-03,1.094993040896952109e-03,1.098224220186239108e-05,1.098224220186239108e-05
2.512109994888305664e+00,2.525228166580200106e+00,2.512120962142944336e+00,2.525239133834838778e+00,7.685015201568603516e-01,8.232343316078185591e-01,8.733507394790649414e-01,9.349785625934601274e-01,6.284111738204956055e-01,5.456015944480896440e-01,2.351192235946655273e-01,2.167520165443420355e-01,6.727526430040597916e-03,4.661693982779979532e-03,1.097938456950942054e-05,1.097938456950942054e-05
2.836939334869384766e+00,2.506573963165283025e+00,2.836950302124023438e+00,2.506584930419921697e+00,8.339568376541137695e-01,8.110845088958740234e-01,9.305381178855895996e-01,9.349837541580200417e-01,8.728820681571960449e-01,5.430573642253875288e-01,1.983817219734191895e-01,2.162340208888053894e-01,1.180669059976935387e-03,1.214274729136377573e-03,1.096588312066160142e-05,1.096588312066160142e-05
2.696870803833007812e+00,2.503103756904601962e+00,2.696881771087646484e+00,2.503114724159240634e+00,7.884224057197570801e-01,8.120496332645416038e-01,9.434204101562500000e-01,9.344191908836364524e-01,7.569717168807983398e-01,5.384549260139465110e-01,2.047789394855499268e-01,2.149748757481574901e-01,3.277651267126202583e-03,3.205124498344957915e-03,1.097442418540595099e-05,1.097442418540595099e-05
2.323989629745483398e+00,2.487198972702026278e+00,2.324000597000122070e+00,2.487209939956664950e+00,8.250682950019836426e-01,8.144659757614135520e-01,9.390622973442077637e-01,9.296248614788055198e-01,3.820065855979919434e-01,5.261614084243774192e-01,1.749141663312911987e-01,2.146689563989639393e-01,2.938299672678112984e-03,2.277790289372205908e-03,1.098013490263838321e-05,1.098013490263838321e-05
2.304873228073120117e+00,2.488468003273010432e+00,2.304884195327758789e+00,2.488478970527649103e+00,8.231054544448852539e-01,8.136380970478057639e-01,9.437463879585266113e-01,9.344695150852203591e-01,3.705551922321319580e-01,5.245115578174590620e-01,1.659237891435623169e-01,2.146835699677467346e-01,1.542345620691776276e-03,1.165303390007466121e-03,1.097879885492147878e-05,1.097879885492147878e-05
2.391953468322753906e+00,2.510392260551452814e+00,2.391964435577392578e+00,2.510403227806091486e+00,7.917265295982360840e-01,8.229025363922118919e-01,9.414241909980773926e-01,9.354416668415069802e-01,4.524116814136505127e-01,5.296717524528503640e-01,2.007831931114196777e-01,2.148259267210960444e-01,5.607941653579473495e-03,7.550319563597441067e-03,1.096764117392012849e-05,1.096764117392012849e-05
2.316822290420532227e+00,2.520805692672729581e+00,2.316833257675170898e+00,2.520816659927368253e+00,8.171012997627258301e-01,8.209819972515106645e-01,9.330090880393981934e-01,9.326198279857635942e-01,3.560314774513244629e-01,5.478311121463775857e-01,2.059528827667236328e-01,2.152019858360290638e-01,4.727594554424285889e-03,4.170794086530804461e-03,1.095257084671175107e-05,1.095257084671175107e-05
2.722902774810791016e+00,2.495268273353576483e+00,2.722913742065429688e+00,2.495279240608215154e+00,8.123604059219360352e-01,8.116350889205932173e-01,9.253076314926147461e-01,9.284476339817047119e-01,8.043118119239807129e-01,5.388723731040954146e-01,1.793853193521499634e-01,2.149979874491691478e-01,1.537619857117533684e-03,1.315235602669417945e-03,1.095616607926785946e-05,1.095616607926785946e-05
2.666430234909057617e+00,2.514023804664611728e+00,2.666441202163696289e+00,2.514034771919250399e+00,8.191692829132080078e-01,8.231593370437622070e-01,9.428271651268005371e-01,9.307115733623504417e-01,7.449180483818054199e-01,5.428502887487411943e-01,1.586143970489501953e-01,2.160471603274345398e-01,9.012161754071712494e-04,1.255464192945510236e-03,1.096922733268002048e-05,1.096922733268002048e-05
2.319323062896728516e+00,2.517727375030517578e+00,2.319334030151367188e+00,2.517738342285156250e+00,7.539391517639160156e-01,8.168647289276123047e-01,8.745623826980590820e-01,9.299822866916656050e-01,4.649266600608825684e-01,5.523616343736648115e-01,2.242091000080108643e-01,2.175089702010154780e-01,1.685934606939554214e-03,1.009825704386457801e-03,1.095173138310201466e-05,1.095173138310201466e-05
2.333832263946533203e+00,2.536283206939697443e+00,2.333843231201171875e+00,2.536294174194336115e+00,8.391996026039123535e-01,8.149836838245392290e-01,9.232652187347412109e-01,9.273636043071746826e-01,3.602959811687469482e-01,5.705583095550537109e-01,2.077013999223709106e-01,2.185120537877082714e-01,3.370009129866957664e-03,4.865587875247001821e-03,1.096058076655026525e-05,1.096058076655026525e-05
2.426778316497802734e+00,2.527038860321044744e+00,2.426789283752441406e+00,2.527049827575683416e+00,8.638287186622619629e-01,8.329267382621765581e-01,9.361807107925415039e-01,9.228865146636963113e-01,3.528954088687896729e-01,5.467826247215270552e-01,2.699083089828491211e-01,2.200518727302551159e-01,3.964825998991727829e-03,4.391130991280078888e-03,1.096403502742759883e-05,1.096403502742759883e-05
2.340007305145263672e+00,2.492818212509155362e+00,2.340018272399902344e+00,2.492829179763794034e+00,8.631025552749633789e-01,8.191824197769165261e-01,9.551461935043334961e-01,9.232624709606170876e-01,3.575600981712341309e-01,5.262868136167526689e-01,1.610860228538513184e-01,2.208558201789855846e-01,3.112375969067215919e-03,3.230758919380605308e-03,1.096231062547303736e-05,1.096231062547303736e-05
2.379165172576904297e+00,2.519815564155578613e+00,2.379176139831542969e+00,2.519826531410217285e+00,8.548539876937866211e-01,8.284379959106444868e-01,9.109450578689575195e-01,9.245153963565826416e-01,3.518775105476379395e-01,5.405772447586059126e-01,2.559314668178558350e-01,2.216500476002693232e-01,5.557273048907518387e-03,4.634938063099980007e-03,1.095949119189754128e-05,1.095949119189754128e-05
2.902084112167358398e+00,2.534750866889953436e+00,2.902095079421997070e+00,2.534761834144592108e+00,8.466752171516418457e-01,8.310332834720611794e-01,9.241084456443786621e-01,9.279518246650695357e-01,8.819619417190551758e-01,5.397405356168747392e-01,2.400746792554855347e-01,2.228089928627014216e-01,9.263732470571994781e-03,1.321616200730204617e-02,1.094492654374334961e-05,1.094492654374334961e-05
2.460282564163208008e+00,2.579464125633239568e+00,2.460293531417846680e+00,2.579475092887878240e+00,8.292670845985412598e-01,8.372682571411133035e-01,9.241945743560791016e-01,9.456058621406555620e-01,4.116359353065490723e-01,5.703727960586547630e-01,2.909946143627166748e-01,2.211955845355987604e-01,4.190376494079828262e-03,5.021615186706185341e-03,1.095941115636378527e-05,1.095941115636378527e-05
2.364421844482421875e+00,2.559784030914306729e+00,2.364432811737060547e+00,2.559794998168945401e+00,8.248313665390014648e-01,8.299540877342224121e-01,9.355855584144592285e-01,9.289047718048095703e-01,3.976131677627563477e-01,5.741761654615402666e-01,2.017453461885452271e-01,2.201939538121223394e-01,4.646607674658298492e-03,6.554971076548099171e-03,1.095878724299836904e-05,1.095878724299836904e-05
2.346894502639770508e+00,2.482339572906494318e+00,2.346905469894409180e+00,2.482350540161132990e+00,8.154780268669128418e-01,8.118364095687866655e-01,9.475293159484863281e-01,9.281660497188568559e-01,3.909263610839843750e-01,5.197260290384292380e-01,1.893923878669738770e-01,2.200359553098678589e-01,3.568442538380622864e-03,2.575170435011387045e-03,1.095757397706620395e-05,1.095757397706620395e-05
2.436193704605102539e+00,2.527548146247863947e+00,2.436204671859741211e+00,2.527559113502502619e+00,8.651533722877502441e-01,8.132703244686126931e-01,9.380007386207580566e-01,9.250381529331207497e-01,3.883119523525238037e-01,5.681124955415726152e-01,2.438152581453323364e-01,2.201016992330551147e-01,9.123540366999804974e-04,1.025438617216423197e-03,1.095257175620645285e-05,1.095257175620645285e-05
2.464997768402099609e+00,2.541429471969604670e+00,2.465008735656738281e+00,2.541440439224243342e+00,8.077498078346252441e-01,8.141343772411346880e-01,9.164149761199951172e-01,9.245628416538238525e-01,4.878151118755340576e-01,5.741797357797622237e-01,2.520151138305664062e-01,2.269134372472763062e-01,1.002848497591912746e-03,1.638980780262499961e-03,1.094786148314597085e-05,1.094786148314597085e-05
2.700033664703369141e+00,2.560544800758361994e+00,2.700044631958007812e+00,2.560555768013000666e+00,7.978648543357849121e-01,8.191536962985992432e-01,9.213327765464782715e-01,9.252754271030425581e-01,7.148106694221496582e-01,5.803476214408874734e-01,2.636657059192657471e-01,2.288984715938568171e-01,2.359704580157995224e-03,6.869596475735306566e-03,1.095474453904898837e-05,1.095474453904898837e-05
2.688651800155639648e+00,2.547460770606994718e+00,2.688662767410278320e+00,2.547471737861633390e+00,7.795181274414062500e-01,8.084637880325317161e-01,9.138635993003845215e-01,9.302713751792908159e-01,7.913405299186706543e-01,5.791653692722320557e-01,2.024022787809371948e-01,2.283380985260009821e-01,1.527036540210247040e-03,1.222143496852368030e-03,1.095450261345831677e-05,1.095450261345831677e-05
2.385672330856323242e+00,2.581979608535766690e+00,2.385683298110961914e+00,2.581990575790405362e+00,7.969043254852294922e-01,8.187388062477112260e-01,9.149054884910583496e-01,9.311504781246184859e-01,4.491827785968780518e-01,5.933706700801849587e-01,2.161305397748947144e-01,2.305432096123695429e-01,8.549156598746776581e-03,8.176380256190895340e-03,1.096146661438979208e-05,1.096146661438979208e-05
2.353785514831542969e+00,2.569195032119750977e+00,2.353796482086181641e+00,2.569205999374389648e+00,7.600151300430297852e-01,8.096352040767669234e-01,9.168446063995361328e-01,9.371845066547394021e-01,4.510976076126098633e-01,5.884902417659759744e-01,2.239089906215667725e-01,2.321614027023315430e-01,1.919184229336678982e-03,1.723693509120494127e-03,1.095307561627123505e-05,1.095307561627123505e-05
